[1] "Average Estimates for Betas: "
 [1] 0.086190123 0.145004682 0.221591454 0.322471174 0.039598945 0.025172504
 [7] 0.018604513 0.001524798 0.017415002 0.023000866 0.030768229 0.010325306
[13] 0.007079437 0.024144061 0.022567755 0.007803602 0.017452561 0.032269640
[19] 0.038775195 0.002712387 0.035607333 0.005485663 0.004853419 0.011946276
[25] 0.023782811 0.002429316 0.018633400 0.016785639 0.013897123 0.013710918
[1] "Standard Deviations of Betas: "
 [1] 0.1338929 0.1385326 0.1380872 0.1469114 0.1291823 0.1309527 0.1476055
 [8] 0.1362088 0.1456361 0.1305831 0.1201811 0.1367862 0.1343218 0.1380441
[15] 0.1441459 0.1302450 0.1372422 0.1472733 0.1382552 0.1461988 0.1442309
[22] 0.1265898 0.1262132 0.1409244 0.1464087 0.1492837 0.1276354 0.1316711
[29] 0.1250207 0.1399108
[1] "Average StdErrors for Betas: "
 [1] 0.1160233 0.1127255 0.1122897 0.1147228 0.1173215 0.1151823 0.1143344
 [8] 0.1066266 0.1181741 0.1164669 0.1123172 0.1116634 0.1114516 0.1113989
[15] 0.1104557 0.1125113 0.1132047 0.1151661 0.1106875 0.1151878 0.1106174
[22] 0.1112558 0.1093484 0.1154229 0.1170406 0.1110073 0.1161482 0.1121391
[29] 0.1058718 0.1120205
[1] "Positive rate for exposures: "
 [1] 0.16296296 0.31851852 0.53333333 0.72592593 0.11111111 0.13333333
 [7] 0.13333333 0.14074074 0.10370370 0.12592593 0.08888889 0.14814815
[13] 0.11851852 0.12592593 0.13333333 0.14074074 0.12592593 0.13333333
[19] 0.15555556 0.11111111 0.13333333 0.14074074 0.12592593 0.13333333
[25] 0.11851852 0.13333333 0.08148148 0.13333333 0.12592593 0.10370370
[1] "Bonferroni-corrected positive rate for exposures: "
 [1] 0.022222222 0.074074074 0.214814815 0.451851852 0.000000000 0.014814815
 [7] 0.014814815 0.014814815 0.029629630 0.000000000 0.014814815 0.022222222
[13] 0.014814815 0.000000000 0.022222222 0.000000000 0.007407407 0.014814815
[19] 0.014814815 0.014814815 0.007407407 0.007407407 0.000000000 0.022222222
[25] 0.022222222 0.022222222 0.014814815 0.014814815 0.000000000 0.007407407
