[1] "Average Estimates for Betas: "
 [1]  0.081736624  0.127798408  0.203780223  0.323064438  0.039392498
 [6]  0.033029917  0.009393267  0.005051241  0.014617745  0.015337251
[11]  0.024575982  0.023534806 -0.006607706  0.024542413  0.019769215
[16]  0.014007539  0.018843267  0.029260106  0.038710589  0.014926098
[21]  0.020546512  0.010245383  0.005894315  0.016510164  0.016776768
[26]  0.010877757  0.026005135  0.005687797  0.010348622  0.018091916
[1] "Standard Deviations of Betas: "
 [1] 0.1304133 0.1349019 0.1287234 0.1450302 0.1406184 0.1358836 0.1384793
 [8] 0.1312391 0.1473969 0.1279168 0.1251345 0.1409482 0.1341843 0.1336325
[15] 0.1420070 0.1429456 0.1446139 0.1325247 0.1417597 0.1367413 0.1450026
[22] 0.1252936 0.1164760 0.1316670 0.1496996 0.1369681 0.1357927 0.1373530
[29] 0.1255091 0.1401523
[1] "Average StdErrors for Betas: "
 [1] 0.04296183 0.04278950 0.04330986 0.04380717 0.04362466 0.04317057
 [7] 0.04362883 0.04310653 0.04401467 0.04321129 0.04359570 0.04276176
[13] 0.04387350 0.04288992 0.04303796 0.04325837 0.04330620 0.04416548
[19] 0.04283640 0.04377935 0.04287759 0.04335633 0.04347012 0.04376418
[25] 0.04411430 0.04364450 0.04369606 0.04284492 0.04186425 0.04438114
[1] "Positive rate for exposures: "
 [1] 0.540 0.650 0.855 0.930 0.485 0.500 0.505 0.490 0.500 0.500 0.430 0.545
[13] 0.535 0.465 0.490 0.495 0.535 0.405 0.495 0.470 0.540 0.505 0.425 0.485
[25] 0.520 0.540 0.490 0.510 0.485 0.530
[1] "Bonferroni-corrected positive rate for exposures: "
 [1] 0.275 0.465 0.690 0.890 0.270 0.260 0.270 0.280 0.275 0.255 0.225 0.245
[13] 0.235 0.225 0.240 0.240 0.245 0.200 0.275 0.240 0.300 0.240 0.210 0.200
[25] 0.255 0.235 0.260 0.200 0.220 0.255
