[1] "Average Estimates for Betas: "
 [1]  0.0648356800  0.1007218156  0.1675827391  0.2671967990  0.0259867087
 [6]  0.0163572714  0.0037347996 -0.0064588333  0.0073523322 -0.0024452224
[11]  0.0147987032  0.0037081513 -0.0022765811  0.0062356836 -0.0015907866
[16]  0.0021270258  0.0113391752  0.0109277081  0.0038563542 -0.0104540902
[21]  0.0096140725 -0.0086760337  0.0034445282  0.0088020380 -0.0034408203
[26]  0.0041556003  0.0031031390 -0.0124818513 -0.0038424639  0.0007507581
[1] "Standard Deviations of Betas: "
 [1] 0.1212607 0.1310376 0.1246330 0.1419225 0.1297481 0.1364883 0.1250500
 [8] 0.1230957 0.1257803 0.1260855 0.1226396 0.1307538 0.1337549 0.1190107
[15] 0.1283737 0.1305893 0.1303565 0.1335857 0.1257617 0.1296552 0.1301290
[22] 0.1193073 0.1249850 0.1290345 0.1318670 0.1230912 0.1284201 0.1305197
[29] 0.1204262 0.1355518
[1] "Average StdErrors for Betas: "
 [1] 0.02511491 0.02482014 0.02553610 0.02533328 0.02530275 0.02516060
 [7] 0.02557566 0.02512925 0.02549702 0.02536642 0.02529845 0.02495845
[13] 0.02550018 0.02509705 0.02531732 0.02519426 0.02506532 0.02548161
[19] 0.02541991 0.02541484 0.02517992 0.02534838 0.02529424 0.02575316
[25] 0.02582740 0.02551238 0.02542059 0.02543241 0.02494480 0.02557774
[1] "Positive rate for exposures: "
 [1] 0.735 0.765 0.915 0.955 0.790 0.765 0.660 0.690 0.715 0.680 0.645 0.750
[13] 0.665 0.700 0.695 0.710 0.720 0.670 0.675 0.720 0.695 0.700 0.700 0.720
[25] 0.725 0.700 0.645 0.695 0.720 0.690
[1] "Bonferroni-corrected positive rate for exposures: "
 [1] 0.575 0.660 0.840 0.910 0.600 0.605 0.520 0.515 0.525 0.545 0.495 0.550
[13] 0.540 0.520 0.495 0.515 0.580 0.560 0.495 0.555 0.540 0.525 0.535 0.505
[25] 0.500 0.525 0.510 0.535 0.560 0.540
