[1] "Average Estimates for Betas: "
 [1] 0.095229848 0.135144017 0.215720285 0.328457011 0.041084108 0.037464453
 [7] 0.025726674 0.012091777 0.023328838 0.019375452 0.037489151 0.024614259
[13] 0.015056058 0.025755083 0.018419403 0.024407302 0.028921332 0.032535691
[19] 0.029118498 0.014035704 0.033837431 0.010776644 0.016363958 0.024880429
[25] 0.019184487 0.023482815 0.026914700 0.006873246 0.017231517 0.021737304
[1] "Standard Deviations of Betas: "
 [1] 0.1250253 0.1346074 0.1326639 0.1458555 0.1353651 0.1433102 0.1345921
 [8] 0.1278663 0.1325559 0.1280768 0.1282529 0.1399479 0.1411945 0.1263813
[15] 0.1373222 0.1344160 0.1370368 0.1416690 0.1372179 0.1360193 0.1394360
[22] 0.1298894 0.1318914 0.1398467 0.1382486 0.1309674 0.1359551 0.1352818
[29] 0.1268164 0.1435120
[1] "Average StdErrors for Betas: "
 [1] 0.1193099 0.1178530 0.1215426 0.1203265 0.1200840 0.1194697 0.1217031
 [8] 0.1195208 0.1211244 0.1204769 0.1202043 0.1184937 0.1212256 0.1190847
[15] 0.1204182 0.1198119 0.1191396 0.1212106 0.1209620 0.1208055 0.1192817
[22] 0.1204415 0.1202811 0.1225984 0.1226699 0.1213165 0.1209117 0.1208319
[29] 0.1185470 0.1216599
[1] "Positive rate for exposures: "
 [1] 0.120 0.235 0.430 0.745 0.080 0.100 0.070 0.065 0.075 0.055 0.070 0.095
[13] 0.075 0.075 0.060 0.060 0.100 0.105 0.080 0.060 0.095 0.075 0.045 0.090
[25] 0.060 0.060 0.085 0.065 0.060 0.095
[1] "Bonferroni-corrected positive rate for exposures: "
 [1] 0.020 0.020 0.085 0.345 0.000 0.005 0.005 0.005 0.015 0.000 0.015 0.015
[13] 0.000 0.000 0.005 0.005 0.005 0.005 0.005 0.015 0.015 0.000 0.000 0.010
[25] 0.015 0.005 0.005 0.000 0.000 0.005
