2.1094237467878e-15 2.63122856836162e-13 1 1 0 1.09146025550899e-12 0 0 0 0 0 0 0 0 0 0 0 0 6.66133814775094e-16 2.33146835171283e-15 0 0 0 0 0 0 1.11022302462516e-16 0 0 0
8.56824500239384e-10 0.99669993724409 0.00800093783900735 0.999999999937515 3.67191025729685e-06 8.61681170860606e-10 3.09057895502285e-05 1.82532278181213e-08 6.36698507250344e-08 2.75430993568193e-08 2.17497619914298e-09 1.35522391087051e-08 5.34886059501138e-05 9.41907329909952e-10 1.07863618037385e-09 9.94022864020394e-10 1.37734224026076e-09 1.45033718368381e-09 5.19500531481754e-09 4.20478818430325e-09 8.95618246232743e-10 1.50249025154814e-06 1.32172883748893e-09 8.72539263063743e-10 5.39231838070364e-08 9.39177069447794e-10 2.83540335654919e-09 2.08495792974883e-06 8.85211839385391e-08 2.22946738848151e-09
1.34103543381059e-07 3.77705195941935e-06 1 1 1.81664555620742e-08 3.53088283588932e-06 1.08006962939999e-06 3.66929936435056e-08 2.69651709738916e-07 1.52883086190769e-08 4.25370451195839e-07 1.39768601137291e-08 3.41749138987879e-08 0.00046101832179557 2.19885237118245e-05 1.18852004904468e-07 1.42343373754628e-08 1.95430891469783e-08 5.09311489649278e-08 1.62884661314422e-08 1.42423561833027e-08 2.14425901479132e-08 3.34680503311091e-08 1.74079860526533e-08 7.09437038592942e-06 2.46554619942607e-07 2.13627959766427e-08 3.4045766053814e-05 2.16073213765711e-08 1.98734159129188e-08
1.21371283134941e-07 0.999999989065066 1.48153435002296e-05 1 1.46012824164821e-07 9.18608451072611e-06 3.75466909785516e-08 2.30236429255015e-07 5.64865180185947e-08 5.25850721855292e-08 3.56159413072987e-08 5.01586373546914e-08 0.000236355350419437 6.13469358645702e-08 3.73951382082183e-08 3.68251628080074e-08 4.8189896628692e-08 3.52910176637522e-08 1.06479938088988e-07 7.88638621962434e-07 3.69052938209435e-08 1.49318478914751e-07 7.45047175065849e-08 3.64786177931009e-08 9.6225526546867e-08 9.06161813363227e-08 3.1112318243931e-07 3.74782110901251e-08 8.22709165571034e-07 7.63847134432893e-08
1.8790580202932e-10 2.79370193645434e-10 1 1 1.06899378238268e-10 1.06692432666478e-13 2.50799381262823e-13 2.10553796620161e-12 4.63108440484916e-11 1.2712053631958e-13 1.33004718350094e-13 2.18900941817424e-09 1.65615299252408e-11 1.45439216225896e-13 1.08468789505878e-13 8.92175222588776e-13 1.15019105351166e-12 4.97484275996385e-10 1.81854531433601e-13 7.95030707934075e-13 6.09179373611823e-13 1.63868918434673e-13 6.32716101733877e-13 3.17523785042795e-13 7.606879792732e-09 4.44089209850063e-13 1.58650870218935e-13 1.08024700296028e-13 3.67506025611419e-12 4.54748461109489e-11
3.33066907387547e-16 0.0709190417924849 1 1 0 0 7.15533265971402e-09 0 0 5.55826295434159e-07 6.55031584528842e-15 4.44089209850063e-16 2.22044604925031e-16 7.55318030343233e-12 0 2.23154827949656e-14 0 0 5.10702591327572e-15 2.22044604925031e-16 7.7715611723761e-16 1.34858835210139e-09 4.55191440096314e-15 1.24344978758018e-14 6.85973500225145e-12 2.22044604925031e-16 4.44089209850063e-16 1.64285252068908e-11 0 6.66133814775094e-16
3.30677707438554e-11 7.21042447970888e-09 1 1 9.2968965859086e-12 1.25133237105501e-12 1.50452973413095e-08 9.94537785459215e-13 8.67084182232247e-13 8.98392471526677e-13 1.61970437062564e-12 6.48470166453308e-11 1.0600409439121e-12 1.32271971153841e-12 5.75555159088026e-11 9.11604125519716e-13 1.25477406243135e-12 1.25172094911363e-11 9.29589738518644e-13 8.62421245528822e-13 9.73665592596262e-13 2.1138646388863e-12 1.07169828567066e-12 8.10906897186214e-13 2.28606023000566e-12 5.21849230494809e-12 1.97820648750735e-11 5.30875343685011e-12 1.35180755478359e-12 6.52380371946037e-11
1.54640824479024e-07 5.16748268064582e-07 0.99999999999648 1 7.73578935353569e-08 9.22470370090522e-08 1 5.70241376562919e-07 4.56543042259838e-08 9.3476424156691e-08 4.15879941595421e-08 4.5761205047512e-08 5.14684030394896e-06 1.0994353888405e-06 8.96218550483496e-08 1.1514623571296e-06 3.62234003126183e-07 4.19537353746335e-08 1.39178279123797e-07 0.999999326973924 2.04484981902731e-06 7.10374360632926e-05 0.000377096925139209 3.28257766639695e-05 1.52903318673125e-07 0.0121944438828019 4.75442976100027e-08 6.33850852915785e-08 5.64589254237191e-08 8.00923574129087e-08
0 0.999995462444634 1 1 3.21964677141295e-15 0 0 0 0 0 0 3.99813515628011e-12 0 0 0 0 0 0 0 0 1.4432899320127e-15 0 0 0 0 0 0 0 0 0
3.33066907387547e-16 4.22046240032836e-05 1 1 4.29858371120417e-11 1.55431223447522e-14 3.10862446895044e-15 5.55111512312578e-16 4.44089209850063e-16 1.4432899320127e-15 1.11022302462516e-15 7.7715611723761e-16 3.33066907387547e-16 3.44169137633799e-15 3.33066907387547e-16 1.54825041676077e-11 4.44089209850063e-16 2.77555756156289e-15 2.96057049318232e-05 4.09672296086683e-14 4.66293670342566e-15 1.11022302462516e-15 3.33066907387547e-16 2.22044604925031e-15 6.66133814775094e-16 1.47659662275146e-14 3.33066907387547e-16 3.33066907387547e-16 7.7715611723761e-16 4.01340574285314e-06
1.14130926931466e-13 8.08422174203294e-07 1 1 3.32794569679606e-09 1.93178806284777e-14 7.7937656328686e-14 5.62883073484954e-14 6.60582699651968e-14 4.2321701698711e-11 2.46469511466785e-14 1.23456800338317e-13 1.94289029309402e-14 3.73034936274053e-14 5.16253706450698e-14 1.94289029309402e-14 2.68361999289368e-11 1.96509475358653e-14 2.00950367457153e-14 6.7168492989822e-14 6.41187103411767e-12 3.43947093028873e-13 1.99840144432528e-14 7.38298311375729e-14 3.04201108747293e-14 3.9190872769268e-14 2.97029068008214e-12 1.92068583260152e-14 2.79776202205539e-14 1.96509475358653e-14
0 0 8.5726437060174e-10 1 0 0 1.77635683940025e-15 0 0 1.11022302462516e-16 0 0 0 0 0 0 0 0 9.09319175512735e-10 0 0 4.44089209850063e-15 3.25978607662591e-07 0 0 2.22044604925031e-16 0 0 0 6.64690524843081e-13
1.4432899320127e-15 1.31894495325469e-13 1 1 3.60698348966793e-09 0 1.11022302462516e-16 0 8.88178419700125e-16 0 0 0 1.25583321519684e-10 5.55111512312578e-16 0 0 0 0 0 0 0 0 5.99059690742365e-11 9.99200722162641e-16 4.44089209850063e-16 4.09672296086683e-13 5.55000490010116e-13 0 0 0
4.88831197742456e-13 4.88136975285158e-10 1 1 9.99200722162641e-16 7.07402598720819e-08 1.88737914186277e-15 1.22124532708767e-15 2.22488694134881e-13 1.55431223447522e-15 4.21884749357559e-15 1.88737914186277e-15 1.22124532708767e-15 1.19682042054592e-13 1.11022302462516e-15 2.76445533131664e-14 2.2903900998017e-13 3.66373598126302e-15 2.20512497151049e-12 2.94375079867848e-10 6.80566714095221e-14 0.999999989624808 9.99200722162641e-16 2.70894418008538e-14 1.22124532708767e-15 3.88578058618805e-15 2.25264251696444e-12 5.10702591327572e-15 2.07162065279931e-11 2.33146835171283e-15
5.1147974744481e-13 0.999999999999714 1 1 1.76603176527124e-12 7.24420523567915e-13 2.76667577736589e-12 1.48014933643026e-12 5.349054532644e-13 1.57518442733817e-12 4.55857573911089e-13 6.2272409451225e-13 3.82471831983366e-13 5.93913807023227e-12 6.07514039074886e-13 2.3759882950003e-12 1.16950893414014e-12 3.90798504668055e-13 4.06563671617732e-13 4.23938661953116e-12 4.53859172466764e-13 6.26989882113183e-06 7.97695243193175e-13 4.89275286952306e-13 6.39710506789015e-12 4.56579218877096e-12 1.92707750867882e-08 2.63489230434288e-12 3.91131571575443e-13 5.9929838869266e-13
8.88178419700125e-16 2.18292733444869e-07 1 1 0 1.13908882326541e-13 0 5.88418203051333e-15 0 0 0 0 0 0 0 0 1.66533453693773e-15 0 2.63300492520102e-12 0 2.34590125103296e-13 0 0 0 0 0 0 0 3.77475828372553e-15 0
3.88039442111854e-06 0.00213443107039701 1 1 3.08540189166706e-05 3.33575141264753e-06 0.000532681681421621 6.78078999705178e-06 5.44364561994026e-06 3.16824057378096e-06 3.75191010515419e-06 1.63469309312214e-05 3.84248241677154e-05 2.31857269262781e-05 3.31130422581705e-06 3.20251722518705e-06 1.11453687884344e-05 3.11136541153445e-06 0.000243104502188451 4.38012945336297e-06 3.91040764580186e-06 4.49103647248705e-06 4.11150357559897e-06 3.29051564629257e-06 2.25435493104165e-05 3.10834495753642e-06 3.38091809271024e-06 3.89117069365952e-06 0.000111645074809652 4.0478062245386e-06
0 0 1 1 0 0 0 0 0 0 0 0 0 0 0 0 0 0 0 1.11022302462516e-16 0 0 2.66453525910038e-15 0 0 0 0 0 0 0
1.4964926853267e-08 3.18092848827778e-06 1 1 3.5358382888262e-12 2.03637107176746e-12 8.69300631478609e-10 3.09573094936511e-08 8.12719869769385e-06 9.38971123076726e-12 2.63611354966997e-12 1.44934029222554e-08 1.21225252058821e-12 3.45878881091721e-12 1.16950893414014e-12 5.0011883523382e-11 1.5004664177809e-12 1.27569066421529e-11 2.13253289471638e-08 2.6525849403658e-06 2.07421113618267e-09 9.61886903461107e-10 1.91829885309858e-11 1.56485935320916e-12 1.17862386517231e-11 1.42652556434086e-12 1.06925579501649e-12 8.82860018425191e-09 1.02398411971905e-09 1.40121247937941e-12
6.65578703262781e-13 2.23330542947764e-09 1 1 5.77760062014931e-13 9.79882841534163e-13 8.16124945401953e-13 2.00262029181886e-12 1.08602016268833e-12 5.51830847683732e-09 5.78315173527244e-13 2.60725885325996e-11 7.51843032276156e-13 2.27180496636947e-11 2.14961382027923e-12 1.55286894454321e-12 5.70710145808562e-12 5.83089132533132e-13 1.42216280196727e-07 6.29052365752614e-13 1.75264247559426e-11 1.45916612126484e-12 6.02540239924565e-12 5.64326363416967e-13 6.13287198802936e-13 5.24402743451446e-12 1.74549263931567e-12 1.39954714484247e-12 3.31973337708291e-11 1.80111481284939e-12
1.28232979790255e-11 1.74193992563687e-13 0.000122722267075548 1 4.82947015711943e-14 4.60985670169833e-06 6.76458888904108e-13 5.06261699229071e-14 1.18793863634892e-13 6.06181771445335e-14 3.21731530306124e-11 8.88178419700125e-14 8.14903700074865e-14 6.83897383169096e-14 2.12385664610792e-13 9.67004254448511e-13 5.6399329650958e-14 3.18516435449112e-10 4.75175454539567e-14 3.0244087234621e-09 4.51139126056432e-12 1.29118937763906e-13 5.83977310952832e-14 1.53232981858764e-12 5.295763827462e-13 6.09512440519211e-14 4.67403893367191e-14 6.19504447740837e-14 7.07212066686225e-14 2.24154028671819e-13
0 0 1 1 1.11022302462516e-16 1.85407245112401e-14 0.999999998235468 0 0 7.7715611723761e-16 0 0 2.22044604925031e-16 0 0 0 0 3.88578058618805e-15 1.11022302462516e-16 6.58328946911979e-12 0 0 0 2.66453525910038e-15 2.47819542664729e-10 0 0 0 5.55111512312578e-16 0
5.21804821573824e-15 7.31846186985408e-08 1 1 5.47895062652515e-13 1.36557432028894e-14 2.24265050974282e-14 6.88338275267597e-15 3.5527136788005e-15 3.10862446895044e-14 0.000493569540188421 1.01474384450739e-13 4.77395900588817e-15 5.32907051820075e-15 5.67879077095768e-13 2.77555756156289e-15 2.44249065417534e-15 2.23154827949656e-14 7.03326286100037e-13 2.33146835171283e-15 2.33146835171283e-15 4.49640324973188e-14 1.0991207943789e-14 7.08431783125185e-07 3.66373598126302e-15 4.08895139969445e-13 2.06501482580279e-14 4.9960036108132e-15 4.85167461761193e-14 1.17683640610267e-14
2.16481388370937e-10 0.999694862379645 1 1 2.31461250166376e-09 4.56956694705468e-12 1.28713062430563e-09 6.39040820260561e-10 9.6349928035977e-11 8.61077875669025e-12 3.46778161741668e-11 7.46525063988202e-12 7.43971551031564e-12 5.53621593013531e-11 5.57309753901336e-12 8.93783935751458e-11 4.48330261804131e-12 5.03833641474216e-11 2.95380386816646e-11 5.36115596361242e-12 6.56508181151594e-12 4.63251659255093e-12 1.29811938975877e-10 5.00988139862102e-12 4.58544313630682e-12 4.8615556025311e-12 4.97779595320935e-12 1.01032515686938e-11 6.03084249206631e-12 1.87540871721126e-10
0 0 1 1 0 0 0 0 0 0 0 0 0 0 0 0 0 0 0 0 2.01281213918492e-11 0 1.11022302462516e-16 0 1.63202784619898e-14 0 1.11022302462516e-16 8.32667268468867e-15 0 1.11022302462516e-16
3.01559499593651e-09 0.999999999999961 1 1 8.21565038222616e-15 1.77635683940025e-15 1.66533453693773e-15 5.77315972805081e-15 1.23234755733392e-14 3.08570280438403e-10 6.10622663543836e-15 1.77635683940025e-15 7.38298311375729e-14 1.77635683940025e-15 6.43188280413654e-10 2.54241072639161e-14 2.22044604925031e-15 2.44249065417534e-15 3.21964677141295e-15 7.88258347483861e-15 1.88737914186277e-15 1.0724754417879e-13 6.32827124036339e-15 1.77635683940025e-15 2.77555756156289e-15 2.78689071819826e-10 2.99760216648792e-15 1.83186799063151e-14 1.66533453693773e-15 4.10782519111308e-15
5.16914097303811e-07 0.999999830210015 1 1 2.25544735554806e-07 1.92059069648032e-07 5.26398423628116e-07 2.1630442115228e-07 4.43482516154781e-07 2.52063895089805e-07 1.9591035199662e-06 1.99011497716839e-05 2.10838227432397e-07 5.92863975079627e-06 1.89936538497193e-07 3.75591059476044e-07 2.4781764818016e-07 2.03251069197385e-07 2.51768726755586e-07 2.46560816763441e-07 2.70208781572023e-07 3.91608744099159e-07 4.20112846954979e-07 3.42944754816443e-07 3.34827575843022e-06 1.90333474315851e-05 1.9451658450631e-07 3.22885664316708e-06 3.63617267740146e-07 6.8950346776564e-07
0.000167719986943426 8.60389840906528e-06 0.997804256395396 1 3.91296484458792e-06 0.000166049196899221 1.63829506882873e-06 1.02802400170354e-06 1.01821508613487e-06 3.97111488359414e-07 4.64951453338358e-07 9.626203218982e-07 2.54142157886106e-05 3.86150903142202e-07 4.82390588030235e-07 4.76105600388799e-07 6.62734165182144e-05 3.92559280082416e-07 4.24154636302632e-07 5.13637269050626e-07 8.08808330865496e-07 3.86737891933109e-07 4.09957718439102e-07 7.33348459847072e-07 4.28755782766466e-07 4.00309354220418e-07 3.85929781687722e-07 0.000569356720393377 1.00747744113949e-06 1.08242024465799e-06
1.04173336623603e-11 3.41716765994704e-10 1.77321959560217e-07 1 2.37044828210742e-11 3.64098196037332e-10 3.65861785311949e-11 6.04458705311117e-11 6.99995617026161e-12 7.58471063733168e-12 5.50086840522823e-08 3.77019526709432e-11 1.18751675159956e-11 1.15329967798061e-11 7.08344494171342e-12 1.4878758447523e-08 1.88321580552042e-11 7.02893299120433e-12 7.14139858359886e-12 8.55771009611317e-12 2.18733919865599e-11 7.50022266515771e-12 1.21996412971725e-09 1 3.15880299694982e-09 7.99460497802329e-12 9.26658749733633e-12 0.000586995930284218 1.28732580151336e-11 2.06564765292683e-11
1.04421271629462e-09 0.999999923359984 1 1 0 0 0 0 0 0 5.32907051820075e-15 0 0 0 0 0 0 0 0 0 0 0 0 0 0 1.11022302462516e-16 0 0 0 0
9.45798994678171e-12 3.98570065840431e-14 2.53097542923797e-12 1 0 0 0 0 0 0 0 0 0 0 0 0 0 0 3.54938300972663e-13 0 0 0 0 0 0 0 0 0 0 0
3.58398166699914e-09 7.7715611723761e-16 1 0.999999269024008 8.88178419700125e-16 7.22755189030977e-14 9.99200722162641e-16 3.33066907387547e-16 3.33066907387547e-16 5.55111512312578e-16 3.33066907387547e-16 2.55351295663786e-15 1.06826769652457e-11 3.33066907387547e-16 1.55431223447522e-15 3.33066907387547e-16 1.55431223447522e-15 3.03090885722668e-14 5.55111512312578e-16 4.21884749357559e-15 4.2977599257199e-10 4.75175454539567e-14 5.55111512312578e-16 4.44089209850063e-16 1.22124532708767e-15 8.88178419700125e-16 8.99280649946377e-15 8.88178419700125e-16 1.3944401189292e-13 3.10862446895044e-15
0.0022545579443316 0.375232878305724 1 1 0.0783803757823577 0.00775475908989143 0.000997167921323761 0.000973257033170194 0.00122759969773567 0.0478102799880127 0.00152110616088252 0.00371303987400584 0.0311763711990655 0.00126964546805353 0.00262187174717932 0.00203898226743904 0.00118261684356968 0.00130296889851889 0.0143895221915654 0.001069253651238 0.0148515267849394 0.0023971897447681 0.000966317969501418 0.000964761694000393 0.00339543111387397 0.00396230362942063 0.00129749547460201 0.000955088531689907 0.0234408427244391 0.00118326155725756
2.29272156815341e-12 2.51428988740088e-10 1 1 5.93192162057221e-13 3.23074900165921e-14 2.89768209427166e-14 9.58135792927806e-11 4.8202353220006e-10 1.48991929904696e-13 6.43929354282591e-14 3.9190872769268e-14 8.31335000839317e-13 2.78665979180914e-14 4.13002965160558e-14 8.65085780787922e-13 1.45883305435746e-13 2.69784194983913e-14 3.99680288865056e-14 1.19348975147204e-13 4.18221013376296e-13 6.62803145701218e-14 5.60662627435704e-14 7.20423720679264e-13 4.47419878923938e-14 2.96429547574917e-14 5.81978909508507e-13 9.19520015685293e-12 9.00224339517308e-12 3.12749826036907e-13
1.40091160893974e-10 0.00299172385305924 1 1 1.79556369772627e-12 5.64459590179922e-12 1.72419234445442e-09 2.03903560702656e-12 1.52783674600698e-10 1.28910548902184e-09 1.70474745431193e-12 2.55895304945852e-12 1.63191682389652e-12 3.34862138018366e-11 2.04967154360247e-11 9.90330040195886e-12 4.02270439181507e-11 2.00551586448938e-09 1.78590475741203e-12 1.70197189675036e-12 2.95866664501432e-11 2.68651767498795e-12 2.26474394793286e-12 1.55664370282693e-12 6.61160015624773e-12 7.77911068894355e-12 3.10662606750611e-11 1.63447033685316e-12 6.97530921911493e-12 1.4773737788687e-12
0 0.999999999999999 1 1 0 9.97766372856645e-08 0 0 0 0 0 0 8.0433104621136e-11 0 0 0 0 0 0 0 0 0 0 0 0 0 3.33066907387547e-16 0 0 0
0.000882262015452828 0.246396407807868 1 1 0.000713652672008291 0.000757860005276223 0.00370756478688328 0.000839509907053948 0.951914008755955 0.000813197954384171 0.00116629741200147 0.0375704450610526 0.00124367844700335 0.010091348824834 0.0210943091182486 0.000931609977743109 0.000924341383171323 0.00122443662288108 0.00315134624154534 0.00321358732583588 0.186373698171451 0.0183516961376777 0.00269543610472722 0.000712406178193126 0.000714690681572927 0.000741009607432064 0.000739487728774746 0.00143917617131528 0.000775793869241204 0.00350740797518856
0 0 1 0.999999999999851 4.9960036108132e-15 0 0 0 0 0 0 0 0 0 2.22044604925031e-16 0 0 0 0 0 0 0 0 0 3.37485595025555e-12 0 0 0 0 0
1.38823968620638e-06 0.999999999360224 0.999999999612789 1 2.56679159482687e-07 4.36383156721121e-07 3.67470718964924e-07 1.29568563167481e-06 2.81975518157118e-07 0.999995943009559 1.10424918275953e-06 4.16653812118639e-07 1.69668841888404e-05 2.7516782841186e-07 2.55127091008944e-07 8.46698680612157e-07 5.90602609007451e-06 3.55376700178489e-07 0.000859102655360711 5.45508003380046e-06 2.59326601526055e-07 2.60581397126813e-07 3.67159330161293e-07 0.999999999999966 3.27051566717529e-07 5.49965674334629e-07 2.60850277378211e-07 1.70806748867047e-06 3.19618290944845e-07 6.81825459980523e-07
0.99999984658155 0.999999999999957 1 1 1.0769163338864e-14 2.22044604925031e-16 3.33066907387547e-16 1.11022302462516e-16 0 2.22044604925031e-16 1.11022302462516e-16 0 1.11022302462516e-16 1.37667655053519e-14 1.11022302462516e-16 2.22044604925031e-16 1.47659662275146e-14 4.44089209850063e-16 1.11022302462516e-16 6.66133814775094e-16 1.11022302462516e-16 1.31228361510694e-13 0 1.88737914186277e-15 0 1.11022302462516e-16 4.44089209850063e-16 0 1.11022302462516e-16 0
0 1 1 1 0 0 0 2.46570536716062e-05 0.999999999733861 0 0 0 0 0 0 0 0 4.28143076547371e-11 0 0 0 0 0 0 0 0 0 0 0 0
1.23154381101998e-05 3.99046744536946e-07 1 1 3.70658170822935e-10 7.30005500493291e-10 2.07278638697517e-13 1.52100554373646e-13 4.09690059655077e-11 0.999858982015994 5.11812814352197e-14 4.04121180963557e-14 4.22994972382185e-14 3.69704267200177e-14 1.38000721960907e-13 9.75219904830738e-13 5.05151476204446e-14 3.8361536169873e-12 3.47499806707674e-14 9.83657599817889e-14 1.72639680329212e-13 8.47100167788994e-14 2.95563573615709e-12 6.88404888649075e-12 6.21724893790088e-13 7.40107974905868e-12 4.68214356175167e-12 3.60822483003176e-14 5.08482145278322e-14 1.60860214037939e-12
2.17080908804235e-10 7.92699239582362e-13 1 1 1.09134923320653e-13 7.97140131680862e-14 1.16129328375791e-13 8.34887714518118e-14 6.4037664060379e-13 5.96411808828634e-13 1.06392672449829e-12 6.67920199148853e-08 1.12914122496477e-10 7.41628980449605e-14 1.44217970898808e-13 9.99156313241656e-12 1.10134124042816e-13 1.36288298535625e-07 3.5793590313915e-12 1.02362562870439e-13 1.0680345496894e-13 2.58792987040124e-13 4.21196411082292e-12 2.89547275045265e-11 2.72322897221233e-06 1.25566224085105e-13 9.42024236394445e-13 8.12683254025615e-14 4.14290823869123e-12 7.52731210695856e-14
9.33836026284496e-08 0.999999999997599 0.99999995159377 1 1.34036197688703e-05 6.10638317688483e-08 4.31139857148821e-09 2.1449480192004e-08 7.20028170420051e-09 5.36580102572515e-09 1.41719470603263e-08 2.92519758415821e-08 8.01947097617273e-09 4.93484819674705e-09 4.42704184422382e-09 6.79633682665326e-09 1.00333580332901e-08 5.72896508010956e-09 7.21669368708433e-09 5.06355268825587e-09 1.65406101038101e-08 9.22624299182218e-09 1.23957974995648e-08 2.9471496465483e-08 2.53532357330499e-08 5.66090996301227e-09 4.31718560900407e-09 4.8526379581304e-09 5.46558312275458e-07 4.65664085069761e-09
3.93277376220524e-08 1.78661588856599e-08 1 1 4.81613841364359e-05 1.67405325157688e-08 4.99806684928217e-09 1.42205078934587e-07 5.9540892216603e-09 7.06539426964525e-09 4.94447172094681e-09 5.99188365590919e-09 7.79400233241745e-09 5.03513675198519e-09 6.63582933047024e-09 4.71205974239552e-09 1.06669125754522e-08 6.21884299611963e-09 1.37230515839804e-08 3.32625750276705e-08 3.90540509698223e-06 5.10585318469481e-09 9.95613934628992e-08 6.76948386235665e-09 1.53144299464003e-08 4.17022756327157e-08 5.62973920592569e-07 4.75726780191366e-09 3.50396708037604e-06 5.99454819116829e-09
1.99840144432528e-14 1.45115859329081e-08 1 1 0 3.41948691584548e-14 4.14932149050973e-06 8.88178419700125e-16 6.66133814775094e-16 4.77395900588817e-15 0 0 4.44089209850063e-16 3.33066907387547e-16 3.89765997255154e-12 1.11022302462516e-16 4.66293670342566e-15 6.20614670765463e-14 3.10862446895044e-15 7.66053886991358e-15 2.8993474288086e-12 8.88178419700125e-16 1.99840144432528e-15 0 0 4.26991775270835e-13 1.11022302462516e-15 3.66373598126302e-15 2.99760216648792e-15 7.10999594755179e-08
0 3.48435968966498e-09 1 1 0 0 0 1.11022302462516e-16 0 0.000580047215726132 0 0 0 0 0 0 0 0 0 0 0 0 1.55431223447522e-15 0 0 0 0 0 0 0
0.011703537628008 0.999999982515704 1 1 3.94563901551237e-08 8.21097632108803e-08 3.34849450955854e-06 1.73133060110686e-08 1.62259515179564e-06 2.23145466549113e-08 0.00174676050205336 1.32479773817806e-08 1.86253139577985e-08 3.71011022237688e-07 3.04949099305674e-08 1.25620784885427e-08 1.29613786370442e-08 5.32909764094924e-08 1.25590824406885e-08 1.355881351639e-08 1.39147524613747e-08 3.68151502072589e-06 1.40817868476972e-08 1.82351038713335e-08 5.52710682777402e-08 2.50649155875138e-08 1.05301643182898e-07 1.34313711264156e-08 1.5105762418699e-08 3.85851048889663e-08
0 0 1 1 0 0 0 0 0 0 0 0 0 0 0 2.44249065417534e-15 0 0 0 0 1.55431223447522e-15 0 0 0 0 1.16172627073752e-11 0 0 0 0
7.34037719496428e-08 9.5271941891184e-08 1 1 6.99382728397424e-08 9.53803255265839e-08 8.19430221454809e-08 1.75345591093556e-05 1.88641167730985e-06 6.17113677936487e-08 5.38302187047535e-07 3.59620268008953e-07 7.99573018905875e-08 5.30624169825522e-07 1.21998114055444e-07 1.07778613256393e-07 2.03627337436174e-07 9.44402452907056e-08 5.96604706748494e-08 2.04367337164335e-07 1.57219961050004e-07 1.9398197581566e-07 6.06550571990994e-08 1.49351525036145e-07 6.2315010496139e-07 8.53206791884276e-08 7.94431522266326e-06 7.81524740478545e-08 2.10472385520077e-07 1.65108377003786e-06
0.0344887759292251 1 1 0.999999999999914 0.000565530184776564 0.0010096943877107 0.000712051489743737 0.000530123476413458 0.00103539344496972 0.000876844074455652 0.99999932325569 0.000517537877277929 0.000515259033345705 0.00087563171371996 0.000584072495918631 0.000607743765598467 0.000753246393446427 0.000581389611369776 0.000522250327635088 0.000516036016709465 0.000817749624284048 0.00072430651858213 0.000537565093845394 0.000576602610731669 0.00387127721506153 0.00140268858695614 0.00061590309553039 0.00068292128548364 0.00139379660195071 0.000517268749529953
0 1 0.999999788230012 1 0 4.21807033745836e-12 1.11022302462516e-16 8.52118500053178e-05 1.11022302462516e-16 2.95319324550292e-14 1.22124532708767e-15 1.11022302462516e-14 0 0 6.66133814775094e-16 8.88622508909975e-13 4.36317648677687e-14 0 0 0 2.22044604925031e-16 0 0 0 1.0769163338864e-14 0 1.11022302462516e-16 0 0 3.22741833258533e-13
1.2270218174848e-10 2.45213294114421e-10 0.999999999999827 1 4.40397163181672e-10 4.34557945183656e-11 1.32940325414665e-11 1.3431922241125e-10 1.29986021946138e-11 2.40349962155051e-11 1.33630884135982e-11 1.37237998742989e-11 1.5539236564166e-11 3.87686193381587e-06 1.42104883416039e-10 1.25571775200228e-11 1.26831878333178e-11 1.7702228571892e-10 1.23253629524811e-11 1.58616453305171e-11 5.97690452686095e-10 3.29127836096177e-11 2.28488339359956e-11 5.81910186703283e-10 5.71829250617384e-11 1.62317936869272e-11 7.54584172923956e-11 3.06173975062052e-11 1.17058555937355e-06 1.73995262642279e-11
2.25083496174783e-07 2.63326704885714e-09 1.0803950845073e-08 1 1.33394131296427e-08 1.0613612699828e-07 3.21117832324802e-09 6.26895135802386e-09 1.20443643947254e-09 1.51290791006176e-09 1.30263588804524e-09 9.37410049584031e-09 1.59837247504235e-06 3.84832443689476e-09 1.09259612468549e-09 1.22137422398083e-09 1.99277883083937e-09 1.08822018063393e-08 3.17015862449921e-08 1.34966472442599e-08 9.24985865680128e-10 2.07290884457478e-09 9.25533649720478e-10 1.39767097895316e-09 1.09092745947947e-09 1.0338331302151e-09 2.13011128213925e-06 1.31318744767128e-09 4.35754088368157e-09 1.17132137322784e-09
2.55351295663786e-15 0.999999738026742 1 1 1.11022302462516e-14 4.52737847211893e-12 6.66133814775094e-16 2.76445533131664e-14 4.44089209850063e-16 7.7715611723761e-16 1.88737914186277e-15 4.44089209850063e-16 2.33146835171283e-15 7.29416527178728e-14 1.8774981569436e-12 1.40565337147791e-12 6.22502049907325e-13 3.33066907387547e-16 1.0991207943789e-14 6.66133814775094e-16 5.55111512312578e-16 0.000341063141625186 1.06137321154165e-13 3.33066907387547e-16 6.66133814775094e-16 1.88737914186277e-15 1.50440992996437e-10 6.66133814775094e-16 4.44089209850063e-16 1.30007116183606e-13
0 3.33066907387547e-16 1 1.08720780001015e-06 0 0 0 0 0 0 0 0 0 0 0 0 0 0 1.66577862614758e-12 0 0.998328901392438 0 0 0 0 0 0 0.999999999998774 7.1276318180935e-14 0
1.42541534131624e-12 3.55287751330202e-07 0.999999899233606 1 3.48878703704258e-11 4.91828799908944e-14 2.69784194983913e-14 5.72832892231645e-11 2.16493489801906e-14 3.88578058618805e-14 5.76205749780456e-14 9.03721542044877e-14 6.15678714122048e-07 9.60688233409002e-08 4.27768931388073e-13 4.05231403988182e-14 1.0498405356163e-07 2.52020626589911e-14 1.62203583897735e-13 5.59552404411079e-13 2.97539770599542e-14 1.77100811793451e-09 8.7827300987442e-11 1.85407245112401e-13 2.89768209427166e-14 2.27595720048157e-14 2.60902410786912e-14 2.62012633811537e-14 3.43058914609173e-14 4.19664303308309e-14
3.63064843625915e-05 0.999999999999991 0.999999999994792 1 1.12645175354142e-06 1.72939113596282e-06 9.13106411148945e-07 7.38119275067728e-06 8.60198740015861e-07 1.31577732744859e-05 1.32845709277518e-06 1.21720814444393e-05 6.49330419122407e-05 9.66121947443277e-07 1.90591576165744e-06 3.52353069221767e-06 1.08369985318824e-06 1.03016157082525e-06 8.78492233291617e-07 2.3371686670437e-06 1.85682521370856e-05 3.65117500567003e-06 0.000121543278081782 6.69670190578397e-06 9.98425501053113e-07 2.08416369795739e-06 1.47547720241725e-06 8.43696793428883e-07 8.59341297343441e-07 9.77784670230797e-07
3.33066907387547e-16 5.77315972805081e-15 1 1 6.40809627583394e-12 0 1.11022302462516e-16 0 0 0 0 0 0 2.22044604925031e-16 0 0 9.89104121940088e-08 2.22044604925031e-16 0 0 0 0 0 0 0 0 0 0 0 2.1094237467878e-15
2.01891392492826e-10 0.000102681080051514 1 1 2.24722906949637e-09 1.03564490316899e-10 1.34186550759807e-10 3.83547075211155e-08 1.19204901505299e-09 1.58143609318984e-10 1.3244638719101e-10 8.74514904936063e-11 2.8714308708544e-10 8.47435455142431e-11 8.21949175389136e-11 9.68782942756263e-10 7.5153661072136e-11 3.21740639686041e-08 8.82653949929590e-11 3.93038963597547e-08 4.79662198848985e-10 7.30650695501822e-09 1.13707154802967e-10 8.10633782322157e-11 5.98126548290168e-10 1.32381008977056e-06 8.49284753634549e-10 4.08133971063762e-10 2.65238431218506e-09 2.12998185755708e-09
1.82193260478414e-10 2.53319587528722e-12 1 1 2.59769983301794e-12 2.93154389652273e-12 5.34998800816311e-09 3.33677530051091e-12 2.61624055752918e-12 2.69584354839481e-12 7.17422787843702e-11 1.87552195995977e-11 5.92126347953581e-12 6.53821441432001e-12 3.38429284596486e-12 4.72133443452094e-12 7.12818581938279e-10 1.96733740409627e-11 7.26518845084456e-12 8.45184588982306e-10 2.5131008385415e-12 3.94595467412273e-12 1.49523726733491e-11 2.54518628395317e-12 1.29376509505619e-11 7.53486162352601e-12 1.35765149678058e-07 3.04112290905323e-12 2.14596187486649e-08 1.00586539097947e-10
3.95208322879759e-05 0.0119087607527882 1 1 2.32110918929607e-06 0.000484869905018837 2.33041521258137e-06 4.71616327353264e-05 2.31725660948534e-06 1.89060334876423e-06 1.90826051207349e-05 2.53337860711689e-06 5.72523796948943e-06 2.15332853292782e-06 3.20048908775128e-06 2.22665424631785e-06 0.00176983896582472 2.17430694748888e-06 2.0849902514497e-06 3.11354995907731e-06 2.19234720920669e-05 2.08121475020473e-06 0.0001942532149809 2.20024284880438e-06 4.98212097965745e-06 0.0096356782334418 6.25500998496786e-06 2.49088033710265e-06 2.26086478283261e-06 2.68968837058292e-06
0 1 0.99999999994275 1 0 0 0 0 0 0 0 0 0 0 0 0 0 0 0 0 0 0 0 0 0 0 0 0 0 0
0.0483537952807025 0.118999929796153 0.999999999951593 0.430060966290988 0.00126100472232582 0.00180089713686882 0.000450185151696481 0.00109369695473671 0.000448109576979605 0.143812790197558 0.000463816582994436 0.000470905525461696 0.00065354962249442 0.00123112049854279 0.000764610250510889 0.000517492095605698 0.0369796971199211 0.000460620789165977 0.000453633677613197 0.00129702111486718 0.000454754642580935 0.000918252653120066 0.309429641420619 0.000447490902930947 0.0004565089584323 0.00124560366580651 0.000871834771128066 0.00254513517813892 0.00176298368051475 0.000448878345502335
1.64671942748384e-09 1 2.18586660755138e-05 1 5.02464736484853e-12 9.15448483684855e-09 1.4658052549521e-11 1.47450940346516e-11 2.36455299784666e-12 9.55612255992833e-11 4.44436787372382e-09 5.09881026289349e-12 3.0000446571421e-12 2.23998597448372e-12 3.11285863752175e-09 2.49911202843123e-12 3.03856939609659e-12 5.60729240817182e-12 0.00279183592945309 2.24797958026102e-12 2.21611617945427e-12 4.79749573401023e-12 8.25650658953236e-12 7.49289519319518e-12 2.6461055568916e-12 2.52077247964166e-11 5.54331025526267e-11 4.86466422700005e-12 1.19454446334544e-11 5.7232996120149e-11
2.75562301532695e-07 3.11960889787244e-07 1 1 6.99171609497284e-10 1.65794489248583e-10 1.17978027347476e-09 8.6543106014858e-11 1.4020640204393e-10 4.52985537968686e-10 1.00441432948628e-10 1.14615361646031e-09 7.51168016677184e-11 1.36764266578382e-10 5.50585133041182e-10 1.52427404032096e-10 1.38467570742762e-10 6.195568502676e-10 9.81856207449283e-07 5.34925770345751e-10 2.99797187075512e-10 1.93692522021394e-08 2.83376455634254e-09 1.38961731011022e-10 4.96638441482844e-09 2.68269705117063e-07 7.01771973865561e-11 7.53821449706038e-11 6.98194169146404e-10 2.55961363215818e-10
0.00103135914730512 0.176289049994796 0.999999999979829 0.999980029504824 0.0163017689940023 0.000985526668841552 0.00206191458721083 0.000933982416038703 0.00103914490286261 0.00179064750861335 0.00101452639169397 0.211943005809182 0.141097917141948 0.00475696891471733 0.0223967870115828 0.00155350584471103 0.00130440564014811 0.00302977002244709 0.001434866849369 0.0631883695782656 0.0366654806630921 0.00646267340942719 0.000930195816963519 0.035658221121306 0.000941051381831093 0.0555870291921864 0.00096714945058507 0.00641310816637719 0.00241836874659218 0.00133295267921474
1.99840144432528e-15 0.99980804810728 1 1 1.88737914186277e-15 1.54987134237672e-13 2.19824158875781e-14 0 1.11022302462516e-16 5.72574210266907e-11 0 0 0 0 0 0 0 2.44360087719997e-13 0 0 0 0 0 3.77247322269625e-09 0 0 0 6.66133814775094e-16 0 8.5991669340757e-10
1.61459734471237e-12 3.33066907387547e-16 0.99999996076613 1 2.77555756156289e-15 1.26010379908337e-09 8.02954643885911e-08 2.73401301598142e-11 7.7715611723761e-16 3.33066907387547e-16 2.99760216648792e-15 7.7715611723761e-16 3.33066907387547e-16 5.55111512312578e-16 6.56141807553468e-13 1.11022302462516e-14 1.22124532708767e-15 1.55586654670969e-11 3.33066907387547e-16 1.22124532708767e-15 5.55111512312578e-16 5.55111512312578e-16 6.66133814775094e-16 1.69179292797139e-09 3.33066907387547e-15 3.33066907387547e-16 3.33066907387547e-16 0.987677269341535 7.7715611723761e-16 1.77635683940025e-15
2.10059036831467e-09 0.999999998920887 1 1 3.76730215467802e-07 1.15084608509619e-11 1.15494536157001e-09 2.06723527185204e-13 3.9190872769268e-13 1.18272058813318e-12 1.27164945240565e-12 2.76223488526739e-13 1.84630088995164e-13 1.1669554211835e-12 3.48276962824912e-13 4.98157071149308e-13 1.73261405223002e-12 2.15905071598854e-12 2.16715534406831e-12 1.66944236212885e-12 3.32289751270309e-13 1.15404352740711e-10 3.40349970429088e-12 2.32573755032384e-07 7.76804953694921e-10 4.93716179050807e-13 1.26521015886283e-12 1.83408843668076e-13 7.03281877179052e-12 2.57904808620424e-13
6.02917715752938e-12 1 1 1 0 0 0 0 0 0 3.33066907387547e-15 0 0 0 0 0 0 0 1.95399252334028e-14 0 0 0 3.01980662698043e-14 1.11022302462516e-16 0 0 0 0 4.44089209850063e-16 0
3.45234951737439e-12 1 1 1 1.32338584535319e-13 1.08882902694063e-11 3.15858450505857e-13 3.3983926783776e-13 1.04027897407377e-13 2.37942998637664e-12 1.26565424807268e-13 8.53761505936745e-14 6.22835116814713e-14 1.68209890460957e-11 2.76445533131664e-13 0.0427484067447689 4.10838030262539e-12 4.0476511031784e-12 2.63566946046012e-13 2.77555756156289e-13 7.03326286100037e-13 8.45989944764369e-14 2.71374256399781e-10 4.50273152097225e-12 3.45279360658424e-13 7.00550728538474e-14 6.213918268827e-13 6.03961325396085e-14 9.59232693276135e-14 2.91877633173954e-13
1.69229075197563e-11 6.69686528453894e-12 1 1 6.31150687269155e-12 9.00024499372876e-12 3.92540444593692e-11 6.92945700819791e-12 7.97251153983325e-12 2.42762476787561e-11 5.15091302943915e-11 6.32327523675258e-12 7.72910624391443e-11 1.59717385661562e-06 2.50036158444544e-09 2.58065790958995e-11 4.57952515465765e-05 1.75756076359335e-11 8.35365110418707e-12 9.62783186508887e-11 1.80260595339377e-09 3.02482483505173e-11 1.41051614832577e-11 6.44451159104165e-12 1.47567513764102e-11 6.76953271216973e-10 1.2983281116874e-11 6.16096063055238e-12 6.08667560797471e-11 9.25015619657188e-12
1.93095217593253e-09 0.999999931982638 1 1 1.36002320516582e-13 1.2312373343093e-13 9.15711950710829e-13 3.59384173553856e-06 9.11025843652880e-09 1.18571819029967e-13 2.2948309919002e-13 1.26121335597418e-13 1.58983937126322e-13 4.22994972382185e-13 2.42916797787984e-13 1.57651669496772e-13 5.67879077095768e-13 1.49769086021934e-13 1.27453603226968e-13 2.81441536742477e-13 3.59379193071163e-13 2.85660384236053e-13 1.24122934153093e-13 4.80493422827521e-12 1.24789067967868e-13 1.39666056497845e-13 0.998803892633859 2.54463117244086e-13 1.2525536163821e-12 5.55363532939168e-10
2.53578229525431e-08 3.4485669542228e-08 1 0.000115987459175404 2.99329958597383e-08 2.87377320828952e-08 1.98716163524182e-08 1.38730508203455e-06 2.5960220528809e-08 3.36954973922943e-08 1.95831952876091e-08 2.27346784731353e-08 3.63305022732519e-08 3.70902442536902e-07 2.10169907866042e-06 3.06525150817194e-08 1.25939025652499e-07 2.03278351484926e-07 8.21128079864231e-06 5.41172187562555e-06 8.95203846607018e-08 2.81879387609152e-08 4.43802310456931e-08 2.2951600620047e-08 2.03943457677269e-08 2.01854699621862e-08 5.86765297461156e-08 3.15861706123854e-07 2.02312858688103e-08 2.61185423289234e-08
2.66453525910038e-14 7.05935310207906e-12 1 1 0 0 0 2.22044604925031e-16 0 0 1.11022302462516e-16 1.63202784619898e-14 0.999999999999615 0 0 4.21884749357559e-15 0 1.66533453693773e-15 0 0 0 0 0 0 0 0 0 0 0 0
8.20249423938435e-11 0.999999989006398 0.999999999533064 1 2.33257857473745e-13 6.38378239159465e-14 3.56381590904675e-14 5.05806507788975e-12 8.1601392309949e-14 1.20459198171829e-13 4.2410519540681e-14 1.6286971771251e-13 3.01203506580805e-13 1.48884750084122e-08 5.28610488714776e-12 7.53397344510631e-13 1.19015908239817e-13 9.51361212031543e-12 3.68594044175552e-14 3.47499806707674e-13 2.41327180461326e-10 4.65771865520992e-12 6.42819131257966e-14 2.4980018054066e-13 3.45279360658424e-14 1.05582209641852e-13 9.19126996734576e-11 1.0900675917469e-09 3.56381590904675e-14 3.574918139293e-14
2.01911140695898e-07 1.11385596746061e-07 0.999999999997123 1 8.58309903151167e-08 1.35850361071554e-07 1.51704403039687e-07 9.00548996485284e-08 1.06585053782915e-07 4.57135341247472e-07 5.41331384606991e-07 1.01134774554978e-07 8.25757176414754e-07 1.0241491177343e-07 9.33110323453334e-08 9.62756527833619e-08 8.82779456201632e-08 2.49604393709468e-07 2.1289198171015e-07 9.67722973976848e-08 8.56656368064534e-08 9.34076505032522e-08 3.58495373953271e-06 8.81550187292746e-08 8.53615221840798e-08 1.39204462845655e-07 5.97743757380087e-07 0.000142419763171531 1.3734040760216e-07 7.38183813075999e-07
4.12367029412053e-10 5.30335220183531e-10 0.0181890610400919 1 6.12065953475849e-13 0 0 0 1.53210777398272e-14 1.11022302462516e-16 7.99360577730113e-15 0 1.66533453693773e-15 4.17551548892447e-11 1.11022302462516e-16 0 2.20934381900406e-14 2.22044604925031e-16 0 0 0 0 0 2.28009326974643e-08 1.11022302462516e-15 0 1.11022302462516e-16 0 0 0
9.90429960268102e-13 1.49677759075928e-09 6.3004372853892e-05 1 4.41288050545552e-09 2.22044604925031e-16 2.22044604925031e-16 6.58759380378626e-10 3.33066907387547e-16 3.33066907387547e-16 3.33066907387547e-16 1.11022302462516e-16 5.55111512312578e-16 2.22044604925031e-16 2.58296717348117e-11 3.33066907387547e-16 2.22044604925031e-16 6.66133814775094e-16 1.11022302462516e-16 1.11022302462516e-16 8.10462807976364e-15 2.22044604925031e-16 1.0769163338864e-14 2.22044604925031e-16 1.11022302462516e-15 4.44089209850063e-16 2.44249065417534e-15 2.22044604925031e-16 2.22044604925031e-16 0
3.50830475781549e-14 6.13069906729713e-07 1 1 4.18109991073834e-13 3.44169137633799e-14 7.7715611723761e-14 7.63569207862247e-11 2.27573515587665e-12 5.71542813077031e-13 4.79616346638068e-14 5.87307980026708e-14 3.60822483003176e-14 5.20694598549198e-14 5.93858295871996e-13 4.38538094726937e-14 1.72510961071737e-09 4.40758540776187e-14 4.66293670342566e-14 5.52891066263328e-14 5.46007683510652e-13 3.95239396766556e-14 7.63833440942108e-14 3.67483821150927e-14 3.43058914609173e-14 4.77395900588817e-14 5.35882449526071e-12 1.00586206031039e-13 0.000288710039639928 1.76303416310475e-13
0 2.56408094756466e-09 1 1 0 0 2.80695466869929e-10 2.22044604925031e-16 5.55111512312578e-16 0 0 0 0 0 0 0 0 0 0 0 0 0 0 0 0 0 0 0 0 5.07371922253697e-14
1.85680693043366e-10 0.00236392141599362 1 1 2.79308798312172e-11 1.28265176257969e-11 1.27423627205303e-11 6.938026819725e-10 1.19587562075196e-10 4.15004575149425e-09 5.63353697025093e-10 6.31950158869188e-10 1.21472831793312e-11 9.66515756317676e-12 1.77925452149452e-11 8.75410854916936e-12 1.0983991494129e-11 2.60108601324305e-11 7.72804042981079e-12 7.39308614328138e-12 7.60900231711048e-11 1.80921944092916e-11 1.98228045089621e-09 8.53916937160193e-12 8.07842681638249e-12 2.90432122795892e-11 8.949174734596e-11 1.26373356224008e-11 3.60099081664345e-08 4.80603334906959e-11
2.51010323637502e-12 1 1 1 6.96109836439973e-14 7.23865412055602e-14 7.20534742981727e-14 2.77550982197283e-10 4.97313301650593e-12 4.04276612187005e-12 1.89737114908439e-13 1.85407245112401e-13 3.28959082196434e-13 9.22706355765968e-13 4.85944617878431e-13 2.83953971447204e-11 5.73319169916431e-13 1.28119737041743e-13 7.69384556065233e-14 6.80907330519176e-10 1.05582209641852e-13 6.0063065632221e-14 1.71085368094737e-13 7.02271574226643e-12 1.36562983144017e-11 1.91818005923494e-09 5.75095526755831e-14 5.87307980026708e-14 1.74638081773537e-13 2.99914648671518e-09
3.33066907387547e-16 0 1 1 0 0 0 0 0 0 0 0 0 0 0 0 0 0 0 0 0 0 0 0 0 0.997073782260295 1.90749638306897e-11 0 0 0
0.0335651399233927 1.09087016642029e-07 1 1 3.13565622578338e-07 3.9772414694994e-08 8.23315748910147e-09 1.49006847971478e-08 1.16232247715509e-07 9.57986490135454e-09 1.20722463137213e-08 2.30796439737446e-08 2.24454372789173e-05 8.10618329127877e-08 8.80642958556166e-09 4.86181402914454e-08 1.08651154739903e-08 8.43540393091757e-09 0.000123610587612122 2.61202942608563e-08 1.27325597842898e-08 8.95619761687172e-08 1.30507160633897e-08 6.79734940556287e-08 1.19738019499493e-08 9.96671567499163e-09 3.53984731527035e-08 7.14225213416242e-08 8.73741323736965e-09 3.80855668025148e-06
0 0.999999998943842 1 1 8.88178419700125e-16 0 0 0 2.22044604925031e-16 0 0 0 0 0 0 1.07180930797313e-12 0 0 0 7.7715611723761e-16 3.70925512527265e-13 0 0 1.11022302462516e-16 4.73399097700167e-13 0 0 0 0 0
1.04896091812634e-10 0.963382682847067 1 1 5.55111512312578e-13 6.08402217494586e-14 4.18554080283684e-14 3.07864844728556e-13 4.59898785720725e-12 8.41549052665869e-14 7.99662713824034e-09 1.73638881051374e-13 2.0415891199832e-12 5.39203304228408e-09 3.50164341966774e-12 3.7541258990359e-10 1.9177992527375e-12 1.56319401867222e-13 3.58532092903374e-11 3.94129173741931e-14 3.7114755713219e-13 6.38976649369738e-11 7.061018436616e-14 4.22994972382185e-14 4.77395900588817e-14 4.72141215013266e-11 4.36317648677687e-14 3.99680288865056e-14 5.39568389967826e-14 1.35297328895945e-11
0 0 1 1 0 1.11022302462516e-16 0 0 0 6.77236045021345e-14 0 0 0 0 3.66373598126302e-15 0 0 0 0 0 0 0 2.75301818675189e-07 2.22044604925031e-16 0 0 0 0 0 0
1.11022302462516e-16 0.999999999999973 1 1 0 0 4.44089209850063e-16 0 0 7.7715611723761e-15 1.11022302462516e-16 3.29736238313671e-14 2.22044604925031e-16 0 0 1.11022302462516e-16 0 0 9.03170871424663e-11 0 0 0 0 8.88178419700125e-16 0 0 0 0 0 3.10862446895044e-15
7.93205501281591e-11 1.86678237867888e-07 1 1 6.11066752753686e-13 4.96824803519758e-13 1.55986334959834e-13 3.66484620428764e-13 6.61026788861818e-13 5.83366688289289e-12 2.98427949019242e-13 3.46056516775661e-13 5.48339151862365e-13 7.78821451774547e-13 2.01061389759616e-13 1.08457687275632e-12 2.43882691819408e-11 1.62450053409202e-11 1.89515070303514e-13 1.66866520601161e-13 2.61790589206612e-13 2.96873636784767e-13 2.674527266322e-13 1.85951254394467e-12 2.75557354711964e-13 8.16791079216728e-13 2.03804750853465e-11 2.36940467246427e-11 3.92130772297605e-13 6.06292793747798e-13
7.86400944363663e-09 0.00300397101782013 1 1 7.50656048431608e-09 8.66513116815071e-09 2.61103910714766e-08 1.01507844352255e-08 1.44906585619609e-08 7.46157735598274e-09 7.17000784300481e-08 1.99235524744878e-08 3.98556520528892e-05 8.73083516594875e-09 8.14392342451953e-09 1.05286450668984e-08 1.9905547965493e-07 2.17903288746157e-08 1.242819991365e-08 4.57496270866997e-08 2.38577680944374e-08 1.7515361765752e-05 7.63017882210448e-09 7.46958539465936e-09 7.06975922248887e-09 1.55485078034978e-07 3.53569017397248e-08 1.15437326364543e-08 1.79668974142899e-08 5.19054695891086e-08
2.05187901114456e-08 0.999999999999945 1 1 1.25455201782643e-14 2.97599722642872e-11 7.43849426498855e-15 1.07272467797515e-07 6.43929354282591e-15 1.0991207943789e-14 6.55031584528842e-15 1.58484336765241e-12 2.53130849614536e-14 4.22994972382185e-14 1.09801057135428e-13 3.30846461338297e-14 2.27151630838307e-13 1.14812892526572e-09 6.66133814775094e-15 6.88338275267597e-15 1.29896093881143e-14 2.4535928844216e-14 2.00950367457153e-14 3.43058914609173e-14 6.41866559902837e-11 9.43689570931383e-15 1.07275421878938e-09 1.85407245112401e-14 1.01030295240889e-14 1.13242748511766e-14
0 1 1 1 0 1.34066714618797e-06 0 0 0 0 0 0 0 0 0 0 0 0 0 0 0 0 0 0 0 0 0 0 0 0
2.71006550534025e-11 0.999999902438869 1 1 4.17099688121425e-12 6.20092865943889e-12 4.25959267857934e-12 2.52879828188668e-10 5.15354425800751e-12 4.4335646265381e-12 1.16557874463297e-11 1.79107693132341e-06 1.94197991021383e-11 6.28340934838434e-10 7.25719484506726e-12 1.4938617010074e-10 6.12598860527669e-12 2.04146699545049e-11 8.23848721132059e-07 9.06632546815445e-11 4.48274750652899e-12 4.14868139841928e-12 6.76203537608444e-12 6.08521011358221e-11 1.97426519576993e-11 4.07129885360291e-12 4.97710276325947e-08 4.01301214481009e-12 5.13811215796522e-12 5.23814325248395e-12
0.0189138051634317 0.999999999977867 0.999979123484302 1 2.30562235969956e-11 7.349787445321e-12 7.91685605960879e-11 1.16979759212654e-11 1.26624266627573e-11 1.85943962204282e-05 8.45734593468705e-12 4.13896805717684e-10 1.16905374270004e-11 6.20078544066871e-10 2.3274543403673e-09 1.03009822893796e-10 1.25838228726138e-11 3.07701641943936e-11 7.7410300391989e-12 4.02418098843782e-11 9.88864545803381e-12 1.67453828581188e-11 1.21932464125507e-11 7.41129380088523e-12 9.33764177091234e-12 8.16224865474169e-12 1.88556947833263e-11 1.51951340399137e-10 2.52273757439525e-11 9.67606734199045e-05
7.49709183622826e-11 0.00107773760198937 1 1 3.14617221164326e-11 6.98010338417987e-09 3.4163227802253e-11 4.06754629977968e-11 6.14601175508156e-08 4.49008608072177e-11 7.09450864722072e-09 2.46193065933653e-11 4.144340426393e-11 2.61682120417106e-10 2.99203994913455e-11 4.15555367894171e-11 4.41425784813987e-11 3.13458148326617e-11 1.88175919291211e-10 4.02433641966127e-11 1.44761203024757e-10 5.47686018759208e-09 3.29810623256321e-11 2.59728905693812e-05 2.43299203006586e-09 2.52028398151083e-11 8.34547986272582e-11 4.44070336058644e-11 3.76328967988115e-11 3.850386676163e-11
2.22044604925031e-16 2.08277839419679e-13 1 1 4.31039093307106e-10 1.11022302462516e-16 3.67897967645803e-09 0 3.33066907387547e-15 0 0 0 1.11022302462516e-16 0 0 1.51496792888395e-09 0 1.11022302462516e-16 0 0 0 0 0 0 0 0 0 0 0 2.22044604925031e-16
1.97282485936423e-06 5.57413046609057e-07 1 1 1.6214464126918e-07 1.25088635882786e-06 5.02288914461246e-07 1.42551408238711e-05 1.50531117459884e-07 3.06852929288226e-07 2.61684803604112e-07 1.6173467953795e-07 1.51475808118917e-07 7.47509800502755e-07 3.60424535883475e-07 1.58155509022428e-07 9.14943597107865e-07 2.21399319766391e-07 1.94189390456678e-07 3.30261473724391e-07 1.66263343759354e-07 2.37485652254676e-07 1.00238447834355e-05 1.74420859311297e-07 1.54732443191641e-07 1.15117203558501e-06 1.63379638151717e-07 2.25792823882465e-07 2.0984943505109e-07 1.60160328999126e-07
4.23501234081414e-11 0.000572968910222293 1 1 1.09390274616317e-12 5.32907051820075e-14 4.80726569662693e-14 3.25850457727483e-13 7.96029908656237e-14 4.33360998197685e-08 1.36335387423969e-13 3.65940611146698e-12 7.56061879769732e-14 4.55191440096314e-14 3.08289105355186e-09 1.42563738592116e-11 1.00808250635964e-13 4.71844785465692e-14 7.35816774177778e-08 1.17582610315026e-11 5.99520433297585e-14 2.15860662677869e-12 5.57331958361829e-14 7.57172102794357e-14 2.22821761042269e-13 2.56171195367472e-10 9.06086650154236e-10 1.2356782264078e-13 5.37347943918576e-14 8.43769498715119e-14
5.21804821573824e-15 1 0.999999999999999 1 8.47100167788994e-14 4.44089209850063e-15 2.25564011913093e-12 2.77555756156289e-15 6.43929354282591e-15 9.2148511043888e-15 1.53211887621296e-11 1.0991207943789e-14 2.38899677817983e-10 6.66133814775094e-14 5.88418203051333e-15 3.06854541776147e-12 1.40998324127395e-14 2.618261163434e-11 4.55191440096314e-15 2.88657986402541e-15 3.11195513802431e-13 3.0900837444392e-12 3.33066907387547e-15 1.92997908921022e-06 3.75299791244288e-12 1.06873176974887e-10 2.06501482580279e-14 5.21544485376779e-09 1.16573417585641e-14 3.31290550548147e-13
4.59911053762863e-06 8.7997795156225e-06 1 1 3.34082872477381e-10 2.2096071639055e-09 3.08318481856418e-10 8.4964679736288e-10 2.02110439495584e-08 2.88042123486321e-09 3.3490832329619e-10 3.18644333141549e-10 3.76147668568194e-10 3.22253335127698e-10 6.4562111767863e-08 3.43141515202205e-10 3.69046349035784e-10 3.20362958383669e-10 1.9449092336643e-09 1.68323455174146e-09 4.11230383079442e-10 3.04185121535738e-10 3.96065902297238e-09 3.05306621095625e-08 6.28149617432072e-07 2.64033883645709e-09 8.34618263390041e-10 1.16630706203935e-08 7.49990025639136e-09 1.62409474757652e-09
1.01030295240889e-13 1.2881029576306e-11 1 1 0 0 0 0 0 0 0 0 0 8.15014722377327e-13 0 0 0 0 1.57873714101697e-13 1.34336985979644e-14 0 0 0 0 0 0 0 3.33066907387547e-16 0 7.39408534400354e-14
0.999884192659125 0.999999911388643 2.55443096097707e-06 1 5.91260373994373e-12 4.10771416881062e-12 1.62403424042168e-11 2.60383936634412e-11 2.8526971229681e-08 1.06026459723019e-07 9.88908954724366e-12 3.23462368001515e-10 8.26538837372937e-12 9.31055232911149e-12 9.28283561130172e-10 6.5829564022124e-12 2.3621204991997e-10 4.28379554051617e-12 1.38287381545865e-10 0.000822611987730038 3.81172871044555e-12 8.23052737075614e-12 1.88975834980454e-10 1.81519244080164e-11 1.56338053614036e-10 1.71672676074763e-11 4.03033162399424e-12 3.7881919823235e-12 1.61850532975905e-11 3.84925424867788e-12
5.56110713034741e-13 5.02153874037958e-12 1 1 1.99840144432528e-15 1.22124532708767e-15 5.6621374255883e-15 1.81588077907691e-12 1.04336539408223e-11 1.11022302462516e-15 1.22124532708767e-15 2.99760216648792e-15 1.11022302462516e-15 2.4491519923231e-13 2.28673562308046e-08 9.84545347424426e-05 1.08801856413265e-14 1.22124532708767e-15 6.88338275267597e-15 3.21964677141295e-15 1.77635683940025e-15 5.0238702087313e-12 3.91353616180368e-13 1.99840144432528e-15 3.21964677141295e-15 7.31636973227978e-14 1.11022302462516e-15 1.73187726215662e-06 1.11022302462516e-15 6.88338275267597e-15
2.22999787290457e-05 0.00562778001795972 0.999999999999178 1 8.2245195084818e-05 5.92672815492579e-05 3.97585084657148e-05 4.01188862976243e-05 6.34192073515338e-05 1.24649310848657e-05 4.65716399493665e-05 7.05122770883193e-06 7.73952835630975e-06 1.0821323822463e-05 2.22232162989666e-05 7.73099002726596e-06 1.12201990632999e-05 6.91781279271719e-06 5.29165096184725e-05 3.74848879910461e-05 0.000170485365816209 1.18722018750406e-05 7.10122616887077e-06 2.55561300407381e-05 0.000892978395483079 6.79385638002739e-06 7.74947096704448e-06 1.08186942653354e-05 7.61637040913588e-06 1.9500652046589e-05
0.0116171507735462 0.0386536936381258 0.999999807417205 1 0.00698595653471523 0.00856147122720419 0.0154549134595829 0.0116233360234049 0.00804825821984512 0.048377582243781 0.00750712279773413 0.00694760851946707 0.016231870129625 0.0240390293752238 0.00894003718816261 0.00943819011676339 0.00953593372978279 0.00694248289774257 0.00820889503931699 0.0401113425988958 0.0101899453459661 0.00896992970419164 0.00911631008405245 0.0177142872108339 0.00953791375817836 0.00745833651351613 0.00940098724712157 0.00860413071265165 0.00806266734829886 0.271985011509243
6.13349623757031e-07 2.31914565440583e-07 0.999156190025832 1 2.47421617305399e-07 1.90407946076832e-07 1.76914978888831e-07 6.46265115200606e-07 2.5722845198306e-07 1.93929172387364e-07 1.99896707964164e-07 1.16229179469851e-06 2.32884848294646e-07 0.00129108264888356 2.09639511083992e-07 3.30809233006768e-07 1.83646972184981e-07 4.92376712291076e-07 3.94612973853015e-07 3.44106023009161e-07 1.88886677521261e-07 1.82925408820367e-07 2.52813115664274e-07 2.49057208179249e-06 1.76969389253934e-07 3.03470046758569e-07 2.90253552970299e-07 1.84994974006258e-07 1.92667457321605e-07 1.97962957675379e-05
1.00719432793994e-12 1 0.999999998763561 1 2.89768209427166e-14 2.50248710642609e-11 3.21964677141295e-15 3.33066907387547e-16 1.82076576038526e-14 9.80326930744013e-14 2.96207502969992e-13 4.40003589119442e-12 7.7715611723761e-16 4.25264490289123e-10 1.68234115527355e-09 1.20025100969201e-11 3.47499806707674e-14 5.44009282066327e-15 5.21804821573824e-15 1.55431223447522e-15 5.21804821573824e-15 3.63153951354889e-13 8.12996669985466e-10 5.55111512312578e-16 5.55111512312578e-16 8.88178419700125e-16 3.33066907387547e-16 1.4122036873232e-13 5.55111512312578e-15 2.22044604925031e-16
4.66896997186605e-06 0.999938605636491 1 1 9.368283926392e-12 2.3955282202337e-12 1.45561340758604e-12 6.91750223769105e-09 1.40609746068776e-12 1.27609034450415e-12 4.48467929459184e-11 1.10258990826395e-09 1.24368293441535e-11 4.47277770376786e-11 1.03927977335161e-12 1.03472785895065e-12 5.29295496320970e-10 2.73936429096011e-12 1.03195230138908e-12 1.15507603482001e-12 6.38522568152666e-12 1.53455026463689e-12 4.88684537280903e-10 3.9128700279889e-12 1.01585406753202e-12 1.49313894581837e-12 8.03073163524459e-11 1.04349862084518e-12 5.9438010069357e-12 3.47832873615062e-12
2.11508588421339e-12 0.0196473106263179 1 1 9.43689570931383e-15 4.10782519111308e-15 5.55111512312578e-16 8.77076189453874e-15 4.9960036108132e-15 5.55111512312578e-16 6.21724893790088e-15 7.7715611723761e-16 8.65940652516883e-12 4.35207425653061e-14 1.11022302462516e-15 5.55111512312578e-16 2.22044604925031e-15 2.99152924654322e-11 1.60999835685516e-08 3.44169137633799e-15 2.54241072639161e-14 9.99200722162641e-16 1.66533453693773e-15 6.66133814775094e-16 1.32930333407444e-11 4.08562073062058e-14 2.40918396343659e-14 7.7715611723761e-16 2.66453525910038e-14 6.10622663543836e-15
1.15463194561016e-14 1.93844705587143e-06 1 1 1.76742065427504e-10 3.33066907387547e-14 1.35447209004269e-14 1.22124532708767e-14 1.21014309684142e-14 7.05877578610625e-11 8.77076189453874e-15 5.69544411632705e-14 4.32986979603811e-14 1.06387121334706e-11 6.96109836439973e-14 1.14597220601809e-12 8.64863736182997e-14 9.99200722162641e-15 5.44009282066327e-14 2.54241072639161e-14 3.26405569239796e-14 9.99200722162641e-15 8.88178419700125e-15 1.01030295240889e-14 9.32587340685131e-15 8.77076189453874e-15 1.31569949379795e-08 1.04212194429465e-10 1.84185999785313e-12 9.99200722162641e-15
6.66133814775094e-16 1 1 1 3.16506820752238e-11 0 1 0 0 2.55351295663786e-14 2.22044604925031e-16 1.37112543541207e-13 0 8.43769498715119e-15 1.11022302462516e-16 0 0 0 3.0378168869305e-09 0 4.44089209850063e-16 0 7.75682851283932e-11 0 0.37408297008131 2.22044604925031e-16 1.04360964314765e-14 0 0 0
1.20681242776755e-13 0.999999999999907 1 1 0 0 0 3.33066907387547e-16 0 7.21755988308814e-13 0 3.65263375101677e-13 0 7.69608077266781e-09 0 0 0 0 0 0 0 0 0 0 0 0 0 0 5.46673817325427e-11 0
8.20733481177172e-11 3.47748411844151e-07 1 1 3.51382622998386e-09 2.89180901447139e-11 6.40942854346349e-12 7.08788583381192e-12 6.79856171359461e-12 2.78551171017938e-09 5.66675373292469e-10 1.79670833766465e-10 6.40010267005664e-12 1.23307863919564e-08 7.16522952082244e-08 7.17050352427862e-09 4.86092277540706e-11 2.35243465818158e-08 6.65900667939923e-12 7.18403114774446e-12 3.63030716599155e-11 3.91304721958363e-09 8.02102828600937e-12 1.13991038830363e-11 9.8775315704458e-09 9.27180554555207e-12 6.46549480620706e-12 2.66395794312757e-11 1.20355392319027e-10 1.57299728797966e-11
1.2217020439742e-07 0.999991914479239 0.999999999933763 1 2.70868651952583e-08 5.90163180547165e-08 3.59710365771537e-06 1.09258280645008e-07 3.08718548502895e-08 7.5210761507627e-08 2.49385637696165e-08 1.50477519778036e-07 1.23847446853453e-07 3.55104634586212e-08 2.99476589082914e-08 6.88953216698707e-08 0.000117925401252994 9.20790278469141e-08 2.62922909000096e-08 2.88475840992675e-08 3.04499667702629e-08 2.60044175082186e-08 3.60184591041701e-08 3.01327418572583e-08 3.23723534645382e-08 5.25827442587889e-07 7.14258111766952e-07 3.43779985589876e-08 1.74225904037151e-07 5.02586886552692e-08
7.8159700933611e-14 3.63820305215867e-07 1 1 2.54241072639161e-14 1.80966353013901e-14 1.99840144432528e-13 1.39899203333016e-12 1.80966353013901e-13 1.765254609154e-14 2.03170813506404e-14 6.68560984351529e-10 2.56461518688411e-14 8.08242361927114e-14 6.94999613415348e-14 1.77635683940025e-14 2.74225087082414e-14 7.02216063075412e-12 8.93729534823251e-14 1.65423230669148e-14 1.19694698597073e-10 4.06341627012807e-14 2.52020626589911e-13 4.91051643791707e-13 1.30007116183606e-13 4.15223411209809e-14 4.68188821045601e-11 1.60982338570648e-14 2.28372876165395e-13 4.91828799908944e-14
2.71949129881932e-12 4.76463313248132e-12 7.04314384591953e-12 1 1.22700770655015e-08 4.55954163314232e-11 1.10723541446589e-10 4.51182424754393e-11 3.22253335127698e-12 5.41722222635599e-12 4.12834626373204e-07 2.19544382673575e-11 2.1231794100629e-11 4.2481573814257e-12 1.86829440806946e-11 7.45605799323812e-11 2.94841045489491e-06 3.34630101406219e-11 1.71233027757012e-11 5.83243453533555e-10 2.92263990786523e-11 2.35944597193338e-12 4.13469258830901e-12 2.60336197044353e-12 1.61821667177264e-11 2.96784818942797e-12 8.77636074925192e-10 4.21951362739037e-12 0.0255225205958761 1.83083548321861e-11
1.33823109009779e-05 4.29986950023498e-06 0.999901462047684 0.999999997388744 2.5735855391229e-07 2.77128665238102e-07 2.55211545563405e-07 1.5463178764108e-06 3.23346429076388e-07 3.69847057799522e-05 6.62682047236629e-07 2.29980843480249e-07 6.59829189397776e-07 3.17633495616754e-07 4.87183612918329e-06 5.01665451138056e-05 2.98150221844651e-07 3.01409732506031e-07 3.39637014845628e-07 9.27850105303385e-07 2.39154378189887e-07 6.8503127004238e-07 2.85505771135952e-07 0.000221316317257858 3.70241376779212e-07 3.75345161396368e-07 3.79774188097315e-07 3.55170107324554e-07 1.57707335735058e-06 2.32100791364154e-07
3.25732774086873e-11 0.999999999775388 9.56042322086681e-06 1 2.6176616430007e-11 4.79173367651242e-11 2.17222684284479e-10 6.08005978897097e-10 2.38082331627254e-10 2.67078581472902e-11 9.60720369924672e-09 1.47412082540654e-11 4.05113720347572e-11 1.51693102523609e-11 1.77535763867809e-11 6.61798948975445e-10 3.21650484025326e-11 1.64971369898126e-11 2.34402497412134e-11 2.03868333326085e-09 1.84154913540624e-11 4.99171750822924e-07 2.13457029829556e-11 5.78052050670408e-11 2.24371632384646e-11 1.9516943616793e-11 1.6349366305235e-11 3.78576392456864e-10 1.97769578491602e-11 3.74811293113453e-11
1.90689736889738e-07 6.00588505139665e-06 1 1 1.99812271284294e-07 3.45016083924676e-07 5.45344640578982e-06 4.66264610810008e-07 2.99688117988417e-07 2.27002234010065e-07 1.2151856020326e-06 5.15754911112332e-07 2.34847425950591e-07 3.98433891435346e-07 2.11159857355092e-06 7.37454284971406e-07 1.99776017506537e-07 4.57358677263819e-07 4.27205801178943e-07 0.00115660808255758 2.35415380966941e-07 2.07916011074616e-07 6.66641013169489e-07 7.67146670844765e-05 2.29879908109076e-07 7.19465720000478e-07 3.83760687450163e-07 5.69614853396239e-07 7.30144959382173e-07 4.27201884090067e-07
1.15817355705872e-11 4.1202955503028e-07 1 1 1.86406445834564e-13 7.21644966006352e-15 4.77395900588817e-14 1.04183328630825e-12 9.32587340685131e-15 6.55031584528842e-15 4.35207425653061e-14 5.72875080706581e-12 1.14352971536391e-13 1.37023725699237e-12 4.32875957301349e-13 1.69864122767649e-14 4.77395900588817e-14 1.02140518265514e-14 1.4432899320127e-14 0.000364494868582477 3.00752756032807e-11 1.83852932877926e-13 7.105427357601e-15 9.2148511043888e-15 9.18043419062542e-13 1.85407245112401e-14 6.66133814775094e-15 1.375340113563e-05 5.80771097880017e-09 1.16573417585641e-14
5.6708432394359e-09 0.999944924677286 1 1 7.58743068374201e-10 6.00720673205046e-08 5.75025360660675e-10 9.08145632418922e-05 4.20448886817582e-09 4.59284088538681e-09 4.55167740978091e-05 3.94139110238001e-09 9.42058431263604e-10 2.24927477754377e-08 2.12854927017503e-08 5.38750521972275e-09 5.57002777235027e-10 7.85647957801672e-09 1.67602868250682e-08 3.91249632691881e-09 4.97775043406534e-10 7.74201813769082e-10 5.77073278051898e-10 4.32994268217968e-08 6.63859778260445e-09 1.9669917916687e-09 5.117813950406e-10 7.0964689680153e-10 4.39175416144799e-07 1.09743314435917e-09
1.62903024403249e-12 1.67149771801434e-09 1 1 7.79467601574879e-11 1.99840144432528e-15 2.77555756156289e-15 8.35365110418707e-12 5.44009282066327e-15 3.31956684362922e-14 2.66453525910038e-15 6.28497254240301e-13 1.44440015503733e-12 2.1094237467878e-15 1.4432899320127e-14 5.80646641878957e-14 2.88657986402541e-15 4.45445172969627e-08 6.10622663543836e-15 4.55191440096314e-15 5.52335954751015e-13 2.99760216648792e-15 1.40998324127395e-14 2.72892819452863e-13 1.72972747236599e-13 2.55351295663786e-15 2.1094237467878e-15 1.32755839654664e-09 4.80639091859913e-08 3.14193115968919e-14
1.56478496826651e-10 0.00162140549043299 1 0.999999999998481 1.87316828714756e-12 2.23809859534185e-12 2.71349609448635e-12 1.50391656905668e-08 6.91714863165771e-09 1.26682850004611e-05 2.47912801398797e-12 4.20087298280691e-11 5.94257976160861e-12 6.556936640012e-05 2.08797845679953e-09 4.43967085317354e-12 9.70523661436573e-12 2.58977284062212e-11 2.61779486976366e-12 1.24197319095742e-11 3.78452824634223e-12 4.6149639665316e-11 4.1982528564688e-11 1.76481051994415e-12 2.0415891199832e-12 1.98219218816575e-12 1.06153146273158e-08 0.000535251412209226 6.67533339715476e-09 4.00957045343375e-12
3.23477578056952e-10 0.0796324093363305 1 1 0.999999995593434 3.16839110503508e-10 1.34150490715967e-09 8.57823122757395e-07 1.98150118535523e-09 3.85284137927044e-10 5.13966447179826e-09 6.76758094009244e-10 2.24550777971899e-09 1.14192245659339e-08 3.99026868214136e-08 4.3013892447874e-10 1.29621112010536e-05 1.35835054315692e-09 3.13543080388001e-10 8.22167667280382e-10 3.13521764105928e-10 4.28043933631272e-10 1.24483257035735e-09 1.08956055289156e-09 5.54972401367593e-10 9.06873687256393e-10 1.63750057957657e-09 5.52230960959577e-08 5.24607213225892e-09 9.97806282043712e-10
4.85933515648185e-12 8.58506044032481e-10 1 1 7.89368570508486e-14 7.01771973865561e-13 7.53841433720481e-14 2.05691019772303e-12 6.27276008913213e-14 7.48637152270248e-10 1.24567023362943e-13 8.5043083686287e-14 7.01660951563099e-14 2.34812169708221e-13 5.96189764223709e-14 9.91429160990265e-14 1.37445610448594e-13 5.91748872125208e-14 9.24260668000443e-13 3.24407167795471e-13 5.92859095149834e-14 3.30957483640759e-13 6.43374242770278e-13 6.92779167366098e-14 1.63650204498822e-11 5.52369261441754e-12 9.30754218142482e-09 7.91589016557737e-14 2.18310480804007e-10 1.69608771471985e-12
6.65281200129542e-08 2.1512963929049e-05 1 1 1.34343076441112e-07 3.09684815569256e-08 3.3302521407208e-08 3.07475095384646e-08 3.00387935636692e-08 7.80698766744692e-08 3.03607176066478e-08 1.13488810793427e-07 1.21768016669854e-07 3.96527086721221e-08 5.13629843101882e-08 6.87397239129695e-08 4.19698731324303e-08 2.98345045335324e-08 5.98742323498769e-08 3.741113685507e-08 8.36301258589911e-05 4.14650660474081e-08 1.78723940980063e-07 7.58925232657859e-08 2.18537268170671e-07 0.000154071434725678 5.6733456821334e-08 5.54161702082112e-08 5.24074476038194e-08 2.47931116192923e-07
0 3.33066907387547e-16 1 1 8.00359778452275e-13 1.11022302462516e-16 0.010323523319448 0 0 0 0 1.22124532708767e-15 0 8.40817606466704e-05 0 0 1.35200739492802e-11 5.55111512312578e-16 0 3.33066907387547e-16 0 0 2.77555756156289e-15 0 0 0 3.1641356201817e-14 0 3.33066907387547e-16 3.33066907387547e-16
2.79687717430477e-10 1.87117232819389e-09 1 1 8.57269810694561e-12 2.28583818540073e-11 4.91456875195695e-11 6.34681196487463e-12 8.33535462874124e-11 6.73272548823434e-12 6.03461725035004e-12 2.36294428468398e-10 1.00333075181425e-11 3.06107361680574e-10 6.49424958254485e-12 6.09705619325496e-11 1.1285972156827e-11 8.91900642230326e-08 3.87551102321027e-11 8.15121551367426e-06 1.23246968186663e-11 1.78836945252669e-11 1.47870604649825e-11 0.000167372716118774 1.08393294340203e-11 1.36867433053744e-07 1.02815089775277e-10 1.30420119148766e-11 7.13262782170432e-12 5.8333338159855e-12
2.60530387452551e-06 0.999999997639954 1 1 3.34010846991806e-05 3.00853182877425e-06 4.36546434168239e-06 1.33777766200271e-05 2.24791532965618e-06 5.5279984713108e-06 2.97717724961899e-06 2.66397436665677e-06 1.27597354603326e-05 5.22436920248337e-05 3.39822822514879e-06 2.83341969142814e-06 3.33390474371864e-06 2.63801646982476e-06 2.19087862807221e-06 2.55322423781124e-06 3.90001684258401e-06 3.64906288452538e-06 2.4532611162531e-06 1.2914964903965e-05 3.145251794201e-05 3.47716065585146e-06 4.04646981433388e-06 2.37521186130518e-06 3.76220793585347e-06 6.65443135139387e-05
9.79410387985657e-05 2.92465118789664e-09 1 1 2.80049539114202e-10 7.08162528617606e-10 2.80087619763947e-10 9.00674979043004e-10 1.17288612155875e-09 3.26528248884017e-10 2.38472731248773e-05 0.989415381186857 6.52043308235761e-10 4.56971571693998e-10 4.98420913430664e-08 8.81820227949248e-09 2.70415356773412e-10 0.000175059447022896 2.71203282053989e-10 8.86090978369225e-10 1.55348667263411e-09 4.90005480635602e-10 5.77721870342884e-10 2.84920198545535e-10 2.69512079320577e-10 7.1613281971139e-10 3.2721636511468e-10 4.43023839835632e-10 1.47352030910319e-07 4.78560725047927e-07
0 5.80957504325852e-12 1 1 0 0 0 0 0 0 4.01900734914307e-14 0 0 0 0 0 0 0 0 0 0 0 0 0 0 0 0 0 0 0
6.66133814775094e-16 6.65604321992141e-07 1 1 7.7715611723761e-16 5.55111512312578e-16 6.66133814775094e-16 5.14899234360655e-12 2.4535928844216e-14 6.66133814775094e-16 6.66133814775094e-16 6.83131329282105e-12 2.22044604925031e-15 8.99280649946377e-15 5.07062985155571e-07 6.66133814775094e-16 1.95757632326377e-10 5.55111512312578e-16 6.66133814775094e-16 3.17523785042795e-14 9.99200722162641e-16 6.66133814775094e-16 3.49720252756924e-14 7.66053886991358e-15 1.7874590696465e-14 1.55431223447522e-14 3.44169137633799e-15 1.4432899320127e-15 1.66533453693773e-15 3.77475828372553e-15
0 0.999999999999997 1 1 0 0 0 0 0 0 0 0 0 0 0 0 0 0 0 0 0 0 0 0 0 0 0 0 0 0
1.23190346812407e-12 2.59792187762287e-14 1 1 1.85407245112401e-14 3.13177012101207e-08 3.46722650590436e-13 3.17856851950182e-13 0.0564399605002576 7.99360577730113e-14 5.61106716645554e-13 3.45831141501662e-11 2.1538326677728e-14 1.86517468137026e-14 2.62012633811537e-14 1.84297022087776e-14 6.95032920106087e-12 2.8421709430404e-14 2.23077112337933e-12 2.23154827949656e-14 2.52020626589911e-14 2.17603712826531e-14 1.94289029309402e-14 8.7024609740638e-11 1.11577413974828e-13 7.64499574756883e-13 1.81832326973108e-12 8.06843480916086e-12 1.11467498231654e-07 5.87196957724245e-13
1.90966131796699e-11 1 1 1 1.82698300932316e-12 4.74675854178486e-11 3.80384612697071e-12 2.67974531453774e-12 8.91842155681388e-13 3.19677617710568e-12 1.19669829601321e-11 3.99881239232514e-11 2.01094696450355e-12 1.07459596776494e-11 4.94693808139601e-09 4.41291447828007e-12 1.00164321281682e-12 1.84852133600089e-12 9.63895629979561e-13 8.94284646335564e-13 1.34692257347524e-12 1.86756721198833e-09 3.60111940267416e-12 2.78442824352965e-11 0.99994728566256 1.29563026973756e-12 4.47553105686893e-12 8.28859203494403e-12 9.69668789707612e-13 1.38244971026324e-12
2.22044604925031e-15 0.999999996751335 1 1 2.22044604925031e-16 0 0 0 0 0 0 0 0 0 6.66133814775094e-16 5.45230527393414e-13 1.56763491077072e-13 3.33066907387547e-16 1.11022302462516e-16 0 4.10782519111308e-15 0 0 1.11022302462516e-16 0 0 4.10338429901458e-13 0 0 3.49720252756924e-14
0 6.66133814775094e-16 1 1 5.3179682879545e-14 1.77077938978698e-08 5.39338106397835e-08 0 0 1.11022302462516e-15 0 0 0 0 0 0 0 0 0 0 0 0 0.979406150423176 0 0 0 0 0 0 0
0 1 1 1 0 0 3.99680288865056e-15 0 0 2.56106247320531e-12 0 0 0 0 0 0 1.04360964314765e-14 0 0 0 0 0 0 0 0 0 0 0 0 2.22044604925031e-16
4.05901749545023e-07 8.56702573703849e-06 1 0.999999999999964 5.5463853909643e-07 1.45963181408248e-06 2.35067464160466e-07 2.57682269522164e-07 2.37834498650891e-07 0.000539835136049827 1.97087842371824e-05 2.13713373442559e-07 4.63438342102052e-06 3.5121369390545e-07 5.86844876804271e-07 7.98133409141144e-07 3.95656929019772e-06 5.47385891839225e-05 2.13881762078927e-07 0.00150431800593187 3.16079331130759e-06 1.76975314370997e-05 3.47603793415807e-07 2.24184801879135e-05 4.53693510427122e-07 3.89388501886856e-07 2.65863244419684e-07 2.6696713295582e-07 2.39240546595632e-07 0.999999999996376
0 0 1 1 0 0 0 0 0 0 0 0 0 0 0 0 0 0 0 0 0 0 0 0 0 0 0 0 6.62390142736058e-10 0
1.2370490187763e-09 0 1 0.00385857906481613 6.21724893790088e-15 0 0 0 0 0 0 6.66133814775094e-16 0 0 2.66453525910038e-15 0 0 0 0 1.86692772352615e-10 0 0 0 0 0 0 0 0 0 0
3.70100616819968e-11 0.999997358736164 1 1 8.48099368511157e-13 1.99840144432528e-14 1.91002769156512e-12 6.67799149312032e-13 9.22595333463505e-14 4.74065231514942e-14 7.32747196252603e-15 8.65973959207622e-15 3.8298613924681e-07 8.18933809654254e-12 7.54951656745106e-15 7.54951656745106e-15 7.00731694891488e-11 4.57966997657877e-13 1.62092561595273e-14 9.10382880192628e-15 1.15685239165941e-13 4.11226608321158e-13 9.43689570931383e-15 7.54951656745106e-15 4.83724171829181e-13 2.17603712826531e-14 6.07291994469961e-14 1.92068583260152e-14 1.00763841714979e-12 2.74225087082414e-14
0 0 1 1 0 0 0 0 0 0 0 5.55111512312578e-16 0 0 0 0 0 5.19251308617186e-13 0 6.23945339839338e-14 0 0 0 0 1.50990331349021e-14 8.88178419700125e-16 0 0 0 0
2.53827724827627e-06 7.79154270103e-07 0.999999999999998 1 4.69559890969862e-09 6.22379392467565e-09 2.93638691140075e-09 2.96139768263259e-09 1.78664358863045e-08 7.69913310882941e-09 3.0673477091625e-09 2.91148394282459e-09 6.17379918299577e-08 1.458413190214e-08 3.07493619455812e-09 1.72832018696667e-08 4.53146276058192e-09 6.30658614220181e-09 9.36500821335784e-09 8.63107629811566e-09 1.21873413805318e-07 1.51228261691116e-07 1.7604022795048e-08 3.16729398264215e-09 5.39919353670371e-09 1.72529919129083e-07 2.97716540309523e-09 3.44784679695564e-08 2.41195904360225e-08 8.86448692227759e-09
1.04170584858121e-06 1.75716230454981e-09 1 1 5.52089329808325e-09 1.3056502445874e-07 1.49006751382075e-09 1.44578482519364e-09 2.0440777959152e-09 3.61211205390788e-09 2.4426690670154e-09 2.57249621604672e-09 1.62116564617065e-09 2.95228408386805e-09 3.0267144568441e-08 4.46556713828983e-09 1.50468293380612e-09 1.14244541604691e-08 2.49534026774967e-09 2.57641147305421e-08 1.90523319343328e-09 2.59010668468562e-09 5.88602555584572e-09 5.75618608333883e-09 1.41384970397951e-09 1.62577473705738e-09 1.41638734074689e-09 1.49512909830563e-08 2.29228880321841e-09 1.46710787962689e-09
5.18474152499948e-14 0.999999999991939 0.00427290478176201 1 7.54951656745106e-15 8.09352584951739e-14 4.72955008490317e-13 0 2.43138842392909e-14 1.11022302462516e-16 0 5.22106802236522e-11 0 1.11022302462516e-16 0 5.55111512312578e-16 2.22044604925031e-16 2.22044604925031e-16 7.7715611723761e-16 0 1.99840144432528e-15 1.11022302462516e-16 0 3.33066907387547e-16 4.72955008490317e-14 1.4432899320127e-15 7.22533144426052e-13 5.58442181386454e-14 1.11022302462516e-16 4.73954209212479e-13
3.16013900603096e-08 0.999999999980876 0.0612955859416509 1 1.63032587430223e-10 1.845821273605e-10 7.72668926363185e-06 1.45161105358227e-10 1.35962019420788e-10 2.80656831108672e-10 1.15272072997996e-08 7.3570505243481e-10 1.82641357593383e-09 3.61281992100615e-08 1.76654246786256e-10 2.19475548846049e-10 1.73921321788839e-10 8.90045037671428e-10 2.0550017243437e-10 1.4730638930871e-10 1.55649160227256e-10 5.24780330302121e-10 1.89029680797148e-10 4.12119671722166e-10 1.56454111888138e-08 1.75456760231896e-10 3.39123173986877e-10 5.73843606046509e-05 0.0349792955796804 1.27783672532189e-09
0.000645350423850721 0.0112867811756117 1 1 1.14858206473611e-05 1.97029528026249e-05 1.28449797985875e-05 1.63839029808655e-05 3.2859659306772e-05 0.000205456406283111 1.88875546883738e-05 1.3066021268493e-05 1.53865155393396e-05 9.79641128308062e-05 3.89481434004413e-05 1.30395727168109e-05 1.28913939492215e-05 0.000768143685420886 1.14487827495013e-05 1.46102326677999e-05 1.16801169475211e-05 6.06749200637857e-05 3.73423101158732e-05 5.72141212605848e-05 1.37838369981269e-05 1.24861522631248e-05 3.36568563361617e-05 3.82221553076878e-05 1.19388591437453e-05 3.46222700805532e-05
9.59007906420339e-08 1 1 1 4.11604084149531e-12 5.16776410552922e-09 1.98796534789381e-12 1.97952765290665e-13 1.50342294169548e-10 4.33320046511199e-13 3.51650930596747e-11 1.92179605562615e-13 5.5936637433085e-08 3.67461616690434e-12 2.99364977252026e-11 2.30593322214645e-13 2.46358489164322e-13 8.70692407062279e-12 3.72843977913817e-11 1.07180930797313e-12 3.73689967858581e-12 2.69673172681451e-13 7.82818254663198e-13 9.54954592680135e-06 1.9195756095769e-13 1.9195756095769e-13 6.19393425438375e-13 1.63347113613099e-12 1.95645721845494e-11 2.93209900803504e-13
2.39253061806721e-13 1.42330591756945e-12 6.58320511437438e-08 1 1.79785075715699e-11 1.39765976570061e-12 3.90021348550817e-13 4.22994972382185e-13 3.06754621703931e-13 1.54321000422897e-12 5.05706587716759e-13 3.51052520386474e-13 6.9428240934144e-11 6.00608451861717e-12 2.30260255307257e-13 1.38297373553087e-10 2.26041407813682e-13 1.41864298086603e-11 2.52053933280649e-12 2.53908005731773e-13 2.49134046725885e-13 2.25164331624228e-12 3.25584004201573e-12 2.23820961764432e-13 6.69551414311798e-10 1.1937040245158e-10 3.63264973657351e-13 2.34035013590983e-13 3.16746628925557e-13 5.96123150842232e-12
4.9515946898282e-14 2.66788124925199e-09 0.991743228172178 1 5.6843418860808e-14 1.16247567127914e-10 3.54161144855425e-14 3.33066907387547e-14 3.06421554796543e-14 1.14797060746241e-13 5.49560397189452e-14 1.56530344241901e-12 4.6296300126869e-14 5.78426195829707e-14 3.33066907387547e-14 1.13686837721616e-13 1.85074178205014e-13 4.20841107424685e-05 1.58095758706622e-13 6.68765043343456e-12 3.75699471533153e-13 3.77475828372553e-14 3.07531777821168e-14 3.07531777821168e-14 2.55240273361323e-13 3.51940698806175e-14 1.04499980890793e-08 2.82995848976952e-13 6.4170890823334e-14 1.02917674382752e-13
8.32667268468867e-15 7.05586467031338e-09 1 1 5.55111512312578e-16 3.33066907387547e-16 5.53557200078103e-13 1.60427227058335e-13 1.56541446472147e-14 1.11022302462516e-15 5.55111512312578e-16 1.58761892521397e-13 3.33066907387547e-16 3.33066907387547e-16 3.33066907387547e-16 5.99520433297585e-15 3.33066907387547e-16 3.21964677141295e-15 3.33066907387547e-16 2.70561351101151e-13 3.36506378317836e-11 5.32907051820075e-15 3.33066907387547e-16 4.44089209850063e-16 3.33066907387547e-16 3.88578058618805e-15 6.66133814775094e-16 5.56454882172375e-12 4.44089209850063e-15 3.33066907387547e-16
2.30837571280063e-11 2.62951680701784e-05 1 1 1.26859511784261e-09 8.2714946003648e-11 1.98009164620316e-10 9.89208714941014e-12 1.03659303363202e-11 2.03111971686099e-11 4.0689673852512e-11 1.22779564293296e-11 2.5094037958695e-11 5.93644355895151e-10 7.75278730102968e-11 7.43085593057913e-11 6.29952645603282e-10 1.02206021423967e-11 2.0774271192181e-11 0.00426170363072875 1.9562118591665e-10 5.58242924553198e-07 3.65972141480597e-10 1.18080822897326e-09 1.00833785765531e-11 9.73165992235181e-12 1.17736820293146e-10 3.16942028177891e-11 1.14469544953977e-11 4.85607110078945e-11
7.06625535862315e-09 3.26749911572222e-08 1 1 2.22318830012114e-11 4.63518112781003e-12 1.03822506147822e-11 8.98614516131602e-13 1.2100653812297e-11 4.90163465372007e-13 4.76840789076505e-13 1.21902488103842e-12 4.60520510614515e-13 1.25285337659875e-11 1.88901783104711e-10 5.97077942643409e-13 1.78677572737485e-09 9.97778415445794e-10 2.7574609262615e-12 9.0205620750794e-13 6.84341472378946e-13 4.48752146553488e-13 6.53921361504217e-13 4.43312053732825e-13 5.23314724887314e-12 4.68403094089354e-13 4.93161067538495e-13 1.69220193413366e-12 6.92557122761173e-13 6.08624262099511e-13
3.16999648752869e-10 1.80819513210251e-05 1 1 7.99360577730113e-15 2.33146835171283e-15 1.4432899320127e-15 2.99760216648792e-15 2.77555756156289e-15 9.88098491916389e-15 2.62456723021387e-13 5.06651220977261e-09 2.22044604925031e-15 6.32827124036339e-15 3.33066907387547e-15 9.99200722162641e-16 9.99200722162641e-16 1.11022302462516e-15 1.09134923320653e-13 1.22124532708767e-15 9.32587340685131e-15 9.99200722162641e-16 5.99520433297585e-15 9.99200722162641e-16 3.10862446895044e-15 1.11022302462516e-15 4.45199432874688e-14 4.47311454543353e-09 9.99200722162641e-16 1.4432899320127e-15
3.01980662698043e-14 0.000207986078061384 1 1 7.4718009557273e-14 5.04041253179821e-14 1.05249142734465e-13 9.10715947100016e-13 7.8159700933611e-14 7.04991620636974e-14 2.63122856836162e-14 5.08482145278322e-14 9.27036225562006e-14 7.1785910549238e-12 4.09873340792011e-05 2.89768209427166e-14 2.52686760404686e-13 3.28626015289046e-14 3.47499806707674e-14 7.97140131680862e-14 4.50972592602739e-13 4.86100049101879e-12 4.44089209850063e-14 1.5887291482386e-13 1.8375301280571e-12 8.61996962697731e-09 8.28115354067904e-13 2.00172101116891e-11 4.76285677564192e-14 1.46416212487566e-12
1.14255898187032e-05 0.999999999955803 0.368180800302629 1 5.15425910951883e-07 1.66663284467683e-05 7.14140988122836e-07 5.04085235331075e-07 5.71316953412726e-07 1.04431395120397e-06 6.68138913750838e-07 5.2377938364323e-07 9.26602016670941e-07 1.41036472933731e-06 8.10182332333653e-07 5.49935221028086e-07 5.66482462049933e-07 7.9791414731023e-07 5.78554402552722e-06 5.00831161320825e-07 5.64448072615242e-07 5.35557064256231e-05 5.79387185228875e-07 4.9830666182249e-07 1.02661605527743e-06 4.9711505512029e-07 5.07826143358869e-07 5.48358168650509e-07 1.02695415904464e-06 5.50636851892605e-07
0 0 1 1 0 0 0 0 0 0 0 0 0 0 0 0 0 0 0 1.11022302462516e-16 0 0 0 0 0 0 0 0 0 0
2.93657675953796e-09 1.1560723558568e-05 1 1 1.65017678410706e-08 1.69483982404017e-10 0.999999999999278 1.3222909434063e-09 1.83847048695895e-10 6.96539382838424e-08 2.80104384131619e-10 3.06876524192035e-10 1.70004677002566e-10 1.69359082313747e-10 1.56570456599781e-09 1.17444898251051e-09 2.4223428576331e-06 1.19076732918444e-08 1.95024885130124e-10 4.64107914321943e-08 1.77098102849271e-09 2.27947993813871e-10 0.0476947689751361 4.13854972514116e-09 2.8343261071484e-10 1.8704693349747e-10 2.47522335961037e-10 3.40389050279555e-10 6.84254430893816e-10 1.79034564951053e-10
0 0.000109091039851572 1 1 0 0 3.80474540762066e-11 0 0 0 0 0 0 0 0 0 0 0 0 0 0 0 0 0 0 0 0 0 0 0
2.43274289601914e-11 5.51304335516534e-10 1 1 0 0 0 1.55431223447522e-15 0 0 0 0 0 0 0 0 3.33066907387547e-16 5.22191512253301e-10 0 0 0 0 0 0 0 0 0 0 0 0
2.27482477299645e-11 1.18349774425042e-13 1 1 2.99760216648792e-15 4.44089209850063e-16 3.33066907387547e-16 8.88178419700125e-16 9.43689570931383e-15 4.44089209850063e-16 3.33066907387547e-16 1.51190171493454e-12 8.54871728961371e-15 1.77635683940025e-15 7.7715611723761e-16 5.55111512312578e-16 3.33066907387547e-16 1.88754567531646e-11 5.55111512312578e-16 1.59872115546023e-13 1.66533453693773e-15 3.33066907387547e-16 3.10862446895044e-15 1.88737914186277e-15 3.33066907387547e-16 4.44089209850063e-16 8.88178419700125e-16 5.55111512312578e-16 4.44089209850063e-16 7.7715611723761e-16
0.00480435241449029 8.90935061281795e-08 4.71821613567958e-06 1 2.93846973931089e-06 1.92230718010222e-08 4.65082592482347e-06 2.13802398008056e-08 7.43341710296441e-07 5.97424620885079e-09 3.12909786970295e-09 3.05282088497449e-09 3.23980742233942e-09 2.66117022175161e-05 9.25723642186682e-09 4.58002147318837e-09 4.39194525192477e-09 2.93224859448937e-06 1.06386515152934e-08 5.92488302864069e-09 4.34505753599268e-09 3.04558722685755e-09 3.29526228526333e-09 9.34494283066911e-08 5.00617358678568e-09 2.53909751002368e-08 3.57553331387095e-09 4.44170078495176e-09 3.6387223234513e-09 3.50358564382702e-09
4.92217377967563e-12 2.47279974274761e-12 1 1 7.7715611723761e-16 7.7715611723761e-16 3.96582766626352e-12 2.44249065417534e-15 2.28490059095421e-08 3.20976578649379e-11 9.2148511043888e-15 7.7715611723761e-16 1.02140518265514e-14 7.7715611723761e-16 1.70479186323291e-11 2.1094237467878e-15 2.1513908698978e-07 1.99840144432528e-15 1.33226762955019e-15 4.21884749357559e-15 1.11022302462516e-15 8.88178419700125e-16 6.66133814775094e-16 5.34294830600857e-12 2.32702745961433e-12 1.33226762955019e-15 6.43929354282591e-15 1.4432899320127e-15 2.26485497023532e-14 4.20818935253919e-12
1.48634438090767e-10 2.78610468029683e-12 1 1 3.39404060412107e-11 4.32216484824721e-11 9.00290952898786e-12 2.09277040141842e-13 1.2756462552943e-13 6.40937602991443e-09 1.78079773149875e-13 1.34892097491957e-13 1.47326595367758e-13 1.19682042054592e-13 2.44027020812609e-13 5.4450222108926e-11 1.94844140821715e-13 3.92907928414843e-13 1.92290627865077e-13 1.48547840694846e-13 3.1459852833926e-07 2.83661982791727e-13 1.15685239165941e-13 4.54081217071689e-13 2.61790589206612e-13 3.91402465993451e-11 7.69965202707112e-10 5.22837328986725e-12 2.54504417540602e-10 6.86117829218347e-13
8.57682065369403e-08 0.00187187346921958 1 1 1.22441596073219e-06 3.87717407068777e-08 2.87535064580346e-06 3.59182391607149e-08 7.95646131201977e-08 1.20328736197273e-07 3.86215287528913e-08 3.46132396078502e-08 3.08100054358107e-08 4.90722249502085e-08 2.07389997397556e-07 1.07249393033193e-07 3.77707393139914e-08 4.29919192468375e-08 3.36726974081714e-08 1.21629442184634e-07 1.42402960545684e-06 1.33123484755693e-05 3.8912218114362e-08 6.45287983269682e-07 7.5003392774331e-06 2.3889107203523e-07 9.98399432017294e-08 1 3.53616035009274e-07 3.25305625770156e-08
5.78426195829707e-13 2.14804937503921e-07 1 1 5.24025267623074e-14 7.76045894212984e-14 1.05826236662665e-09 5.36237720893951e-14 1.49584022945959e-09 1.5665246877461e-13 9.03721542044877e-14 5.73985303731206e-14 8.72246719296754e-12 1.43107747874183e-13 6.18394224716212e-14 1.01474384450739e-13 1.48103751484996e-13 2.04976588069616e-06 1.52877710490884e-13 1.78487685789097e-05 2.96465074711705e-11 4.15556478117196e-13 9.89319737243477e-13 6.85007606193722e-14 1.40543132687299e-12 4.92050844513869e-13 1.07844507768462e-08 4.98553198724494e-10 3.70037334107565e-13 5.73985303731206e-14
0 0 1 1 0 0 0 0 0 0 0 0 0 0 0 0 0 0 0 0 0 0 0 0 2.77555756156289e-15 0 0 0 0 0
9.72907310270443e-11 6.014129660592e-05 0.999999999999841 1 2.75179878883591e-12 4.53684090295781e-10 4.30533386719389e-12 2.97561975060034e-12 2.35378383450779e-12 7.09706160506585e-08 6.74530431510334e-11 2.21689333557151e-12 9.80471259737214e-12 6.82362721882157e-10 6.55842047336819e-12 1.78915715576267e-09 2.72624922637021e-10 2.73225886360251e-12 2.33668639992857e-12 2.62689869856558e-12 4.10582678966875e-12 1.82126314030029e-10 2.89444024303975e-11 1.57202414752255e-07 3.78586051397178e-11 1.58910037351134e-08 2.21067608663361e-12 1.8013812663753e-11 2.68174371598207e-12 3.10806935743813e-12
0.00349531034959749 0.0339916309257616 1 1 1.43685349335287e-05 1.72888303289209e-05 9.18958205967657e-05 0.00266257154103999 3.23096450061122e-06 0.0297530847410079 7.73672116261004e-05 3.05770990327581e-06 2.09642624626749e-06 2.68345701337491e-06 0.000225101943565509 1.92848732648576e-05 4.77803130627397e-06 3.25156601366228e-06 3.41338273213143e-06 3.70440952024431e-06 2.42357016189132e-06 1.12763498690827e-05 6.44449609210618e-06 3.60858723957858e-06 9.29472771038498e-06 9.58576184417748e-06 5.98031655518749e-06 3.43112937351009e-06 2.84344731105168e-06 0.0023505064030086
2.32447394665769e-12 9.34030630617144e-13 0.999999999756187 1 3.34399175017097e-13 3.62376795237651e-12 1.7519319328585e-13 2.20912177439914e-12 2.36621056082242e-10 4.88720175439994e-12 7.9480866332915e-12 1.50435219836709e-13 1.35669253609194e-13 3.02213809533214e-12 3.41904282663563e-11 1.61315405478035e-13 1.73773218037354e-11 9.4528002092531e-09 1.51767487466259e-13 4.27069490882559e-12 1.5931700403371e-13 3.99680288865056e-13 3.53661544494344e-12 1.32338584535319e-13 1.33004718350094e-13 1.10345066417494e-12 2.86548562655753e-13 1.83136904530201e-08 2.46802578374172e-13 1.50546242139171e-13
5.88418203051333e-15 1 6.55031584528842e-15 1 0 1.92645387420143e-08 2.22044604925031e-15 0 1.11022302462516e-16 5.51780843238703e-14 1.11022302462516e-16 2.22044604925031e-16 2.22044604925031e-16 0 0 1.11022302462516e-16 6.53699316899292e-13 1.11022302462516e-16 6.66133814775094e-16 3.33066907387547e-16 1.22124532708767e-15 1.11022302462516e-16 0 1.50235379692276e-12 0 7.21644966006352e-14 0 6.77236045021345e-15 1.75682801639709e-11 0
0.999999999969337 9.91855369921746e-05 1 1 1.50883094907073e-09 1.52262713548623e-09 5.51277423710417e-09 8.04720268199333e-09 6.80110778805698e-09 3.40434480605722e-09 1.87130966278204e-09 3.06993346854689e-07 1.34303830279237e-08 0.000289603590136744 3.17299881258393e-07 2.24643637025679e-09 1.65084529157866e-07 2.31916896797912e-09 2.24359116063333e-07 8.80738371122902e-09 1.10478129977665e-08 7.05430465153256e-08 1.13247256017246e-08 4.27489397214487e-08 4.35992242309169e-09 9.98984139854997e-09 1.58259750859813e-08 1.50818346700277e-09 0.999999999999805 4.99236185724783e-09
7.00290625488265e-09 6.5077736088881e-08 1 1 0 0 0 0 0 0 0 0 0 3.33066907387547e-16 0 5.29758459322238e-11 0 0 0 0 0 0 0 0 0 0 0 0 0 0
5.64159829963273e-12 1.03655972694128e-11 0.9999999999876 1 7.77344726365925e-08 7.41378070046039e-11 6.51423359698811e-12 7.18058945636812e-12 2.72976863335828e-10 1.18657306202863e-11 1.92433180501439e-10 1.91624494050302e-12 2.11664019644786e-12 2.10254036403512e-12 2.31048513654741e-12 2.45777842522443e-11 1.2540369853653e-09 2.16671125485846e-12 2.96551672107626e-12 8.73520922262117e-10 2.44670950166892e-12 7.15768555537011e-11 6.03571160739946e-06 1 2.11275441586167e-12 2.03115302355172e-12 7.13229475479693e-12 2.7696067661509e-11 3.35109717752857e-12 3.06110692349648e-12
0.000210069309470984 4.30921964778008e-12 1 1 9.05719943489203e-12 0.00388429438427795 3.00470759384552e-12 2.41829778424574e-10 1.73304703920962e-11 1.47921674908957e-11 5.27178301013009e-12 3.36253247468221e-12 3.5758063177127e-12 4.75255279575038e-10 6.87338318483555e-07 3.02236013993706e-12 0.0655750133142725 6.35114439928586e-08 1.3378631535943e-11 3.57174290144258e-11 3.56467078077571e-11 4.56923388014729e-12 4.66749866534499e-08 9.79327730021851e-12 3.9558802233941e-08 4.0600856010542e-12 7.82932607634734e-11 1.33134837598803e-07 2.1180980303015e-09 5.58653123761133e-12
1.0724754417879e-13 2.92586083461277e-06 1 1 1.11022302462516e-16 0 2.22044604925031e-16 1.11022302462516e-16 0 1.11022302462516e-16 3.40838468559923e-14 0 1.34048327993241e-12 1.11022302462516e-16 8.21565038222616e-15 1.11022302462516e-16 0 1.27675647831893e-14 0 1.11022302462516e-15 6.21159924607539e-08 0 2.22044604925031e-16 3.33066907387547e-16 1.28785870856518e-14 4.46309655899313e-14 1.11022302462516e-16 3.33066907387547e-16 1.11022302462516e-16 0
5.47166978392966e-10 0.999993036534714 0.000367520585242587 1 7.74491693000812e-10 8.5467605215328e-09 1.80235881774848e-08 6.32612406903377e-10 6.23064533300521e-09 5.74238212536216e-10 4.97437979696258e-10 1.24872612250471e-09 7.45350114961241e-10 5.79762807206841e-07 1.94580328516381e-08 1.35714373072915e-09 6.81898537635561e-10 6.33981401820805e-08 5.80216363843533e-09 6.34172353519702e-08 0.000589818913281581 2.73079359125461e-09 1.75070324603954e-06 7.42512606954904e-10 5.36717670307496e-10 5.4312576658333e-10 1.76743841784344e-09 2.326214665338e-09 4.99790542285439e-10 1.52653756302357e-09
3.33288951992472e-13 9.42965652228622e-08 1 1 1.27455168641433e-09 8.47596881570212e-10 5.01843011591063e-12 3.45168338355961e-13 0.0316149429159812 3.80584452841504e-13 6.17594864138482e-12 3.61277674443272e-12 6.08957329006898e-13 3.20743431814208e-13 1.32083233239655e-12 5.78981307342019e-13 4.92716978328644e-13 3.52029516648145e-12 4.87387907810444e-13 1.08157927058983e-12 3.83804099612917e-13 1.20348175869367e-12 3.10199643749343e-11 1.57072133077918e-11 1.41009426357641e-12 6.93112234273485e-13 4.34319247233361e-13 3.1641356201817e-13 2.89326340663365e-11 9.06811292722409e-11
0 0 1 1 0 0 0 0 2.98658875408364e-11 0 0 0 0 0 0 0 0 0 0 0 0 0 0 0 0 0 0 0 0 0
1.13642428800631e-12 1 1 1 3.33066907387547e-15 1.95399252334028e-14 2.32258656751583e-13 3.21964677141295e-15 3.5527136788005e-15 4.27048396645091e-11 1.03805852802452e-13 1.12154729947633e-11 7.7715611723761e-15 3.33066907387547e-15 4.9960036108132e-15 1.64313007644523e-14 4.71267469492886e-12 1.73527858748912e-13 3.33066907387547e-15 6.10622663543836e-15 2.32480701356508e-13 3.66373598126302e-15 3.77475828372553e-15 8.77076189453874e-15 3.88578058618805e-15 4.32986979603811e-15 1.43218770176645e-14 4.21884749357559e-14 4.04121180963557e-14 6.55031584528842e-15
8.01195776389818e-11 3.81474851707253e-11 1 1 1.18615117727927e-11 1.14145359830786e-11 7.02771174587724e-13 6.93223256575948e-13 2.14162021450193e-13 3.99458244260131e-13 9.51905221313609e-13 1.03528297046296e-12 2.10609307771392e-13 4.26658708363448e-13 3.28514992986584e-13 3.20743431814208e-13 4.87054840903056e-13 4.52526904837214e-13 2.8155255904494e-13 2.08277839419679e-13 6.91979968880929e-08 6.09512440519211e-13 4.7223336352431e-12 1.86495263676534e-12 3.77697872977478e-13 5.42177414075695e-12 3.5704772471945e-13 2.34479102800833e-13 9.42107503121292e-11 1.97541982771554e-12
3.80806497446429e-14 3.38716477088497e-09 1 1 6.77236045021345e-15 4.44180248138082e-11 7.43849426498855e-15 1.42332812202994e-11 9.88098491916389e-14 3.13582493305375e-12 2.03170813506404e-14 1.57207580286922e-13 6.99440505513849e-15 6.88338275267597e-15 1.0991207943789e-14 3.77090469960706e-10 1.18571819029967e-13 1.83186799063151e-14 6.31938945616639e-13 1.01030295240889e-14 5.95591131968831e-10 9.54680778875172e-13 9.37675492806989e-11 1.31006316905768e-14 4.74731365329717e-12 1.14352971536391e-14 1.56541446472147e-14 1.46882506157908e-13 4.93008966984121e-11 2.93098878501041e-14
4.71548986448189e-05 0.999999999993399 1 1 2.24685551275527e-08 8.20684802338434e-08 8.92632221927148e-06 3.11613529646593e-07 1.78582651144676e-06 9.66751109165997e-08 2.2606096772293e-08 4.39887463363764e-05 4.33326968751757e-08 1.43294333065924e-08 4.02922110871451e-05 7.74320071950108e-07 1.31773643108346e-08 1.85902681026917e-08 2.64100754376884e-07 1.6643374012304e-08 3.66274787166887e-08 2.66017993189038e-08 1.34789722716633e-08 1.47253023108362e-08 1.96221144888042e-08 1.4689610638996e-08 1.52279719500825e-07 1.29186978892193e-08 1.29205587340309e-08 1.32530147967103e-07
0.000275898147072295 0.0610353111453026 1 1 0.00292449531976091 0.00040453300851595 0.00594814190464565 0.000441015385163057 0.999999999999735 0.00546419392154629 0.00033740374848823 0.000252926772241535 0.00029602359817249 0.00166009051726024 0.000253361333867219 0.00584994551437557 0.00116572405580762 0.00025371514496253 0.000410343414992465 0.000407743963073193 0.0959158888145457 0.000447238049721022 0.000332478275631654 0.000254688976085715 0.000398435601356328 0.000275220345437144 0.105465341656885 0.000344087031673657 0.0125454414893029 0.255893295479237
4.44303482893815e-10 0.75798278797359 1 1 2.39770425736197e-11 8.17901302241353e-13 3.11273229414155e-12 2.03215222427389e-12 7.32525151647678e-13 9.64006652282023e-13 3.25518390020818e-10 1.25732757538799e-12 8.65640892300235e-13 6.43129993704861e-12 2.5425225458342e-07 2.14595008429797e-12 5.4915405556244e-11 2.5504265366294e-11 8.64530669275609e-13 1.07491571199603e-10 1.02863273454545e-11 3.58829188584764e-10 3.27748939099592e-12 1.12232445559357e-12 1.25954802143724e-12 1.5359935545689e-12 2.54996024295906e-12 8.37885316684606e-13 8.1379347705024e-13 7.86815057551848e-13
0 7.97669800101097e-07 1 1 0 0 0 0 0 0 0 0 5.52891066263328e-14 0 0 1.11022302462516e-16 0 0 0 0 0 0 2.38697950294409e-14 0 0 5.56221735337203e-14 6.66133814775094e-16 1.76159087317274e-12 0 0
0.000354242821224426 0 1 1 6.63913368725844e-14 0 0 1 0 2.22044604925031e-16 0 0 0 0 0 0 1.88737914186277e-15 0 0 5.55111512312578e-16 3.33066907387547e-16 6.10622663543836e-15 0 2.0822103862228e-06 0 0 0 5.70041598479953e-07 0 0
4.83405587115016e-07 8.34369573432525e-10 1 1 8.4033224823088e-11 1.92123761344476e-10 9.09610065047417e-09 9.32298682698729e-12 4.29567492687966e-12 3.24398286011274e-09 4.39182024081219e-12 7.26019244723375e-12 8.08853749534322e-08 3.58255647370243e-11 5.85181902934551e-11 1.93242200019483e-09 1.00931485391698e-11 4.27879953690535e-12 5.77131675782994e-11 5.17719200843203e-12 1.8780255128803e-10 4.31099600461948e-12 8.1343820568236e-12 4.15893652849775e-10 2.96308089176023e-10 3.13622461334262e-11 8.86668516386635e-12 2.5948425552702e-07 1.23008270236369e-11 5.49793544024624e-12
1.77184822369725e-10 2.64607404876216e-08 3.27015127838948e-05 1 3.28426175144614e-12 8.21898105130003e-13 7.72604202836646e-13 5.07038855346309e-13 7.16537940093076e-13 4.40212311048072e-11 4.08057652112603e-08 6.30863139505777e-11 5.80211797496233e-08 1.45294887232694e-12 5.62327961972642e-13 3.45476980356807e-11 5.08149078370934e-13 3.94151378202423e-12 1.22890586595759e-12 7.49622586226906e-13 5.20916643154123e-13 5.69655433935168e-13 6.22835116814713e-13 4.98332486387199e-11 8.06178457324336e-11 5.67357272274194e-11 5.32573984912688e-13 5.14033260401447e-13 4.38732168261957e-07 9.87210313496689e-13
0 0 1 1 0 0 2.82218692859715e-13 0 0 0 0 0 0 0 0 0 0 0 0 0 0 8.65973959207622e-15 0 0 1.66533453693773e-15 0 0 0 0 0
1.01281480202609e-07 1.18348640676391e-06 1 1 0 6.66133814775094e-16 0 0 0 0 0 8.78186412478499e-14 1.46538337020274e-12 1.56541446472147e-14 0 6.20603568535216e-12 1.75415237890775e-14 0 0 3.33066907387547e-16 6.66133814775094e-16 0 0 0 0 1.11022302462516e-16 1.11022302462516e-16 1.11022302462516e-16 0 4.87943019322756e-13
5.55599621865355e-08 1.97395433332304e-11 1 1 1.09795061931095e-10 1.74806691344287e-09 1.35380595622792e-12 1.07466868737305e-09 1.73591141461316e-11 1.22748782915849e-07 1.42663658664333e-12 3.97603061585983e-11 1.37093170798908e-05 1.13937748125181e-11 8.02482524875359e-11 1.08412645527522e-09 1.29851684960158e-12 1.58395518923271e-12 6.75585365428333e-10 2.22715251920746e-05 2.37131425606663e-11 2.59392507473422e-12 2.18236539950567e-12 7.00750568682906e-12 7.67330643469677e-12 1.78315140431096e-11 1.25621735236336e-12 2.79631429123128e-10 9.40168165541877e-10 1.21771681627081e-09
1.91422988571333e-10 1.16882030720689e-08 1 1 7.9360173987908e-10 1.04363184760814e-11 1.7949185249222e-08 1.23718812972129e-11 6.60038690369902e-12 1.12849829396744e-05 6.06537042813216e-12 2.06426509219426e-09 3.7259750840235e-11 1.87603932388924e-10 1.7914580929812e-10 2.18934870233056e-11 2.13338021493037e-06 2.60019662468025e-08 1.09156017558121e-11 7.53808127029743e-12 6.52189413585802e-12 5.91027227159202e-12 5.12778708383621e-12 6.65023591750469e-12 2.84744006151527e-10 5.84776671530562e-12 3.54741791497304e-11 6.94938961931513e-09 4.81886752723426e-11 5.13800113566276e-12
0 1 1 1 0 0 0 0 0 0 0 0 0 0 3.92075261146374e-12 0 0 0 0 0 0 0 0 0 0 1.54098955817972e-13 0 3.12749826036907e-12 0 0
0.999008028943633 0.999992068715392 2.78356891980636e-08 1 1.98830588660215e-08 6.26738071440869e-07 7.69490029139952e-07 2.98531613762698e-07 3.24552370234432e-06 5.24886962693927e-06 2.08979586968638e-08 1.98738712375857e-07 1.04115608245969e-07 1.70863078130523e-08 1.77444218207867e-08 0.00117712403474635 1.44256884326843e-07 2.13257158598879e-08 4.13231062701414e-08 2.54917268405208e-08 7.11099341632604e-08 6.9950620196213e-07 1.90503893771066e-08 8.58619542132288e-08 6.03348133676462e-08 3.22006464825719e-08 2.44901739998582e-08 2.89116767193676e-08 1.3390938213842e-07 1.69821410267446e-08
1.51559498284826e-09 0.000715984983478801 1 1 2.19491091968393e-13 2.78554956878452e-13 1.76747505520325e-13 4.85500528668581e-13 4.83010298424347e-11 3.52717854923412e-13 3.8702374638433e-13 1.6020518245341e-13 8.72413252750448e-13 1.43142864228452e-09 2.44249065417534e-13 1.59983137848485e-13 3.00137692477165e-12 3.87634369047873e-12 6.84235499248675e-06 2.4580337765201e-13 3.12860848339369e-13 2.93283175523129e-11 6.84896583891259e-13 1.59650070941098e-13 4.13646894514841e-12 4.63810989614899e-10 2.16937579011756e-13 1.56319401867222e-13 3.23074900165921e-13 3.89767107478178e-11
1.35377543042381e-06 4.43836764452143e-06 1 1 4.21651852133831e-06 1.90596214457717e-05 8.17730977709097e-07 7.65565728255702e-07 2.26331919739309e-06 6.8242832400589e-06 3.22861804791241e-06 9.40247764980029e-07 1.81151212375052e-06 1.17790150522268e-06 0.00165028140048085 7.90266719730148e-07 4.93757231123659e-06 1.35919397570294e-06 2.85096877616908e-06 8.07648119049986e-07 1.2064371937015e-06 2.64487421230974e-05 2.4852335341885e-06 1.65377677752154e-06 8.85258509608633e-07 1.296477141699e-05 2.07568203192121e-05 1.00804784908259e-06 1.94535117570283e-06 9.81037991146794e-05
