[1] "Average Estimates for Betas: "
 [1]  0.0503617494  0.1002029325  0.1967433919  0.3011939154 -0.0039352728
 [6]  0.0057156452  0.0014992247  0.0004414442 -0.0036811572  0.0022541470
[11] -0.0010910302  0.0013066482 -0.0009746828 -0.0002140051 -0.0002121503
[16] -0.0019843862  0.0078239301 -0.0066560233 -0.0030698669  0.0069130004
[21] -0.0045596266  0.0064433399  0.0026152676  0.0029743151  0.0049658420
[26]  0.0008372936  0.0002814293 -0.0004813246 -0.0013759638  0.0005325449
[1] "Standard Deviations of Betas: "
 [1] 0.03691026 0.04230834 0.03313560 0.03760752 0.03769152 0.03646770
 [7] 0.05021953 0.04066186 0.03665207 0.03547820 0.03514990 0.03668478
[13] 0.03639973 0.03933858 0.03343754 0.03627618 0.04075681 0.04128476
[19] 0.03300035 0.03625580 0.03806032 0.03338726 0.04060209 0.04586796
[25] 0.03711662 0.03437677 0.03261200 0.03709043 0.03449560 0.03483552
[1] "Average StdErrors for Betas: "
 [1] 0.03257263 0.03393508 0.03548225 0.03310610 0.03649388 0.03382519
 [7] 0.03470758 0.03488982 0.03308474 0.03345956 0.03330302 0.03607354
[13] 0.03333059 0.03390582 0.03283021 0.03409803 0.03366103 0.03470609
[19] 0.03277396 0.03298042 0.03459944 0.03363359 0.03674906 0.03341321
[25] 0.03309584 0.03485291 0.03576481 0.03214950 0.03309607 0.03393329
[1] "Positive rate for exposures: "
 [1] 0.45294118 0.78823529 0.97647059 0.99411765 0.05882353 0.06470588
 [7] 0.10588235 0.09411765 0.05882353 0.04705882 0.03529412 0.05294118
[13] 0.06470588 0.09411765 0.07058824 0.05882353 0.06470588 0.08823529
[19] 0.04117647 0.05882353 0.04705882 0.05294118 0.05294118 0.05882353
[25] 0.09411765 0.04705882 0.05882353 0.04705882 0.06470588 0.06470588
[1] "Bonferroni-corrected positive rate for exposures: "
 [1] 0.117647059 0.564705882 0.888235294 0.994117647 0.000000000 0.005882353
 [7] 0.005882353 0.011764706 0.000000000 0.005882353 0.000000000 0.000000000
[13] 0.011764706 0.005882353 0.005882353 0.017647059 0.000000000 0.005882353
[19] 0.000000000 0.005882353 0.000000000 0.000000000 0.000000000 0.011764706
[25] 0.023529412 0.005882353 0.000000000 0.017647059 0.011764706 0.000000000
