[1] "Average Estimates for Betas: "
 [1]  4.449522e-02  9.717437e-02  1.897052e-01  3.008608e-01  5.853313e-04
 [6]  1.135232e-03 -4.057047e-03  3.707415e-03  2.484510e-03  6.680718e-03
[11] -1.113086e-05  3.653545e-03  1.654244e-03  4.737739e-03 -3.981968e-03
[16] -1.342958e-03  5.674780e-03 -1.169687e-02  7.295241e-03  4.546956e-03
[21] -5.907857e-03 -5.444362e-04  2.381940e-03 -2.381634e-03  6.608368e-03
[26] -1.648526e-03 -3.477376e-03 -5.276488e-03 -2.794895e-03  3.185021e-04
[1] "Standard Deviations of Betas: "
 [1] 0.06156419 0.06988385 0.06351010 0.06441288 0.06300015 0.06055710
 [7] 0.07644984 0.06415045 0.06202781 0.06406692 0.06454836 0.06421498
[13] 0.06130705 0.07095282 0.06295192 0.06673713 0.06456610 0.06401685
[19] 0.05701836 0.06712648 0.05991789 0.05936311 0.05950528 0.06472732
[25] 0.05586485 0.06453896 0.06160796 0.06087580 0.06373021 0.05866048
[1] "Average StdErrors for Betas: "
 [1] 0.06260836 0.06163675 0.06158662 0.06250896 0.06118327 0.06235888
 [7] 0.06321068 0.06327615 0.06106568 0.06094280 0.06256439 0.06257113
[13] 0.06189366 0.06177303 0.06079938 0.06188588 0.06138958 0.06247995
[19] 0.06308381 0.06085294 0.06326704 0.06177425 0.06251943 0.06083288
[25] 0.06123439 0.06271867 0.06129545 0.06012911 0.06244336 0.06158598
[1] "Positive rate for exposures: "
 [1] 0.085 0.395 0.855 0.990 0.045 0.035 0.085 0.065 0.055 0.035 0.060 0.055
[13] 0.035 0.050 0.060 0.060 0.060 0.050 0.025 0.085 0.040 0.040 0.050 0.060
[25] 0.035 0.040 0.055 0.075 0.060 0.045
[1] "Bonferroni-corrected positive rate for exposures: "
 [1] 0.015 0.100 0.520 0.905 0.000 0.000 0.030 0.000 0.005 0.010 0.000 0.015
[13] 0.000 0.010 0.005 0.000 0.005 0.010 0.000 0.005 0.000 0.005 0.000 0.005
[25] 0.000 0.015 0.000 0.005 0.010 0.000
