[1] "Average Estimates for Betas: "
 [1]  0.0440596438  0.0967470620  0.1904296346  0.3000924500  0.0012762044
 [6]  0.0002319782 -0.0040753146  0.0033469740  0.0009980118  0.0072846892
[11] -0.0001903205  0.0037182949  0.0016303189  0.0046729965 -0.0061546180
[16] -0.0018308232  0.0071586295 -0.0119379701  0.0064052722  0.0065019754
[21] -0.0072562932  0.0003253493  0.0027675969 -0.0016642630  0.0061891321
[26] -0.0006934648 -0.0035530762 -0.0065302584 -0.0035002399 -0.0004361282
[1] "Standard Deviations of Betas: "
 [1] 0.06223428 0.06900180 0.06384205 0.06649496 0.06360615 0.06173667
 [7] 0.07693796 0.06478932 0.06267001 0.06515184 0.06750891 0.06570680
[13] 0.06234330 0.07130607 0.06379829 0.06669912 0.06600095 0.06285332
[19] 0.05914032 0.06808677 0.06094958 0.06109828 0.05931922 0.06530314
[25] 0.05595337 0.06606495 0.06181968 0.05987462 0.06470576 0.05995124
[1] "Average StdErrors for Betas: "
 [1] 0.01683140 0.01661037 0.01658296 0.01688790 0.01649057 0.01676513
 [7] 0.01694584 0.01710782 0.01645376 0.01638928 0.01684832 0.01682729
[13] 0.01658874 0.01665829 0.01634377 0.01658089 0.01655252 0.01680279
[19] 0.01695050 0.01640669 0.01697740 0.01666388 0.01685308 0.01633155
[25] 0.01651355 0.01681677 0.01643110 0.01619022 0.01689778 0.01654435
[1] "Positive rate for exposures: "
 [1] 0.685 0.845 0.990 1.000 0.615 0.600 0.620 0.595 0.510 0.645 0.675 0.635
[13] 0.620 0.565 0.570 0.605 0.645 0.580 0.580 0.645 0.605 0.595 0.615 0.635
[25] 0.525 0.620 0.600 0.520 0.570 0.555
[1] "Bonferroni-corrected positive rate for exposures: "
 [1] 0.485 0.755 0.975 0.995 0.425 0.420 0.400 0.365 0.320 0.450 0.420 0.425
[13] 0.405 0.435 0.390 0.435 0.445 0.365 0.395 0.430 0.380 0.400 0.385 0.405
[25] 0.350 0.390 0.425 0.340 0.425 0.350
