[1] "Average PIPs: "
 [1] 2.085982e-02 3.049208e-01 8.922458e-01 9.821701e-01 5.536950e-03
 [6] 1.298742e-04 2.020210e-02 5.097380e-03 1.525951e-02 1.140006e-02
[11] 5.072606e-03 6.254801e-03 5.958941e-03 2.317595e-04 2.936075e-04
[16] 3.253563e-04 5.975244e-04 7.432795e-05 1.636020e-04 5.590239e-03
[21] 6.722600e-03 5.194631e-03 6.759439e-03 1.528504e-02 6.971743e-03
[26] 5.449038e-03 5.591307e-03 1.505338e-02 5.556738e-03 7.687885e-03
[1] "Percent of time PIP >= 0.1: "
 [1] 0.020 0.320 0.895 0.985 0.005 0.000 0.020 0.005 0.015 0.015 0.005 0.010
[13] 0.010 0.000 0.000 0.000 0.000 0.000 0.000 0.005 0.010 0.005 0.010 0.015
[25] 0.010 0.005 0.010 0.015 0.005 0.015
[1] "Percent of time PIP >= 0.5: "
 [1] 0.020 0.300 0.890 0.980 0.005 0.000 0.020 0.005 0.015 0.010 0.005 0.005
[13] 0.005 0.000 0.000 0.000 0.000 0.000 0.000 0.005 0.005 0.005 0.005 0.015
[25] 0.005 0.005 0.005 0.015 0.005 0.005
[1] "Percent of time PIP >= 0.9: "
 [1] 0.020 0.295 0.890 0.980 0.005 0.000 0.020 0.005 0.015 0.010 0.005 0.005
[13] 0.005 0.000 0.000 0.000 0.000 0.000 0.000 0.005 0.005 0.005 0.005 0.015
[25] 0.005 0.005 0.005 0.015 0.005 0.005
