[1] "Average PIPs: "
 [1] 2.080301e-02 2.969940e-01 8.923973e-01 9.771648e-01 5.395486e-03
 [6] 1.178216e-04 2.044172e-02 5.101319e-03 1.966766e-02 1.135349e-02
[11] 5.068118e-03 1.096832e-02 5.903252e-03 2.106966e-04 2.370038e-04
[16] 2.862685e-04 5.914399e-04 7.241351e-05 1.713237e-04 5.583698e-03
[21] 6.202146e-03 5.180803e-03 6.656703e-03 1.524045e-02 6.994327e-03
[26] 5.401830e-03 5.624545e-03 1.045717e-02 5.447675e-03 6.925267e-03
[1] "Percent of time PIP >= 0.1: "
 [1] 0.020 0.315 0.895 0.980 0.005 0.000 0.020 0.005 0.020 0.015 0.005 0.015
[13] 0.010 0.000 0.000 0.000 0.000 0.000 0.000 0.005 0.010 0.005 0.010 0.015
[25] 0.010 0.005 0.010 0.010 0.005 0.015
[1] "Percent of time PIP >= 0.5: "
 [1] 0.020 0.295 0.890 0.975 0.005 0.000 0.020 0.005 0.020 0.010 0.005 0.010
[13] 0.005 0.000 0.000 0.000 0.000 0.000 0.000 0.005 0.005 0.005 0.005 0.015
[25] 0.005 0.005 0.005 0.010 0.005 0.005
[1] "Percent of time PIP >= 0.9: "
 [1] 0.020 0.280 0.890 0.975 0.005 0.000 0.020 0.005 0.020 0.010 0.005 0.010
[13] 0.005 0.000 0.000 0.000 0.000 0.000 0.000 0.005 0.005 0.005 0.005 0.015
[25] 0.005 0.005 0.005 0.010 0.005 0.005
