[1] "Average PIPs: "
 [1] 0.10359016 0.71720172 0.97394372 0.99507882 0.02437462 0.01940270
 [7] 0.02812125 0.02718081 0.01847407 0.02202303 0.02629915 0.02347058
[13] 0.01672348 0.03381093 0.02326507 0.02017291 0.01683636 0.03220123
[19] 0.02698658 0.02067544 0.02784805 0.03088491 0.03281423 0.02382801
[25] 0.02893822 0.02306933 0.03063488 0.01612831 0.02949224 0.02902230
[1] "Percent of time PIP >= 0.1: "
 [1] 0.175 0.795 0.980 0.995 0.050 0.045 0.035 0.045 0.045 0.025 0.030 0.050
[13] 0.030 0.050 0.035 0.025 0.025 0.040 0.030 0.025 0.030 0.045 0.065 0.035
[25] 0.040 0.040 0.050 0.020 0.045 0.045
[1] "Percent of time PIP >= 0.5: "
 [1] 0.075 0.705 0.975 0.995 0.010 0.005 0.015 0.015 0.005 0.010 0.015 0.010
[13] 0.005 0.020 0.010 0.005 0.005 0.020 0.015 0.010 0.015 0.020 0.020 0.010
[25] 0.015 0.010 0.015 0.005 0.015 0.015
[1] "Percent of time PIP >= 0.9: "
 [1] 0.060 0.670 0.965 0.995 0.005 0.005 0.015 0.010 0.005 0.010 0.015 0.005
[13] 0.005 0.020 0.010 0.005 0.005 0.015 0.015 0.010 0.015 0.015 0.010 0.010
[25] 0.015 0.010 0.015 0.005 0.015 0.010
