[1] "Average Estimates for Betas: "
 [1]  5.069517e-02  9.918171e-02  2.005395e-01  2.993702e-01  7.171830e-04
 [6]  1.156729e-04  1.671118e-04 -1.003976e-03 -1.719687e-03  3.689195e-04
[11] -9.511602e-04 -1.185365e-03  2.600927e-03 -9.963643e-04  2.364040e-05
[16]  7.200216e-05 -1.046370e-03  4.077318e-04  1.019466e-04  8.560617e-04
[21] -1.981765e-03  4.325312e-04 -1.045306e-03  3.603952e-04 -9.755350e-04
[26] -1.223016e-03  1.894032e-04 -9.041363e-04  7.798525e-04  1.448376e-04
[1] "Standard Deviations of Betas: "
 [1] 0.01694448 0.01578957 0.01666747 0.01637475 0.01883041 0.01636690
 [7] 0.01579822 0.01677830 0.01742218 0.01735243 0.01602849 0.01806166
[13] 0.01686130 0.01593107 0.01692500 0.01624598 0.01623102 0.01705953
[19] 0.01574833 0.01814383 0.01599315 0.01605603 0.01692456 0.01751682
[25] 0.01641098 0.01598851 0.01869326 0.01652281 0.01781892 0.01692113
[1] "Average StdErrors for Betas: "
 [1] 0.02014690 0.01968925 0.01956987 0.01953519 0.01958989 0.01969417
 [7] 0.01975134 0.01952522 0.01956940 0.02001311 0.01978078 0.01993952
[13] 0.01966242 0.01982620 0.01989896 0.01983016 0.02032069 0.02006307
[19] 0.01961089 0.01963115 0.01989416 0.01958873 0.01997284 0.01956389
[25] 0.01941150 0.02013239 0.01994824 0.01976231 0.01971554 0.01993676
[1] "Positive rate for exposures: "
 [1] 0.795 1.000 1.000 1.000 0.030 0.015 0.015 0.025 0.015 0.040 0.015 0.025
[13] 0.015 0.015 0.015 0.015 0.035 0.035 0.010 0.035 0.020 0.020 0.010 0.035
[25] 0.005 0.020 0.025 0.015 0.020 0.025
[1] "Bonferroni-corrected positive rate for exposures: "
 [1] 0.250 0.955 1.000 1.000 0.000 0.000 0.000 0.000 0.000 0.000 0.000 0.000
[13] 0.000 0.000 0.000 0.000 0.000 0.000 0.000 0.000 0.000 0.000 0.000 0.000
[25] 0.000 0.000 0.000 0.000 0.000 0.000
