[1] "Average PIPs: "
 [1] 0.3544688 0.6373623 0.9060529 0.9660288 0.2089783 0.2134602 0.1891733
 [8] 0.2201168 0.1713221 0.1899054 0.2058271 0.2065374 0.1856710 0.1800590
[15] 0.1942089 0.2019109 0.2293441 0.1878483 0.1832898 0.2306718 0.1959715
[22] 0.2178189 0.2197094 0.2264717 0.2103159 0.2193238 0.1635588 0.1960248
[29] 0.1983481 0.2415674
[1] "Percent of time PIP >= 0.1: "
 [1] 0.565 0.850 0.945 0.965 0.365 0.345 0.350 0.375 0.295 0.330 0.315 0.355
[13] 0.305 0.340 0.350 0.330 0.345 0.330 0.270 0.340 0.360 0.345 0.370 0.365
[25] 0.390 0.360 0.325 0.290 0.325 0.365
[1] "Percent of time PIP >= 0.5: "
 [1] 0.290 0.575 0.890 0.965 0.130 0.140 0.100 0.145 0.100 0.115 0.140 0.140
[13] 0.110 0.100 0.125 0.145 0.165 0.115 0.125 0.170 0.120 0.155 0.145 0.160
[25] 0.130 0.145 0.085 0.135 0.130 0.180
[1] "Percent of time PIP >= 0.9: "
 [1] 0.255 0.525 0.880 0.965 0.125 0.135 0.100 0.140 0.100 0.110 0.135 0.130
[13] 0.105 0.090 0.125 0.125 0.155 0.100 0.120 0.160 0.110 0.145 0.140 0.150
[25] 0.115 0.145 0.080 0.130 0.125 0.175
