[1] "Average Estimates for Betas: "
 [1]  0.0563201469  0.1034259706  0.2044024400  0.3007015622 -0.0015770856
 [6] -0.0066453125 -0.0053110439  0.0012128947  0.0045931969  0.0008030637
[11]  0.0060788625 -0.0052791863  0.0096939277 -0.0028409288  0.0049458499
[16] -0.0081859823 -0.0024995082  0.0087788282 -0.0014948719  0.0004339605
[21] -0.0048397038  0.0097667073 -0.0021280895 -0.0043080396 -0.0021121281
[26]  0.0104190045  0.0001896231  0.0087244994  0.0003891045 -0.0058790429
[1] "Standard Deviations of Betas: "
 [1] 0.08012996 0.03770885 0.08948244 0.03514267 0.03644932 0.06913263
 [7] 0.07518292 0.04551346 0.07713361 0.03964487 0.10341638 0.04469060
[13] 0.05780839 0.03489924 0.04295354 0.04278396 0.03850855 0.06909875
[19] 0.03473346 0.04140096 0.05676670 0.08568452 0.04135072 0.04000127
[25] 0.04108915 0.07544854 0.03825249 0.07560040 0.04363994 0.05387791
[1] "Average StdErrors for Betas: "
 [1] 0.03392519 0.03321988 0.03022734 0.03185033 0.03153848 0.03169333
 [7] 0.03226114 0.03244287 0.03059743 0.03315130 0.03256604 0.03332454
[13] 0.03338664 0.03285761 0.03419989 0.03243113 0.03191081 0.03192345
[19] 0.03145656 0.03263707 0.03469816 0.03271927 0.03176151 0.03309973
[25] 0.03204674 0.03371511 0.03246803 0.03359126 0.03100049 0.03270127
[1] "Positive rate for exposures: "
 [1] 0.44715447 0.86991870 1.00000000 1.00000000 0.08130081 0.07317073
 [7] 0.08943089 0.05691057 0.13008130 0.05691057 0.14634146 0.08130081
[13] 0.08130081 0.08130081 0.06504065 0.08943089 0.07317073 0.06504065
[19] 0.06504065 0.13008130 0.08943089 0.10569106 0.08943089 0.11382114
[25] 0.08130081 0.08943089 0.05691057 0.10569106 0.07317073 0.13821138
[1] "Bonferroni-corrected positive rate for exposures: "
 [1] 0.113821138 0.552845528 0.975609756 1.000000000 0.000000000 0.016260163
 [7] 0.024390244 0.024390244 0.032520325 0.008130081 0.032520325 0.008130081
[13] 0.008130081 0.008130081 0.016260163 0.024390244 0.008130081 0.024390244
[19] 0.000000000 0.000000000 0.016260163 0.032520325 0.000000000 0.016260163
[25] 0.016260163 0.040650407 0.000000000 0.024390244 0.016260163 0.024390244
