[1] "Average Estimates for Betas: "
 [1]  5.252622e-02  9.988660e-02  1.976948e-01  3.004627e-01 -6.453999e-04
 [6]  1.002511e-03  8.381934e-05 -2.036804e-03 -1.510859e-03 -3.403561e-04
[11] -7.963302e-04 -3.217903e-03  3.781473e-03 -5.360250e-04  3.419605e-03
[16] -2.040473e-03  5.534884e-04  5.120707e-03 -1.334018e-03  1.523460e-03
[21] -1.646754e-03 -6.361997e-04  7.645053e-04  5.424978e-04  2.310075e-04
[26] -2.247195e-03  5.208751e-04 -6.432919e-04  1.712781e-03 -9.299585e-04
[1] "Standard Deviations of Betas: "
 [1] 0.02690360 0.02181879 0.03091949 0.02226800 0.02796442 0.02721869
 [7] 0.02780151 0.02323333 0.02722660 0.02405383 0.02363493 0.02961897
[13] 0.02231799 0.02161356 0.02595516 0.02328181 0.02298090 0.03223053
[19] 0.02208244 0.02834269 0.03174398 0.03081766 0.02676583 0.02630631
[25] 0.03470093 0.03028831 0.02404992 0.02292089 0.02726744 0.03483254
[1] "Average StdErrors for Betas: "
 [1] 0.02666983 0.02654687 0.02716228 0.02612028 0.02592699 0.02587732
 [7] 0.02682868 0.02661243 0.02540541 0.02678695 0.02658681 0.02756996
[13] 0.02575662 0.02662263 0.02631958 0.02672989 0.02591507 0.02782449
[19] 0.02563563 0.02685460 0.02789277 0.02776632 0.02597463 0.02566629
[25] 0.02539208 0.02791806 0.02626588 0.02714029 0.02760718 0.02846508
[1] "Positive rate for exposures: "
 [1] 0.54404145 0.96891192 0.97927461 1.00000000 0.05181347 0.05181347
 [7] 0.04145078 0.03108808 0.04663212 0.04663212 0.03108808 0.07772021
[13] 0.02590674 0.01554404 0.03626943 0.03108808 0.02072539 0.03108808
[19] 0.03108808 0.04663212 0.04145078 0.02590674 0.05181347 0.06217617
[25] 0.03108808 0.04145078 0.04145078 0.01554404 0.03626943 0.06735751
[1] "Bonferroni-corrected positive rate for exposures: "
 [1] 0.186528497 0.725388601 0.974093264 0.994818653 0.000000000 0.000000000
 [7] 0.000000000 0.005181347 0.000000000 0.000000000 0.000000000 0.000000000
[13] 0.000000000 0.000000000 0.005181347 0.000000000 0.000000000 0.000000000
[19] 0.000000000 0.000000000 0.000000000 0.000000000 0.000000000 0.005181347
[25] 0.005181347 0.005181347 0.000000000 0.000000000 0.000000000 0.000000000
