[1] "Average Estimates for Betas: "
 [1]  0.0589503150  0.0998203800  0.2019145521  0.3041171711 -0.0022667453
 [6] -0.0025975694 -0.0043373002 -0.0040971138  0.0052077610  0.0029265059
[11] -0.0007794285  0.0001899279  0.0181753647  0.0027791050  0.0067321075
[16] -0.0050206654 -0.0027975941  0.0077672628 -0.0091633642  0.0056601887
[21] -0.0031385435  0.0112550446  0.0015086176 -0.0063481219  0.0002368039
[26] -0.0018922421 -0.0013426440 -0.0058289964  0.0004823564 -0.0027562761
[1] "Standard Deviations of Betas: "
 [1] 0.07316776 0.03725749 0.08273377 0.06484995 0.04447129 0.05020162
 [7] 0.06796449 0.06690158 0.07085550 0.04694020 0.06119702 0.06950360
[13] 0.08511677 0.04310615 0.04999899 0.04956621 0.05141574 0.06571987
[19] 0.07045153 0.04453308 0.05664493 0.07336539 0.04403242 0.04343432
[25] 0.04955234 0.07238161 0.04419696 0.06761352 0.04922955 0.05772441
[1] "Average StdErrors for Betas: "
 [1] 0.03072283 0.02790557 0.02699979 0.02861054 0.02871218 0.02819301
 [7] 0.02890370 0.02913709 0.02680976 0.02877720 0.02757926 0.02909862
[13] 0.02945892 0.02863057 0.02961497 0.02820194 0.02794727 0.02836348
[19] 0.02823954 0.02721795 0.02966358 0.02992338 0.02848388 0.02723708
[25] 0.02766586 0.02888133 0.02885266 0.02914458 0.02817315 0.02991717
[1] "Positive rate for exposures: "
 [1] 0.52482270 0.88652482 0.97163121 0.99290780 0.18439716 0.12056738
 [7] 0.19858156 0.14184397 0.14893617 0.19148936 0.18439716 0.17730496
[13] 0.15602837 0.09219858 0.19148936 0.13475177 0.15602837 0.18439716
[19] 0.14184397 0.20567376 0.16312057 0.22695035 0.12056738 0.20567376
[25] 0.14893617 0.17730496 0.15602837 0.14184397 0.12765957 0.18439716
[1] "Bonferroni-corrected positive rate for exposures: "
 [1] 0.21985816 0.70921986 0.96453901 0.98581560 0.01418440 0.03546099
 [7] 0.04255319 0.04964539 0.03546099 0.03546099 0.03546099 0.02836879
[13] 0.03546099 0.02127660 0.03546099 0.02836879 0.03546099 0.04255319
[19] 0.02836879 0.02127660 0.02836879 0.04255319 0.04255319 0.02836879
[25] 0.04255319 0.04964539 0.02127660 0.05673759 0.02836879 0.04255319
