0.0147906381845336 0.759757832266924 1 1 0.00367393333982347 0.00263631320668101 0.00536578645830388 0.0027833763682733 0.00216794139190912 0.00420169095873302 0.00351319907848691 0.00289961237946512 0.00363912328602778 0.00316126223533797 0.0235763197985942 0.00267581485526014 0.00254981791209918 0.0026654137093689 0.0160488247057621 0.00503688398652768 0.00254416900706833 0.0109918097379235 0.00280142699096975 0.00324067124034533 0.00396220625554866 0.00313033736993484 0.00268457027633839 0.00246849710267283 0.00479544498665374 0.00573634261231848
0.328869665932529 0.913045131893709 0.999999999899874 1 0.00419332253433513 0.0133036581555248 0.00323201838100684 0.00480409829125861 0.00406657180194026 0.00329744058711134 0.00365546972300068 0.00370551937781027 0.00420401845616802 0.00359028065035305 0.00356688997565258 0.00390235547719486 0.00527746460185041 0.00581657605078068 0.00422949922296778 0.00320602748192023 0.00318591183875827 0.0033257460498568 0.00369584119995536 0.00446664450060819 0.00364305177075375 0.00332285011520206 0.00298676514148877 0.00375563055676631 0.00303694143830657 0.00522381714369968
0.0931423866570616 0.996302303174047 1 1 0.00285378903905087 0.00513810058995012 0.00309971419303334 0.0030648807536553 0.00333819060139928 0.00269260940803351 0.00971061495087933 0.00503159023330413 0.00256041949162655 0.00266229794547512 0.00385900789924343 0.00308793043114575 0.00302311273881006 0.0026910925277146 0.00402945806623534 0.00345941999300836 0.00369779605866427 0.00540213193112982 0.00332276256814557 0.00267394982893754 0.00480985290483504 0.00348701346313895 0.00388296543086719 0.00323947330369634 0.00402829103017788 0.00390169802769491
0.0314500973741625 0.944086661033625 1 1 0.00235030812253945 0.00316792107230945 0.00247270704682068 0.00245842392064721 0.00315095475690197 0.00212476712818255 0.00290281424609395 0.00193269315251132 0.00244470480996595 0.00239794152154882 0.00229076958821395 0.00286637371766141 0.00263224729160916 0.00282520941396058 0.00229279119307702 0.00236181465289154 0.00407333957137734 0.00363517386638734 0.00251161465409455 0.00418499704054376 0.00582701529835328 0.00270353063563478 0.00205860991192719 0.00239560264592209 0.00356245428030866 0.00233247344827092
0.849425850158372 0.997999254096928 0.999999999999953 1 0.00368411139564373 0.0036871194210174 0.0041136964141425 0.00415356442706472 0.00494020393538841 0.00454930776468288 0.00745177459323776 0.0037932798856688 0.00507894389862862 0.00492159972759676 0.00440649605085741 0.00493964762673127 0.00617686733130907 0.00442542346570851 0.00416791508231418 0.0221992571129812 0.0076274730680771 0.00722445453471743 0.00453357937913368 0.00401109889128426 0.0042427214750641 0.00450548052307398 0.00590002121718614 0.00660893382797223 0.00437474248893088 0.00412251806252339
0.00307277666222816 0.773326557399089 0.999999994800691 1 0.00433837877750298 0.00329394008707096 0.00279606878536409 0.00237612898629169 0.0024197589967595 0.00382720910503986 0.00269776177887437 0.00324506723116724 0.00300535879815755 0.00251383427153051 0.00261044913190855 0.00317946408208813 0.00322561157145085 0.00393473800015676 0.00511270676040843 0.00282833691072948 0.00257095396858142 0.00361446269576371 0.00285491285310435 0.00553121263133327 0.00314542104361781 0.0021825563681106 0.00339534788407636 0.0025580058330491 0.0029221781107972 0.00354093013333201
0.0614582483160367 0.968617234838757 1 1 0.00335788236252177 0.00241603172907556 0.0030297811568798 0.00380735466740412 0.00324045470702472 0.00441468109732346 0.00617317854199295 0.00374874705910677 0.00251949410195595 0.00275406165047032 0.00310532042386802 0.00607893089189826 0.00301122152046318 0.0029683267199665 0.00411231599626716 0.00282745683227315 0.00205686314709386 0.00997550850198614 0.00314571129883634 0.00420556497016444 0.00252581142810704 0.00224668057906008 0.00252245146236185 0.00789527126507017 0.0029783000532343 0.00285969692584087
0.0223435238714982 0.999830947910991 0.999999999997227 1 0.00423308435683045 0.00431160058137803 0.00390572429576097 0.0273165822509459 0.00411929551644841 0.00305572717735514 0.00392492383525878 0.012768247418449 0.0289049465363219 0.00342464032581735 0.010350616762099 0.00533388601562512 0.00440538045103456 0.0220058111814748 0.00333334939105301 0.00336267221589881 0.00535008881000099 0.00392418225532221 0.00372204781533503 0.00474972066997115 0.0170636950385354 0.00368153509198532 0.0147548901147421 0.00376292582830728 0.00353171404628405 0.00390611898227256
0.0196463723586124 0.998734555821236 0.999999999984513 1 0.00213288677694135 0.00237679659705226 0.00308631073121823 0.00277784060451125 0.00221154708381632 0.00235299831426694 0.00327126606032435 0.00633417127322511 0.00276814877136722 0.0039037723120342 0.00243990282114881 0.00529920823978514 0.00908951463092333 0.00273261235804578 0.00342986447029214 0.00247315045783758 0.0255521783512425 0.00278080930884028 0.00271386839203014 0.00486203786964512 0.0031968918171652 0.00237421524258219 0.00270022591779417 0.00370077677475023 0.00208562915821486 0.00239102229927024
0.0111772926703142 0.785084708247221 1 1 0.00361064692911384 0.00345999088941784 0.00424800335852349 0.00263925973445456 0.00223139260422389 0.00277902654589357 0.00308151821769109 0.00300325836006865 0.00382992630528189 0.00317668534614712 0.00348204380278772 0.00244066973443136 0.00421295787873532 0.00359629158812302 0.00627512913953721 0.00248226567020149 0.00231827608160606 0.00261016646605261 0.00273685473065066 0.00328457916164304 0.00444103959767672 0.00255272967114417 0.00348834821136701 0.00404137123896764 0.00224569309630829 0.0027504958026946
0.051296693755805 0.998310773440364 0.999999999999991 1 0.00331913610755641 0.00416924581879663 0.00461519475460748 0.00661942030785079 0.00287758816857575 0.00337432133366733 0.00328292126897467 0.00440359563258474 0.00384684785161893 0.00532647133628794 0.00472101961632954 0.00415398604843287 0.00852489208208207 0.00278115399946566 0.00440079301783869 0.00342528337749326 0.00302879749176277 0.00490897287740655 0.00290433032269743 0.00581331944566599 0.00346360633044163 0.00375457324775752 0.00369783913424049 0.0029840153969467 0.00415367046334314 0.00720122696714365
0.0273521210027847 0.999985092311347 0.999999999997408 1 0.00241960317875212 0.00286288836188453 0.00398442581597402 0.00236907998045244 0.00435420541017528 0.00277909813460098 0.00252876747113362 0.00598634427905664 0.0027229945516366 0.00311139863264698 0.00237650954082591 0.00293366858791277 0.00369185887676005 0.00258543170832137 0.00256638915972318 0.00357485554388282 0.00231959607948085 0.00246481382811037 0.00275308520335926 0.00349187177906563 0.0025066924093341 0.00302736432671646 0.00282916566058067 0.00444319968847307 0.0026102863567018 0.00322051211797603
0.194989131749665 0.999479543415345 0.999999999999817 1 0.00675224924831985 0.00276426565667498 0.00451789079901566 0.00338188853906241 0.00379063909804211 0.00577173694464672 0.00504136648025932 0.00371922820865456 0.00425926350943318 0.00532758826695356 0.00421025397679387 0.00339478658275505 0.0105505907459833 0.0196177725820313 0.00361293809500607 0.00346993873451973 0.00328705268909868 0.00291056090052144 0.00363514333842885 0.00834259284989403 0.00375145186353421 0.0034541240682382 0.00296404791108262 0.00467808402720016 0.00374880239849607 0.002828372354305
0.143072226347377 0.999999999931494 0.999999999994346 1 0.00264327000926123 0.00295095454257666 0.00281785747087104 0.00242631270570393 0.00270076609335157 0.00512820203709674 0.00358263332995801 0.0277594617226548 0.00334123898530592 0.0152318148816857 0.00328555077891246 0.00792367140713424 0.00472960853658844 0.00365020192892529 0.00267321684877153 0.00298306201284437 0.00362606650860242 0.00443749892394785 0.00457442521798657 0.00416341898243322 0.00635301511840525 0.00315346239789593 0.00992890579246775 0.0044564420575155 0.00320476460604036 0.00419868052833661
0.0293213544715376 0.43096343040568 1 1 0.0022720943563217 0.00202207740497429 0.00254735262638883 0.00477104179854226 0.00245294025896459 0.00274361189949102 0.00204450144763413 0.00296838432156632 0.00216580105878994 0.00275407058770349 0.00227040443393844 0.00192680535266976 0.00223772522448407 0.00400509754348877 0.00502937496498823 0.0020679505038842 0.00235300656890569 0.0022320705722314 0.00256577233357513 0.0023197258545794 0.0019310247371318 0.00204830549087076 0.00247939353749671 0.00208800424476363 0.00193351566255151 0.00511267500550572
0.00409317710151513 0.997404922654601 0.999998798048292 1 0.00286130668431028 0.00236684022991407 0.00342281904834174 0.00284390550999081 0.00239845694946994 0.00303572128043594 0.00220875648571039 0.00286074220421628 0.00247423971603222 0.00270589723663384 0.00223203961273832 0.00239956320574675 0.00293573016941562 0.00212089319799291 0.00290978157553823 0.00281813454203228 0.0021623445152863 0.00351601551225023 0.00250410759980424 0.00266678610256388 0.00292662220358819 0.00209782272349035 0.00477192247869473 0.00296486762372927 0.00274625851283994 0.00323858566212121
0.00474854790513157 0.284626824859039 1 1 0.00236153525667804 0.00252839917963743 0.00252261840622048 0.00171305610337646 0.00184866180127985 0.0021114729253674 0.00489604618198936 0.00231998248414411 0.00207033170981463 0.00342865685187443 0.00292153458871836 0.00219694384130431 0.00281930477474845 0.00181727652926311 0.00596241494638927 0.00191228721183812 0.00209907348855931 0.00195696189360495 0.00174662490199884 0.00194126552010965 0.00192509157432363 0.00189737145531754 0.00187923611647745 0.0017597515286677 0.00208692158712975 0.00212126568245063
0.0289518158887538 0.655533560680936 0.999999999981043 1 0.00281719978419792 0.00248173488716097 0.00297139138591951 0.00302053444684958 0.00222284749319612 0.00388418721928607 0.00398635594506414 0.00358956125636722 0.00208752537645063 0.00234130772609964 0.00395000047613103 0.00224358342977682 0.00261740510062158 0.00237874222879242 0.0135637974407458 0.00264074098478762 0.0042299599908534 0.00413127129418911 0.00324280880849415 0.00303439010955797 0.00680995798005768 0.00317055144770295 0.00278777854564016 0.00284247974843643 0.00277547715418625 0.00181211098405842
0.0260758715038458 0.90006244370449 1 1 0.00982552363717504 0.00431148282410787 0.00265667855422946 0.00601150908741199 0.00351355150872534 0.00296816254274479 0.0031989641000949 0.00308663579432533 0.0035106380942248 0.00352512887606971 0.00224954759654805 0.00355351256891712 0.0023164254980157 0.00459017227057879 0.00381695294806006 0.00296435323670685 0.00269947702531581 0.00332712676403069 0.00265772526822106 0.00266413591711478 0.00453767732925514 0.00270735418487322 0.00320226897320997 0.0029366279309696 0.00311006074343245 0.00494754223884153
0.0091521467347131 0.437368196117571 0.999999999999997 1 0.00203031407015375 0.00733101154192761 0.00431303984591214 0.00190882241253421 0.00285310361238833 0.00309980398828436 0.00259360385974972 0.00300257718070995 0.00252129403863577 0.00217973473152122 0.00191432856071105 0.00371262478393619 0.00233806373213019 0.00322155502279231 0.00237031168532409 0.00200450998474855 0.00181103682717709 0.00239526885946317 0.00243018917556426 0.00296373988890186 0.00199957596744749 0.00275076704606503 0.00347968617277927 0.00231637405112006 0.00248487796613706 0.00213348511791367
0.160253624814403 0.999999845303016 1 1 0.00537102759010999 0.00279765371628427 0.00314683044024822 0.0029075570708218 0.00362938101245269 0.00262000211387925 0.00701671722016595 0.00523658366967239 0.00326824071715648 0.00943052185643511 0.00375269398547839 0.00295936208021663 0.00476543607635427 0.00450764595244746 0.00336865035491829 0.00670159340577658 0.00330796168230763 0.00301596844029783 0.00251860554538341 0.00332415289420196 0.00275530345038599 0.00899008733661055 0.00706288160445934 0.00368907041473621 0.00392016073881718 0.00577334555408227
0.00324082942374027 0.9767437691462 1 1 0.00213453754074244 0.00332574620080617 0.00462587990061347 0.00372828919246382 0.0153109195052185 0.00380296921387147 0.0061522995308082 0.00295728644603033 0.00362121832758999 0.00560042745346656 0.0126508489291131 0.00287203957050108 0.0100232554818145 0.00329144631740708 0.00314294811096183 0.00351141888737727 0.0025444692796861 0.00358131838791298 0.00259249777912585 0.00235419767041989 0.012060757194257 0.0284959439143693 0.00432086290240663 0.00246501902551044 0.00447212565157762 0.00333365511932582
0.0113140152525478 0.999662593034275 1 1 0.00189530437077701 0.00279780487614212 0.00747147306112383 0.00259704757760626 0.00323307607033241 0.00243359052735459 0.00432489797619551 0.00242768690122264 0.00257813729000123 0.00239898435395847 0.00258385154307228 0.00485173498220137 0.0108521806480221 0.00438684413458634 0.00262413239658099 0.00376747509275921 0.002396525647271 0.00278289327372483 0.0040694004049332 0.00392536471549421 0.00291023494921094 0.00280395520747234 0.00416579743027901 0.00682074124355792 0.00234788195013591 0.0025844911070233
0.00420170294598865 0.953587494930969 0.999999999999983 1 0.00316692102931249 0.0029372114820041 0.00715250756467334 0.00201028702943806 0.00253086272018188 0.00217621241192845 0.00239724376090122 0.00196412652477118 0.002214040240474 0.00244195163541061 0.00272932180016905 0.00252309527378269 0.0022070281739297 0.00263217499499036 0.00791019119806025 0.0038860104174312 0.0025007541378137 0.00230650630571694 0.00247978697502449 0.00908758866129089 0.00486643919756247 0.00248850898673147 0.00249542066576203 0.0028656996848111 0.00186683010794053 0.00240881427505246
0.0100410472138319 0.998554199156529 0.999999980542749 1 0.00505521785810914 0.00337526684836131 0.00355199179179211 0.00335681874645455 0.0036828193576085 0.00309257960528309 0.00505043781112735 0.00326565018690994 0.00365647437409256 0.00362835589314148 0.00258519378141553 0.00725371980014466 0.00357177518776275 0.00305884985073668 0.00322734537219538 0.0032628316261063 0.00348163151136549 0.00303533546121271 0.00290609995542801 0.00280724835727353 0.00462270156077638 0.00279935359054195 0.00321086240455037 0.00352968208594151 0.00281372646748712 0.00277201240955238
0.0404055382555392 0.968044392827292 0.999999999999999 1 0.00365848338487818 0.00361429443514627 0.0568819509876307 0.00300038114709211 0.00309820545930894 0.00477980277991141 0.00340591107563337 0.00280067897756808 0.00566879989063107 0.00364626271499169 0.00365366159848424 0.00396248593870363 0.00501740290518904 0.00334386392159292 0.00313972058288414 0.00306741286606305 0.00539948494431897 0.00292324278206513 0.00431432820548205 0.00472440568059385 0.00806051980216649 0.00826460550375974 0.00389913724308422 0.00861876934521111 0.00608530353044956 0.00306582902493358
0.834654844477373 0.998045793085758 1 1 0.00372860490924043 0.00351577797162184 0.00416968762801839 0.00390282100129435 0.00449232274433531 0.00313424078199387 0.00690173432120844 0.00368576310734237 0.00428002134835193 0.00473448063457871 0.00323640104784884 0.00373383691324691 0.00583361869212917 0.00411180442894132 0.00389660949964576 0.00455199002961426 0.00648002104761836 0.00661200283303409 0.00703810982474284 0.00415308741072307 0.00322167511540761 0.00388137183997705 0.00308497266347396 0.0161219297561155 0.00850560637931763 0.00313870732106525
0.574144090450028 0.668371542843161 0.999999999206857 1 0.00486619340852201 0.00391788096548562 0.00706642295068738 0.00355401322052651 0.00327505147503293 0.0033792327457447 0.00293683945117362 0.00459243983203794 0.00379766868776632 0.00381169433404704 0.00323838153926481 0.00366549861432142 0.00375325590550557 0.00341711889922269 0.0033115439082132 0.00409317588118385 0.00338618020183346 0.00336434474174829 0.00532172361473904 0.00367476058909766 0.00539848593925851 0.00442897929861208 0.00376681710934867 0.00471224946913651 0.00404433733577902 0.00478161342550687
0.00345261189699198 0.998987560630001 1 1 0.00260450768388376 0.00227879456149171 0.0024667093546541 0.00245878283139267 0.0035261189661846 0.0027058915984024 0.00261539832303348 0.00213932720214838 0.00242592668861696 0.00267916649549249 0.00188385345483832 0.00358521973350168 0.00334126630140696 0.00277341570929246 0.00211039358982956 0.0024737072641533 0.00239660576621459 0.00240936117376489 0.00319596586925097 0.0023497282666548 0.00359961408249121 0.00491571455556128 0.00203144198194627 0.00263442140305092 0.00318071752032578 0.00266059899175375
0.00316140052403735 0.998018729787134 0.999999999995392 1 0.00321332504529059 0.00289735159243087 0.00351511490916023 0.00595263614921726 0.00331144783464532 0.0233245729509076 0.00315531392851409 0.0238410760620378 0.00366981714217596 0.00340690423635437 0.00347950049944667 0.00602466796677326 0.00474692990095438 0.00323038810916643 0.00312477214114315 0.00388561238510088 0.00396561582896637 0.00315921883294001 0.00418401960196824 0.00421099329015284 0.00340782030240327 0.00335531984772297 0.00365528369303014 0.00371580826099205 0.00375118063792323 0.00294229836973403
0.033703559395007 0.993998714451462 0.999999981219874 1 0.00381258486014402 0.00259001141094894 0.00516171192465931 0.00803014585184525 0.00213276727166023 0.00276986237639809 0.00341556168536417 0.00401035591470766 0.00242298206522662 0.00266855037629721 0.0122733772575072 0.00491031804520381 0.00339754210299448 0.00273787741459475 0.00235078427661739 0.00214394656208317 0.00313410984242701 0.00223176149347959 0.00326227944549484 0.00247475104878381 0.00643048297392601 0.00257802258514372 0.00303671169784292 0.00265484791016979 0.00327392227185375 0.00264483578587527
0.0117658837442817 0.919682528335847 0.999999999999998 1 0.00343969447126347 0.00273019149710385 0.00337831658150833 0.00241350386685113 0.00291560671991697 0.00253120356098691 0.00359064098953565 0.00447844813665821 0.00256411179464522 0.00377808905137011 0.005498407249517 0.00711696683515617 0.00355630591789546 0.00634885499154969 0.0025946120423489 0.0025644231376043 0.00448464418675509 0.00312714035106176 0.0029575800918219 0.00274174979305619 0.00265075331548492 0.00238229187456918 0.00306662378699696 0.00399798016552799 0.00251826416941947 0.00336285989086127
0.0035915416124277 0.926851115700581 0.999999999990314 1 0.00264140410645286 0.0025341283642949 0.00234037231459072 0.00206205162754602 0.00193729380116126 0.00187568091430967 0.00184028329126706 0.00374534717608666 0.001915999551383 0.00226592030800854 0.0116901932286195 0.00236535980879415 0.00207380797049883 0.00245226497563433 0.00248386330137373 0.003135416365735 0.00273725780104983 0.00215194024979493 0.00283762971671564 0.00266605936056463 0.00267498698221025 0.00215118169691375 0.00208178707879336 0.00175379764912176 0.00240275798679435 0.00185312932130022
0.0548243781788955 0.990312263636787 1 1 0.00261080237796019 0.00304431276636974 0.00339732538253634 0.00437618598622735 0.00267358635302373 0.00517162742582811 0.0030756652490016 0.00270897807463422 0.00249092169465082 0.00340923355289313 0.00326136652987763 0.00287136504946173 0.00223438900193806 0.0028631928404953 0.00226762273197467 0.00242379888690492 0.00294783173299273 0.0025113365257069 0.00438947522083399 0.0022124000013598 0.00471808767608284 0.00340852415822168 0.00356610234784316 0.00251732684771377 0.00265909089889782 0.00343705882742551
0.124755853731407 0.991847755840228 0.999999999999997 1 0.00349485909981417 0.00384791596852174 0.00398482019624347 0.00252979184191793 0.00505928308451142 0.012347699395631 0.00330758245933194 0.00334886038265703 0.00649763793627711 0.00308160103739197 0.00370357466857174 0.00295053635495768 0.0028286147133858 0.00455846663971982 0.00285100831201435 0.00381267358592419 0.00792300200904306 0.0046248837349806 0.00308646504351173 0.00753220800054633 0.00477579055479727 0.00362663747579539 0.00548474545763844 0.00421253203881267 0.00449726449163956 0.00315266654254942
0.00938598560218751 0.342910730506782 1 1 0.00228292797837126 0.00213824737604196 0.00236569043417456 0.00238383278737064 0.00212163866211601 0.00443898266625764 0.00270342100045817 0.00276963475744962 0.00184435953980533 0.00884141530730798 0.00208228309645819 0.00177703303314014 0.00415084760069584 0.00209841711280012 0.002264185621353 0.00246999709178486 0.00391450328277954 0.00203748274202253 0.00225269645537451 0.0023227743802684 0.00239433377141673 0.00340262845096118 0.00202340026225178 0.00222231958233132 0.00272462348079783 0.00333991652329446
0.00832473101727604 0.890195075945706 0.999999994066389 1 0.00301245941213868 0.00229272085467136 0.00233642371680676 0.0030168037279813 0.00239468600668402 0.00398118548456039 0.00294806404034786 0.0115129534661886 0.00323929207623341 0.00184703343865711 0.00186846854081035 0.00236520411170738 0.00210768340903189 0.00292635384853468 0.00269648692927993 0.00212692795371527 0.00410208342852136 0.00303573080507835 0.00616038294791466 0.00181162198498064 0.00211336509591131 0.00237696996597969 0.00215197186431693 0.00203572681972042 0.00591256211923874 0.00216321491482807
0.0128159602689829 0.979737695153492 0.999999999999289 1 0.00295092524362017 0.0024498370909678 0.0022152078762 0.0020733695846662 0.0216671276012632 0.00218301488564243 0.00240126157634091 0.00371877601995441 0.00279457175417497 0.00224327336234975 0.00236578420906064 0.00308564889371132 0.00269187305722762 0.00855073893198022 0.00784285564128828 0.00233418173054967 0.00361912951883658 0.00191620297995476 0.00375993333314795 0.0021856952662106 0.0183911107759711 0.00457732108842879 0.00383746961543641 0.00380441568066481 0.00261687480991979 0.00347252398390607
0.00335131549221068 0.691041359555801 1 1 0.00248208289882268 0.00221262195526983 0.00393358774567476 0.00241371687315584 0.00281539085078308 0.00390204393536897 0.00190779116445627 0.00236470280021184 0.00264366190697496 0.0021399452699038 0.00217676695381253 0.00227473290992408 0.00338823225459517 0.0025263872804171 0.00417229000405084 0.00226862187489507 0.00229499867686078 0.00210158794369852 0.00287505852075953 0.00199506624428991 0.0019444501827236 0.00188373160095723 0.00266944283210713 0.00502996956041524 0.00277042404086247 0.00273148634380571
0.00710461958596487 0.997858534197399 0.999999999999664 1 0.00271877721539637 0.00273092155144306 0.0024462314082665 0.00283383984004504 0.0040375174230447 0.00275974624793041 0.002488536359607 0.00299963114212842 0.00266612499627739 0.00722341637319668 0.00353091909392145 0.00320138695164729 0.00341595822448248 0.0109495525947746 0.00609281146959273 0.00282400833629037 0.00346203960007008 0.0170960064256058 0.00289831563432996 0.00283390263917416 0.00309428113809895 0.00272716064899292 0.00301265881710566 0.00276435483635895 0.00320281456914095 0.00226887938631604
0.00498436472947872 0.986435578005972 0.999999999767836 1 0.00220423372131195 0.00234514027446631 0.00285959794323964 0.00281375971461573 0.00185809021676664 0.00297627202843864 0.00224344811629074 0.00208695964380601 0.00250029771950444 0.00674436946556067 0.00230797708493247 0.00243861973861648 0.0021940098386668 0.00763441336537907 0.00245188492758963 0.00361633049387766 0.00279229957827176 0.00258986252076487 0.00245971247716581 0.00190260171617995 0.0133143629771637 0.00291361663528145 0.0028793748123751 0.00357822293915366 0.00269339490668141 0.00246623414870029
0.0105411417967655 0.863158124863638 1 1 0.00267097842591368 0.00265164409581542 0.00244541657636876 0.00244480789149826 0.00257160845565185 0.00287823255298647 0.00288429559540215 0.00331318886605703 0.00228181687024942 0.00896221870211922 0.0027091370022384 0.00277500351775062 0.00234555287766181 0.00347472966374074 0.00276299995133333 0.00266708743611088 0.00655332464095792 0.00280428531527377 0.00296071906002193 0.00417544387588087 0.0030140383591104 0.00267659950535581 0.00404381635510209 0.00322642376377613 0.00787285531331183 0.00623307901529768
0.0124418348052279 0.0721225479491502 1 1 0.0015577793876963 0.00225615781766986 0.00149591943994398 0.00232037182736389 0.00232019825657448 0.00314988008088746 0.00266410031545938 0.00183841793648787 0.00175215494126613 0.00196117125875417 0.00201286673005752 0.00350944836344758 0.00156503232339766 0.00167613023979984 0.00236020943469928 0.00355462578414678 0.00199743554855092 0.00153525687094369 0.00142704668851312 0.00210939518404174 0.0025085601054351 0.00200062392172506 0.00195897899862973 0.00238306244161179 0.00169233476839747 0.00145189161486947
0.00908754584033122 0.0239458308965426 0.99999999105921 1 0.00152375183005893 0.0013323967436738 0.00114323787584114 0.00164091377122288 0.00136929029479427 0.00152061575348561 0.00147662428576412 0.00227034620639566 0.00166823420904705 0.00119853555086014 0.0022622019628713 0.00150371381520675 0.00144274156563073 0.00146139094917141 0.00155474552241752 0.00173228163499761 0.00140784192204002 0.00220197459784854 0.00146495243849387 0.00151419237791517 0.00154959669258692 0.00161467360773226 0.00165778242012782 0.00128036052653979 0.00119828344748907 0.00171213624188027
0.00639414553858419 0.999099428085064 0.999999952035408 1 0.00324751264234624 0.00311916274298485 0.00299290809670871 0.0025331000703771 0.00342114401959481 0.00824967747662397 0.00301864812733788 0.00291917192498048 0.00334339502194259 0.00232764196690571 0.00271867121867675 0.00236712846137066 0.00281705121889886 0.003968878342413 0.00271992797787235 0.00270071774020397 0.00263387539855742 0.00229040202974973 0.00255868267583348 0.00270917623670608 0.00313205145648821 0.00268593751364721 0.00314085432696853 0.00257348782608091 0.00254678756732396 0.00325537903367545
0.0267953660454539 0.999540972419456 0.999999993587248 1 0.00241035761405239 0.00286939821215859 0.00347718695673949 0.0129524866123298 0.00276102538236889 0.00443200335036842 0.00265592149641403 0.00226419586230309 0.00312408225745464 0.019755405272494 0.00247053937171038 0.00606169617023178 0.0028574584212927 0.0023705136333465 0.00382117168749663 0.00234792508844894 0.00368584369941494 0.0028606356308577 0.00382053734997934 0.0108220459682967 0.00528039792040835 0.00381318852232937 0.00275844139981762 0.00319643092786703 0.00299456060932268 0.00412555832039696
0.0314946628304029 0.998567800218157 1 1 0.00288189518500492 0.00309831279528583 0.00256704877937453 0.00454406726071133 0.00441195433903452 0.00218216826226036 0.00224694997766761 0.00544059806552522 0.0024330193761638 0.00347077114021876 0.00245584887946615 0.00209252021740969 0.00252256478068458 0.00205352801982273 0.0026807753408572 0.00368654104194033 0.00371854647145564 0.00208825124471523 0.00351401313151189 0.00267433958222285 0.0032100780924238 0.00297466584730621 0.00324865514095385 0.0061117687436405 0.00593171062844766 0.00233211066750882
0.00872551397927579 0.986825884900992 0.999999999999995 1 0.00430550208583225 0.00227524939111023 0.00498864118526321 0.00243142072213054 0.00281235242230859 0.00323548722038636 0.00301119340446765 0.00307901068381966 0.0196037492365705 0.00333107916515774 0.00613736656224817 0.00261444431184388 0.00252007622371631 0.00235504211942339 0.00431407147736429 0.00286191696431726 0.00339645495024865 0.00554948030579927 0.00519528869370633 0.00275072320764325 0.00301442593522783 0.00456401325958944 0.00365523819432312 0.00305435471948523 0.00767691339486587 0.00287257489782466
0.0323024829047618 0.997161179390689 1 1 0.0050418640652703 0.00261440505655763 0.0032728297012784 0.00256082555606629 0.00246154105540064 0.00214214287427594 0.0107816763791855 0.00358342573287995 0.00333376995984269 0.00309422786846014 0.00403321085876673 0.00227792334772403 0.00237112672994655 0.00351894376847417 0.00498033759896155 0.00313651067174936 0.00267855170832854 0.00261178990019095 0.00338925420382419 0.00241016766874758 0.0025076059701713 0.00251589339335434 0.00287173681807062 0.00366798663436529 0.00320208877227968 0.00246491540148952
0.0605715807157305 0.726719159091119 0.999999999999797 1 0.00270847745985481 0.00248261223218738 0.00369171085773101 0.00597061642902585 0.00254022366473139 0.00293830949794105 0.00286537322915814 0.00255173737014891 0.00357696030721166 0.00249193855349295 0.00237704100618719 0.00294749109767878 0.00799662907149823 0.00527844609495376 0.00963006439248582 0.00353934687474755 0.00307768678652975 0.00224237214698075 0.00246997452938569 0.00290535567851469 0.00268226020658124 0.0030490635750412 0.00326626035190736 0.00285241394605484 0.00357217844247992 0.00491345891519135
0.140915712448585 0.999997323982347 0.999999999999999 1 0.00291124078866223 0.00368850452998304 0.00473181805042211 0.0038486983225785 0.00480945527048371 0.00471121291421162 0.00351209955159559 0.00445587451195806 0.00536776404613737 0.00379651732730768 0.00949052161238151 0.00501709479225454 0.00313123007873828 0.00338708356137396 0.00355844774009673 0.00331372006688802 0.00333690576042189 0.00369063660464519 0.00420722431284049 0.00356522535855186 0.00297011753425935 0.012546781337231 0.00357552810613493 0.00611629201319808 0.00324890719843907 0.0029848205617159
0.274080117081218 0.987799182275216 1 1 0.00334069134772741 0.00376789373192332 0.00325054560325433 0.00263327902785415 0.00502366572289081 0.00528450918057 0.00477324399188694 0.00394341462419812 0.00535426366086089 0.00329999517446999 0.00386080586053739 0.00346351742752771 0.00381679793820633 0.00365912157788262 0.00378013154799117 0.00403847008403846 0.00586357219591283 0.00314833935155723 0.00403515781811903 0.0047070807361006 0.00630359651277124 0.00340731810930994 0.00379803102559195 0.0063325777967943 0.00343750547669208 0.00424919500732368
0.0161080535549347 0.0643582787857779 1 1 0.0291046198375455 0.00151316282243963 0.00211335407212088 0.00175685461501396 0.00221893405942852 0.00212629501400563 0.0020873456326761 0.00202633225980919 0.00165942005104691 0.0023771394914911 0.00210670607828423 0.00202866761825327 0.00198311516513605 0.00341108618357333 0.00597127214673343 0.001613036777526 0.00167931893851547 0.00375961894316179 0.00162844958811381 0.00364169860892849 0.00476094342313838 0.00187335026755109 0.00273485205110635 0.00174153975522673 0.00352735498680823 0.00213510172364695
0.0618668350609352 0.833644314303288 1 1 0.0041358932674247 0.00253103593975834 0.00343792306399671 0.00270521807604607 0.00383953021594563 0.00235108226110603 0.00260649107168176 0.00342119830627496 0.00260811924263649 0.00304122037909671 0.00235899983983945 0.00303760453455593 0.00420856530830704 0.0131974703670473 0.00624832969025702 0.00261214397996135 0.00317154584775958 0.00301759751597075 0.00456832749707348 0.00274835485246605 0.00552616605488421 0.00263810706535927 0.00284862332196123 0.00323806146279371 0.00283140574463725 0.0028062436016647
0.0106160895160989 0.999919891701224 0.999999991005378 1 0.00247732417071655 0.00253474059151926 0.00172160173771418 0.00637074296654849 0.00227532604589098 0.00366471115392863 0.00174908790083084 0.00211619769137161 0.00382831752133395 0.00246662527231045 0.00198553813490843 0.00544838861307007 0.00306411059790324 0.00252339643903987 0.00244714218942321 0.00204742039567507 0.00256895422691061 0.00282491505278037 0.00209579799829673 0.00242787103701181 0.00225266153959724 0.00359352963648107 0.00193488617621274 0.00195397882766024 0.00579790162976779 0.00204932273363245
0.0396423732613067 0.337274507907775 0.999999999999923 1 0.0657190175014295 0.00290227514753172 0.00309814612244785 0.00287396099284998 0.00318227494991496 0.00250574755265953 0.00254669296548493 0.00224258190734061 0.00224868069567352 0.00229848977272418 0.00275668838994492 0.00257155907064055 0.00302385495550039 0.00281403361946009 0.00501551916074228 0.0023329826313091 0.00262344354348421 0.00280882093451018 0.00273711050770498 0.00306447083986061 0.00347795870025736 0.00243789253422788 0.00316803425950019 0.00367072412450198 0.00288810685959728 0.00264641171151991
0.122108999647823 0.999119584079126 0.999999999999969 1 0.00458664646665374 0.00696479986041498 0.00383089738069486 0.00338025929113872 0.00593830644252635 0.00411756066786639 0.00374135251784691 0.00416297588669434 0.0181929415988867 0.00522076900958268 0.00540033364568437 0.0112716385253767 0.00388830106639837 0.00357850332855592 0.0121964217134531 0.00323426033547891 0.00772851872148228 0.00548837620280285 0.00454425568107841 0.00465033414369631 0.00687208720213017 0.00330630516669672 0.00336211999654079 0.00321397128852519 0.00421817680792291 0.00299673229584041
0.00600873507002475 0.0533959758116844 1 1 0.00193253926006176 0.00150325635947779 0.00449432873152589 0.00261376896799914 0.00144408418507191 0.00128860618932536 0.00275626533652995 0.00158457870313988 0.00133092800446011 0.00329667936454303 0.00590245282549107 0.00168738554950798 0.00179875725313472 0.00181186917823817 0.00239678454443126 0.015904124222857 0.00564728378127644 0.00162198061158403 0.00206722935310621 0.00194294643795256 0.00151531865563548 0.0014900702142665 0.00705531105790591 0.00153676631758171 0.00317295565065312 0.00187739684359245
0.140434724619446 0.934640018752213 1 1 0.00326761492132266 0.00610685891063079 0.00282577517192484 0.0028909523868822 0.00231381708451228 0.00304215165496391 0.00260630464334077 0.00300970899204511 0.00526688038310463 0.00266854766832225 0.00299172953903248 0.00455918654752485 0.00249381512263291 0.00298071501668951 0.00271152159265453 0.00323958315211981 0.00358092642940411 0.00295738189292516 0.00276858647181488 0.00312891346387978 0.00296983860632216 0.00509594375094391 0.00239838466974773 0.00333100674376574 0.0057164829706664 0.00268827728048382
0.513008831408337 0.999739675274776 0.999999999999992 1 0.00355794242172336 0.00469075230528015 0.0055860699119995 0.00344637855648899 0.00414722747729213 0.00399250380921345 0.00379423811096791 0.0035692776016909 0.00444779116237515 0.0040812308594248 0.00349210741391393 0.00420636515183059 0.00530715676510563 0.00666241517141319 0.00313060303717994 0.00422583051733028 0.0039207413423582 0.00418356441084933 0.00363446339540585 0.00353200604268844 0.00493962316197738 0.00514626104270255 0.00353691993519689 0.00519330425109865 0.00357187571010087 0.00416018168837562
0.00542449251132981 0.993175353778697 1 1 0.00622500438425289 0.00290190804367019 0.00198227527821659 0.0026872530740748 0.00346468889483464 0.00229908313637139 0.0035242072169811 0.00221109927998453 0.00265686453140002 0.00270912912841781 0.00257259755280426 0.00206495788987815 0.00216509108319396 0.00372074689142932 0.0033423880389396 0.00341609883705674 0.00279734566873868 0.00290946621777077 0.00326625459503282 0.00233252180692234 0.00226038266436801 0.00236852538756227 0.00352017377172209 0.00279050457651442 0.00201853342097846 0.00238238694290249
0.035693469902075 0.999541257739702 0.999999999999926 1 0.00351264872428747 0.00406961166290043 0.00333107025398183 0.0111321907823417 0.00311323329204161 0.00845553695117307 0.00361211901491854 0.00308146129558062 0.00309825146862408 0.00452327679372289 0.00290936752430981 0.00428953697744816 0.0051320896350272 0.00359461489007029 0.00310633234589053 0.00327162342608889 0.00364755366250546 0.00381909467258146 0.00344391750285078 0.00298928736313786 0.00400131881665811 0.00336518979115707 0.00464667417551279 0.00304261143622331 0.00329916105571049 0.00435569163875049
0.0420285271532104 0.928614494774978 0.999999999999958 1 0.00253250620047096 0.00258064747581299 0.00268109945333961 0.00284680148773386 0.0063305516940807 0.00820943468791291 0.00392063984492763 0.00308055453959988 0.00483284699928321 0.00516164177990497 0.00205102403906476 0.00289780444393095 0.00248653964546042 0.00279678434196617 0.00417199065642171 0.00228438746988868 0.00261791089814223 0.00512789365166877 0.00212017588848867 0.00738221559172769 0.00596654281674047 0.00406305353809955 0.0095548432855227 0.00206673616039799 0.0024963777344551 0.00418028458316366
0.0770392392627589 0.719205611061443 0.999999999999997 1 0.00462107975055492 0.00276726328331545 0.00301197988880342 0.00291541873316514 0.00260636686660054 0.00295030866881751 0.00313883720426444 0.00307628375750113 0.00251804874475636 0.00275417004320033 0.00195380554927682 0.00411516794118205 0.002293404134038 0.00344703642083233 0.00459764294038367 0.00668738373404754 0.0026047265063287 0.00226306381133778 0.00371359211029543 0.00228864969006537 0.00489499956179695 0.00289222743725703 0.00265478418356946 0.00370263022169981 0.00521954327431196 0.00375451090502454
0.0107367459388079 0.995374262260076 0.999999999999982 1 0.00246636615525386 0.00242985466346834 0.00413062950355414 0.00258748975444201 0.00222965144458676 0.00536394371165272 0.00300458697928385 0.00280150672552326 0.00270779119483788 0.00312079601599724 0.00387808186371041 0.00251377842263645 0.00253248341988588 0.00237082329040117 0.0021071165399621 0.00234591177592713 0.00238430525085809 0.00281038456125027 0.00228828801297498 0.0030600308476636 0.00275949118673846 0.00257299094204944 0.00288184913681777 0.00352489561421798 0.00232902945823443 0.00318718682355279
0.0171821785097901 0.999854268682213 1 1 0.00249020505189412 0.00534226104458013 0.00283951981484831 0.00217800873376084 0.0060799877797747 0.00233778479126945 0.00260774575786948 0.00254519235854322 0.00197694856946951 0.00247454316626328 0.00209628031766385 0.00459137377433005 0.0020370958553998 0.00235271370510415 0.00239809689312631 0.00520062967488266 0.00259422207777171 0.00599775953434278 0.00340565399013892 0.00288960798118387 0.00233420919342231 0.00443256209846732 0.00204477572896822 0.00234580555690733 0.00277528669942362 0.00305225406047882
0.00593482331999362 0.994392967810961 1 1 0.00372064648626169 0.00352411826595911 0.00415874465560429 0.00373261343829312 0.00262869681969469 0.00239678529736287 0.00276063910716573 0.00370114934662669 0.00262057045409192 0.00300978983618005 0.0483923933849312 0.0026198809077298 0.00317541347198624 0.0105506077095744 0.00515868475730463 0.00287915671336481 0.00401017243246016 0.00318707924998318 0.00223350098392339 0.0034493200530501 0.00304407225675751 0.00333616230308631 0.00391658683949392 0.00286214294637954 0.00251052954895092 0.00240231176221473
0.0658799319833849 0.999991606995251 1 1 0.00304425993350854 0.00304803202941717 0.00426102354616342 0.00324167355280358 0.00665511621493786 0.00420142363656184 0.00328508998361998 0.00393369222573969 0.00585540181863264 0.00358125833411915 0.00331428787777188 0.00521866314518649 0.00332698709991552 0.00504600464201399 0.00356307215225438 0.00426560539848897 0.00319504507649671 0.0043742200175344 0.00300641852874683 0.00359049370196107 0.00418191232984366 0.00420791410280452 0.00671849193324503 0.0042991063365676 0.00850942643886965 0.00307040707354767
0.0178281614376485 0.958439873117313 1 1 0.00342647973705956 0.00273865881217783 0.0107771805363805 0.00331657936025143 0.00260340429128869 0.00791332505885278 0.00364624256035329 0.00341258515965026 0.00776739602859089 0.00239301228117272 0.00238977682166086 0.00961400269503143 0.00318445950576407 0.00423373161247753 0.00298522685696434 0.00297367552772909 0.00381313863865684 0.00319098521140226 0.00451303648662049 0.00586389767116124 0.0057794232998899 0.00417222917770821 0.00236126906967482 0.00769475255605134 0.00513206913866693 0.00238524514561178
0.0110651973534613 0.999664607861304 0.999999923563485 1 0.00292455035187311 0.00273203319525128 0.00228412768806108 0.0046486097937497 0.00252321864696248 0.00214774807184848 0.0023014191271703 0.00206904212384063 0.00240052467954388 0.00213613958538827 0.00228150441158093 0.00223785814042432 0.00235607543627314 0.0023392072155165 0.00482123068634177 0.00231746144735101 0.00417334153477578 0.00260974002296355 0.00205569985964593 0.00222705423362823 0.00308271117067105 0.00240461462186581 0.00219564777932324 0.00241605936972245 0.00908698958530696 0.00248494434479263
0.886057493968447 0.816223241226808 0.9999999996219 1 0.0159548726792722 0.00366957252162692 0.00342992522836938 0.0089055556654567 0.00318017069460108 0.00489862935972363 0.00429377501922934 0.00298421759471668 0.00466989298541309 0.004246292344395 0.00336221726202879 0.0050394426394027 0.00326043294941947 0.00324822217226428 0.00379072774183997 0.00336860790156734 0.00321725731271882 0.00492420119978698 0.00412135330083263 0.00337717042615349 0.00465710797270791 0.00327511024137239 0.00304511542743713 0.00320161400113883 0.0039477961345199 0.00406645009315454
0.0611791314655327 0.996063516522831 1 1 0.00308855516231332 0.00293915700181946 0.00308485058778318 0.00533910548667194 0.00245431994230061 0.00291631783583257 0.0033557452050913 0.00315512329752343 0.00288035233312856 0.00234581233014886 0.00445550252136584 0.00851450066598769 0.00244628635476296 0.00268140789476368 0.00337022387683383 0.00403909201220998 0.00305081136198893 0.00413865922091794 0.00681970893065387 0.00284371046484322 0.00332855031490131 0.00342857765988736 0.00343138077821226 0.00309116074064331 0.00259261003535105 0.00245620440000971
0.0192470669143578 0.473979520954397 1 1 0.00189468693009098 0.00251083620676262 0.00291680415486573 0.00204376766814995 0.00181595975093796 0.00177831896388503 0.00234107345292944 0.00177300209414777 0.00184496867325501 0.00203281588934368 0.00244807120373425 0.00269482174733726 0.00548593761347294 0.0022689522246625 0.00323565459307096 0.00238748355929708 0.00214496967455424 0.0027549505313087 0.00493997556858095 0.00251807306813501 0.002393850827624 0.00350253583530524 0.00203826286465147 0.00304181865970798 0.00249593842919149 0.00305100430093186
0.0194327153256387 0.995882190823551 0.99999829630783 1 0.00284030185151318 0.00325945578728037 0.00385848071622708 0.00288346261437333 0.00314216950769619 0.00303020217669214 0.0089071829533377 0.00281117024239075 0.00428562476483796 0.0025125361301197 0.00365118854415625 0.00295906849800187 0.00384783116512155 0.00329311553453249 0.00297439444154424 0.00330313008794603 0.00302386406354449 0.00387108247480106 0.00381344877772261 0.0049188523466891 0.00288246184826435 0.00313001365172216 0.00328913713075296 0.00881097688507437 0.0028769175769715 0.00289321433495815
0.00780613620902637 0.996761241181296 1 1 0.00222249553415121 0.0031485884576653 0.00238353687102333 0.00410973690104333 0.00229701938935223 0.00423033672619499 0.00286697781238232 0.00241880681836215 0.00358152819598567 0.00261922537520998 0.00271472520771021 0.00338339937554011 0.00249965236015393 0.00434909074851375 0.00511130295311668 0.00418028714171403 0.00438573491261673 0.00333317996531357 0.00266960247554338 0.0022186907351206 0.00289284511718768 0.00249827212968934 0.00251010607059832 0.00293665382332042 0.00300300411294152 0.00728193636370267
0.0158637405919528 0.999999999959405 0.999999999999997 1 0.00491081351032874 0.00439378134863244 0.00411664045881355 0.00576373571883082 0.00353111018943986 0.00437005668945878 0.00455578561816805 0.00403171121687329 0.00432439864097134 0.00398222853658714 0.00397261927976533 0.0039165996854893 0.00408803289789583 0.00360805173550593 0.00453076148580422 0.00439557103637345 0.00529321629057011 0.00389458272659904 0.00359053011207056 0.0064881045713594 0.004236964789049 0.00470887836835132 0.00559613894721178 0.00384288017793399 0.00515023652997837 0.00382578061402827
0.0998104739884008 0.935473755371177 0.999999999999958 1 0.00358541592072792 0.00275954066537776 0.00309868225461052 0.00277442172291653 0.00562917551441289 0.00301571937628953 0.00370363084338809 0.00867913919222851 0.00307698380609545 0.00290651859117463 0.00314451789983927 0.00293119053414437 0.00318528925107353 0.00417209745789415 0.00432715034719533 0.00324356604977039 0.00272013390655357 0.00462438873971016 0.00357545528503833 0.00318049180247781 0.00740676356492698 0.00604559619149903 0.00283244509772573 0.00527776404351588 0.00402343294339913 0.00316492168553517
0.00998989272289763 0.958275564851936 1 1 0.0027021690881327 0.00203996438060772 0.00273464265311429 0.00238324706562043 0.00242761847772832 0.00405651899713821 0.00238535020774922 0.00282330155346666 0.00258267351081953 0.00371157746908102 0.00201401912892207 0.00218133449842572 0.00310422064257576 0.00230134080047006 0.00312097685793533 0.00186313519748427 0.00269520801386258 0.00238193504648532 0.00282997345168701 0.00606092123024005 0.00302819228937912 0.00209072107315988 0.00250843942270573 0.00279427828014844 0.00288645172275337 0.00285721343850298
0.00671531921015522 0.80449548428893 1 1 0.00190168825427839 0.00303839885279755 0.00331467338966807 0.00222296228234953 0.00252439920401437 0.00312427471595755 0.00233084681548501 0.0019526899525768 0.00586335359876611 0.00209905740680649 0.00275133864343835 0.0025493232593593 0.00591186431203838 0.00226268394273244 0.00591319204211338 0.00210582950440263 0.00222537863757888 0.0024186320901417 0.00301122758791195 0.00290020920627032 0.0023670552246845 0.00170778424965501 0.00231681856627963 0.00220048396563466 0.00381728948950655 0.00221255472910209
0.00587779074589245 0.256180598025845 1 1 0.00647819825810714 0.00196257608444428 0.00271542414746651 0.0018442264638614 0.00253005812722029 0.00185719879999446 0.00214339525051332 0.00527650084255649 0.00262432330111795 0.00509262801957244 0.00199749662408033 0.00179925948002335 0.00177540796312015 0.00182685207374234 0.00230122986109338 0.00263302150463407 0.00208114517722058 0.00232103566968289 0.00265968724012866 0.00309453568979079 0.0019128681217776 0.00310503868537215 0.00273042662975709 0.00227082148973357 0.00226637151760889 0.00175259038760389
0.0177877277841908 0.960918325661044 1 1 0.0033209529154492 0.00261699724708331 0.00219677492038772 0.00324722753672768 0.00262035104674807 0.00333158697173774 0.00326828302432269 0.00235838511685271 0.00210958669098038 0.00251335569852174 0.00267556302434413 0.002585441180466 0.00221233854927949 0.00342959351293892 0.00607115998160879 0.0317851691163119 0.00239201352284624 0.00497308816246156 0.0026213773789312 0.00248914035558645 0.00449654505354191 0.00407871752609412 0.00201843920936406 0.002311316827728 0.00465095489786826 0.00499545437859183
0.0234137656920438 0.99416373788214 0.999999770445356 1 0.00426722098108323 0.00419100639141867 0.00425992984655676 0.0057198950937476 0.00350654118295046 0.0032484649213449 0.00276378208544648 0.00499129043614266 0.00292521169972648 0.00593530547097687 0.0066706808869722 0.0040269663318514 0.00256011949636459 0.00283647590214231 0.00306668294404511 0.0092821638810654 0.00365183222622001 0.011076897793696 0.00272046057618192 0.0141642417556576 0.00475561844755701 0.00687600061306382 0.00261599938393109 0.00296564411490496 0.00421873584569854 0.00347221660777353
0.0183016893524519 0.999935320155168 0.999999999889206 1 0.00320453019004918 0.00443493366699699 0.00372168422910379 0.00369670002573852 0.00739316388797517 0.00359871321071636 0.00347507448345297 0.00525189936133785 0.00429075894512787 0.00392039529882982 0.00344291621912307 0.0043478173239353 0.00364650187847848 0.0035815913414714 0.0042167783605499 0.00407625517731003 0.016391925566577 0.00411541534516902 0.00301404728637755 0.0212982108945646 0.00378394368870627 0.00486215442485249 0.00557425597603478 0.004538793119504 0.00489606545485111 0.00733295919647736
0.0237438268016193 0.999948806361835 1 1 0.00552289733784284 0.00301471717778889 0.00296868901692371 0.00273283797315327 0.00661756731091456 0.00768670348532696 0.00230785712476167 0.00395192676005451 0.00231265106684553 0.00314420580776176 0.00268413392412681 0.00305422629965313 0.0028948942076561 0.00315488913450057 0.00224987753681249 0.00305440846380123 0.00490057133693644 0.00251466890842011 0.0030211176819388 0.00350244100215402 0.00244870238178596 0.0025639784027196 0.00254668310587058 0.0033181688853583 0.00242035627283232 0.00374593858863292
0.0546082118395493 0.977622784357302 1 1 0.00544505406302209 0.00577900121960229 0.00252388614313193 0.00488253148587969 0.00318820709348044 0.00609436441182265 0.00215552155155718 0.00269086258116857 0.00270752038627531 0.010756227190602 0.00298103582442621 0.00261087775705382 0.00309831358432666 0.00240929030671078 0.00245309129359561 0.00219109450970756 0.00320009670228427 0.00189555501505256 0.00237173914114241 0.00245813992055754 0.0047185227448524 0.00306274716909083 0.00350330283539557 0.00279390346816943 0.00613551518889499 0.00366280202626479
0.248218862753733 0.980328958697014 1 1 0.00362112546198223 0.003784261630282 0.00341297015868025 0.00552178685972959 0.00323973281829915 0.00320443247923741 0.00333321292437916 0.00474905484019417 0.00490587212291727 0.00382139743877408 0.00333542636307904 0.00328534500907518 0.00348635582368295 0.00292677915010886 0.00423537844272126 0.00445842351868808 0.00535137355966731 0.00331734205599366 0.00359275421914784 0.00446147932933461 0.00388603446135727 0.00374828316258391 0.00305201298891278 0.00355376354149195 0.00347889435743709 0.00435637552363755
0.0132921159735921 0.999610794124445 0.99999999999999 1 0.00316912696767735 0.00262060278359377 0.00395090840622048 0.00270483771204066 0.00468556944430021 0.00308113941710186 0.00264722898830527 0.00340948235961014 0.00348689068851371 0.00311280618527121 0.00509398596970034 0.00292403711890832 0.00292358850721097 0.00378262438661547 0.00355812995603988 0.0042274527320062 0.00289626331850168 0.00398427076731389 0.00253280103852782 0.00312172129805621 0.00673694300732697 0.00299265738131271 0.00301146142403508 0.0027403431704689 0.00305433915086162 0.00301612913472926
0.0133470888069743 0.967582430615653 0.99999999996338 1 0.0117429206472086 0.0026800299346631 0.00260868952872217 0.00588790423521535 0.00391139897287462 0.00227655217950429 0.00263865910580263 0.00258286851863709 0.00355082099389892 0.00344840458260098 0.00259059211042167 0.00553752403520547 0.00280390291808441 0.00459443201703413 0.00234022133572198 0.00304511119132522 0.0029911251999849 0.00296406730746435 0.00220322087719771 0.00349373934413877 0.00240197437798806 0.00226695028697843 0.00505363404471726 0.00272164725066848 0.00293231844965958 0.00261673937326323
0.0671247963811429 0.962395812719092 0.999999999723956 1 0.00357956649531566 0.00818782576892674 0.00373942511693526 0.00276004741154989 0.00336288110588534 0.00265523111825572 0.00317267958974787 0.00316512769324395 0.00277169308078051 0.0046870799126838 0.00260464857864262 0.00355395546057002 0.00302132229733276 0.00430958601285836 0.00299173320136503 0.00371461184564059 0.0029207071331977 0.00269241577428481 0.00226882019943531 0.00277871285716047 0.00241442211997955 0.00265324345654039 0.00262317530671596 0.00301843189640127 0.00343309967138072 0.0030050864508181
0.267145297092243 0.995481899888369 0.999999999999998 1 0.00660210127830529 0.00346416172205777 0.00444936492003178 0.00331730871045521 0.00422210391427602 0.00332684127727267 0.00512028127439834 0.00417967966902288 0.00737287911758167 0.00458755693650281 0.00307073321602802 0.00520261409762646 0.0088141631100479 0.00487691029189863 0.00401071070842018 0.00330393636767212 0.00378848912902441 0.00366017309521383 0.00501016494004636 0.00402577857972608 0.00697169222540339 0.00614339741021397 0.00361698082738826 0.00357508125668138 0.00295559479143892 0.00296668261205846
0.0367047245021727 0.940864986806737 0.999999999999984 1 0.00269188173494272 0.00295675642645821 0.00471136350204582 0.0127047376747585 0.00267886199721012 0.00429172900782593 0.00472728936137523 0.00284604984105941 0.00498399302350816 0.00439252966338366 0.00427255215408229 0.00766615873060139 0.00412178205807212 0.00313677021308845 0.00814614422608539 0.00688687829955958 0.00288236646359308 0.00297202687203801 0.00275529191790591 0.00249034235447143 0.00286342429590691 0.00275840259362525 0.00748909282960664 0.00300102938408331 0.00284651083375609 0.00647991583371066
0.0126963012130793 0.982968236496744 1 1 0.00220663069325033 0.00186894891180256 0.00223915164289545 0.0019976679192939 0.0023854065067046 0.00239277761167056 0.0028440479686056 0.00225144127928356 0.00319635245313998 0.0115064093739304 0.0023630548099508 0.00245672987935319 0.00222067161617323 0.00254414243981993 0.00225310445879967 0.00315384242210115 0.00258918294388766 0.00268608782458013 0.00186319927463463 0.0018061233963742 0.00223182206659611 0.00255879192464525 0.00235721356560636 0.00179035344691336 0.00215018351241936 0.00198782421144761
0.0277552446213059 0.999681587900429 0.999999999964232 1 0.0034246439505029 0.0025166749319645 0.002713280627898 0.00442357327834375 0.00293327882305838 0.00333284394990907 0.00310910760640593 0.00311756121694851 0.00348959446699448 0.0027495835231488 0.00308112152125772 0.00289649050759777 0.00273404561749346 0.00640489779456144 0.00580564644115 0.00315177603663286 0.0099233449086763 0.00488314715415006 0.00700621030912618 0.00263552833151648 0.00264307681702647 0.00280921566738257 0.00261913979369555 0.00361606195734421 0.0300427091689565 0.00323211315440819
0.0102858946972717 0.999992495435516 0.999999999998159 1 0.00496882292569145 0.00351711114698816 0.00437690899071153 0.00311151509468977 0.00294380927894133 0.0109389422489198 0.00444117771612673 0.00308506482188264 0.00252879884966106 0.00410913580571926 0.00247322589582522 0.00617935741244158 0.00571389068221029 0.00268473147404125 0.00390017399746523 0.0101468971057199 0.00512012549041962 0.00215260416351326 0.00454761600341436 0.00346772947846952 0.0027967291152835 0.00254314100160113 0.00321863107498854 0.00336951326574075 0.00363298175744153 0.0043726925070845
0.0843665868993901 0.999570824533646 1 1 0.00263001540961405 0.00318419657902369 0.00849411134947786 0.00770757720591375 0.00315343133890555 0.00381391146667442 0.00321345639388659 0.00330358367114603 0.00377485585651294 0.0220935793475471 0.00327390043006071 0.00323516676543778 0.00393784058135416 0.00492745126216831 0.00664944400752221 0.00323686028246795 0.00598878045897921 0.0039527112181369 0.00313858590926608 0.00884251334739339 0.00389276285544438 0.00302898643891947 0.00357357251646562 0.00325717916372992 0.0031842722835258 0.00323918627635422
0.0765963136785023 0.619724968095577 1 1 0.00607667007304813 0.00266602989956144 0.00267884927067941 0.00268473005065295 0.00240890415464212 0.00268124905445877 0.00331967411167233 0.00450238007426262 0.00321978166143422 0.00330417255377324 0.00292132397396383 0.00259652705948188 0.004694582650284 0.00484542446367453 0.0034473018473743 0.00351162926166315 0.00248338404146997 0.00301501380692937 0.00300400336247808 0.00268611625038995 0.00288153486526599 0.0025658531650099 0.00251923076491356 0.00260894069508477 0.00326498953082666 0.00333077076473709
0.00854591728232745 0.519742029544231 1 1 0.00280156305325541 0.00331726477160177 0.00394204739861004 0.00888298497747553 0.002666408922543 0.0031090239383238 0.00285750975170174 0.00241232336958275 0.0069506936150282 0.00235707100610261 0.00380352580208432 0.00218373284395268 0.00209939515404611 0.00205391209433803 0.00328885315660776 0.00289305961318953 0.00521575193070323 0.00325177541472443 0.0023958183761783 0.00270400726218267 0.00308360060605883 0.00230944804989086 0.00233654440770192 0.00274454684028536 0.00260210207862965 0.00266441335533729
0.103154475466418 0.997164115571451 0.999999999990231 1 0.0035207788900965 0.0036216843858059 0.00302513639314317 0.00331337390494202 0.00310855366742391 0.00287520138584063 0.00262710908386832 0.00289099639693502 0.00352241356740302 0.00407805475045264 0.00281129680030223 0.00347809852751213 0.00219165379612574 0.0031747482578609 0.00330455530589369 0.00394592087069723 0.00320271502052072 0.003011361262094 0.00308835475852676 0.00314541147223169 0.00255906352323743 0.00312813684322222 0.00386945470543343 0.00307430363053152 0.00294743983343504 0.00284250057389934
0.041237760522528 0.620924010568832 1 1 0.00287028174602388 0.00557066068915135 0.00321152934958291 0.00841602770489469 0.00230554765722357 0.00261857147015243 0.00387260970338354 0.0110969218016732 0.00270168637963197 0.00408045489606412 0.00254828984117283 0.00528913951641163 0.00278171730331822 0.00274475021902643 0.0176555417132016 0.00388130858241353 0.00310837824693633 0.00286377812893468 0.00242622196566211 0.00366480701876781 0.00336188596407938 0.0032103338262115 0.00475932737582985 0.00293156243588044 0.00223442617048808 0.00375954503637244
0.0121629599323952 0.676942011534916 0.99999999999357 1 0.00209028761146091 0.00318684015522597 0.00247114546937 0.00311794332770021 0.00258091018318185 0.00248153342251889 0.00235151433382308 0.00313653010233184 0.00226913648918703 0.00230226968185554 0.00723421096660926 0.00375259957321861 0.00236742387652045 0.00420792287470018 0.00334926449293171 0.00360843733374561 0.0055878629707965 0.00211796323417934 0.00250679472168358 0.00229845056188249 0.00266120304602713 0.0023988641546614 0.00443524262469985 0.00451306787638195 0.00177457791266844 0.00308348523335222
0.787776830595001 0.999538252086886 0.999999991848824 1 0.00459872282741303 0.00384323572496703 0.0189437181243723 0.0038476243657195 0.00482620952324375 0.00432999798623046 0.00444989839729293 0.00680388090788153 0.00441764127512712 0.00453364847463344 0.00630069767233921 0.0243754980392351 0.00407831375115186 0.00380939768941468 0.00484592640475301 0.00417082269886193 0.00437648681562142 0.00525205971732989 0.0084181191719892 0.00379619186563207 0.00392815528411017 0.0114130796611802 0.00343642053685045 0.00313627288934026 0.00380109025025233 0.00402017976722402
0.00315917985860747 0.999955943527153 0.999999999999961 1 0.00380034010802477 0.00209104725207565 0.00338062566619035 0.00299276449708785 0.0026605502615743 0.00394697703769431 0.00314058629341385 0.00561737534706186 0.00249533145568881 0.0018452001576631 0.00290142445211961 0.00177745726544531 0.00273724451892365 0.00206014827360645 0.00374759832657434 0.00254023695213801 0.00276331152036957 0.00246218475452198 0.00285795590539939 0.00238045260702135 0.00212342328602633 0.00272631427016545 0.0035556650779659 0.0028507920890708 0.00417246845967423 0.00258815609973351
0.238140637395052 0.987720001256466 0.999999999999911 1 0.00386033801426366 0.00861564720817465 0.00605237101672773 0.00433220614999219 0.00390672517117008 0.00353699783497385 0.00359220792619908 0.00292118541656605 0.00364209405077154 0.00364044072285685 0.0108719051159309 0.0032475816188835 0.00355905533939083 0.0034908281620134 0.00308581478560122 0.00412134340002468 0.00310080297650173 0.00559828355962688 0.00674208429613421 0.0155462313573838 0.00371256928270625 0.00399004527116897 0.00317038395970559 0.00412568298524585 0.00307115978042838 0.00298771473404846
0.00547720618812886 0.998465366035088 1 1 0.00257447139890765 0.00251255404563178 0.0021209924693576 0.00328686882267737 0.00228713904462408 0.00270471203980227 0.00333134436336102 0.00259896941920967 0.00203124005594635 0.00314863634868945 0.00258417055123483 0.00252927426057659 0.00332517480360195 0.00228839720774998 0.00203658266302165 0.00245107647042342 0.00229848792659726 0.00338875173492592 0.00199797421297376 0.00260400643166514 0.0024903920797078 0.014023731341315 0.0028506248913398 0.00257269042250996 0.00257302777337365 0.00448694218328183
0.062267674711734 0.0628001207835779 0.999999999999969 1 0.00306656284171292 0.0015369050580375 0.00186849381161924 0.0023232006847016 0.00186668674208357 0.00221879224215471 0.0019200658326699 0.00159924307818737 0.00183049317038919 0.00237620713382858 0.0127499414573364 0.00205620774572002 0.00165321783051342 0.00142634246678264 0.00161037573532752 0.00206361352093343 0.00697305742733312 0.00155780364015312 0.00371784533193908 0.00179553027008106 0.00142646492425913 0.00142064891125904 0.00358490267163769 0.00273099759869089 0.00156486583921189 0.00380239384491365
0.0105404919306609 0.690254736437465 1 1 0.00310930648072383 0.00394569392477906 0.00303360315087753 0.00504849208542502 0.00284271756268895 0.00325975908339637 0.00321099053792506 0.00408712337493189 0.0033139327413656 0.00256124091746679 0.00226270820426977 0.00326228042629162 0.00322347575252213 0.00438612721373133 0.00285728757117709 0.00526441887140428 0.00239826628556161 0.00403565008728812 0.00314675854283231 0.00720903589346267 0.00238656411352289 0.00250642191236705 0.00395853532478685 0.00308925636308632 0.00843686270707733 0.00254820684305768
0.00526387534022699 0.995780160839164 1 1 0.0145890457261301 0.00298307433693124 0.00477441017489988 0.00354614708762691 0.114740517403287 0.00365296678758398 0.00468617731774224 0.00265636366048627 0.0038838116437121 0.00273152430682388 0.00578179416420344 0.00445725828916055 0.0032500700850846 0.00574498434593984 0.00453948879073762 0.00297933045263599 0.00340605554668638 0.00716981890177315 0.0187857467805906 0.00476499375163231 0.00311137788624938 0.00382075057532538 0.00270832215149197 0.00414208760531198 0.00310003524801639 0.00704059625839781
0.00615319363945532 0.138418357601249 0.999999999939372 1 0.00240066247739468 0.00171986643288424 0.00193432981161334 0.00191279129079336 0.0017688699229399 0.00151523069527315 0.00182372697521571 0.00246641843656892 0.00432854300920937 0.00165128884584198 0.00177883658356293 0.00224523857639225 0.00212635695088459 0.00186846472580693 0.00216080855171852 0.00207207829625466 0.00218410003105973 0.00254752070208286 0.00172625812881944 0.00232177745221751 0.00197286010430087 0.00196233453956784 0.00187917513109104 0.00262378343334757 0.00185831565045402 0.00165961583218766
0.00388819730278245 0.657553099399775 1 1 0.00251184143908312 0.00280991663101782 0.00357576771300883 0.00288946242321908 0.00369805946969248 0.00291365748943684 0.00246168345311637 0.00209916188941284 0.00476386389823069 0.00221274825732021 0.00407437029807434 0.00270935936014027 0.00275718526484869 0.00343023144302934 0.00284502195947556 0.00559803576104845 0.00211941906565905 0.00195722019126332 0.00282359472186489 0.002249661034878 0.00230993589522577 0.00575731266566193 0.00214684141760557 0.00277482996736844 0.00288220516019011 0.00218077501788838
0.00615319363945532 0.138418357601249 0.999999999939372 1 0.00240066247739468 0.00171986643288424 0.00193432981161334 0.00191279129079336 0.0017688699229399 0.00151523069527315 0.00182372697521571 0.00246641843656892 0.00432854300920937 0.00165128884584198 0.00177883658356293 0.00224523857639225 0.00212635695088459 0.00186846472580693 0.00216080855171852 0.00207207829625466 0.00218410003105973 0.00254752070208286 0.00172625812881944 0.00232177745221751 0.00197286010430087 0.00196233453956784 0.00187917513109104 0.00262378343334757 0.00185831565045402 0.00165961583218766
0.0752662916817064 0.962868504735814 1 1 0.00304158102906182 0.00238627612171149 0.00284527153267455 0.00343724679332347 0.0027157615172575 0.00263362262331457 0.00323445271349609 0.00198384241499505 0.00257113869361636 0.00324828718380343 0.00391282108092705 0.0042442375017252 0.00315760923463249 0.00295931012900685 0.00431555694597796 0.00318859491117895 0.00315243802532716 0.00971778141165236 0.00301646015149493 0.0025423321879956 0.00463626793648686 0.00455395676130299 0.00301572683388207 0.00264835333229341 0.00222858145957205 0.00383893080614028
0.0173007222528515 0.998553650721929 1 1 0.00231720232736665 0.0040134436417627 0.0021707406965864 0.00254368648884717 0.00260199983341425 0.00245178873548546 0.00223049255176 0.0026162216439698 0.00246291211567029 0.00258811306102436 0.00205786065791203 0.00527871810210045 0.00244709929884179 0.00306597923383811 0.00237603585168011 0.0037126034210716 0.00206765465157488 0.00280183343554363 0.00294168726318778 0.00287619635594427 0.00452435332978873 0.00204433823924122 0.00346759327471979 0.00353582489430049 0.00390327198095719 0.00335421409539227
0.00717702545128984 0.99967282441578 1 1 0.00398583475626058 0.00573361544444961 0.00348467727806134 0.00589009988671629 0.00327554303390143 0.00518373047560994 0.00363029036653129 0.00357983278997775 0.00364684269521431 0.00356905238156235 0.00295346445865452 0.0028739534451776 0.00325987816070406 0.0036898363200657 0.00395188479296049 0.00392470102183995 0.00268015845083025 0.00282203113782409 0.0060007244774235 0.00347599866580295 0.00279219392229446 0.0195684602967909 0.00423171645358555 0.00399520971584633 0.00290743392858972 0.00407488758384356
0.00451364697261569 0.998759750350305 1 1 0.00199723059693779 0.00245780635389548 0.00242622257025848 0.00331162531639817 0.00462303819552556 0.00343425032589806 0.00285614230638953 0.00252248326699112 0.00209245046765671 0.00327730552180527 0.00307504882414678 0.00643780725931697 0.0051585651070879 0.00239138533561345 0.00294220332828998 0.00205694482566232 0.00352276788114558 0.00192024699946125 0.00267909843287406 0.0028720767396917 0.00242493981320224 0.00211736347744418 0.00400537330967976 0.00392389686612149 0.00243483701360403 0.00276095510240126
0.0185995111508168 0.806842777782226 0.999999928355842 1 0.00234152259904663 0.00273319018574869 0.00381933602052553 0.0022346498740482 0.00203392692080662 0.00254244502221657 0.00454987066818324 0.00265807163263876 0.00227607412663378 0.0020716354106054 0.00232934995480338 0.00228314140795915 0.00252660638640279 0.00225524031447433 0.00334308433913943 0.00300984660821646 0.00275242349916682 0.0023273418260582 0.00300251618841496 0.0048937522110567 0.00252805945963974 0.00191101199029575 0.00240681427152389 0.00215730096602085 0.00277571608500893 0.00530527117762269
0.604269081952704 0.842424346784727 1 1 0.00851015473218597 0.00456664713861366 0.00386709077333669 0.00558599312516095 0.00417679829051554 0.00554659699127902 0.00374290736400129 0.00329041964795462 0.00341926524574443 0.00454364571938526 0.0126831433521036 0.0072226418034963 0.00363471567197671 0.00955126584567356 0.00402223624682729 0.0154711192981312 0.00338083110319742 0.0041977590433635 0.00406090604056519 0.00363431847827111 0.00368701587569975 0.0035957455940312 0.00657229507496437 0.0036045837123464 0.00332497637503182 0.00373590200188223
0.0289949014998324 0.998960437865415 0.999999999999994 1 0.00274210520739826 0.00324029646264523 0.00295000848023719 0.00243732023600107 0.0033369925489144 0.00220106783460883 0.0036198931357857 0.00379306910753696 0.00243991245386976 0.00424151143697993 0.00557482881860494 0.00289857073163591 0.00220395015719976 0.00437567218498913 0.00238011930404436 0.00284429188873359 0.00229154650076369 0.00369647299105791 0.00356895953915148 0.0028892510381906 0.00271252734300653 0.00248962829902688 0.00233066432913598 0.00527131125719993 0.00270563621442355 0.00473031296573057
0.252785114011262 0.999756682435415 1 1 0.0034263102030675 0.0035642095642634 0.0318673254022769 0.00629008344380078 0.00546217561827367 0.00380967275309096 0.00437133805888634 0.00447109473553742 0.0050047969609841 0.00505807259539648 0.00496274528911922 0.00481191382645862 0.00337907001798421 0.00563790248195251 0.00392154417628987 0.0056986564570658 0.0124525021400785 0.00452588608931637 0.00424261696195272 0.004601644933379 0.00327868886428917 0.00547346743908861 0.00416194269217074 0.00424939654856349 0.0041130396267216 0.0042698383686578
0.806867197223503 0.999997616510677 0.999999998845375 1 0.0053112526818212 0.00503414715030814 0.00457746428382366 0.0106985355216429 0.00672237250820873 0.00391105993816754 0.00454301915158095 0.00453573763339132 0.00596968251859631 0.00458743055581057 0.00493144110703436 0.00647530941228525 0.00373688091684687 0.00493158015720785 0.00386780024186217 0.00348717084550609 0.00431941515630285 0.0042144043695761 0.00474003803055845 0.00545958766792609 0.00404732882301706 0.00685608372711521 0.00433235110794639 0.00409914264784073 0.00359205390467876 0.00339437076119598
0.295729444207574 0.876626028143847 0.999999997268895 1 0.00509229019130775 0.00475816642069926 0.00408030206830889 0.00302164503313251 0.00713917650865692 0.00840365646528252 0.00336446348396224 0.00512651218490623 0.00361598638932181 0.00352369006185471 0.00446544650775127 0.00445159323615318 0.00412576480620352 0.00415146956745449 0.0245970947929185 0.00393034797870673 0.00362584187839932 0.00599838902961436 0.00378048181666246 0.00534534760745253 0.00381810538059058 0.00684927626531973 0.00703170516490181 0.00375474608686199 0.0112656245337522 0.00391107050458883
0.0259566096081926 0.994657962084613 0.999999999999994 1 0.0032869785237617 0.0120532925955839 0.00311830487334952 0.00281092963457041 0.00307567418320931 0.00269545360964518 0.00337633681578209 0.00323710621344242 0.00405297852480402 0.0039534760624228 0.00268719819808083 0.00259459794665562 0.00584531436504176 0.0032581101388498 0.00441786463615934 0.00449004963236921 0.00260218619408481 0.00269972112944583 0.00264490073812262 0.00366839518184114 0.0046940690362145 0.00369966014320644 0.00322346086534275 0.00681808028873065 0.00422127790933635 0.00287026631825138
0.166505060118019 0.942854000549655 0.99999999999351 1 0.00434656950253098 0.0134539046424531 0.00360153206142155 0.00422696008620538 0.00360154882466091 0.00379647774744374 0.00503456642331879 0.00328428861697194 0.0146929641267037 0.00605367639355536 0.00332396047967742 0.00421730757927608 0.00274882490203943 0.0039365117149528 0.0041970772158999 0.00303270294899582 0.00295219817394665 0.00344346739778822 0.00550529053762749 0.00570177085214862 0.00435131486258311 0.00341396893782364 0.00339970652999044 0.00316013173536189 0.00356876029987307 0.0064212811432709
0.0513574603460935 0.851895487324649 1 1 0.00291816124866418 0.00199295763771246 0.00443274461542154 0.00875425295276844 0.00249302434957333 0.00269188368229845 0.00351841153373988 0.00250784715958097 0.00224100022577156 0.00215670682141023 0.00225925897139745 0.00224835169113047 0.00318935790613806 0.00269678758953062 0.00209592812380077 0.002415104080289 0.00506659011348209 0.0113435071015167 0.00201660241341806 0.00249278264609187 0.00283495093334873 0.00177763393368258 0.00681912072271029 0.00222011451536908 0.00268400662411761 0.00215185918937977
0.759891213398534 0.980142959058341 0.999999999999977 1 0.00333385893399107 0.00450035700297124 0.00721174153079773 0.00364469850993521 0.0042332122158184 0.00485004926622046 0.00359926662110366 0.00407674758448595 0.00420341930831736 0.00408616058830913 0.00423592005294648 0.00425920995721751 0.00484299806668709 0.0040093324525583 0.00584768563422089 0.0100075890752326 0.00477129798811537 0.0038244634063439 0.00611788983302441 0.00381809986300241 0.0035105468898311 0.00466899118160569 0.00442475760459859 0.00356203421335666 0.00404340686161053 0.00422039803249252
0.0891827951274228 0.993607277163361 0.999999999946189 1 0.01327002008346 0.00449456948445603 0.00424488469488304 0.0039451334456343 0.00410124207441331 0.00343164193097989 0.00310005590176265 0.0331263084210929 0.017078816979788 0.00363980096040584 0.00294895224875835 0.00400943693260425 0.00492963417668557 0.00539463804954998 0.00412295130609841 0.00284416062271942 0.00417973157522777 0.00520023697176475 0.00452816204215889 0.00311214658511938 0.00275555347541423 0.0061172980239883 0.00342408713866948 0.00331385489407576 0.0032953181556441 0.00311439918041478
0.0117542209106584 0.999351726071793 1 1 0.00498626060911289 0.0045752551055539 0.0267855819393393 0.013459257439677 0.00301282521020374 0.0049377578269546 0.00286106863051649 0.00301420079001702 0.00385544803536941 0.00318457056990118 0.00301135608407954 0.00493585060602009 0.00404951561536149 0.00409308846771417 0.00394691295695537 0.00665718245092017 0.00598821137446648 0.00352457634414138 0.00976648272929426 0.00281528568785594 0.00290436358178325 0.00376802490939332 0.00317049412719805 0.00308059855876819 0.00573713674157994 0.00338966543204866
0.00776650183094763 0.999961039263929 1 1 0.00268977674452875 0.00261628008305936 0.00256186108843981 0.00248985613308228 0.00247998986559839 0.00254131170220939 0.00285925238074469 0.00264829172232217 0.00225688038410166 0.00284202526442878 0.00300358308978033 0.00218488543626916 0.00236282346086969 0.00226970360594914 0.00260754229200477 0.00241076533679296 0.00225979448275027 0.00513193245112509 0.0026045250065081 0.00244189362343472 0.00307163868652061 0.00255784989888663 0.00298701618846831 0.00248458108984317 0.00187963845382866 0.00324065266932161
0.0926499793597177 0.796783800530856 1 1 0.00438223221121536 0.00248036064387935 0.00238387576235899 0.00284446872305011 0.00344329673121835 0.00741846245261846 0.00286410950217575 0.00474452662042479 0.00376273749325229 0.00483866454287996 0.00333175224057536 0.00256392892451673 0.0034484633822266 0.00417829030545802 0.00280791237322664 0.00303667709829047 0.00421103961094804 0.00258994534521129 0.00309725433040964 0.00311658203697796 0.00936767253513926 0.00282499797674485 0.00322050456914191 0.00246991431117427 0.00306248934236908 0.00325439692069251
0.00256449891027588 0.999972737509971 0.999999999949699 1 0.00265468503082555 0.00466950205381178 0.00408612502520844 0.00233195197104219 0.00249624401467918 0.00246746557900313 0.00257829526458575 0.00262414864794824 0.00253120662702566 0.0023629379755189 0.00951762668422707 0.00236324763864804 0.00259577197039229 0.00281378152661005 0.00253702767603892 0.00276044447811608 0.00434804034748515 0.00236358384342272 0.0027819276189287 0.00252031875224856 0.00285329267000478 0.00232304483765433 0.00324649946210176 0.00308965247188464 0.00478131526860515 0.00338142187484725
0.0254528139025796 0.213718707299713 0.999999999999994 1 0.00425317828871186 0.00353087870744551 0.00271371148567445 0.00349238497347526 0.00180601491981036 0.0320831901922283 0.0030645544942296 0.00283088415353761 0.00255277570582069 0.00289176327824359 0.00255476455815884 0.00351501770280294 0.00242774553464764 0.00283762723895442 0.00306298202548771 0.00221489153068966 0.00254509182373996 0.00216742544745097 0.0035007872666073 0.00236093228785528 0.00480590248200219 0.00221620410920143 0.00291505279962467 0.00244950172032454 0.00206308768937502 0.00303391217422622
0.00791856680385894 0.0402042142963421 1 1 0.00262110498005208 0.0014562640219391 0.00198157528733167 0.00179327299633081 0.00161908258681875 0.00168033424682645 0.00168816734256994 0.00204089549441955 0.00148980262194587 0.00168742212661543 0.00171092495039604 0.00273845810143369 0.00147427245782505 0.00190739862737443 0.00279039161229788 0.00276574638412197 0.00146676524786471 0.00239522517805135 0.00182603306283902 0.00145678363636514 0.00178563524190856 0.00198064106676099 0.00186170032649791 0.00180247379610632 0.00172599088637226 0.00206914288055904
0.0141920568851448 0.999142126348788 1 1 0.00318241220602766 0.0030610627214791 0.0027381894087416 0.00324510689009427 0.00303492463579502 0.00317129921936499 0.0030598579787583 0.00293452049326881 0.00295302586606405 0.00598681110008203 0.00230413781869532 0.00341439149554112 0.00299396786847905 0.00431439388715671 0.00279774851712078 0.00284035724008658 0.00251143540689447 0.00337104180557712 0.00481350111779433 0.00336018928823878 0.00302922994447807 0.00369876399781577 0.00327616635182959 0.00366398509636801 0.00332102487746966 0.00788409385141553
0.00913881441087916 0.75623817363054 1 1 0.00361885790171756 0.00253590788395919 0.00252771005026475 0.00251021547266927 0.00317732311463648 0.00245868429274909 0.00257124797940078 0.00324417408771305 0.00315745881902785 0.00277534815919356 0.00246121920381881 0.00364599186594028 0.00247355713303032 0.00371927707992181 0.00788642903871051 0.0045799278353813 0.0025129634166382 0.00801516092424959 0.0029690082783923 0.0047944089490729 0.00224283429207961 0.00290041433578425 0.00289748857417449 0.00772572085997814 0.00292813096480704 0.00317725251070577
0.00698254485414029 0.951717578211296 0.999999999999902 1 0.00883476525535454 0.00298035376874528 0.00263016370396696 0.00787783513800488 0.00404034415236865 0.00370047158164877 0.00757003030489467 0.00256909269691386 0.00320459151674646 0.00516566431595444 0.0027211486377765 0.00365653934765364 0.00420223633384209 0.0055039255394197 0.0048454970279157 0.00347001383827772 0.0031629116707983 0.00339752144562633 0.00435514814725591 0.00351536865180901 0.00319101469711713 0.00383467763029821 0.00268040322242491 0.00386175389040799 0.00527012895317647 0.00283559629859198
0.002794567698998 0.999552089811178 1 1 0.00225521092208969 0.00249028302433152 0.00367832021554171 0.00275602706560685 0.00200763026686412 0.00362126645092598 0.00246517626596299 0.00223277009882339 0.00536454449576973 0.00309064551089588 0.00223569033686333 0.00207667506023046 0.00218966288357869 0.00211305776099247 0.00219179467788255 0.00366393419426636 0.00202410983600032 0.00393338902876972 0.00212161964133473 0.00260569320113435 0.00216961230274326 0.00240085706274296 0.00474326587045204 0.00318320539323746 0.00290949143628194 0.00264229113166203
0.00300230852665051 0.0469305518783056 1 1 0.00156870629373784 0.00145036610026128 0.00259833961921496 0.00215518971382611 0.00234692683123061 0.00187401174738355 0.00196159204390689 0.00208979663858055 0.00349214775260764 0.00175388465333626 0.00250771302271091 0.00153049858199217 0.00180287394745793 0.00135333613928557 0.00138127619059181 0.00147694687591959 0.0037199573440716 0.00165295631937712 0.00281584205808594 0.00147274455446167 0.00168877299188563 0.00127860561339421 0.00183645985754 0.00215758256431142 0.00155240645539756 0.00140918919681254
0.0257005265725937 0.961041363239274 1 1 0.00328751626893675 0.00334218666207065 0.00298259652982824 0.0024906374010133 0.0116070190970275 0.00485915027120221 0.00423353729550369 0.00261451658144551 0.0027298649462919 0.00263092381573804 0.00274074399212421 0.00331928437769391 0.0118882371353897 0.00281720965107357 0.00304414856816493 0.00321913100898785 0.00328858133728849 0.00242787468485151 0.00451858549949524 0.00252686957155734 0.00731212123436775 0.00725234559991994 0.00333386845580508 0.00289321744280269 0.00230628726421878 0.00286554866206068
0.00852976025312047 0.046566984997946 1 1 0.00163801633705862 0.00163127179509448 0.00170708654814067 0.013547713703883 0.00212025704999197 0.00220898420142446 0.00248130397735891 0.00155338176108444 0.00204022410886273 0.00223253221084352 0.00167951403810995 0.00215141545796715 0.014303088529225 0.00326896413720379 0.00202039625011885 0.00204584883442704 0.00131191725126034 0.00334811747803765 0.00352119326339251 0.00195344755320526 0.00197939972462569 0.00147469501209829 0.0015130952838881 0.00218417401299065 0.0015844102640914 0.00200347707600212
0.00745754107171848 0.971407462901299 1 1 0.00200759384644889 0.00250158832302483 0.0025932677838959 0.00239953928272318 0.0023253406280197 0.00305212776866071 0.00274372953436453 0.00325496050588348 0.00872444017072993 0.0055635377098916 0.00281838763532527 0.00218157621012327 0.00371844467001314 0.00217728455641442 0.00471433579323732 0.00243292799898998 0.00328257437111334 0.00321357557202606 0.00181960452527352 0.00250831742780255 0.00316905035474835 0.00199959578492281 0.00219617180832654 0.00211610582166077 0.00978775433407886 0.00407737381229267
0.00468355618220206 0.656888012255471 1 1 0.00474981713101863 0.0188871972551279 0.00360424221628552 0.00219968405521553 0.00301743023763279 0.00249553025349403 0.00347189716112328 0.002856871599074 0.00311002834189134 0.00322547041335886 0.0021696060921258 0.00221022290388795 0.0271420018855759 0.00304267597783747 0.00362928602290669 0.0023495894234602 0.00299635990865998 0.00571342661061136 0.0035833180741508 0.00326900513978123 0.00241497200417684 0.00211111148629173 0.00198695177487651 0.00386112383493509 0.00338643173992115 0.00495770923847705
0.2338589522378 0.998266009962676 0.999994998943211 1 0.00543418718850308 0.00458827491046987 0.00535529133654022 0.00293853917882481 0.00482683396085815 0.00402633830327759 0.00302446066198314 0.00434881510209839 0.0091207178752174 0.00393198813034956 0.00309806943297075 0.00874607277356043 0.00383497914301056 0.00407429518853786 0.00423882846292767 0.00408601936227859 0.00286006785930604 0.0041595456946808 0.0029106371949722 0.00316749790225435 0.00445794312652492 0.0035771284091175 0.00291272362073935 0.00252756133565735 0.0028965843261084 0.00446159450785699
0.0440996297587627 0.999856950612335 1 1 0.00274948274040276 0.00552475149024023 0.00383033688623091 0.00256496574234921 0.00359103210243983 0.00219425878753099 0.00217705717799144 0.0029734957787334 0.00285205703060876 0.00314875059719988 0.00316529658044828 0.00280671495914953 0.00236363082186908 0.00369136205665788 0.00241523367093777 0.00235615891586849 0.00236215866418055 0.00248351634281951 0.00203658778349636 0.0044975849302028 0.00270212822033211 0.00331310691681308 0.00234248731354758 0.00494760985101184 0.00305460822957249 0.00282695276753508
0.0463376648101264 0.998370152475878 1 1 0.00218094940344638 0.00523785147777101 0.00319578931923703 0.00334045701431995 0.00294193830747769 0.00485359475000002 0.00447619602617599 0.00268776317891484 0.00252558106954182 0.0029272676472738 0.00301242603708252 0.00333992561875995 0.00264712571648484 0.00304058805857432 0.00298370893708144 0.00249727779985109 0.00318361825332891 0.00419987445209691 0.00291488348226199 0.00312890348263228 0.0032069516023806 0.00253456048979561 0.00268738571272376 0.00244224517250646 0.00380297803746399 0.00294251786453203
0.249112238313916 0.780165246930249 0.999999999999985 1 0.00378265809695066 0.00311760523643789 0.00427033572811364 0.00300830395763652 0.00296956546217098 0.00375400634806167 0.0274261108793978 0.00361264857312693 0.0031859143397277 0.00501536844542083 0.00421547362527996 0.00365286386010133 0.00272335173843219 0.0168599620292881 0.00305721595765995 0.00408192926248285 0.00297290919102322 0.00323290369598228 0.00251650382773094 0.00324998780600994 0.00265450820694579 0.00259168854105041 0.00452888181221434 0.00371387049363536 0.00842196342235713 0.00310630989286897
0.0191670225553228 0.198943393095096 0.999999999918008 1 0.00459778362161034 0.00219539424009196 0.00176072196433386 0.00313957665479025 0.00246384029377633 0.00207718904944609 0.0018392353950728 0.00221556122696787 0.00270580863612091 0.00216620417980473 0.0025762343181418 0.00651314513255297 0.00195272466404928 0.0116082695076319 0.00228674561600428 0.00263481871626048 0.00296708472062901 0.00267601473119028 0.00232837191737656 0.00289456788739728 0.00191188229968475 0.00327558159481101 0.00291490106871817 0.00326869160340304 0.0026689365590421 0.0026286105666905
0.0910276267952428 0.890690570764561 0.999999999997702 1 0.00302248962406715 0.00292771470911535 0.00300087259517756 0.00331119758527276 0.00247461603388255 0.00304935906119308 0.00342959573658319 0.00597041970375534 0.00356215428100393 0.004940490105385 0.0337494310955544 0.00356127776248849 0.00742441686255713 0.0131075970601386 0.00298209745864253 0.00399547179009563 0.00267478241763086 0.00380924989273712 0.00353090103134446 0.00313353231151936 0.0040156393820755 0.00304963547370507 0.00311261100909022 0.00268575127623849 0.00316279483997117 0.00346593411268681
0.204651273669234 0.981876898934745 1 1 0.0032309428064955 0.00429728115176753 0.00394379748381413 0.00402298029780601 0.0197302085978056 0.00501146274013975 0.00366383854745089 0.00763334672359983 0.00432998219548109 0.00602342905882269 0.00365713618321417 0.0050106454514578 0.00382326647962394 0.00525563207308499 0.00574238094016388 0.00497330893057957 0.0159347993567059 0.00341727420572091 0.00424669317399051 0.00371152359672344 0.00333148123705196 0.00365259031732079 0.00364689972779531 0.00318310666183563 0.00364854684762683 0.00306438095509531
0.11777263971643 0.949594084146733 1 1 0.00246243351117104 0.00291149494540843 0.00260696142723571 0.00222087857564246 0.00263345596048048 0.0025767649773325 0.00224402059137585 0.00471512792211315 0.00248404675230363 0.00315565612896274 0.00313074495750076 0.00492328576434375 0.00197328933785501 0.00192461711000169 0.00319458845063036 0.0033065876557743 0.00260659725452939 0.00265213213281701 0.00189149635866503 0.0032760205896083 0.00188344972454513 0.00337822702437629 0.00229607961412115 0.00206903836976335 0.00219904908667579 0.00206892776716117
0.0194500247881537 0.9999953853432 0.999999999999844 1 0.00526556833563696 0.00658357988286473 0.00362332473862614 0.00323008439010908 0.00296431563536459 0.0028947401627496 0.00296563359859625 0.00371841193826083 0.00388849762088583 0.00321867779875773 0.00324902067559052 0.00355606765775607 0.00299954295577309 0.0034513152570852 0.00526368389644871 0.00254881943084762 0.00364101865155619 0.00494719803436861 0.0068220148586523 0.00556903254963337 0.00438155985398159 0.00375143879602169 0.00351824766650966 0.00310000021591661 0.0228951542514015 0.00727017917649453
0.0317475354953292 0.989043940061465 0.99999999999969 1 0.00205364700168287 0.00269050427068163 0.00251482789089608 0.00225102172581215 0.00244500533215508 0.00405035261366216 0.00287366648276055 0.00329090319444136 0.00245885512175326 0.00344791863880289 0.00696397809245253 0.00273017946690113 0.00286460832552982 0.00547624892117504 0.00322909866016519 0.00260792082051664 0.00223390736118056 0.00304855208208166 0.00256144332000618 0.00275449208495138 0.00230729242898831 0.00203081591293097 0.00242891432054604 0.00393169444657071 0.00340204376783715 0.00242815555285669
0.00542633066640041 0.994939883114133 1 1 0.00321706179039138 0.00473484053522522 0.00351293147930554 0.00376378964580804 0.00286259956505019 0.0062036950924198 0.00366274729248062 0.00566292061164608 0.00414299971772392 0.00389744935542236 0.00444966344330167 0.0044329938792137 0.00427915404549184 0.00299508777072799 0.00349031198065775 0.00309410311256564 0.00409748833377377 0.00722181650814868 0.00416089049370383 0.00895932381744802 0.00332127541731841 0.00318541611265066 0.00348175753634739 0.0026122881141234 0.00571733645512218 0.00338798359314385
0.0114938504409725 0.57001687474047 0.999999999999997 1 0.00247423220746879 0.00307208462901465 0.00217589372842919 0.00213949688358517 0.00249916223420577 0.00309528792462821 0.00275371266408686 0.00239791056939032 0.00219002692616199 0.00303231052990882 0.00223341163909963 0.00298889790659562 0.0023584920050107 0.00402407193484622 0.00257168780912964 0.0024869681344073 0.00390869280604589 0.00238725566094056 0.00203897850348356 0.00996290067131589 0.00467071413056208 0.00549045372406765 0.0064304836615221 0.00300150883886252 0.00335702393708071 0.00249737446290554
0.0245232030785402 0.789240200947446 1 1 0.0024626719582922 0.00376363985038919 0.00255968617666347 0.00442792730337194 0.00447498873715602 0.00328658853731723 0.00588303992941563 0.0109537407563282 0.00200234553631651 0.00216862986427868 0.00272166524580064 0.00298326597109644 0.00860707306314135 0.00292606972922038 0.00472343056826463 0.00298509858237783 0.00224908945364966 0.00422662044632571 0.0041006001074263 0.00221713491156306 0.00337537260536314 0.0026934140544933 0.00464869180116079 0.0029110013436674 0.00256950712284409 0.00557436447394521
0.0460068673723076 0.975379744200764 0.999999999999999 1 0.00436013296351445 0.00485976717784453 0.00270110655296252 0.00284386629695754 0.00574164784283615 0.00423265707704201 0.00257250688864985 0.00844836713217167 0.00342867073605591 0.00693611432206442 0.00421599787827076 0.0089228827036899 0.00290574791217002 0.00328964928280306 0.00299693960272163 0.00433977118422468 0.00412278006840905 0.00362444197749079 0.00434379684318364 0.00377356324165501 0.00282866472451604 0.0029537228580726 0.00514578817746481 0.00592389388630921 0.00306670457814739 0.00305368875138023
0.0178156796627827 0.999902917850573 1 1 0.00366769273402678 0.00319688220788283 0.00336190561875271 0.00527154586088574 0.00327232579742975 0.00473184676341387 0.00360712856594758 0.00406396239295403 0.0037626798989876 0.00273149334218548 0.00332482427544545 0.00233932673305992 0.00567772087035845 0.0030525665128821 0.00306192191879751 0.00647989672287785 0.00458131685962804 0.00445335627321086 0.00397901729501082 0.00414650844514308 0.00364342206694079 0.00297309286815906 0.0030227894415189 0.00642494359187185 0.00285555605260379 0.00300700522880859
0.0271888232554669 0.988245953590646 0.999999999998936 1 0.00321051260427785 0.00532772470515297 0.00290305971144422 0.00505891024165583 0.00319788649934838 0.00304668109353501 0.00221703890909108 0.00290553197213961 0.00439091333058705 0.00328951201597583 0.00254484078618533 0.00313669141268835 0.00218053927375528 0.00342177983050673 0.00333808144581282 0.00634362884996631 0.00272715997037731 0.00261269217676707 0.00274627819030582 0.00264718416189702 0.00271659496786192 0.00275945298331781 0.00242653899337353 0.00268724855525648 0.00345693631874133 0.0032440230380828
0.00308600393528102 0.0155904406891758 1 1 0.00193588066919681 0.00227807304205119 0.0649332446578709 0.00385515762563315 0.00293031089419049 0.00328228972178046 0.0030320112359683 0.00243679387638118 0.00191273949999182 0.00240966614362914 0.00389407187282043 0.00253916499925322 0.00266249510710992 0.00226175664141381 0.00418334547188459 0.00266423765913326 0.00183726455083033 0.00161792661488058 0.00199457116234203 0.00828456948195555 0.00190418151759209 0.00531304192311666 0.00181752043063588 0.0049468071438995 0.00237791866467685 0.00203552886258684
0.0168798966895358 0.998917310446239 1 1 0.00691374344702966 0.002792188666498 0.00256124095356569 0.00340912357610068 0.00348141270418034 0.00278374263110204 0.00377203483555044 0.00506681583297008 0.00355615959191613 0.00338648874161795 0.00252285916407613 0.00418914681994365 0.0097881158811467 0.00304450355568131 0.00281190493805838 0.00963192889698372 0.00503903626467839 0.00770622343036753 0.00320241602974669 0.00538983073967869 0.00337321031014937 0.00445508979299247 0.0029199456566249 0.00366808403896846 0.00372593902768303 0.00690505637533601
0.00514369400726056 0.962923258730175 1 1 0.00792232114566283 0.00546823398880991 0.00539619723544404 0.00590190842568539 0.00286076039655814 0.004054025291368 0.0038832549676977 0.00392306755742244 0.00379097831596709 0.00395865838555109 0.00322769241583298 0.00573449432410977 0.00339690025053463 0.00387743142602415 0.00376299746565079 0.00329242956205789 0.00319904390639414 0.00435614847226462 0.0284266039894884 0.00661839229360883 0.00396663805478581 0.00365948372749481 0.00690974589108106 0.00667536822979398 0.00306100692494382 0.00545432214207087
0.00646426999721439 0.993081309936828 1 1 0.00340115565540555 0.00386973253199097 0.00361063501492476 0.0166440865728932 0.00416860952631581 0.00590778985144802 0.00463625013324764 0.00304433132813631 0.00363479613605078 0.00292258737539053 0.00364449769481057 0.003030673759158 0.00331501016224778 0.00838473837283282 0.00362266625247132 0.0033256190990848 0.00446533900242496 0.00501831666640173 0.00322127140119055 0.00367431458221301 0.00250046703390949 0.00482584695973987 0.00349365417917991 0.00345964645558605 0.00365070531088751 0.0280813986962822
0.00345156117484346 0.607581140406017 0.999999999984852 1 0.00222888194264481 0.00243506274896177 0.00226020461359866 0.001891544696485 0.00206149781388487 0.00300539326693083 0.00327351140881371 0.0022615058304214 0.00210062877545936 0.00301627005676253 0.00310194697765021 0.00195117298216629 0.00193771942697807 0.00404299217678128 0.00344190818933043 0.00254702543387231 0.00199810193537386 0.00238357596665484 0.00285964931531912 0.00247666967136251 0.00204291005211299 0.00414827806441864 0.00791086961542264 0.00381090815633889 0.00223982680586576 0.00207996538273114
0.00620181835576927 0.979790224983376 0.999999999852695 1 0.0035952241031959 0.00317974576996527 0.00386029429765244 0.0032390446961903 0.00511383437733615 0.00434483616573456 0.00271884942555745 0.00456827615276567 0.00334977737735143 0.00379021090703091 0.00323823548342439 0.00291522140088241 0.00331966618370672 0.00404123664047795 0.00485043170860588 0.00419397234490904 0.00500231307713306 0.00325917388490526 0.00442956036812447 0.00281957819888567 0.00340922432691848 0.00253764567729409 0.00406485236243825 0.00263401205857172 0.00325410341041654 0.00345119151555695
0.0146538573982733 0.999250850232059 0.999999999999978 1 0.00490470474034577 0.00298086537306552 0.00473455296894887 0.00294725786493488 0.00250187822070769 0.00286789521112119 0.00297821952580779 0.00344258140079789 0.00337780631238582 0.00647479431888698 0.00333584082089355 0.00271090225980197 0.00337486138836196 0.00448229642157028 0.00292657136458141 0.00431778439474573 0.00377396452911982 0.00275825388274431 0.00318206759851458 0.00341517109727874 0.00438157215748114 0.00356665872426709 0.00429007038906315 0.00701481488894651 0.00375601753298593 0.0036978687928253
0.066990375115903 0.987575609722176 1 1 0.00331563805678292 0.00379217634449724 0.00418217384609643 0.00271499914766204 0.00450901914930846 0.00445567547051595 0.00445261539099784 0.00318341507523545 0.00509509150842424 0.0035598806982674 0.00493574627427973 0.00586038791671573 0.00294910414571758 0.0031825408783186 0.00305526389336508 0.0103504462911618 0.00367943965260209 0.00310445766691936 0.00317307893307983 0.00292183244236099 0.00413161951919483 0.00421052082132134 0.00262785000632915 0.0044805942968843 0.00348657995750712 0.00310694573179215
0.142075981887736 0.788195356685154 0.999999999757725 1 0.00304897025534301 0.00235402278524721 0.00374267180472598 0.00437291464486578 0.00364817897367464 0.00220461867493227 0.00377064923241799 0.00386653901548573 0.00212079455870773 0.00234798202515996 0.00269779857312091 0.00267388872526408 0.00294652947966001 0.0029899943310544 0.00296542008057876 0.00236778047632391 0.00592134841308589 0.00282316706217256 0.00202561350381003 0.0039645436044855 0.00274669356466417 0.0026833966022658 0.00466111508596367 0.00253229310745029 0.00650722567012485 0.00383943854797786
0.015988574100221 0.336408317344089 1 1 0.00292495155139805 0.00525198946963568 0.00293394386830659 0.00294079200007968 0.00209173731644463 0.00313145945774751 0.00715644764746004 0.00363014905909131 0.0026787924935231 0.00236224738240376 0.00289783447353864 0.00256735587600954 0.00325158460624297 0.00261005941135495 0.00214856920065754 0.0022720170961783 0.00211805251916108 0.0027020326404702 0.00318181459209188 0.00354124314641302 0.0127230852317466 0.00395286465888589 0.00253509367244442 0.00249131689569049 0.00211961389687099 0.00331689614589914
0.00388819730278245 0.657553099399775 1 1 0.00251184143908312 0.00280991663101782 0.00357576771300883 0.00288946242321908 0.00369805946969248 0.00291365748943684 0.00246168345311637 0.00209916188941284 0.00476386389823069 0.00221274825732021 0.00407437029807434 0.00270935936014027 0.00275718526484869 0.00343023144302934 0.00284502195947556 0.00559803576104845 0.00211941906565905 0.00195722019126332 0.00282359472186489 0.002249661034878 0.00230993589522577 0.00575731266566193 0.00214684141760557 0.00277482996736844 0.00288220516019011 0.00218077501788838
0.00627810931996475 0.999954813090022 0.999999999999251 1 0.00287538779062213 0.00362745970267242 0.0030814713939703 0.00263960890981696 0.00403207083226897 0.0102712046282881 0.00331415261835077 0.00225661174000713 0.00308554821348805 0.00303779504733648 0.00315142447068351 0.00329224356725355 0.00342975074077612 0.00369796753762275 0.0022718386628312 0.00425257566573911 0.00675828704357961 0.00361283945898039 0.00265647198360686 0.00426111551943187 0.0118806697956864 0.00420505973999696 0.00332261053637317 0.0034443627140911 0.00295547119141681 0.00214398345613354
0.139538730716384 0.999978130361777 1 1 0.00265265710120977 0.00233644273715616 0.00300422285040214 0.00400122410632531 0.0035149837653774 0.00402399041309554 0.00537712226512277 0.00299364979213712 0.00292560567115507 0.00252114877085086 0.00284604815379741 0.0032152979376272 0.003657501177464 0.00344632597817962 0.0032917559915715 0.00479280145216399 0.00315686603037213 0.00371756378573451 0.00263363223811763 0.0034368461345875 0.00352249015647266 0.00473539402590872 0.00265875216852574 0.00319942394143424 0.00393399506939907 0.0047558537143626
0.0597133251234925 0.999979172573063 1 1 0.00232688536763259 0.00398327378921082 0.00235065563975567 0.00335224605756901 0.011931929889521 0.00223611546913016 0.00250142390925134 0.00212525596659696 0.00353172201003593 0.0114361795449921 0.0024505880541541 0.00532478441628459 0.00218241204129732 0.0020172267078441 0.00250484825630848 0.00239997230140632 0.00261035218915706 0.00254859782966543 0.00235142982548275 0.00270899693984361 0.00304433352934852 0.00221271506849419 0.00287199510708358 0.00290261003599557 0.00266567115824712 0.00254842918371967
0.0726830890874774 0.997231728422305 0.999999999999993 1 0.00221440496404735 0.00389740545142736 0.00255755330885654 0.00248810800661303 0.00301291401013937 0.0073446095644214 0.00304778060809396 0.00325259520716059 0.00324488385716137 0.00241665404047164 0.00261234669874666 0.00727491702617489 0.00267934252502977 0.00879538816966552 0.00301467363792851 0.00364251489243517 0.00275297570041277 0.00308406100093583 0.00317371616578821 0.00523040584144752 0.00417008541761066 0.00264177238200913 0.00468146014875515 0.00515237390029633 0.0108055470847858 0.002410768777241
0.0807883462730353 0.948682199450382 1 1 0.00302926191829933 0.00390552799080202 0.00320688296518667 0.0030514763891063 0.00341266730360212 0.00568484250107348 0.00402720236866005 0.00392509722970413 0.00281916962203244 0.00409744390107358 0.00389920432315649 0.0132233840883129 0.00393249844675614 0.00440785254279785 0.00331318522298873 0.00342467742960872 0.00352088734430078 0.00331404833084004 0.00342387896583374 0.00260635641991191 0.00339638921465302 0.00323669712531427 0.00346980649373185 0.00534573664810745 0.00341297236928351 0.00335533759495177
0.0178437187108716 0.982958431993582 0.999999999991358 1 0.00340318852124077 0.00284744208923771 0.00307040362684463 0.00325447017489666 0.00333513025858156 0.00650648357279615 0.00329886115298161 0.00414657138629215 0.00746527077148174 0.00303448712238574 0.00293593048852925 0.00417143372616591 0.00281037836581943 0.00281159472290238 0.00407687373778221 0.00246905337435732 0.00315067204697173 0.00335995490111951 0.00376247973715105 0.00330707846225153 0.00374829504908647 0.00300573206564858 0.00359790824458828 0.00344743544997683 0.00330958725563368 0.00289374391125763
