3.66909835847196e-11 6.16540130060628e-09 0.999999992672765 0.999999999487275 1.05800923577704e-11 1.18826060102606e-11 2.49942289087812e-11 1.14259712802323e-11 4.72510919280467e-12 1.03103081627864e-11 9.7186703129637e-12 4.02555766498836e-12 6.03161964818355e-12 4.03066469090163e-12 2.76323408598955e-11 4.52748949442139e-12 4.91395812929341e-12 7.75657316154366e-12 8.32678370699114e-12 4.50217640945993e-12 7.35667082807367e-12 5.93269877668945e-12 4.28690416498512e-12 4.22184509574208e-12 5.64637225863862e-12 5.9731108947858e-12 4.5351500332913e-12 7.00806079834138e-12 4.38715730410877e-12 8.42148573099166e-12
0.937287834147064 0.999292496154783 1 1 0.0002168145196908 0.00221027578495214 0.000239316513482635 0.000737785039410355 0.000425272665021792 0.000221719523454733 0.000240657576503711 0.000404538036445468 0.00021864531725968 0.000213672366083495 0.000703380389830088 0.000221079195621865 0.000213996577068221 0.000235240351043275 0.000234861617270488 0.00021544648916938 0.000263390347261083 0.000243033696659123 0.000287497756222166 0.000351632574078886 0.000252955406083832 0.000316409557788222 0.00021238826145753 0.000306322856241326 0.000347642557724126 0.000360937310463383
0.0102345249151221 0.949476598790753 0.999999999999833 1 0.000215204251168943 0.000423875804250184 0.000287426602204377 0.000236747423968953 0.000229411543031799 0.000212181540953704 0.000515777052382038 0.000292109340806923 0.000230154663501847 0.000435740518620387 0.000288477736381076 0.000210196581525768 0.000249252359333374 0.000208873313502611 0.000272720425261608 0.000218836534089939 0.0004895097044747 0.000212554058748537 0.000325966394436494 0.000228125980093585 0.000498992973503865 0.0002340368978756 0.000210200723285703 0.000464421229535605 0.000462731817352124 0.000276378272499711
0.000404111917134631 0.999087537884696 1 1 2.03760496497729e-06 5.52422223687454e-06 2.85573130920369e-06 2.37155872961914e-06 3.4333096954331e-06 2.44398630888654e-06 2.04239535839257e-06 2.74870388994319e-06 2.04975323359058e-06 6.01303181613222e-06 2.09067357015424e-06 2.09098678272124e-06 2.0351881991898e-06 2.68572103301334e-06 3.79346105483513e-06 2.66220340683354e-06 3.01145956749238e-06 3.08779455315822e-06 2.17806080515803e-06 1.8285950879493e-05 3.12952037850867e-06 2.35676482174263e-06 2.05101232686467e-06 2.47596439928444e-06 2.45635129780819e-06 3.96002977653964e-06
0.981511380335915 0.999939096016192 1 1 9.40363084995788e-05 8.63282834465684e-05 0.000109410215986427 7.10394005104531e-05 7.26579332698263e-05 6.52171143271651e-05 9.80333836146929e-05 7.70754502792403e-05 7.57445230071818e-05 6.85854067244973e-05 0.000206120220251349 0.000143877818515659 0.000127448148455556 9.11759378051658e-05 8.21663522089233e-05 0.000346629863327785 0.000146929764207715 9.91870206893397e-05 6.75427808281004e-05 7.10495082026918e-05 6.75198592520188e-05 6.52231331100817e-05 0.000196888463393829 0.000104983154737281 6.54306054393983e-05 7.7400009561357e-05
1.83695281208429e-11 3.67046038007857e-09 0.999999984800396 1 7.23255899615083e-11 5.78618264412967e-11 3.47307738124414e-11 2.04124495084557e-11 3.20051762869866e-11 1.84746662412749e-11 1.80097048385619e-11 1.81835657642182e-11 3.0369151637899e-11 2.08635331233609e-11 3.16624504392848e-11 1.14099285575264e-10 9.26513310517407e-11 1.38659417281417e-10 9.78671588214297e-11 2.40579778321148e-11 1.7886359060526e-11 5.90613113971017e-11 1.81142878474816e-11 3.01353275666827e-10 1.93011162608059e-11 3.19861914732655e-11 1.79053438742471e-11 4.01114697012872e-11 1.89506188519317e-11 1.52325374536133e-10
0.00290267764705177 0.994568891593843 1 1 9.47557819630518e-06 1.1735293931836e-05 1.33996231751476e-05 3.29337481858039e-05 8.62943025436991e-06 1.06388907219479e-05 2.02759199291469e-05 1.45698329565569e-05 1.44073968263436e-05 1.07497896884023e-05 9.66945070768332e-06 2.24761422791264e-05 1.21444812518634e-05 1.74986859625692e-05 2.43271251387789e-05 8.89025839123647e-06 8.67273693494486e-06 8.35414706741311e-05 1.1446968953166e-05 1.01458760407569e-05 9.04490999398266e-06 8.64343116424582e-06 9.82903061297336e-06 2.19143268082034e-05 8.8596347818104e-06 8.78518553015795e-06
0.000296157377091433 0.964324541575193 0.999999633280909 1 0.000328466907302039 0.000172739590680759 0.000180543345998485 0.00126764792897727 0.000214174099300912 0.000165665127638825 0.00017874327082712 0.000319168289627525 0.00045301860471858 0.000211489019707578 0.0002111785113732 0.000164709206427749 0.000169603640477245 0.00035615639070874 0.000168209244661766 0.000180321320033205 0.000181704855253706 0.000163481537072241 0.000163348427730914 0.000233955474212788 0.000445333661458269 0.000164654104822692 0.000432780953296463 0.000239426671015619 0.000167060778473394 0.000177765005026753
5.74014134335776e-07 0.999998118273612 1 1 4.5229453515816e-09 3.64243568640177e-09 4.38680070047326e-09 3.38783390230191e-09 3.47588591242953e-09 3.63570629158261e-09 3.82825882105919e-09 7.85343856612997e-09 3.34455063644157e-09 9.62512103352964e-09 4.84424467206424e-09 4.65075378208724e-09 6.00709784137621e-08 3.34371141885725e-09 1.64481096520674e-08 3.35186067790261e-09 9.88914606869784e-08 1.08713574809016e-08 4.13253931075275e-09 4.52522797012023e-09 1.00741852637753e-08 4.60957438885856e-09 8.22740453543247e-09 5.59676649469765e-09 3.92997101528181e-09 3.48385120751971e-09
0.000489473027290632 0.960755406297031 1 1 0.000240010556209591 0.000187509121095442 0.000339817392723818 0.000187938441551738 0.000280907082570891 0.000207907510200389 0.000170859463376805 0.000174848727447885 0.000170809802365834 0.000201258941482929 0.000254547641638236 0.00018417788234637 0.000305196018588583 0.000527788717220035 0.000359470079483337 0.000387464168978058 0.00018852954789228 0.000170921414744396 0.000172597383662487 0.000201544801775477 0.000371415777637107 0.000171991260822457 0.000379164655561204 0.000173301908135359 0.000174235610188034 0.000214607272356337
3.84640430617367e-10 1.75615826325526e-08 0.99999995355192 1 2.34997465931031e-10 9.17527165356091e-11 1.45040646160055e-10 1.66065716733499e-10 9.13927822310256e-11 1.39181777214503e-10 1.14375187099114e-09 1.10213838055984e-10 1.55258805811798e-10 3.08255643233224e-10 9.10341801940717e-11 2.13276174498844e-10 1.31479271914259e-10 9.70002966838024e-11 9.13958908554946e-11 9.09805564219823e-11 1.05112030190924e-10 5.46345191310138e-10 9.24843535088371e-11 1.56260671069219e-10 9.76082548120871e-11 9.34738952906855e-11 1.05150999019088e-10 1.20364274103224e-10 2.36321295865594e-10 8.64081250995241e-10
4.63856475452218e-09 0.999999813700447 0.999999999999998 1 6.96917745734993e-10 7.90386978088975e-10 9.55869161600731e-10 4.75731565252602e-10 1.06198960736492e-09 4.25544488535934e-10 4.70718242162604e-10 5.10075537363264e-10 4.50594783707459e-10 4.14735912279696e-10 4.7213954967873e-10 2.28990404416152e-09 1.05139889017281e-08 2.25253193875119e-09 4.109624862636e-10 1.15410114798209e-09 5.27383248183355e-10 4.05384836810185e-10 2.10171391401559e-09 4.78391992686511e-10 4.05219080512609e-10 5.96746874137466e-10 4.07596179030634e-10 1.03525588102116e-09 5.52934475983591e-10 4.06221056792333e-10
0.606700716330935 0.999999302997262 1 1 0.0049070486993712 0.00159190187046843 0.00354938690068685 0.00238671466844387 0.00250675922656063 0.00494839086587118 0.00359240605149003 0.00211873110306471 0.00222179621951557 0.00512769801666457 0.00184087350311457 0.00155977766893711 0.0141220059445776 0.0078253358786583 0.00155320927429548 0.00175065005954422 0.00165178973233548 0.00158308863583856 0.00159855806603959 0.00701541604610945 0.00161440878518504 0.00231598085306139 0.00187581221790445 0.00241943618247809 0.0021140332345968 0.00205618111194605
1.06636466323806e-09 0.999999998742267 0.999999999950294 1 4.44755343664838e-13 1.04372066545011e-12 4.01900734914307e-13 3.13860049061532e-13 5.25357535252624e-13 2.25863772129742e-12 7.21422921401427e-13 1.11022302462516e-12 4.29434265925011e-13 2.73552291929491e-11 3.37507799486048e-13 2.58471022362983e-12 5.89306381471033e-13 5.52335954751015e-13 3.28626015289046e-13 3.27071703054571e-13 9.49129663752046e-13 3.62487817540114e-13 4.85611550971043e-13 5.04485342389671e-13 5.91748872125208e-13 4.41979786103275e-13 8.22009127432466e-13 1.29407595750308e-12 4.34985381048136e-13 3.33844063504785e-13
0.0843310767793479 0.880997549964103 1 1 0.000135454958699488 0.000216013656996528 0.000148380190225339 0.00171367866273675 0.000204774250640138 0.000168085007851704 0.000178211790088922 0.000283802411220391 0.000158604140065299 0.000136808162016777 0.000137694425090151 0.000128315813524016 0.00040035407934591 0.000689319896582163 0.000241778969786499 0.000134682188941637 0.000180520313050936 0.000291978961575068 0.000148985696127535 0.000130935694776402 0.000200001413572237 0.00013132998948806 0.000154830411681961 0.000128318349831624 0.000128399114606825 0.000552986637198938
2.78567059486257e-06 0.99969655017161 0.999999882040325 1 1.09867718800505e-06 1.09861468144956e-06 1.10781033613172e-06 2.39830442649858e-06 1.43123803153511e-06 2.08615181251925e-06 1.13228299869483e-06 1.13379200505914e-06 1.10135724540328e-06 1.22500457155894e-06 1.40621802258156e-06 1.12026255860709e-06 2.00226523949798e-06 1.22685176173754e-06 1.16350260981335e-06 1.60006061178386e-06 1.24200055295898e-06 1.54830395426853e-06 1.71562169282158e-06 1.09894911781705e-06 1.20575012607649e-06 1.43331808977187e-06 1.112329541475e-06 1.20437674777651e-06 1.57352814655898e-06 1.45607583856844e-06
1.11022302462516e-16 4.44089209850063e-16 0.999999999999951 1 1.11022302462516e-16 1.11022302462516e-16 1.11022302462516e-16 1.11022302462516e-16 1.11022302462516e-16 1.11022302462516e-16 1.88737914186277e-15 2.22044604925031e-16 2.22044604925031e-16 1.11022302462516e-16 1.11022302462516e-16 1.11022302462516e-16 4.44089209850063e-16 1.11022302462516e-16 3.33066907387547e-16 1.11022302462516e-16 6.66133814775094e-16 1.11022302462516e-16 1.11022302462516e-16 1.11022302462516e-16 2.22044604925031e-16 2.22044604925031e-16 1.11022302462516e-16 3.33066907387547e-16 1.11022302462516e-16 1.11022302462516e-16
9.82718351139056e-11 2.65637786212025e-08 0.999999966152951 0.999999999999612 1.72826197797349e-11 2.80141465580641e-11 6.3132943317612e-11 2.03808081522538e-11 3.1199931527226e-11 1.03837161091747e-10 1.60209623345509e-11 1.43289602405616e-10 2.56971111056714e-11 1.61536339859936e-11 1.78740355849527e-11 2.50485188146854e-11 1.83627557603927e-11 6.60848042954854e-11 5.5981441704489e-11 1.77049486183023e-11 2.84866574773446e-11 1.59937618704475e-11 1.55241375310311e-11 1.5306644840507e-11 5.54899459714875e-11 1.52811097109407e-11 1.50667256448855e-11 1.57468482697709e-11 8.08353384229576e-11 1.5084600235582e-11
0 0 1 1 0 0 0 0 0 0 0 0 0 0 0 0 0 0 0 0 0 0 0 0 0 0 0 0 0 0
0.000643846054736552 0.936932538896158 1 1 0.000112801520716799 0.00189520827756995 0.000278909142585326 0.000113918295245208 0.000195286597732713 0.000134058009878757 0.000210134237846216 0.000220511081818753 0.000122176427362342 0.000115305385593123 0.000231728431660527 0.000705955331593677 0.000234415413052802 0.000220823508729984 0.000124361086792257 0.000123095622159841 0.000119010301767197 0.000129418574236762 0.00011186114500128 0.000305090402935693 0.00011877794720061 0.000263669415453971 0.000334208223729537 0.000111960629222807 0.000155605654447166 0.000133959495065117
3.49551315226293e-07 0.99998310645299 1 0.479132189136588 9.75099203603946e-08 5.29728202414148e-08 4.98192025411015e-08 5.21620578952664e-08 5.17205472894133e-08 8.53234435327366e-08 2.51066120449117e-07 5.42474114517688e-08 5.18744636135438e-08 1.43928748141953e-07 5.44879671382503e-08 5.08739783633416e-08 1.84225063759591e-07 5.30995408754009e-08 5.08482780325892e-08 5.78072608670155e-08 5.42765415945112e-08 5.0641379423233e-08 6.20526207084637e-08 6.1633165460151e-08 5.41293442291035e-08 2.65495976314867e-07 5.50167873814011e-07 5.35733714057685e-08 6.31791562399897e-08 8.69807824654956e-08
2.40046361899005e-07 4.62572932014016e-06 0.999964053944146 0.999999999977591 1.73089391486414e-07 1.97718079908427e-07 2.07217534686777e-07 1.70767977314412e-07 4.01691486295874e-07 1.7739374225112e-07 1.64164365101804e-07 1.81550053657276e-07 1.62932760283674e-07 5.88236031995315e-07 3.72452761188136e-07 1.72780032947628e-07 1.90958305168465e-07 3.28898788759524e-07 1.76259799089529e-07 1.76454254208203e-07 1.62319218510731e-07 1.82646371915673e-07 1.62563876360267e-07 1.97161783899169e-07 1.03689140329433e-06 4.36986367535752e-07 2.29344404134579e-07 1.67334470058123e-07 2.30670329948168e-07 1.6587095374998e-07
1.25247981208609e-07 0.999946792268034 1 1 1.27850985354172e-09 1.21210619319356e-09 1.01240226202393e-08 1.63509794592898e-09 2.61315280525309e-09 1.90686255674422e-09 2.03588446101577e-09 1.30533106545982e-09 1.36240096981766e-09 1.24246846144871e-09 2.45597042702883e-09 1.47072850564811e-08 4.3768976221159e-09 5.22360423804713e-08 5.54773404992659e-09 4.23406787408709e-09 1.42761613641795e-09 2.25946461540616e-09 1.62901658828929e-09 3.4454071817791e-09 1.49391221615502e-09 1.2952081629436e-09 1.5064898217787e-09 1.00596596608327e-08 1.27391552862122e-09 1.25411403484321e-09
1.69587742994137e-05 0.99727386402814 1 1 8.9826927269776e-06 7.53067171299637e-06 1.59320145771691e-05 5.44251543810326e-06 5.45458704448443e-06 5.53844768103051e-06 5.44279973335726e-06 5.43768805350009e-06 7.76455707562906e-06 5.6555389781332e-06 1.65011444220875e-05 5.60038304420196e-06 5.64016112292176e-06 1.54054517716995e-05 1.20824604883385e-05 6.57263183956314e-06 5.567601843115e-06 8.75344490469665e-06 7.43393509683443e-06 0.0013705084776402 2.84310518106068e-05 5.46463826445187e-06 7.08952902150894e-06 5.47184907917497e-06 5.48887997753322e-06 5.46144302837615e-06
6.59837543759423e-06 0.999189696577375 0.999999971411714 1 2.93025243858214e-06 3.46629573078072e-06 3.57786176996555e-06 2.82587283051416e-06 3.36014307877885e-06 7.77838892951355e-06 1.47684810062332e-05 3.75021820320232e-06 5.71034354179822e-06 3.52208319398528e-06 3.95969434474619e-06 4.79973448130888e-06 2.99574937767666e-06 4.18150351289004e-06 4.23082640055306e-06 3.98765983455895e-06 2.95166760788668e-06 4.80122561419272e-06 2.83932940070564e-06 2.99181200813514e-06 3.89503224873522e-06 2.96285970702304e-06 3.38194165006023e-06 5.02762763066045e-06 2.7295096330926e-06 2.77221545874617e-06
0.000791211543370696 0.984067410535013 0.99999999999999 1 8.94013118694081e-05 7.45754753860295e-05 0.00145175390723951 6.30244056651907e-05 6.30440455572367e-05 9.79676385711725e-05 7.26182132455566e-05 6.71749294177681e-05 9.45795614561984e-05 8.62944393058562e-05 6.45141302988428e-05 6.98053926323494e-05 0.000101050123283208 6.30927034737105e-05 6.7041324503192e-05 6.24200832423094e-05 9.12111913566882e-05 6.85202346450975e-05 0.000101338643982096 6.34211189786127e-05 0.000142460046463677 0.000134628302818296 6.27563017944199e-05 0.000119781889799553 0.000168069501571555 6.2458628764972e-05
0.449469477722573 0.9999848802541 1 1 8.33808213607234e-06 4.53910282982584e-06 9.35621946629439e-06 4.45128610526702e-06 1.05040036564308e-05 4.74325005439535e-06 1.67950577397713e-05 6.22438655251134e-06 4.49706488248047e-06 1.0236038752276e-05 5.03647124583395e-06 4.69449271711664e-06 2.10178168761344e-05 4.81603259705476e-06 4.39392558981844e-06 7.62733173220731e-06 4.64873098749985e-05 1.80982006815489e-05 1.52067927927657e-05 4.33318007453387e-06 4.26434313893775e-06 8.49530935742582e-06 4.45510697311136e-06 6.13568140513943e-05 8.29553316531451e-05 4.25661250813558e-06
0.485370902052726 0.487317721341114 0.999999999685985 1 0.000344096527989945 0.000124795804931743 0.000231722008044333 0.000141692213399991 0.000287294738616439 0.000119527006323228 0.000137171344315123 0.000124378959187488 0.000119983635497478 0.000114630322457621 0.000117326291627085 0.000114436647486449 0.000115968025155122 0.000128070907360223 0.000122319654178082 0.000128104504999449 0.000208085130198432 0.000120625726649948 0.000399734753824821 0.000190410211692416 0.00016101045545569 0.000114239859335785 0.000188305714202475 0.000205308628900336 0.000114253261889852 0.000116925505479037
3.32850095263737e-08 0.999994375436093 1 1 1.92943405696866e-08 1.49854060271792e-08 1.54983249567309e-08 1.46813368129273e-08 2.03523931041616e-08 1.95692223536881e-08 1.57634514330596e-08 1.53019754645101e-08 2.24267164838921e-08 1.47129800565082e-08 1.50430402579005e-08 4.1535836547979e-08 1.8173144100686e-07 2.12764026397139e-08 1.72814980103908e-08 1.72211281901369e-08 1.67145751683861e-08 1.66014008096127e-08 2.80160696863874e-08 2.79180150108971e-08 2.1378971371e-08 2.46014515425941e-08 5.68952939206113e-08 1.89244540038658e-08 4.98589142194916e-08 3.16798097754756e-08
6.53874787207576e-05 0.986005370341673 0.999999997309142 1 6.86633713006257e-05 7.00761732586042e-05 7.7919691443773e-05 0.000112711250821906 8.31453753797895e-05 0.000214706952312738 6.54644595502463e-05 0.000425534720129406 7.06463748867403e-05 8.4775014227878e-05 7.11868133076443e-05 0.000125376112177222 8.23115039332301e-05 6.88760983413861e-05 7.16659289556887e-05 0.000147936172268381 7.15898794031444e-05 6.66203546779709e-05 6.57444219097636e-05 0.000132431708459113 7.93721452602147e-05 8.15393957870336e-05 7.37266809401893e-05 7.53875915284752e-05 6.58042829966288e-05 6.72571602102767e-05
2.20742894618819e-06 0.999949082821055 0.999999999999998 1 1.78307725251514e-08 6.24600426935018e-09 1.9697114919115e-06 7.36634268028169e-08 6.81042022776523e-09 6.17924578172335e-09 2.30337756645937e-08 1.17447662706383e-08 1.48048669990075e-08 6.17246975753716e-09 3.58867895844384e-07 1.25039387732784e-08 1.07199202847852e-08 6.1555918140499e-09 7.72128239123759e-09 6.98592428349798e-09 1.49642979119236e-08 6.88715440233523e-09 6.39821795545004e-09 6.18856510481436e-09 1.7111930428193e-08 6.15607587128864e-09 6.51679155083684e-09 6.21233475772698e-09 1.46734838724072e-08 3.86101489668889e-08
0 1.17128529097954e-13 0.787641107619265 1 5.55111512312578e-16 0 0 0 0 1.11022302462516e-16 0 2.22044604925031e-16 0 0 0 0 0 0 0 1.11022302462516e-16 0 0 0 0 0 0 0 0 0 0
9.15253163036311e-07 0.55783412534418 1 1 2.36777064903659e-05 8.06381583062787e-07 4.96375672898175e-07 7.2070400947144e-07 7.23482521780561e-07 5.0657634897977e-07 6.41925522182341e-07 1.60689689387983e-06 5.54838883837228e-07 2.20182171895011e-06 2.13070056187536e-06 6.31242345838778e-07 5.7792623597841e-07 7.27145640033733e-07 6.22000366212738e-07 8.20477988328072e-07 5.09410763571694e-07 6.55023386864073e-07 9.45945116237468e-07 8.82626952414256e-07 4.94247332838427e-07 1.15667672795361e-06 6.04001677562138e-07 5.66459968376343e-07 5.28437360314271e-07 5.6701867434672e-07
4.19810538718757e-05 0.999136438949103 1 1 2.93509810278536e-06 3.18850008607097e-06 6.41802485135123e-06 4.45101833059791e-05 9.26416291069376e-06 1.71433865647774e-05 3.51835168121983e-06 3.12895335286001e-06 3.07842142632797e-06 4.17844337041728e-06 2.92112266253586e-06 3.7993956177873e-06 2.91160604271035e-06 2.95839197950176e-06 3.37848805809227e-06 5.23274303343424e-06 1.00161575689039e-05 3.32001506897495e-06 8.35865731274588e-06 3.66079817348819e-06 1.01975804041032e-05 4.29317989358857e-06 2.98842381374342e-06 2.93853840460656e-06 3.1885828171152e-06 3.67329280714923e-06
1.71218594857692e-12 1.48377521380638e-09 0.99999999836126 1 1.99062988315291e-13 4.66293670342566e-13 2.14432915868201e-11 3.17634807345257e-13 2.647881913731e-13 6.32571772740675e-12 2.32924790566358e-13 1.95288230031565e-13 6.43374242770278e-13 2.40363284831346e-13 4.30100399739786e-13 1.95732319241415e-13 1.94955163124177e-13 4.11670697531008e-13 2.90323320939478e-13 2.00617300549766e-13 1.99951166734991e-13 3.5260683262095e-13 1.98285832198053e-13 5.00932628710871e-13 2.10609307771392e-13 2.40807374041196e-13 6.80788758700146e-13 3.25184323912708e-13 2.20712337295481e-13 2.65343302885412e-13
0 0 0.99999999999999 1 0 0 0 0 0 0 0 0 0 0 0 0 0 0 0 0 0 0 0 0 0 0 0 0 0 0
8.00802492988417e-05 0.994941133688261 0.999999999999404 1 2.25129347402042e-05 2.55895462033529e-05 1.59383669382507e-05 1.95546148276105e-05 1.40313852468044e-05 9.45879473134292e-05 3.30835761600534e-05 0.00061338765500929 2.07571874941692e-05 1.44921881348736e-05 1.74216145818473e-05 1.56195727827324e-05 1.99083942642453e-05 1.49157234665687e-05 1.40883809099934e-05 1.39437170568746e-05 4.042188220299e-05 4.72316717805565e-05 9.48082463840816e-05 2.21719502219164e-05 1.39522201557662e-05 2.5315168572515e-05 2.01174989612474e-05 1.42237713033344e-05 7.50506860983657e-05 2.2813985520731e-05
0.0412229226905544 0.999631297461947 0.999999999999998 1 0.0279649757760548 0.0288529985807591 0.0277775333978301 0.027776340465937 0.0487272269235655 0.0279430541955683 0.0288423513539046 0.0301121704980077 0.0295696422178295 0.0280139640431117 0.0279499819575294 0.0279414934417751 0.0281183260157284 0.0366672741476891 0.036486721322248 0.0278321093230197 0.030461537591196 0.0277970539118289 0.0306886447648818 0.0277662330933054 0.0461701578438365 0.0314418113741158 0.0301090269095687 0.0319889253143686 0.0287561025283272 0.02919172976086
0 0 0.999999999999999 1 0 0 0 0 0 0 0 0 0 0 0 0 0 0 0 0 0 0 0 0 0 0 0 0 0 0
3.07103444896484e-08 0.999998139273968 1 1 1.36687520191359e-08 5.16535680894492e-09 4.87818874184143e-09 4.85400886152121e-09 4.91395379942361e-09 1.08348902072564e-08 4.67506955370567e-09 9.84906933787499e-09 6.10807115997147e-09 2.68756132904002e-08 5.42451961127455e-09 6.78839784384877e-09 6.8842136435876e-09 1.22447939565618e-08 1.84029144145725e-08 4.83826079200611e-09 7.08047764863551e-09 1.87705104792713e-08 5.76065861679353e-09 7.72089014944299e-09 5.16048870302654e-09 4.71500782861511e-09 1.70772903596017e-08 4.66231475648726e-09 7.12530356938856e-09 5.63269286768531e-09
4.01779513892198e-06 0.999765080203909 0.999999999999909 1 8.49837887062499e-07 1.15816045720418e-06 8.26099466388897e-07 1.29468552390044e-06 1.12601272783674e-06 8.27002148873213e-07 9.73371551138413e-07 8.25954882821556e-07 1.1833597108879e-06 2.96457509485482e-06 8.68694933875425e-07 1.26060217753299e-06 8.19090031689562e-07 2.89940347952822e-06 9.00366860512314e-07 9.37518607191379e-07 3.17084703715942e-06 1.26697347990756e-06 8.19053738498887e-07 9.37876437290264e-07 2.19959083717081e-05 8.79890633243008e-07 1.35092805564341e-06 1.44289799952624e-06 8.29438884353273e-07 8.54275845951769e-07
5.88418203051333e-15 2.25087726235529e-11 0.999999999976534 1 2.88657986402541e-15 2.99760216648792e-15 2.88657986402541e-15 2.88657986402541e-15 4.21884749357559e-15 2.99760216648792e-15 5.10702591327572e-15 2.88657986402541e-15 4.21884749357559e-15 3.10862446895044e-15 1.63202784619898e-14 3.10862446895044e-15 2.88657986402541e-15 6.32827124036339e-15 2.88657986402541e-15 9.32587340685131e-15 2.88657986402541e-15 3.33066907387547e-15 2.99760216648792e-15 9.99200722162641e-15 1.17683640610267e-14 3.10862446895044e-15 5.32907051820075e-15 2.88657986402541e-15 1.59872115546023e-14 3.10862446895044e-15
0 0 1 1 0 0 0 0 0 0 0 0 0 0 0 0 0 0 0 0 0 0 0 0 0 0 0 0 0 0
0.232432963601168 0.255892504382803 0.999999999999964 1 0.189688905791001 0.184919602525516 0.184656476344414 0.191426818395854 0.185592960742662 0.188002868231406 0.187356297925013 0.201536654922308 0.188832128727639 0.18613126840969 0.197972059212874 0.186209072406308 0.18499163218492 0.18495051725412 0.187135540065214 0.191704989957578 0.184610376971924 0.200855359395394 0.184810752187333 0.187266040776909 0.190440658212207 0.191082119878 0.192771902775226 0.187270637701575 0.18461164447055 0.187891064231783
1.81100960228164e-06 0.998477913518802 0.9999794079819 1 2.47969197064712e-06 3.79651885307197e-06 1.58132739203065e-06 1.80010510864026e-06 2.31054513899487e-06 3.67371566722952e-06 1.35380853971689e-06 1.33379342348583e-06 1.27168252550547e-06 1.27072365119218e-06 1.54080245928778e-06 1.34045810351591e-06 1.49627339696146e-06 1.47615785017763e-06 2.16528640328839e-06 1.37016193246797e-06 1.35519831345743e-06 1.2834388377625e-06 1.28999762982751e-06 1.65580766153806e-06 1.27206739808372e-06 1.35217630670148e-06 1.29317466401879e-06 1.35123747901922e-06 1.39910547891642e-06 2.61020257763533e-06
3.88883399149442e-07 0.999998986289728 0.999999999969833 1 8.07543698577717e-10 8.15486012051281e-10 3.44029216226005e-09 1.17853728998085e-08 2.5254763835747e-09 3.31683180920805e-09 9.84736292508614e-10 1.88584869942332e-09 1.62888269539252e-09 8.24236053853511e-08 7.70280172979199e-10 1.95524318957752e-09 1.35259670130949e-09 9.16771436543229e-10 1.25658827787589e-09 9.88375048471823e-10 9.78093939174585e-10 7.71989916437121e-10 1.56606727585995e-09 2.12053696824199e-09 5.03744617130764e-08 8.52693915476266e-10 1.08599884640626e-09 7.66158692044883e-10 8.0341855390742e-10 1.61074620308455e-09
7.25877217222504e-08 0.999994752219004 1 1 5.28136245847577e-09 2.78512091167471e-09 2.55313059582818e-09 8.99522512032291e-09 1.55982918692565e-07 2.1400952121553e-09 8.16021916705267e-09 3.59531066029817e-08 2.50834653048315e-09 8.3650774085342e-09 2.38236963490124e-09 2.29018570774286e-09 4.60783278199983e-09 3.56266227630186e-09 2.13930251291572e-09 9.31167876139227e-09 2.27971141963934e-09 2.60954968744898e-09 2.77913148050146e-09 1.26326668015153e-08 2.53014897921844e-09 1.3425336065076e-08 1.75335526098053e-08 2.78658718322333e-08 4.72744565715999e-09 3.9959974218462e-09
0.00060786831132964 0.979763260498721 0.999999999999818 1 9.92959632103441e-05 8.91497490626003e-05 0.000129520660780647 7.36426288819869e-05 7.11130852197872e-05 7.93346484203594e-05 7.83782127006249e-05 7.20827064870644e-05 0.00287967108220721 8.05227682315612e-05 0.000133107710853397 7.19812632037353e-05 7.20750067346732e-05 7.14614289509807e-05 0.000123076803901556 0.000127898684018857 7.43568864801647e-05 0.000793182330533049 0.000158860065435307 0.000143846901748401 8.84434760579644e-05 0.000231181177410278 0.00011368257462363 7.10700613759663e-05 0.000148756234376823 8.02004082950392e-05
2.98216935712414e-06 0.999978169088765 1 1 2.85908083763609e-07 2.69613644743316e-08 2.96025493007335e-08 2.77207229393284e-08 4.58868486541419e-08 3.53710190026391e-08 3.66836698018069e-07 1.23927471729068e-07 2.96149857970107e-08 2.62588898403138e-08 5.33235757771422e-08 3.82376855734279e-08 2.62927835059656e-08 2.62354006963506e-07 3.59999970944713e-08 4.70963505971866e-08 5.71607259303164e-08 2.74572619085589e-08 8.74562325892114e-08 2.74975775482744e-08 5.33406994129848e-08 2.8704419730019e-08 3.5983944268736e-08 2.85242539588282e-08 8.97424108359246e-08 2.65872851512583e-08
3.33066907387547e-16 6.82787160144471e-14 0.999999999999826 1 3.33066907387547e-16 4.44089209850063e-16 5.55111512312578e-16 2.22044604925031e-16 2.22044604925031e-16 3.33066907387547e-16 2.22044604925031e-16 5.55111512312578e-16 2.22044604925031e-16 2.22044604925031e-16 2.22044604925031e-16 3.33066907387547e-16 1.77635683940025e-15 3.33066907387547e-16 1.54321000422897e-14 2.22044604925031e-16 2.22044604925031e-16 3.33066907387547e-16 1.99840144432528e-15 2.22044604925031e-16 1.77635683940025e-15 6.66133814775094e-16 7.7715611723761e-16 3.33066907387547e-16 2.22044604925031e-16 3.33066907387547e-16
3.56303402893055e-07 0.999998368084486 0.999999999999999 1 5.29634880397367e-09 8.15936118669924e-09 2.32453023496504e-08 3.95719645940318e-09 1.70084266670756e-08 5.61727864223371e-09 4.36473124310055e-09 1.42236543654306e-08 4.89409313075839e-09 1.66350884178712e-08 7.42431394140652e-09 1.0107485293176e-08 5.07723152409767e-09 4.21804491335109e-09 2.34218533456954e-08 5.23900900439855e-09 3.90441168285349e-09 7.28964122398423e-09 4.52726434119199e-09 5.27129051519637e-09 5.75403724667467e-09 1.38882634281856e-08 3.90889876022982e-09 1.25267476391855e-08 4.42855796478625e-09 4.20013257507179e-09
0.819718217400782 0.999963246192174 1 1 0.000739616807052812 0.000765323247196581 0.000753898350211779 0.000743770627442353 0.00139755090732652 0.0012284249541179 0.000762437260345639 0.000752025433271797 0.00120861728982991 0.000668558984142531 0.000660267065416331 0.000707172077120677 0.000668249545824784 0.000797437806538404 0.000735218926589898 0.000786646095721988 0.00121571174149371 0.000622290760566635 0.000659404201223346 0.00180080102390068 0.00404858481666193 0.000631527055937386 0.000818571018333714 0.00182474111843167 0.000664457044372346 0.00116466739364585
0 0 1 1 0 0 0 0 0 0 0 0 0 0 0 0 0 0 0 0 0 0 0 0 0 0 0 0 0 0
0.011973022071499 0.955174927437378 1 1 0.000125375586775389 0.000187098408523378 0.000153126953642668 0.000159747300572888 0.000130360439375532 0.000157258742292665 0.000129730507693271 0.000591052949115878 0.000125497271429076 0.0001758528343484 0.00012457476290062 0.000138283296601038 0.000274604294022929 0.000620807286804137 0.000330119544184826 0.000129787312699636 0.000202398773227253 0.00014693968252466 0.000305178787519678 0.000156299807968163 0.000165398658201532 0.000133502393281915 0.000125478473670282 0.000127557120161437 0.000124541489388563 0.000143449735559797
2.87637852425249e-08 0.999999884270252 0.999999999999628 1 1.43909550942567e-10 1.10958686683205e-10 1.13267617507518e-10 6.05351446747449e-09 8.53007664503025e-11 1.02751029906756e-10 1.35108035870246e-10 1.5137302522561e-10 1.49332879395558e-10 7.35116412187153e-11 1.78879022705303e-10 1.99750105345231e-10 1.63106750328268e-10 7.23195947571753e-11 7.62011564958698e-11 1.1795520116209e-10 9.64199831088308e-11 1.84766424382588e-10 7.29399873833358e-11 9.36196675738188e-11 7.82093279028118e-11 1.35126576594757e-10 7.65510987932316e-11 7.53810347475792e-11 6.03052274783522e-10 1.33587363393417e-10
0.0285145413138048 0.529199145961446 1 1 0.184393055833957 0.00104663178881736 0.000957802533198437 0.00192648204205181 0.00104653381957753 0.00110336645438769 0.0009706677388861 0.000950009396701201 0.000959741702990846 0.00095855655103505 0.000950510287181849 0.000999565072821618 0.0010371054182754 0.00105155956107483 0.0021319236095354 0.00100682506094829 0.00113363211619422 0.000997343874572287 0.000968366543848798 0.0014033731733325 0.00115970416607347 0.00098085613264165 0.00107743358862178 0.00133863405401757 0.00100569704707787 0.00104342958815695
0.00061552774988638 0.99924962349768 0.999999999999994 1 3.56180466953848e-06 1.14052813160459e-06 1.88157237013264e-06 4.4505806084949e-07 3.51520516728154e-06 6.59005624625841e-07 5.20512966839526e-07 4.96284616624543e-07 2.76102142715562e-06 7.29649204944671e-07 1.71691740158408e-06 7.96686269621816e-07 1.39075035754388e-06 4.33202391514342e-07 3.98379005728255e-06 4.90330860913879e-07 1.51687061467065e-06 5.40955999106529e-07 8.37940815512361e-07 4.35243114438322e-06 1.72961227462576e-06 4.78430465244983e-07 4.38358554677443e-07 4.49576338268365e-07 4.46924458219478e-07 4.4519361153128e-07
0 0 1 1 0 0 0 0 0 0 0 0 0 0 0 0 0 0 0 0 0 0 0 0 0 0 0 0 0 0
0.0010688082618443 0.987599203610037 1 0.345129594062004 6.24938969350231e-05 0.000126840524903193 4.81914716106147e-05 5.73845699826103e-05 7.11879973368523e-05 5.4009630930496e-05 5.64509578651062e-05 5.18926544912368e-05 8.58360143592973e-05 6.72152350696953e-05 4.61117386322263e-05 6.39530403092614e-05 5.63518573826194e-05 6.56092056305901e-05 4.62544212821436e-05 5.91423523087498e-05 6.911614675853e-05 4.68863144350573e-05 7.17426523987319e-05 4.61277060512799e-05 5.00612159253233e-05 0.000115197444972237 5.39656103275554e-05 5.08851850420378e-05 0.000327118190359466 5.08699046734007e-05
2.69240869515963e-05 0.999972062850458 1 1 1.91919968806076e-09 2.15039464013245e-09 5.93825288941474e-09 6.47703712886027e-09 1.93953719751505e-09 1.93616844779143e-09 5.86659065771045e-09 2.87482526672989e-09 9.4010653706178e-09 8.59938942276983e-09 2.55129839477064e-09 2.27794560991867e-09 2.37796171642657e-09 2.16118278828503e-09 3.72302511042477e-09 2.14369488826804e-09 2.16839179945083e-09 6.36026342704099e-09 1.93761917621771e-09 2.24686869110258e-09 2.34615038507968e-09 2.43723485837677e-09 1.98357452685372e-09 3.05980840664688e-09 2.69327482538273e-09 3.9613271551886e-09
3.78330205419442e-06 0.999450655709896 1 1 6.66016819461657e-06 2.71409809793344e-06 2.48366104038666e-06 3.20909014672743e-06 4.86724013037954e-06 1.95425107007985e-06 2.00568197328277e-06 2.63337856343249e-06 7.50104936597662e-06 2.07218260683817e-06 1.97944786473059e-06 2.15615351872867e-06 2.01127258980804e-06 2.48865629182138e-06 2.23093264539731e-06 2.30955859803483e-06 1.98291944530915e-06 2.45278759292145e-06 4.4646912444879e-06 2.17649334155467e-06 2.27060965296566e-06 3.71120483111387e-06 1.56963313733272e-05 1.97891262088135e-06 1.95114626844184e-06 1.97204896945635e-06
0.000149961888903372 0.997514174261356 0.999999999938715 1 1.34280366255179e-05 1.79526475356795e-05 1.58777807007793e-05 2.41846625327335e-05 1.16290850492584e-05 2.47873439602753e-05 1.16161736651854e-05 1.17048900415417e-05 1.10889425939398e-05 1.25618883333178e-05 1.36598205631167e-05 1.13916374351319e-05 2.47179178032297e-05 1.40771724097544e-05 1.15980866997045e-05 1.08528045665857e-05 1.57217612438698e-05 1.14736268569393e-05 1.44181221958251e-05 1.20048667919814e-05 1.32592173056612e-05 1.11452648920984e-05 1.31076574533262e-05 1.23163380504332e-05 1.1089973798839e-05 1.5563792020723e-05
8.67895335202595e-05 0.997745804731392 1 1 8.81813375241958e-06 9.04581665517323e-06 9.46030543669263e-06 1.02908831342008e-05 6.8567423270216e-05 4.28111342706261e-05 9.80324470301053e-06 9.58295778896723e-06 1.65514121766019e-05 1.79243212186098e-05 1.03003274337654e-05 8.77270943100417e-06 1.21442961921181e-05 2.75568199432641e-05 2.28843363436759e-05 8.40565217086198e-06 9.09626801937069e-06 1.26985134019098e-05 1.1294712191301e-05 0.000104824338825193 1.14809790461301e-05 2.36961531182578e-05 2.28576075145259e-05 9.09389469472277e-06 1.02838191098353e-05 1.32449291807557e-05
0.0220542025004118 0.895114908416701 1 1 0.000714960124353903 0.000332565422676012 0.000327036335529551 0.000353719870769598 0.000314886967693995 0.000305958744851065 0.000473127401194096 0.000333160926573206 0.000353149263718211 0.000377942282304811 0.000326190908202295 0.000534671414852084 0.00030001613649 0.000417696478280716 0.000477200115630239 0.00042858886963304 0.000425512585557897 0.000297073361486655 0.000805446647319297 0.000295339578796017 0.00174315901139499 0.000348410432999047 0.000302145974012902 0.000457082165680078 0.00113672130763509 0.000535233104012933
6.68018894312006e-07 0.999930297009385 1 1 3.87161219417287e-07 2.69255932661139e-07 6.12746058226143e-07 4.43812176675884e-07 2.83950310153713e-07 2.63215388929261e-06 3.5288911404141e-07 3.02066866519901e-07 2.75001077798542e-07 2.87042458912978e-07 5.20933562619952e-07 4.78425814409711e-07 3.5221353245074e-07 3.09565663214606e-07 2.71225594317137e-07 2.80213867887014e-07 2.78079709592483e-07 3.38012674516719e-07 2.7813069858329e-07 4.46678749987939e-07 2.78373655904218e-07 3.34686552250218e-07 4.47126519476093e-07 2.88166156270364e-07 3.17734245802725e-07 2.9585371330576e-07
9.36989922317721e-08 0.999999813138928 1 1 1.73244529833028e-10 1.04845147008703e-08 1.68683511603263e-10 4.27655466594956e-10 1.20104824974376e-08 1.68987046578195e-10 3.53131079933178e-10 1.73508429845981e-10 2.93099877701763e-10 1.91372251379107e-10 1.72113212570935e-10 5.13102893506812e-10 1.72744818449644e-10 1.94690374932804e-10 4.83243334237216e-10 8.8824896327111e-09 1.98385419203362e-10 2.48922438217392e-10 1.703488461402e-10 1.68677294354325e-10 1.764217660849e-10 5.03935448925574e-10 1.83332349301679e-10 1.68816516321613e-10 3.92159638096246e-10 1.75990000350623e-10
4.51425294067942e-06 0.999378064372225 1 1 2.67980904833376e-06 2.4356237896539e-06 2.1645233108103e-06 4.87020318684639e-06 2.29217027014617e-06 2.21608080563929e-06 3.10993070251619e-06 4.51351052022098e-06 2.18872463020325e-06 2.41460627281587e-06 1.53533032251074e-05 2.16790257978605e-06 2.75600539068055e-06 9.95262760650206e-06 2.21789816523543e-06 2.19083094710193e-06 7.24741293167686e-06 2.17537808333557e-06 2.16365386240813e-06 8.71350799303006e-06 6.67821344901842e-06 2.18070968960316e-06 2.41414038748555e-06 2.50749341168532e-06 2.93508988591373e-06 4.12789894987942e-06
2.46618181876102e-07 0.999998757037865 0.444948166820276 1 3.27835492086592e-09 5.11963649252323e-09 3.98907040732865e-09 9.56653345429714e-09 3.40002781484827e-09 3.08368486301447e-09 3.14646353416492e-09 3.43866379814983e-09 3.38151207035509e-09 2.89965940147852e-09 2.93511936977353e-09 2.95042357212338e-09 4.86493478835115e-09 1.02406664259647e-08 2.90964230487134e-09 2.99738867060029e-09 3.24031013132497e-09 2.93140139939752e-08 3.766447820297e-09 5.19694298706241e-09 4.29629187781444e-09 7.46069239720981e-09 1.53621260157166e-08 4.20594647998485e-09 3.80078768458247e-09 3.05749436879665e-09
9.99200722162641e-16 1.53588253226644e-12 0.999999999998433 0.768349753966678 0 0 0 0 0 0 0 0 0 0 0 1.11022302462516e-16 0 0 0 0 0 0 0 0 0 0 0 0 0 0
2.44463371767978e-09 0.999999872055888 0.999999999999622 1 2.93494006875505e-10 3.22605053781899e-10 4.22932133758991e-10 1.53481782838583e-09 2.60498622672856e-10 2.74018696622136e-10 1.29549926342065e-09 4.4990189351779e-10 1.35554734104204e-09 2.92562862824752e-10 2.6150781540224e-10 4.85373075065354e-10 4.27470614461356e-10 2.60207855262706e-10 8.02564015245366e-10 2.78149503429859e-10 4.22743950956317e-10 2.8787527917018e-10 2.95776181324925e-10 3.09091530148464e-10 3.45324990824736e-10 2.75565348317741e-10 3.50899642675984e-10 3.55333207302522e-10 1.52213663895395e-09 4.24354662520443e-10
4.39716017708314e-07 5.13351521447269e-06 0.999991771429733 1 1.09710602935742e-07 9.02234253974399e-09 8.97486307493978e-09 2.47097384775685e-08 9.50731937621185e-09 1.1109113184915e-08 1.02841624105565e-08 9.3248943011659e-09 2.91959678655473e-08 9.13621822640209e-09 1.23116864481077e-08 1.97205742846762e-08 1.55950128366555e-08 5.93191435971363e-08 8.96160501362431e-09 1.05575520548129e-08 9.01162944266787e-09 1.17902728691277e-08 2.53870732214168e-08 9.06628339070181e-09 4.33659547161014e-08 9.31781762858463e-09 9.02349051035145e-09 9.59447132853342e-09 8.96283969264999e-09 3.53994384916234e-08
7.02531466124645e-05 0.998906573469857 0.999999999999999 1 4.15122889252384e-06 5.13769459276059e-06 4.15577553636304e-06 8.25040713359204e-06 4.13239794105902e-06 4.49251415712837e-06 4.2063697764938e-06 4.14203791543333e-06 4.15533583120187e-06 4.16814906012419e-06 4.14771092838162e-06 5.08635347507003e-06 6.28150889758761e-06 4.41447655286087e-06 4.28382862094345e-06 6.88591298791952e-06 4.15503611828072e-06 4.54064190391623e-06 7.15516378665404e-05 4.980529048626e-06 4.9711316177925e-06 7.68756472135923e-06 4.75387552878459e-06 4.65095500135071e-06 7.2638571270156e-06 4.23789502979055e-06
0 0 1 1 0 0 0 0 0 0 0 0 0 0 0 0 0 0 0 0 0 0 0 0 0 0 0 0 0 0
1.09056398206464e-05 0.998490407838069 0.999999434266579 1 6.21533440381405e-06 6.83968736447937e-06 1.01163655300551e-05 6.28814876013628e-06 8.05011487681195e-06 6.28753254605652e-06 1.21109503393724e-05 6.19580944793974e-06 1.27826785824015e-05 6.56328270920437e-06 1.01414914168707e-05 8.82796952061948e-06 7.98219884456941e-06 7.64321802448897e-06 6.22251153381548e-06 6.22843421038688e-06 7.8990077722052e-06 1.74513415810429e-05 9.7650818396966e-06 6.82681036445754e-06 1.2449106763901e-05 6.22816737672061e-06 6.86796436566439e-06 1.56956688920351e-05 1.15283776206399e-05 6.60755832215809e-06
5.71836140217385e-06 0.99970735992526 1 1 1.14994366651189e-06 1.12683045816464e-06 1.13456024686265e-06 2.78196208924886e-06 1.12121391016018e-06 1.89064187028354e-06 1.40179730556689e-06 1.11531333446546e-06 5.26638957198955e-06 1.11413769954272e-06 1.12690854503494e-06 1.62283032378863e-06 1.67876843393255e-06 2.10444623249817e-06 6.83435273218791e-06 8.84380477217395e-06 2.91670656882292e-06 1.31794245827876e-06 1.13666160350689e-06 1.47951294171556e-06 1.32545551656538e-06 1.16817661244273e-06 1.1722746730003e-06 1.11404369240731e-06 1.26377344111805e-06 3.7437456360534e-06
1.39898302720098e-07 0.999997952827547 0.999999994043664 1 1.00664075963763e-08 1.39537208454499e-08 9.52035184020872e-09 1.09073471366017e-08 1.39812803556794e-08 9.20621245903419e-09 1.64873018571043e-08 9.0247326278714e-09 2.81895680132038e-08 1.07443633989845e-08 1.2360177215065e-08 8.56304827046017e-09 8.6111912045439e-09 1.4592358099641e-08 8.61816951136518e-09 8.82718609318545e-09 1.17886522765787e-08 8.94534968320926e-09 8.58985582663507e-09 1.7913813765702e-08 2.41405559986418e-08 9.16946818474429e-09 1.16047101927919e-08 8.53716819460004e-09 9.60579060738098e-09 8.7590832364981e-09
0.00180540385709238 0.993641496179142 1 1 1.53777999256643e-05 1.732371988028e-05 1.30693428227469e-05 1.32055885760929e-05 1.47801523292523e-05 1.19087242276272e-05 2.030842262013e-05 0.000154801741983568 1.22545484555481e-05 1.1887605750438e-05 1.30456479064955e-05 1.55630842573196e-05 1.21975177151956e-05 1.46734995893905e-05 2.30707678930964e-05 1.38555322912737e-05 1.29958536221331e-05 1.35740238674797e-05 1.49571012753036e-05 2.03173498272147e-05 1.3269472114108e-05 2.83533174869621e-05 1.72568353024039e-05 1.65859058476325e-05 2.04600262478927e-05 1.46491046534303e-05
3.73893934383362e-05 0.999820894515041 1 1 4.91899586951838e-07 5.37947072998257e-07 4.39523453299451e-07 7.87278480629539e-07 4.85935971794582e-07 8.13023368628762e-07 4.8561604382158e-07 4.52426760944036e-07 7.72366552381776e-07 4.98626226697052e-06 9.22001253012006e-07 5.59307729131042e-07 4.87645597235797e-07 5.61294849821259e-07 1.32947030895281e-06 4.39961029830016e-07 6.46483353183847e-07 4.43892729018458e-07 8.24238214458539e-07 1.40617217647687e-06 5.55435754501232e-07 4.4013154520961e-07 6.39443010208574e-07 5.06175594328084e-07 4.39790938888684e-07 4.51889388242144e-07
4.85115850612505e-05 0.996559737728863 1 1 1.08150677902152e-05 5.76326804845317e-05 4.37259160642745e-05 1.18140280040979e-05 2.38875476386013e-05 2.86132232734104e-05 1.1534239757971e-05 1.09957468562571e-05 9.48100334332569e-05 1.04786274839341e-05 1.47977653283116e-05 1.05459736098323e-05 0.000186998333214117 1.11120592289904e-05 0.000136765390098548 1.34838563816686e-05 1.88562943889137e-05 1.18391424780429e-05 2.95613216725332e-05 2.05223671664312e-05 2.00952427373835e-05 1.29130695770696e-05 1.14514991171877e-05 1.06934128897285e-05 4.97331196268602e-05 2.72273152829294e-05
0 0 0.783752762504764 1 0 0 0 0 0 0 0 0 0 0 0 0 0 0 0 0 0 0 0 0 0 0 0 0 0 0
2.87423222434802e-05 0.998376198530628 1 1 1.60692136146334e-05 5.47695701502704e-06 6.2120772070795e-06 6.44704798247187e-06 5.96541920516724e-06 1.09712619660307e-05 1.05983113274366e-05 6.59702541461193e-06 5.67959670405571e-06 6.68812005821806e-06 5.7834227727982e-06 5.45982166377801e-06 5.64982592410335e-06 5.86186284412538e-06 2.21094554514467e-05 4.45201153509434e-05 7.43634201172405e-06 1.89306111352261e-05 6.64497261404495e-06 6.23799243870682e-06 7.0051467997434e-06 1.88751487031347e-05 7.0535096435842e-06 5.61828970857547e-06 1.86602520182433e-05 1.99914631141551e-05
4.45891369410534e-05 0.996243730377074 0.999999616207824 1 5.11865700837388e-05 1.37317846802265e-05 1.40623315508792e-05 4.38399657070043e-05 1.51610380542122e-05 1.53734521373128e-05 1.71556665548023e-05 1.83541652735153e-05 1.76822101517482e-05 8.59951053449048e-05 8.25241421120726e-05 7.01945229619749e-05 1.44187252851813e-05 1.35892846306884e-05 1.45322737121756e-05 8.24483391683728e-05 1.46666827793851e-05 2.77414795279984e-05 1.59189072875821e-05 0.000216922240961814 2.96980743492714e-05 5.57014043136572e-05 1.38909240946505e-05 1.71098561595473e-05 1.50209504033993e-05 1.52326263017644e-05
6.67775093143863e-06 0.00132639589932249 0.997426206359548 1 6.09310484323e-06 9.22073509801447e-06 5.94152425281713e-06 5.85232936578528e-06 7.9210318996159e-06 5.58053667143454e-06 5.67366414694348e-06 6.49122079932063e-06 6.01554135026827e-06 5.89663102934512e-06 6.12807706323881e-06 5.58796817151652e-06 6.01076443118576e-06 5.64025288984915e-06 5.78822483709995e-06 2.84362766840296e-05 2.00580077192036e-05 5.84727961361331e-06 9.02599567131901e-06 7.75914913286879e-05 5.58960679608589e-06 1.24736118402025e-05 5.84849407792021e-06 5.61878530946913e-06 6.51418131425441e-06 5.58056032096133e-06
1.21249831286363e-07 0.999999042018016 1 1 2.70277344949221e-08 3.90849574927188e-09 3.06882552703058e-09 1.22665584356696e-08 3.62556129562819e-09 7.90761689462016e-09 5.30248756014373e-09 5.11823150528556e-09 3.09014636101779e-09 7.36228289444085e-09 5.41616573812576e-09 6.28073326680578e-09 4.42921044285782e-09 2.50991494255004e-09 3.04418312779831e-09 7.48593620425453e-09 2.69327246060769e-08 2.58055876667385e-09 4.06184519352593e-09 4.06467193236892e-09 2.52976983805553e-09 2.50018095115934e-09 2.52278431478459e-09 5.66897373488473e-09 3.324948982808e-09 4.85635709424059e-09
2.94342328288622e-12 4.92456075917858e-11 0.999999998062369 1 4.58455495788712e-12 4.71667149781752e-12 1.41153755350842e-12 2.21711538017644e-12 1.14908083048704e-12 1.58717483600412e-12 1.23634436022257e-12 7.93443089008861e-12 7.31736893300194e-12 2.91661139684152e-11 2.25841567669249e-12 1.19571019752129e-12 1.24222854225309e-12 1.24045218541369e-12 1.15574216863479e-12 1.18682841332429e-12 1.1811662758987e-12 1.20703447237247e-12 1.28497212870116e-12 1.64779301314866e-12 1.24444898830234e-12 1.14852571897472e-12 1.47759582347362e-12 1.83997261871127e-12 2.45603537507577e-12 1.30062627334837e-12
0.89368599070763 0.999975288240404 1 1 0.000412662213664317 0.000778334054856611 0.00052427865262239 0.00058390318088819 0.000450678070676891 0.000616872589399797 0.000446606666724358 0.00112728999791811 0.000689313872219488 0.00046261460154684 0.000395696729431072 0.000423720589183274 0.000649559579500636 0.000389856507209574 0.00117662336906255 0.000400993777813885 0.00050218624299303 0.00040939605546142 0.000527081434877452 0.000508868349081371 0.000388644249304404 0.000722588032293747 0.000491293676501248 0.000519069403634553 0.00039677540976446 0.00119510069247286
9.27636216607741e-06 0.999274196618286 0.999999999999868 1 2.77711704399497e-06 2.97523416326051e-06 2.86447870823103e-06 3.36118371568883e-06 6.49708441635699e-06 3.40168920487383e-06 2.920731479783e-06 3.40772635987197e-06 3.04630548375595e-06 3.98122453748595e-06 4.24969472057057e-06 3.52707156814347e-06 3.64986118539523e-06 4.88587767211168e-06 2.99674586801135e-06 1.17530284046152e-05 3.35285679087249e-06 4.55647784636248e-06 2.81558503967272e-06 2.81974401972196e-06 5.56413633423514e-06 2.78914231710559e-06 3.13765053316928e-06 2.98662279252238e-06 3.26028726183036e-06 2.84145156326243e-06
0.00011102734775692 0.996146284452124 0.999999999999946 1 8.41945775302833e-05 1.63511646456005e-05 1.64925165312413e-05 5.91664571573114e-05 2.44144466811091e-05 1.56625837843816e-05 1.8215748436301e-05 1.75731757261488e-05 2.30162479238905e-05 3.64265905862249e-05 8.52218503772928e-05 0.000139842083286879 1.79178878650932e-05 4.27990975518933e-05 1.60325013344176e-05 1.71750890082256e-05 2.37747919518139e-05 1.54402172565238e-05 1.63891092536117e-05 1.630139036779e-05 1.52921870244516e-05 1.6940749654859e-05 3.19016128158545e-05 2.10290900303223e-05 4.89450193126295e-05 2.38727778588688e-05
0.000456095888067165 0.994695056109801 0.999999999998703 0.898249998465851 2.42477171750188e-05 3.05943367174821e-05 3.006392842686e-05 1.77303054132993e-05 1.79976850716024e-05 1.7656334092564e-05 2.12038006593973e-05 1.70308085761794e-05 2.06776040434509e-05 1.98823045215457e-05 2.01415777979497e-05 2.07373479246264e-05 1.82144664381267e-05 3.52576318917164e-05 4.09757262357369e-05 6.71015477137216e-05 1.78927565606113e-05 1.99181566972184e-05 1.70281196016919e-05 3.06967468052255e-05 1.93090795598261e-05 1.78450746459724e-05 2.17379788385319e-05 1.77330807491494e-05 1.85210143115455e-05 1.73910895104878e-05
0.871071345171307 0.999997114194548 1 1 0.000948510067733221 0.00051708550255769 0.000586179395523523 0.000478299016700934 0.000533827402893872 0.000474493230782636 0.00079356183080348 0.000529744942495913 0.00129030154219001 0.000852410313216145 0.000472118183577619 0.0019887710863471 0.0021502010020541 0.00102046013122759 0.000487103989015081 0.000471437920941509 0.000482679322008961 0.000712523324420622 0.00109486874078757 0.000532760775330487 0.0108886834392132 0.000868464725912288 0.000769337559149874 0.000713767632167683 0.000473793043565873 0.000707143890579798
1.77635683940025e-15 2.68463029584609e-12 0.999999999993223 1 5.77315972805081e-15 5.99520433297585e-15 1.66533453693773e-15 5.86197757002083e-14 1.66533453693773e-15 2.33146835171283e-15 1.66533453693773e-15 1.77635683940025e-15 2.88657986402541e-15 4.16333634234434e-14 1.69864122767649e-14 3.99680288865056e-15 1.55431223447522e-15 1.88737914186277e-15 7.7848838486716e-13 5.55111512312578e-15 1.4432899320127e-15 3.77475828372553e-15 5.10702591327572e-15 1.66533453693773e-15 1.88737914186277e-15 4.21884749357559e-15 1.66533453693773e-15 1.66533453693773e-15 1.55431223447522e-15 1.4521717162097e-13
2.61411402302514e-07 0.99995380698411 1 1 1.04508135700954e-07 8.65112482761887e-08 9.90002867462536e-08 8.65107420144895e-08 1.01430628784982e-07 1.05434994845943e-07 1.08712016833046e-07 1.1067756811034e-07 8.76056495124899e-08 1.28356314177402e-06 8.5719576659038e-08 9.01238026429496e-08 8.51893573461382e-08 8.57071673632248e-08 8.51359378550853e-08 1.39086980599501e-07 8.85205442280323e-08 9.50606189320524e-08 9.98224376491663e-08 1.65198656310039e-07 4.13275808797131e-07 2.28466805030081e-07 9.97522471291035e-08 8.51212880181862e-08 1.28617940853282e-07 8.64989074811362e-08
8.80946792924941e-06 0.999959161628392 0.999999999953016 1 9.50154934731273e-08 1.10391501273455e-07 9.78497675108159e-08 1.95973378525061e-07 2.14959677946602e-07 1.0129489380617e-07 4.46584227042912e-07 1.03674854257108e-07 1.13493199727088e-07 9.40128884741043e-08 9.71033872199101e-08 1.32412498299317e-07 1.64983019357301e-07 4.72383520522257e-07 1.58584027576403e-07 2.07096382487393e-07 2.94506505182923e-07 9.45560691967273e-08 2.20108206661074e-07 9.47041731702569e-08 9.4490730684349e-08 2.08762869990942e-07 2.02407868465926e-07 1.5849728929318e-07 1.58257094484693e-06 9.43329242497626e-08
2.79554847049113e-08 0.999994759965645 0.999999999999702 1 2.88351090782513e-08 6.55421683593005e-09 1.38371681335236e-07 1.01190508194904e-08 1.06547085598763e-08 2.21066763783639e-08 5.90858428850538e-09 6.00741534295679e-09 1.94653425600322e-08 8.19856738054625e-09 5.61502466744912e-09 5.94130200592957e-09 2.89652506424432e-08 7.26689641794565e-09 9.64489077492914e-09 1.90584930837012e-07 7.57617648616815e-08 2.48881942832568e-08 1.83254943442179e-08 6.57440046847313e-09 5.6463440589738e-09 6.37973374129075e-09 5.75422753890109e-09 5.80173564745934e-09 4.36328541075781e-08 1.45401543028001e-08
0.00143739579293733 0.970094275707738 0.999999999816391 1 0.000167323016218246 0.00019908727038076 0.000522656994788706 0.000315102639642295 0.000157502965196343 0.000155943987575347 0.000178058842919993 0.000174847837495662 0.000163013378195243 0.000227251457825317 0.000166533933783075 0.000160155879399659 0.000177985134721226 0.000380968529965275 0.000212639551259275 0.000158034024370535 0.000175683452626529 0.000193125851112419 0.000177685938654304 0.000342172697582854 0.000155951731356851 0.000155937743044676 0.000223949123472456 0.000160547972063108 0.000193309902485117 0.000269819965387552
0.0410160901810361 0.854684066402886 0.892535303403083 1 0.00132484068061478 0.0004607614632548 0.000466965589113411 0.00054653755999523 0.000733109462556558 0.000462618707494977 0.000815941749375049 0.00125482753370476 0.000458999890279199 0.000942702559432407 0.000680888079062303 0.000516642142454504 0.00479445682839064 0.00110645188266012 0.000481932895080361 0.00094518025724033 0.000570210541190996 0.000492748196972537 0.000509270108097537 0.000853841414624745 0.000525732123045963 0.000458145114367148 0.000524608523570169 0.000553369301288686 0.000865983090902467 0.000535810910104906
0 0 1 1 0 0 0 0 0 0 0 0 0 0 0 0 0 0 0 0 0 0 0 0 0 0 0 0 0 0
4.3488384555701e-06 0.999981426885774 1 1 5.41980709201084e-08 5.94993180280667e-08 5.07640541824728e-08 7.76393752621729e-08 5.19335444648661e-08 5.14656066652464e-08 8.62614261132322e-08 6.9510259326222e-08 3.1534605016148e-07 5.25587816602169e-08 4.98395541503882e-08 4.97389868181486e-08 6.40566922838204e-08 4.97529637488725e-08 5.07337343247372e-08 2.3751243805048e-07 5.28793077103629e-08 7.03583800110152e-08 6.23247364828217e-08 6.24973212071112e-08 7.8695581162691e-08 5.34738909818699e-08 5.15745203211182e-08 1.00336141617419e-07 5.13680754599122e-08 5.90430428992761e-08
0 0 1 1 0 0 0 0 0 0 0 0 0 0 0 0 0 0 0 0 0 0 0 0 0 0 0 0 0 0
1.70299896407045e-08 5.96164056010373e-07 0.999998368012121 1 4.1780503501343e-09 3.66174157662158e-09 4.05228306465943e-09 3.64621466353299e-09 3.42035444411692e-09 3.51167483980674e-09 3.27350480056054e-09 3.35182159805214e-09 3.25200322226493e-09 3.50171769358809e-09 1.20921729296342e-08 4.7985136975015e-09 8.01316124565687e-09 5.29344346134053e-09 6.52101017628581e-09 8.63607219070417e-09 1.474512867361e-08 3.87461762674235e-09 1.03204020884817e-08 3.39315175956756e-09 3.21128468261378e-09 7.3122318200447e-09 5.48603917849277e-09 4.88980533841499e-09 3.20568560585599e-09 3.5176107582302e-09
0.0159645404053036 0.983896459928316 0.99999942524535 1 7.49120720677787e-07 4.08262175399798e-07 1.83575704126859e-06 6.76881548145047e-07 4.7183545504037e-07 4.18841333726938e-07 4.67614690080609e-07 4.82626196451896e-07 5.09425223227389e-07 4.14997881725832e-07 1.80655413239972e-06 5.41108476226349e-06 8.41108501514753e-07 4.66773909857388e-07 7.35165555099115e-07 5.46319824823449e-07 4.09547260771248e-07 1.84129892411011e-06 1.12119666395571e-06 5.20931774383726e-07 5.7435580957943e-07 6.76656878095816e-06 4.30032106701894e-07 4.04332393011408e-07 4.19156540254484e-07 4.87573032281752e-07
1.75103198607474e-09 0.999999827301938 1 1 8.33168312119881e-10 8.0570072835684e-10 1.27958010853746e-09 5.28371013608364e-10 5.29805754823087e-10 6.99264646186748e-10 6.44958531026418e-10 1.58049389131776e-08 5.6186799657354e-10 6.54858389737001e-10 9.86218551268792e-10 6.17973450189879e-10 7.7881212590114e-10 5.37774380582334e-10 5.86719894890564e-10 6.88237689061566e-10 6.09303274501372e-10 5.26755750129837e-10 1.58477886369468e-09 5.97411564662309e-10 7.22746529291385e-10 7.77154229858468e-10 2.58155663512838e-09 5.38549094208918e-10 3.73976394296704e-09 7.15810188900434e-10
0.0136703411927395 0.978859790240137 0.999999999999771 1 3.64402488014504e-05 4.73265724838523e-05 4.01247178323239e-05 3.68157256736001e-05 3.64426951526831e-05 4.09097845140982e-05 5.73868010725898e-05 3.48454998794212e-05 3.81432982021757e-05 3.49834862480858e-05 0.000220463355512845 6.42295851728258e-05 3.9909648785641e-05 3.79576819808936e-05 5.01873902892802e-05 4.33521241460788e-05 3.45778006354269e-05 7.33373513273072e-05 7.68408741540494e-05 0.000231072410800115 4.66526148558133e-05 5.68549227675241e-05 3.6312679890349e-05 3.54544879973551e-05 3.67594329117038e-05 3.94984080592797e-05
7.22134396613505e-07 0.999915227257998 1 1 9.04361321718561e-07 2.6579421497086e-07 3.17986806885884e-07 2.8040222777026e-07 2.77343307319988e-07 2.74699382574184e-07 4.18242880551034e-07 2.843592755708e-07 2.60816590769153e-07 3.44677602348575e-07 5.15842986659187e-07 2.63360297458881e-07 2.98636168349908e-07 2.69209483483301e-07 2.69277485864805e-07 3.24697454368028e-07 2.90316695572557e-07 8.35109610797247e-07 2.69738209435211e-07 1.35152461055998e-06 2.86633748292076e-07 1.27083815626428e-06 2.68405798364846e-07 4.93190948192002e-07 2.98173489121645e-07 3.92098520984874e-07
6.21724893790088e-15 5.6399329650958e-14 0.999999999999731 1 2.22044604925031e-16 2.22044604925031e-16 2.22044604925031e-16 2.22044604925031e-16 9.99200722162641e-16 4.44089209850063e-16 3.33066907387547e-16 2.22044604925031e-16 2.22044604925031e-16 3.33066907387547e-16 6.66133814775094e-16 5.55111512312578e-16 2.22044604925031e-16 2.22044604925031e-16 2.22044604925031e-16 5.55111512312578e-16 1.33226762955019e-15 4.44089209850063e-16 3.33066907387547e-16 2.22044604925031e-16 2.22044604925031e-16 3.33066907387547e-16 7.7715611723761e-16 3.33066907387547e-16 2.22044604925031e-16 3.33066907387547e-16
0 0 1 1 0 0 0 0 0 0 0 0 0 0 0 0 0 0 0 0 0 0 0 0 0 0 0 0 0 0
4.68344202975146e-06 0.998037135760018 1 1 1.35988912719487e-05 3.68778030757078e-06 4.14934435066794e-06 4.64864342830662e-06 0.000895447026786678 6.83045047789044e-06 3.72896060196748e-06 3.68635843206455e-06 4.80435270922008e-06 3.88925757133229e-06 3.68014873963762e-06 1.27913045805395e-05 3.78699297109986e-06 8.52456624678144e-06 3.87996284212377e-06 5.61993702585806e-06 5.48601698890927e-06 9.65096356220219e-06 7.33183322032538e-05 3.94528312996911e-06 3.67590805971929e-06 3.68445389331562e-06 3.68526042882067e-06 5.0817199530595e-06 3.85700951677226e-06 7.57226690140111e-06
1.11022302462516e-16 4.44089209850063e-16 0.531239782591223 1 1.11022302462516e-16 0 0 0 0 0 0 0 0 0 0 0 0 0 0 0 0 0 0 0 0 0 0 0 0 0
5.55111512312578e-16 8.65973959207622e-15 0.999999999999695 1 5.55111512312578e-16 6.66133814775094e-16 7.7715611723761e-16 5.55111512312578e-16 7.7715611723761e-16 6.66133814775094e-16 9.99200722162641e-16 5.55111512312578e-16 8.88178419700125e-16 5.55111512312578e-16 5.55111512312578e-16 6.66133814775094e-16 5.55111512312578e-16 5.55111512312578e-16 7.7715611723761e-16 5.55111512312578e-16 5.55111512312578e-16 7.7715611723761e-16 6.66133814775094e-16 6.66133814775094e-16 9.99200722162641e-16 2.88657986402541e-15 1.77635683940025e-15 7.7715611723761e-16 7.7715611723761e-16 1.77635683940025e-15
1.11022302462516e-16 4.44089209850063e-16 0.531239782591223 1 1.11022302462516e-16 0 0 0 0 0 0 0 0 0 0 0 0 0 0 0 0 0 0 0 0 0 0 0 0 0
5.54698152860356e-05 0.999096541676561 1 1 2.50569638859943e-06 8.75756562157548e-07 1.80237626301594e-06 6.96091583374248e-07 6.70679470848867e-07 9.34862354196042e-07 2.13379355296084e-06 8.34408985794788e-07 1.58286773188632e-06 1.28308179395686e-05 1.53325461138554e-06 2.49321178624751e-06 6.97038709751574e-07 1.05287148544075e-06 6.86585079678892e-07 9.57433462733803e-07 6.54600577520981e-07 1.60892353584519e-06 1.64038767558328e-06 6.4885478012755e-07 8.19507598670555e-07 2.4613677028773e-05 6.76131872823227e-07 9.11205112918978e-07 6.74669259681515e-07 3.52345482557137e-06
3.06155530038765e-07 0.999982913819725 1 1 5.26943864098683e-08 1.45490518632663e-07 5.30387962438539e-08 5.51722280084377e-08 1.21946653997007e-07 5.40975383378495e-08 5.27966660390788e-08 6.75460121168925e-08 1.05292927043976e-07 7.75318885759546e-08 5.25397944040051e-08 6.99920792435194e-08 5.22686114390325e-08 1.1494680751678e-07 6.9528510726613e-08 6.767002436181e-08 1.50135401555396e-07 1.34460523382174e-07 5.87399007212497e-08 1.04447307247568e-07 7.43294711336162e-08 5.27992548571277e-08 5.34552648812081e-08 5.25115306793111e-08 5.79984883453122e-08 9.19770901663952e-08
6.79527158157223e-05 0.994668282898701 0.999999999999063 1 2.72269569120409e-05 0.0001360795088311 2.85179837856697e-05 3.71712186929551e-05 2.68415706979885e-05 3.02440562550688e-05 3.72808651926126e-05 3.75509277846797e-05 2.69735031470653e-05 2.69646874112572e-05 2.89789334738666e-05 2.70574162993809e-05 2.68450507576734e-05 2.68766219082561e-05 3.23620760007692e-05 4.13052888124099e-05 2.73444583021032e-05 2.94010682715395e-05 4.77118192553361e-05 2.69093267041276e-05 2.68723354908129e-05 7.41398023641482e-05 3.02686453574896e-05 6.12426726844806e-05 3.23801968450388e-05 3.23906673977969e-05
4.70384917683475e-08 0.999994876256632 1 1 6.48298730254737e-08 2.11843200759176e-08 2.04514101209696e-08 3.40976279433747e-08 4.9415209479875e-08 2.72168367843051e-08 2.6229391769661e-08 1.84250646961814e-08 1.91002375027338e-08 1.86191992934681e-08 1.86298506621441e-08 1.07421863071444e-07 5.7123480057264e-08 1.84890990295727e-08 1.84788366830446e-08 2.59387991086157e-08 5.90992371707344e-08 1.84319505214248e-08 3.66173953381121e-08 1.91016865658256e-08 2.5668747016816e-08 1.8409235025274e-08 1.87842932319882e-08 1.88805829859362e-08 1.8519574762621e-08 3.2318171472312e-08
0.00247902303076197 0.992546454425823 0.999999999979151 1 2.71117324315284e-05 2.58656781324529e-05 4.69738556925225e-05 2.2648037268036e-05 2.18622187965201e-05 2.28028825928206e-05 6.38781345585482e-05 0.000101801580370542 2.26020145059902e-05 2.12476013973228e-05 2.13689002032114e-05 3.58118216295944e-05 2.1395889824527e-05 2.69359218634246e-05 2.117189380757e-05 2.45728628276431e-05 5.72030588137373e-05 2.11871893650573e-05 2.3324228154098e-05 7.39363087899347e-05 2.7829828248116e-05 2.69783529838197e-05 7.47895535970766e-05 2.38718304824692e-05 2.12205118392816e-05 0.000102293712040513
0.188235163497849 0.748443088380072 1 1 0.00160997813137587 0.000267146301998533 0.000363336640339829 0.000499583908171175 0.000248968759487989 0.000945390381769995 0.000274011714342048 0.000285972471689044 0.000249325189910499 0.000275198905460128 0.00117292992114515 0.000483327896657615 0.000288803332478493 0.00104197039057885 0.000298364912002635 0.00122828585775814 0.000321687147879501 0.000241224007489937 0.000304541770511757 0.00024121076330641 0.000248375670121481 0.00024286058551759 0.00088818588383055 0.000316546653038818 0.000261157999420725 0.00029799773259509
7.2269491626642e-06 0.999966905827291 1 1 9.59593189353569e-08 1.34764719050828e-07 1.15275431755713e-07 1.62081419174953e-07 1.07857239695086e-07 9.71191193022136e-08 1.18944145532929e-07 4.40487269437462e-07 9.59548986934067e-08 3.85544198677756e-07 1.48981921910263e-07 1.85189125034846e-07 9.66745150599024e-08 1.14541243156907e-07 9.59853727611204e-08 9.60458170773393e-08 1.0875659350873e-07 1.80214284162261e-07 9.69246460869044e-08 1.21467507718798e-07 1.00386257639862e-07 1.03820871344418e-07 1.08551022948156e-07 4.19637656290384e-07 9.62309028018637e-08 9.69079857582322e-07
0.00250461855832884 0.972814727920115 1 0.999999999999931 0.000117099595678405 0.000119117110657374 0.000571944857047479 0.00013429753480021 0.000130221505308281 0.000201164886479921 0.000171244071763166 0.000129104482963993 0.000117385307971674 0.000136569803592668 0.000117291253629581 0.000148372022227505 0.000187039410387668 0.000283087867443799 0.000116258216770748 0.000166960507092306 0.000193669802319385 0.000116774089084282 0.000172174789494051 0.000173637764102286 0.000121442867821453 0.000131018439262554 0.000154857008659692 0.000144789410323032 0.000116415536802639 0.000152275882185471
2.26913252177052e-06 0.999997487665343 0.999999861983447 1 1.65997326995182e-09 3.59481111544824e-09 7.87960363624052e-10 2.87832591094883e-09 7.73950903365517e-10 2.38801822760593e-09 8.44476599759503e-10 1.08178832558536e-09 1.28746513450295e-09 4.60579063776834e-09 8.62782179034127e-10 7.74685315896306e-10 3.06524361448623e-09 1.3441256996316e-09 8.08952460573664e-10 1.14601583778295e-09 2.65846566982475e-09 3.08381176150618e-09 7.86420262244292e-10 9.70822977564012e-10 1.3405819787593e-09 9.8690466909801e-10 1.16315690412705e-09 1.73688341487122e-09 1.72242820006829e-09 1.7927429540876e-09
0.0159909179973214 0.841807695377048 0.999999999792333 1 0.000715075689563638 0.000476212696388867 0.000481900843414595 0.000438443618547169 0.000819777839485059 0.00271789227141805 0.000416917488087809 0.000473427733692189 0.000413283417398436 0.000406940353022023 0.00134943162948697 0.00040842593740642 0.00042719161957161 0.000444813494076213 0.00301619806206743 0.000509034274742359 0.000825302505123915 0.00282506598238996 0.00045796728440417 0.000406534794166524 0.000486747083261796 0.00255038522386963 0.000646248832786078 0.00043977921469962 0.0020420378821675 0.000406360856214261
7.25444126522534e-05 0.997984578178692 0.999999999999999 1 7.18388039044893e-06 3.59676417450716e-05 2.2673329014844e-05 1.22443446032294e-05 8.62302609805354e-06 7.12141487302365e-06 7.16115580989829e-06 8.81565429000641e-06 2.22610508847643e-05 7.19269015059254e-06 7.80597321192733e-06 7.40892675077376e-06 1.76499469833891e-05 9.31462461994936e-06 8.39377894912285e-06 1.17442720977134e-05 8.88916405017426e-06 1.13753146775419e-05 2.17784384093367e-05 9.24449859807108e-06 1.53919622277732e-05 7.93498608020471e-06 7.16576030213023e-06 1.17146756150044e-05 2.48060682416229e-05 9.13866666618635e-06
3.33066907387547e-16 2.23849161429257e-10 0.999999999776119 1 0 0 1.11022302462516e-16 0 4.44089209850063e-16 1.11022302462516e-16 1.11022302462516e-16 0 4.44089209850063e-16 0 0 0 0 0 0 3.33066907387547e-16 1.11022302462516e-16 4.77395900588817e-15 1.11022302462516e-16 3.33066907387547e-16 1.11022302462516e-16 0 0 0 0 0
5.28932453391917e-11 8.0092266152576e-11 0.999999997213714 0.529222146910147 2.665645482125e-13 2.30038210702332e-13 3.68260977268164e-13 4.7573056605188e-13 3.30291349825984e-13 2.47912801398797e-13 5.6710192097853e-13 2.61679566904149e-13 5.90638649100583e-13 2.2948309919002e-13 2.29816166097407e-13 2.91433543964104e-13 2.3303581286882e-13 2.4535928844216e-13 2.44804176929847e-13 2.2859492077032e-13 8.47655279301307e-13 1.73298042582815e-11 2.39697151016571e-13 2.63677968348475e-13 2.42139641670747e-13 2.31148433726958e-13 6.60027588139656e-13 2.37254660362396e-13 1.58661972449181e-12 2.28927987677707e-13
0.0553606916035477 0.882986577146235 0.999999999999355 1 0.00031273285906408 0.000361368340826007 0.000441085063129454 0.000329063726171919 0.000563747248649493 0.000518061416915572 0.000328382850065645 0.000312675934783679 0.000316024808116433 0.000301978607632258 0.000350839229589672 0.000474426601485223 0.000484745057137692 0.000397634798791846 0.000336840044175335 0.00144589249366811 0.000527607972871658 0.000300617501955536 0.000407858908387793 0.000336678498405574 0.000309769735726051 0.000314820119090231 0.000440577589847835 0.000323400831488962 0.000298485174005991 0.000443634889716438
0.00373298998808469 0.968649898530911 0.999999990011337 1 0.00075926112328828 0.000240605353844958 0.000180819945593047 0.000135118393269074 0.00014595461868272 0.000134970919844157 0.000139455148108758 0.00104666226060313 0.000646702867790561 0.000210233250545033 0.000147047660468913 0.000188430279054019 0.000139397566937371 0.000200702470143033 0.000174015849244036 0.000137931404566194 0.000182575160258436 0.000237772931606206 0.000185807889432565 0.000146936460995839 0.000138113152139407 0.000585937967450323 0.00013941916875404 0.000170594615720221 0.000135971530245915 0.00014369749609755
0.000645386694062777 0.953584267456901 0.9999999995809 1 0.000518431084619797 0.000284455357958957 0.000469983351847447 0.00237659213283636 0.000245299792890341 0.000456518066024869 0.000228908358393953 0.000300802603624639 0.000224925028658007 0.000489999703291999 0.000370702349156815 0.000270495338503873 0.000242728459448061 0.00024163142528455 0.000226004237136368 0.000281135834610202 0.000559864333875115 0.000244433775310027 0.000297087140994856 0.000225402852040091 0.000226275657673969 0.00022671651387296 0.000227737284944074 0.000237270477879026 0.000290175075498667 0.000224870283076273
1.59550683775933e-08 0.999999419838781 1 1 1.89340676470806e-09 1.89017790308554e-09 2.26775809242241e-09 3.73243447260307e-09 1.93209348520185e-09 3.04021308128455e-09 1.5316701573731e-08 2.43617159778609e-09 2.18660423101369e-09 7.1835862813785e-09 3.23429383275453e-09 5.80521375415088e-09 2.58070187442172e-09 2.2765985763229e-09 2.62391686156604e-09 3.84235876449424e-09 3.64241148353983e-09 8.76351832213018e-08 3.07079139894029e-09 2.59857091400306e-09 1.96289817733231e-09 1.93531812797687e-09 2.03470418291829e-09 8.85825290897202e-09 1.93301397111156e-09 2.13537509896611e-09
0.00165195881274638 0.9932833802977 1 1 1.55801425528734e-05 1.5326550334982e-05 1.82674292386054e-05 1.62460795348762e-05 1.42083741943022e-05 0.000126364649847388 4.4229368982962e-05 2.1569968223889e-05 1.54879248426276e-05 2.55978197418738e-05 1.37386555975061e-05 1.36710406362095e-05 1.74085679036651e-05 1.7701352827082e-05 1.39749642633635e-05 1.36274863593577e-05 2.48540254037533e-05 1.42336710517998e-05 1.38828340030539e-05 2.13483491862121e-05 9.93565741009839e-05 1.69490295576225e-05 1.3633412614511e-05 1.38028957807901e-05 1.39662437277366e-05 1.82872545420043e-05
4.45978498575528e-09 0.999998929868303 0.999999999998687 0.961717666487985 4.41315339827497e-09 8.12100187097542e-09 1.50339105609021e-08 4.47512626955415e-09 4.72504024795484e-09 6.59264209890154e-09 7.18607662264503e-09 4.60622395781485e-09 4.34749902744613e-09 6.00405414274974e-09 1.94237241846196e-08 4.38913516642714e-09 6.56809906462996e-09 4.32831348540219e-09 5.73503722289814e-09 8.06854838497628e-09 1.19436036616349e-08 5.40426903228308e-09 5.04629948938629e-09 4.33679381295349e-09 8.17695833266185e-09 4.86881368555458e-09 6.37641373035791e-09 8.4045943538058e-09 3.77120172867507e-08 8.15139689080979e-09
1.41643696771609e-10 1.73717228379999e-08 0.99999997024779 1 5.11336528674633e-11 2.41694220193267e-10 3.74028585881092e-11 4.0335623729959e-11 3.7659653173705e-11 9.9196773017951e-10 3.78005404755299e-11 6.54297727109565e-11 5.25075538604369e-11 4.72615280244781e-11 3.71576103219695e-11 1.33833388815674e-10 4.22671897482019e-11 3.95620203264002e-11 3.71773722918078e-11 6.31642516069064e-11 4.13379330765906e-11 4.13269418686468e-11 3.70169450647495e-11 4.03703737106298e-11 1.29823041206123e-10 3.78262976497012e-11 4.16855439056008e-11 3.93165500156556e-11 3.75758313353458e-11 4.73889816277051e-11
0 0 1 1 0 0 0 0 0 0 0 0 0 0 0 0 0 0 0 0 0 0 0 0 0 0 0 0 0 0
0.000840413351305469 0.945096227095818 1 1 0.000330044080220748 0.000427325814108648 0.000345994212408995 0.000362117773115789 0.000350659342951753 0.000329464359169029 0.000321117053233233 0.000329538372270788 0.000430333417255846 0.000460500837315414 0.000321345264362005 0.000340226770557672 0.000362002681645435 0.000579602416302061 0.000325917641785023 0.000321374512738948 0.000420018693419788 0.000327115748982143 0.000670500510887351 0.000322221547726875 0.000328545971384542 0.000326117105668211 0.000322481486839332 0.000566623702097258 0.000321238935641288 0.000581873842883995
0 0 1 1 0 0 0 0 0 0 0 0 0 0 0 0 0 0 0 0 0 0 0 0 0 0 0 0 0 0
1.28470678539827e-09 2.03846222124326e-08 0.999999937349845 1 1.28350663430865e-10 1.2543299732215e-10 1.37848843451138e-10 1.34515221184017e-09 1.36574085374264e-10 1.40736866605096e-10 1.26763266550256e-10 1.29614430299796e-10 2.21180074255756e-10 1.99337879536188e-10 1.25841337350607e-10 1.62244329082739e-10 1.31740507391953e-10 1.33417388248347e-10 3.26821014695611e-10 7.00837055056525e-10 2.37722064255763e-10 1.28564492385408e-10 1.35658484445855e-10 6.20843265686233e-10 1.3152845479425e-10 1.55806478829845e-10 2.15621853705272e-10 1.41725187141617e-10 4.24942525611982e-10 2.30887642338473e-10
2.68497446498372e-10 0.999999879077082 1 1 2.68702060601811e-10 2.41731856753802e-10 2.30864993788771e-10 3.44233308524622e-10 2.83802092937435e-10 5.6293336658797e-10 2.32273644762415e-10 4.00606325889896e-10 4.00796718036389e-09 2.74379741149744e-10 3.54241747047013e-10 3.72054054231796e-10 2.99030245010101e-10 3.37066929922969e-10 2.71862865552919e-10 3.14128056899676e-10 2.34489205830357e-10 3.28054028386759e-10 2.5360802347052e-10 4.6645121098976e-10 2.30928609568082e-10 3.57421425789539e-10 1.08064301951316e-09 3.54386076040214e-10 2.59821275605532e-10 2.45998443837436e-10
0 0 1 1 0 0 0 0 0 0 0 0 0 0 0 0 0 0 0 0 0 0 0 0 0 0 0 0 0 0
0.00172721666774378 0.989631954686291 1 1 3.47642188534003e-05 4.16577956381392e-05 3.45135523304174e-05 4.61191908707193e-05 0.000134724745470938 0.000191309799393191 4.72480705019374e-05 4.18173786248532e-05 3.83787598939866e-05 8.2233854806435e-05 3.45165927436719e-05 4.3941814991344e-05 0.000543303899199876 3.59359839978701e-05 6.01229423182748e-05 9.72762448480102e-05 3.60669290830895e-05 3.76253957459216e-05 0.000194420373068938 3.47558975267726e-05 9.79600414988679e-05 5.67964874768068e-05 4.61928147305057e-05 3.67524521435181e-05 3.51947664962715e-05 3.55428410061531e-05
0 0 1 1 0 0 0 0 0 0 0 0 0 0 0 0 0 0 0 0 0 0 0 0 0 0 0 0 0 0
1.90313739025783e-05 0.999003742195466 1 1 4.0920531046984e-06 4.25892468136624e-06 2.84629627000932e-06 3.50872552945525e-06 2.83382739585392e-06 2.77995631758898e-06 2.11112446487638e-05 3.87221393971515e-06 3.87263874612742e-06 1.03405540373691e-05 2.78758482230579e-06 2.77015000571534e-06 7.36957831926066e-06 2.77753068744779e-06 2.30902184861215e-05 6.52464404427011e-06 3.2123432486264e-06 5.43321438706279e-06 6.7498413954814e-06 2.81224771248034e-06 1.86021994403873e-05 3.95700123656528e-06 2.8724976360861e-06 3.37575210029861e-06 5.62281565730238e-06 8.51423435055398e-06
0 0 1 1 0 0 0 0 0 0 0 0 0 0 0 0 0 0 0 0 0 0 0 0 0 0 0 0 0 0
0.00274153092762286 0.981067874836756 0.999807974151113 1 9.79836159259451e-05 0.000122477445778202 0.00011513055083745 8.19240285719891e-05 9.96109736435269e-05 8.41235183040023e-05 8.2655738592563e-05 0.000169497127588736 8.55486129650584e-05 8.21349306133756e-05 8.97145377618536e-05 0.000265467828663324 8.84731104016101e-05 8.79138672293944e-05 0.000115929424263195 0.000111442951304608 0.000106055293295992 0.000129306195942758 9.23584913073983e-05 0.000170922358857739 9.45952185328336e-05 9.60560975328262e-05 8.45843119612333e-05 0.000100831441661953 8.7219948738726e-05 0.000103716252841668
1.94324889513098e-09 0.999999799938196 1 1 2.15589990304466e-10 1.52270640541019e-10 5.30812220844723e-08 1.81098025464621e-10 4.57235471706952e-10 1.44345535524337e-10 1.43608680502894e-10 3.51666473719092e-10 1.58331792121658e-10 2.91929369566901e-10 1.4025691719155e-10 4.17331613711269e-10 4.27086477294836e-10 1.45351175540043e-10 2.47929787811074e-10 1.49672496618791e-10 1.55684354297136e-10 2.7708779715141e-10 1.4011714011275e-10 2.5944024706348e-10 1.41161193845107e-10 3.51989881686166e-10 1.57298951641849e-10 7.3713291026678e-10 6.05310246371005e-10 1.40080391730635e-10
2.74525622667721e-06 0.999983989286483 1 1 4.24367256890434e-08 4.13175916813557e-08 5.18156476614351e-08 5.10693076716251e-08 1.2862828324689e-07 6.68785701263275e-08 6.05179322210603e-08 3.88369734150018e-08 4.16288860050074e-08 4.24870169046798e-08 3.97659494222324e-08 5.37058846283855e-08 9.4650608684077e-08 5.78674053119954e-08 7.67134111789858e-08 3.83930308656133e-08 3.84018403742914e-08 6.13636099711101e-08 4.39740259761123e-08 9.87825380383001e-08 2.29902001991356e-07 4.80048871764893e-08 6.62167326526131e-08 3.85522211931999e-08 3.86868170831889e-08 4.81129641682898e-08
1.16573417585641e-14 5.24025267623074e-14 0.999999999999001 1 2.22044604925031e-16 3.33066907387547e-16 2.22044604925031e-16 3.33066907387547e-16 2.22044604925031e-16 4.44089209850063e-16 7.7715611723761e-16 2.22044604925031e-16 4.44089209850063e-16 3.10862446895044e-15 9.99200722162641e-16 2.22044604925031e-16 2.22044604925031e-16 3.10862446895044e-15 2.22044604925031e-16 2.22044604925031e-16 2.22044604925031e-16 1.77635683940025e-15 5.55111512312578e-16 3.33066907387547e-16 3.33066907387547e-16 3.33066907387547e-16 2.1094237467878e-15 3.33066907387547e-16 4.44089209850063e-16 8.88178419700125e-16
0 3.33066907387547e-16 1 1 0 0 0 0 0 0 0 0 0 0 0 0 0 0 0 0 0 0 0 0 0 0 0 0 0 0
0.185530816192739 0.991341831867907 1 1 0.00413824067923196 0.00388752883592791 0.00336721701111942 0.00389589037882754 0.00334655847163667 0.00357284562037452 0.00334551839237029 0.00639549675983553 0.00343161191977004 0.00730119542935692 0.0834009278133623 0.00412078090800938 0.011587897413513 0.0192324593167613 0.00349193865907182 0.00545344636946787 0.00335578345063126 0.00474123955279904 0.00475810950097399 0.0034420260107515 0.00465310166981459 0.00336989827981149 0.00346611771106542 0.00339522770692557 0.00372948083505942 0.00346500636588465
0.715601115884606 0.999956889884111 1 1 0.00125292354485707 0.00138893718278121 0.00152475886535697 0.00250972299986651 0.0213435195352788 0.00135471184461466 0.00120867238953748 0.00551803584477728 0.00102489177781062 0.00159424510226069 0.000994592016400397 0.00284954599935339 0.00143541331841035 0.00269749235543459 0.00110700651091111 0.00108507536948321 0.0143804438489861 0.00099373369137068 0.00275204780534444 0.00102687252008915 0.00115184031653859 0.00375246455098055 0.00102083110907736 0.0010187317672401 0.00113934155697704 0.00108815079035118
6.86196655053095e-11 2.9473135043645e-10 0.999999995719218 0.774648522272891 7.50877138244732e-12 1.18001164395309e-11 8.50586268086317e-12 8.16779976986481e-12 1.42966749550055e-11 9.37239175158311e-12 7.5494055451486e-12 1.20170540185427e-11 9.03088714920841e-12 1.1034173574842e-11 8.85191919763884e-12 1.26095800467851e-11 7.58781926180063e-12 9.75375336054185e-12 2.89420709620458e-11 8.71469563179517e-12 7.86937182084557e-12 9.9111829854337e-12 8.33899616026201e-12 1.83474346826529e-11 8.17934608932092e-12 8.03024313711376e-12 1.17085230399994e-11 7.52242712565021e-12 8.69893046484549e-12 8.98714436203818e-12
1.41661728125797e-07 0.999997895413343 0.999999999999969 1 6.3431584429452e-09 4.38862823859409e-09 6.26059626362974e-09 4.13040801561237e-09 4.32620483881152e-09 4.10155387431388e-09 4.08056366474341e-09 4.36170999318364e-09 4.74142558548607e-09 4.71196726081757e-09 4.34807034821461e-09 5.69299662966927e-09 1.6576712003058e-08 4.15740297743383e-09 5.23325505152883e-09 4.07030353866134e-09 4.73980565907084e-09 4.06852707079963e-09 7.52587225871792e-09 4.55079252059676e-09 4.1014736051892e-09 9.40712985286751e-09 4.15054668412296e-09 4.04038491552683e-09 8.83567142784258e-08 6.04607497400877e-09
0.000160959616696488 0.998999597479908 0.999999999999999 1 3.87169449811431e-06 3.92264934712117e-06 3.64629942906092e-06 4.03273002869131e-06 4.21845911391383e-06 4.32238132086482e-06 6.43365412233976e-06 1.41164712015307e-05 3.67393744971078e-06 4.98462243381237e-06 9.83903730766844e-06 3.80589728121716e-06 3.99482348101277e-06 1.05415683410159e-05 3.82784143837522e-06 5.09386323011007e-06 4.84522974097956e-06 3.9072618692737e-06 4.57351575933185e-06 3.69741870731577e-06 5.9203541220576e-06 4.72109331484116e-06 3.80642889297178e-06 1.0156332555078e-05 1.07963701304614e-05 4.167016801504e-06
0.0002001798321426 0.972358419352338 0.999999999999998 1 0.000151406032589674 0.00015921861325574 0.00011006521810919 0.000145937052200562 0.000120743939449497 0.000194403925423803 0.000118062592277091 0.000193052530432447 0.000152173503121578 0.000131902818605978 0.000315859350839442 0.000110357375660008 0.000120099695397502 0.000126870067129525 0.000114930324062734 0.000142296333573766 0.000132975165785587 0.000527899730834336 0.000110383390324209 0.000234116740149615 0.000120519895687399 0.000138948564400998 0.000162946929770036 0.000135753870347699 0.000148589718635628 0.00010986948503211
0 0 1 1 0 0 0 0 0 0 0 0 0 0 0 0 0 0 0 0 0 0 0 0 0 0 0 0 0 0
3.66373598126302e-15 1.68753899743024e-14 0.999999999998154 1 1.11022302462516e-15 1.22124532708767e-15 7.7715611723761e-16 1.11022302462516e-15 1.88737914186277e-15 6.66133814775094e-16 4.55191440096314e-15 3.07531777821168e-14 1.22124532708767e-15 7.7715611723761e-16 7.7715611723761e-16 2.66453525910038e-15 1.88737914186277e-15 1.4432899320127e-15 7.7715611723761e-16 1.66533453693773e-15 8.88178419700125e-16 1.4432899320127e-15 8.88178419700125e-16 1.22124532708767e-15 1.99840144432528e-15 7.7715611723761e-16 1.88737914186277e-15 7.7715611723761e-16 7.7715611723761e-16 1.4432899320127e-15
0 4.47930581515266e-12 0.999999999995521 1 0 0 0 0 0 0 0 0 0 0 0 0 0 0 0 0 0 0 0 0 0 0 0 0 0 0
1.97071056434739e-05 0.997001933984343 0.999999999999992 1 1.75772087955828e-05 1.42687726236712e-05 1.40591739528073e-05 1.80213436314913e-05 1.38360709249774e-05 5.78300130061882e-05 2.19416391765703e-05 1.38565954838077e-05 1.38401663022369e-05 1.43651998619765e-05 1.95019093991444e-05 1.56832845183974e-05 0.000117759889655122 1.47839569618613e-05 2.67537209586166e-05 7.6114941910399e-05 4.09143787312161e-05 1.72490940710812e-05 1.39217945680503e-05 1.38650146949137e-05 1.56013344811967e-05 1.7970165744785e-05 1.41985445051285e-05 2.12001728260303e-05 1.39099888253336e-05 1.63527749919012e-05
2.05291457313628e-05 0.999602219018772 1 1 1.24823510405658e-06 4.57448074830946e-06 1.37393296351096e-06 1.63323307555974e-06 1.33431716531351e-06 2.27045797152048e-06 1.52060436053869e-06 1.25217476842909e-06 6.40855296385467e-06 1.96323361312256e-06 1.68181072579543e-06 3.95215033555107e-06 1.40478760801699e-06 1.39287717637604e-06 1.72536717713001e-06 1.62051455077084e-06 1.35655532429446e-06 1.26055727422969e-06 7.48115532644977e-06 1.25155254526721e-06 1.27451879983198e-06 1.52187770785517e-06 1.28187688153147e-06 1.39771883056472e-06 2.15845453988006e-06 1.99095209574285e-06
0 0 1 1 0 0 0 0 0 0 0 0 0 0 0 0 0 0 0 0 0 0 0 0 0 0 0 0 0 0
1.19882674473049e-05 0.998016807830305 1 1 1.80034548400432e-05 8.09701139148356e-06 8.33554866808139e-06 8.53701593594991e-06 8.96123112503755e-06 8.36763290157361e-06 2.17218580325085e-05 8.63850614118977e-06 1.06290771514361e-05 8.46486042893613e-06 1.21164713899891e-05 3.37519834011646e-05 9.34220342574399e-06 1.05239166809934e-05 8.06631245997558e-06 2.39904091464682e-05 1.76578845529907e-05 1.4382484790243e-05 8.05766719758072e-06 1.71372915979129e-05 8.16536707970439e-06 8.86409624478723e-06 1.17047447129037e-05 1.15757829080021e-05 1.26356030570873e-05 2.84491144147969e-05
5.55111512312578e-16 1.19571019752129e-13 0.999999999999073 1 7.7715611723761e-16 7.7715611723761e-16 6.66133814775094e-16 1.66533453693773e-15 5.55111512312578e-16 5.55111512312578e-16 2.88657986402541e-15 2.99760216648792e-15 9.99200722162641e-16 5.55111512312578e-16 5.55111512312578e-16 5.55111512312578e-16 6.66133814775094e-16 5.55111512312578e-16 5.55111512312578e-16 6.66133814775094e-16 5.55111512312578e-16 5.55111512312578e-16 2.65454325187875e-13 2.66453525910038e-15 1.11022302462516e-15 1.99840144432528e-15 7.7715611723761e-16 1.79856129989275e-14 1.33226762955019e-15 5.55111512312578e-16
3.17523785042795e-14 4.81714668154609e-12 0.999999999909313 1 3.60822483003176e-14 9.59232693276135e-14 3.11972669919669e-14 3.2085445411667e-14 3.14526182876307e-13 4.70734562441066e-14 3.07531777821168e-14 3.5527136788005e-14 6.65023591750469e-14 3.530509218308e-14 3.45279360658424e-14 2.10387263166467e-13 3.43058914609173e-14 3.69704267200177e-14 3.21964677141295e-14 3.67483821150927e-14 3.85247389544929e-14 6.98330282489223e-14 3.13082892944294e-14 6.7612582199672e-14 7.18314296932476e-14 4.9293902293357e-14 3.07531777821168e-14 1.36779476633819e-13 3.07531777821168e-14 2.2349899708729e-12
0.000241543283291068 0.962393041926797 0.999999999999997 1 0.000320917046013114 0.000173379148984187 0.000128139697702978 0.000141291978419167 0.000127799834340747 0.000127377079996882 0.000129865026606168 0.000127838981617834 0.000134216905785745 0.000232132580236244 0.000226585992470718 0.000194466684396599 0.000130817538147032 0.000684543596328413 0.000357525458236641 0.000161651541964458 0.000147324378684144 0.000170764087265241 0.000372715939099044 0.000127762802011322 0.000145215428404843 0.00144708729454179 0.000461893336848318 0.000421243459917231 0.000215696660314513 0.000127961834884061
2.48820228865299e-08 1.58848163404057e-05 0.999981705802324 1 8.23806978189623e-09 7.76666320145836e-09 1.51001096071468e-08 7.55448081868337e-09 9.03248598138617e-09 1.53204127162354e-08 7.45975370364249e-09 2.40192795653016e-08 7.79546160956102e-09 1.14790905669793e-08 9.23691889642697e-09 9.40902078472305e-09 8.06281730270086e-09 9.17392928290184e-09 1.72689829103234e-08 1.0024890251259e-08 3.37865213584365e-08 7.45229589149687e-09 7.45422079617697e-09 1.91829941931232e-08 7.47635298115057e-09 8.49832160199071e-09 8.68557081812327e-09 8.95642626730364e-09 1.29709284424351e-08 1.40250246971618e-08
2.33239297654508e-05 0.999587966476645 0.999999999999986 1 1.88775938847474e-06 1.88927942401662e-06 2.56355818595289e-06 1.90938345834279e-06 1.88152489699611e-06 2.7253319353493e-06 1.88184966809501e-06 1.88383692045768e-06 2.97490126488498e-06 3.67500498288376e-06 1.92986002300888e-06 2.24530324210992e-06 2.70413836922501e-06 1.89664242133958e-06 2.131299138175e-06 5.66985083527705e-06 2.01834938640122e-06 1.92083311079116e-06 4.03028136286565e-06 2.1911017238363e-06 2.00000847971893e-06 2.3262295620885e-06 2.43855142800786e-06 3.70838441010601e-06 2.18429744736071e-06 2.20574381304406e-06
0.00483097058797477 0.967504044664351 0.999999999999996 1 0.000135316936695995 0.000239564242335288 0.000133629280272274 0.000201177098800187 0.000137711484690661 0.000130797920054659 0.000501970262766549 0.000131401175161749 0.000414122233586278 0.000178380952616575 0.000196822729436663 0.000144864693401914 0.000146699059404565 0.000201353835794671 0.000137650422836755 0.000203654763680894 0.000135576390071224 0.000133412202958705 0.000128492952783055 0.000137781885728328 0.000204064580258456 0.00017439527386498 0.00013806936748606 0.00019173856370458 0.000157478795289157 0.000169510915624893
3.13122088257956e-08 3.26715284604262e-07 0.999989273068219 0.927208599130602 1.30521193852928e-09 2.44148479211503e-09 1.56564217146382e-09 1.83505022288699e-09 1.22013821268752e-09 1.20433119032981e-09 1.17166798485613e-09 1.71851688435254e-09 1.17151177647656e-09 2.91167656651936e-09 1.40608780174745e-09 1.93999138975443e-09 1.2376529801017e-09 1.20076093512722e-09 1.15246581167128e-08 1.24477061991257e-09 8.46689329758732e-09 1.17477905181573e-09 1.59900248597467e-09 5.87933268736407e-09 1.17743204075538e-09 3.39203953814149e-09 2.33587693632131e-09 2.15913276147006e-09 3.22933457752583e-09 2.30157259917263e-09
0.0202732185952332 0.890218931779035 1 1 0.000476770355554712 0.00114486321284746 0.00035431072253489 0.000383708227801649 0.000386872199872546 0.000421826112491641 0.00252971035197858 0.000722624493143975 0.000435947909073309 0.000456303973211947 0.000478401301569398 0.000370274311582652 0.000423557193753643 0.00040981147721153 0.000404984556738541 0.000354359956874162 0.000468761493585435 0.000360420028206798 0.000397676348429354 0.000429679991717169 0.00714187760667939 0.00263456905592618 0.000355148018066243 0.000506933206500304 0.000353960227153616 0.000528484639286897
5.55111512312578e-16 8.65973959207622e-15 0.999999999999695 1 5.55111512312578e-16 6.66133814775094e-16 7.7715611723761e-16 5.55111512312578e-16 7.7715611723761e-16 6.66133814775094e-16 9.99200722162641e-16 5.55111512312578e-16 8.88178419700125e-16 5.55111512312578e-16 5.55111512312578e-16 6.66133814775094e-16 5.55111512312578e-16 5.55111512312578e-16 7.7715611723761e-16 5.55111512312578e-16 5.55111512312578e-16 7.7715611723761e-16 6.66133814775094e-16 6.66133814775094e-16 9.99200722162641e-16 2.88657986402541e-15 1.77635683940025e-15 7.7715611723761e-16 7.7715611723761e-16 1.77635683940025e-15
1.05915562653713e-07 0.999982085079686 0.999999999999711 1 8.32953171991946e-08 3.50097645651637e-07 7.6527554515593e-08 7.29841380664453e-08 1.20756801891275e-07 1.65534311813431e-07 8.62657828504254e-08 9.62983998098466e-08 8.72835295151475e-08 1.14119485306041e-07 7.70031698404949e-08 9.76412364295243e-08 4.06216582149455e-07 7.34965431847812e-08 8.73599281803195e-08 1.14675754558924e-07 2.79121373458757e-07 9.85857384616651e-08 1.48859054971417e-07 7.33639996530755e-08 1.3156644218526e-07 1.60049560382625e-07 7.96810804004622e-08 1.46441872517222e-07 7.32632934319355e-08 8.2097101339329e-08
1.25611432766348e-06 0.999987031586629 1 1 4.38906968547315e-08 4.38285531201288e-08 6.00583176524339e-08 6.40165537246773e-08 1.03329827472187e-07 4.3689981299444e-08 1.58083609536064e-07 4.43946059913713e-08 5.42299273265101e-08 5.09858930630713e-08 1.09234568501648e-07 4.52446550225361e-08 2.03268247789268e-07 4.52488557733943e-08 4.38108320732766e-08 7.4709837649678e-08 4.37812829323647e-08 4.59251038309461e-08 4.5006486870669e-08 8.95026198710624e-08 1.38255163650847e-07 1.19257113073701e-07 4.56886278810131e-08 5.18209838373807e-08 1.44613543473504e-07 1.88924550448277e-07
2.92750046426704e-10 0.999999939405623 1 1 1.0961720420255e-10 1.38296263330062e-10 1.21274212894207e-10 2.84332002387089e-10 8.40118419276337e-10 1.89053106502968e-10 1.14350529045737e-10 2.26756502463843e-10 1.25319643551336e-10 6.48837317207551e-10 1.28190125181504e-10 8.54251114290605e-10 3.13661652207031e-10 1.13870357587587e-10 1.09154907335096e-10 1.1072942562862e-10 1.15328080418919e-10 1.51369583534233e-10 5.95693272487097e-10 1.34613986624288e-10 2.91238921867887e-10 2.0520307675298e-10 1.13530296275144e-10 1.26807564448939e-10 1.15699672065261e-10 2.33388308679139e-10
7.76623873754989e-05 0.999295506197182 1 1 1.5597641621623e-06 1.48312081682533e-06 1.52274967790689e-06 1.51114029345312e-06 1.66954296576538e-06 2.14957079136546e-06 1.47774348269181e-06 3.31575505452264e-06 1.49294798557076e-06 1.73307194895056e-06 2.02262885895532e-06 3.74250772317009e-06 1.67158140762513e-06 4.51223894137875e-06 1.55515840827292e-06 1.81624934758595e-06 3.64744345127122e-06 2.5615025089909e-06 2.35550135152529e-06 1.62538215753294e-06 1.54527235773916e-06 1.70615198669122e-06 4.04387015651153e-06 1.32381257791359e-05 3.88341300350259e-06 1.6793114430147e-06
0.00767151752527151 0.975689203384862 1 1 6.96852896714395e-05 9.78536809046471e-05 0.000117198326986201 6.97002899678889e-05 8.39606499383194e-05 0.000567388666546931 7.80502374472247e-05 8.29443267308383e-05 7.84738971458809e-05 8.93571753036726e-05 8.10988333266316e-05 0.000315587384276839 8.08900139354085e-05 0.000114786317290116 0.000121894534677924 9.46193711466314e-05 8.24520002129514e-05 7.10509517505287e-05 8.84716563775978e-05 7.09568924162074e-05 7.00144889795862e-05 7.93559392363585e-05 7.28531676567057e-05 0.000157243909610361 7.92410738267302e-05 8.53405905059113e-05
0.000362443819133751 0.976097143671294 0.999999999963826 1 0.000111307799713689 0.000114230951515415 0.000113494915305101 0.000171308776967583 0.000193008477717527 0.000480390986500989 0.00031215477849178 0.000273116544983298 0.000208177624802963 0.000114896402656717 0.000108525130517512 0.000137491899630193 0.000108591079513443 0.000109398769309044 0.000116396949839337 0.000160629906332477 0.000113918718891881 0.000111723019585397 0.000114680687717916 0.000112666665177286 0.000179192878624557 0.00010976836649168 0.000110458177608352 0.000273078590211417 0.000108462241337204 0.000133758297606978
