[1] "Average Estimates for Betas: "
 [1]  0.0480018383  0.0986964242  0.2020020201  0.2983535904 -0.0023400409
 [6]  0.0001594052 -0.0005454777 -0.0023142242 -0.0016761266  0.0019727746
[11] -0.0009104634 -0.0017729848  0.0007694476  0.0011700314 -0.0015205076
[16] -0.0016539166 -0.0014469347  0.0015519098  0.0013938320 -0.0010727494
[21]  0.0057452187  0.0011321084  0.0013431793  0.0017749875  0.0017861173
[26]  0.0009777904  0.0024726720 -0.0025223228  0.0020572118  0.0018132184
[1] "Standard Deviations of Betas: "
 [1] 0.01947988 0.02045138 0.02091029 0.02236601 0.01999691 0.01950592
 [7] 0.02039308 0.02099804 0.01851403 0.02250115 0.01905723 0.02319948
[13] 0.02130512 0.02194276 0.02058274 0.01982032 0.01932104 0.02171811
[19] 0.02225548 0.02138878 0.02073883 0.01985194 0.01976490 0.02174863
[25] 0.02242835 0.02104782 0.01972750 0.01900496 0.02119781 0.02072778
[1] "Average StdErrors for Betas: "
 [1] 0.03314015 0.03260711 0.03234008 0.03200088 0.03223843 0.03359386
 [7] 0.03255267 0.03278646 0.03262237 0.03315900 0.03244744 0.03387580
[13] 0.03285653 0.03280166 0.03138354 0.03263808 0.03149449 0.03192855
[19] 0.03323126 0.03340537 0.03429638 0.03309053 0.03220334 0.03373203
[25] 0.03286277 0.03317696 0.03294955 0.03464509 0.03200502 0.03116110
[1] "Positive rate for exposures: "
 [1] 0.321428571 0.864285714 1.000000000 0.992857143 0.000000000 0.000000000
 [7] 0.007142857 0.007142857 0.014285714 0.000000000 0.007142857 0.007142857
[13] 0.014285714 0.007142857 0.021428571 0.007142857 0.000000000 0.014285714
[19] 0.007142857 0.014285714 0.007142857 0.007142857 0.000000000 0.000000000
[25] 0.007142857 0.007142857 0.000000000 0.000000000 0.014285714 0.000000000
[1] "Bonferroni-corrected positive rate for exposures: "
 [1] 0.06428571 0.47142857 0.98571429 0.99285714 0.00000000 0.00000000
 [7] 0.00000000 0.00000000 0.00000000 0.00000000 0.00000000 0.00000000
[13] 0.00000000 0.00000000 0.00000000 0.00000000 0.00000000 0.00000000
[19] 0.00000000 0.00000000 0.00000000 0.00000000 0.00000000 0.00000000
[25] 0.00000000 0.00000000 0.00000000 0.00000000 0.00000000 0.00000000
