[1] "Average Estimates for Betas: "
 [1]  4.965768e-02  9.977731e-02  2.006489e-01  2.957308e-01 -4.166445e-04
 [6]  2.770089e-03  1.581829e-03 -3.422717e-03 -9.651397e-04  4.195076e-04
[11] -9.752932e-04  6.985927e-04  5.382602e-04 -7.723086e-05 -6.710331e-04
[16] -4.040222e-03 -1.426099e-03  2.425818e-03  1.322363e-03 -1.442426e-03
[21]  4.044478e-03 -9.787736e-04  3.401026e-03 -3.273223e-04 -2.356864e-04
[26]  2.754494e-05  8.094535e-04 -3.273050e-03  4.782023e-04  3.986246e-03
[1] "Standard Deviations of Betas: "
 [1] 0.02714649 0.01941752 0.03235251 0.03670584 0.01900429 0.02363244
 [7] 0.02319816 0.02797403 0.01751758 0.03286264 0.02516427 0.02121521
[13] 0.02009592 0.02398293 0.01883342 0.02055818 0.02401170 0.03882255
[19] 0.02426100 0.02987951 0.02312263 0.02970237 0.02584005 0.02052290
[25] 0.02482642 0.02075283 0.02991261 0.03406553 0.02064857 0.02951070
[1] "Average StdErrors for Betas: "
 [1] 0.02900099 0.02732176 0.03316567 0.03672474 0.02747850 0.02929022
 [7] 0.03023483 0.03112101 0.02656738 0.03016534 0.03038699 0.02775218
[13] 0.02795603 0.03218051 0.02850659 0.02769627 0.02918608 0.03324761
[19] 0.03715702 0.03262299 0.03252909 0.03266814 0.03250828 0.02879035
[25] 0.02754809 0.02975815 0.03023027 0.03413907 0.02845871 0.02949705
[1] "Positive rate for exposures: "
 [1] 0.433526012 0.959537572 0.965317919 0.959537572 0.005780347 0.011560694
 [7] 0.005780347 0.011560694 0.011560694 0.000000000 0.005780347 0.000000000
[13] 0.005780347 0.017341040 0.017341040 0.005780347 0.000000000 0.028901734
[19] 0.005780347 0.011560694 0.005780347 0.005780347 0.011560694 0.000000000
[25] 0.011560694 0.005780347 0.000000000 0.000000000 0.011560694 0.000000000
[1] "Bonferroni-corrected positive rate for exposures: "
 [1] 0.04624277 0.67630058 0.96531792 0.95375723 0.00000000 0.00000000
 [7] 0.00000000 0.00000000 0.00000000 0.00000000 0.00000000 0.00000000
[13] 0.00000000 0.00000000 0.00000000 0.00000000 0.00000000 0.00000000
[19] 0.00000000 0.00000000 0.00000000 0.00000000 0.00000000 0.00000000
[25] 0.00000000 0.00000000 0.00000000 0.00000000 0.00000000 0.00000000
