[1] "Average PIPs: "
 [1] 0.044912181 0.676483593 0.988257186 0.986610743 0.002457055 0.001360979
 [7] 0.001347435 0.001409883 0.001581457 0.001388633 0.001370785 0.001501252
[13] 0.001384043 0.001380220 0.001875540 0.001357588 0.001484863 0.001533494
[19] 0.001411788 0.001389284 0.001422166 0.001437225 0.001366533 0.001387676
[25] 0.001595613 0.001433226 0.001391245 0.001377714 0.001345610 0.001361371
[1] "Percent of time PIP >= 0.1: "
 [1] 0.069364162 0.699421965 1.000000000 1.000000000 0.011560694 0.005780347
 [7] 0.005780347 0.005780347 0.005780347 0.005780347 0.005780347 0.005780347
[13] 0.005780347 0.005780347 0.005780347 0.005780347 0.005780347 0.005780347
[19] 0.005780347 0.005780347 0.005780347 0.005780347 0.005780347 0.005780347
[25] 0.005780347 0.005780347 0.005780347 0.005780347 0.005780347 0.005780347
[1] "Percent of time PIP >= 0.5: "
 [1] 0.04046243 0.68786127 0.99421965 0.98843931 0.00000000 0.00000000
 [7] 0.00000000 0.00000000 0.00000000 0.00000000 0.00000000 0.00000000
[13] 0.00000000 0.00000000 0.00000000 0.00000000 0.00000000 0.00000000
[19] 0.00000000 0.00000000 0.00000000 0.00000000 0.00000000 0.00000000
[25] 0.00000000 0.00000000 0.00000000 0.00000000 0.00000000 0.00000000
[1] "Percent of time PIP >= 0.9: "
 [1] 0.01156069 0.63583815 0.96531792 0.96531792 0.00000000 0.00000000
 [7] 0.00000000 0.00000000 0.00000000 0.00000000 0.00000000 0.00000000
[13] 0.00000000 0.00000000 0.00000000 0.00000000 0.00000000 0.00000000
[19] 0.00000000 0.00000000 0.00000000 0.00000000 0.00000000 0.00000000
[25] 0.00000000 0.00000000 0.00000000 0.00000000 0.00000000 0.00000000
