[1] "Average Estimates for Betas: "
 [1]  5.157930e-02  9.639650e-02  1.962276e-01  2.989072e-01 -1.774985e-03
 [6]  4.429850e-04 -2.415687e-03 -1.107989e-03  2.247500e-03 -1.038173e-04
[11]  2.598333e-03 -4.139893e-03  1.103681e-03 -1.165678e-03  6.077835e-04
[16] -2.619333e-04  1.919866e-03  8.145360e-04  2.775606e-04 -4.700453e-05
[21]  1.923989e-03 -1.681966e-03  2.617269e-03 -3.282642e-03 -2.044221e-03
[26] -8.117528e-04 -5.176815e-04 -7.844495e-04 -8.389370e-04 -3.227705e-03
[1] "Standard Deviations of Betas: "
 [1] 0.02979075 0.02626633 0.02980670 0.02519951 0.02630323 0.02822372
 [7] 0.02700143 0.02816993 0.02660959 0.02510988 0.02625324 0.02446962
[13] 0.02500319 0.02640181 0.02927566 0.02558527 0.02605861 0.02737552
[19] 0.02685747 0.02601437 0.02353369 0.02441260 0.02681076 0.02645339
[25] 0.02557063 0.03155413 0.02450730 0.02560129 0.02683843 0.02575469
[1] "Average StdErrors for Betas: "
 [1] 0.02657855 0.02707272 0.02728956 0.02765422 0.02681702 0.02673042
 [7] 0.02750966 0.02720988 0.02710685 0.02690104 0.02694991 0.02687927
[13] 0.02690698 0.02667073 0.02677777 0.02702430 0.02715663 0.02690397
[19] 0.02724491 0.02689572 0.02718037 0.02688868 0.02698916 0.02742940
[25] 0.02759112 0.02696135 0.02740728 0.02674592 0.02667817 0.02654628
[1] "Positive rate for exposures: "
 [1] 0.510 0.925 0.995 1.000 0.040 0.060 0.045 0.030 0.025 0.025 0.045 0.025
[13] 0.030 0.040 0.060 0.050 0.055 0.050 0.030 0.035 0.020 0.045 0.025 0.040
[25] 0.035 0.065 0.030 0.040 0.040 0.035
[1] "Bonferroni-corrected positive rate for exposures: "
 [1] 0.165 0.710 0.985 1.000 0.000 0.010 0.000 0.000 0.000 0.000 0.000 0.000
[13] 0.000 0.000 0.005 0.000 0.010 0.000 0.010 0.000 0.000 0.000 0.010 0.000
[25] 0.000 0.010 0.000 0.000 0.000 0.000
