[1] "Average Estimates for Betas: "
 [1]  0.0526805392  0.0948665113  0.2033159244  0.2977359187  0.0002862970
 [6] -0.0004628435 -0.0027285658  0.0007232562  0.0007399750  0.0006945661
[11]  0.0023662294 -0.0050021314  0.0012776625 -0.0013866244  0.0019315861
[16] -0.0008434447 -0.0032495230  0.0027719576  0.0018469482 -0.0012753505
[21] -0.0038333290  0.0004289079  0.0017173403 -0.0002327540  0.0015174558
[26] -0.0005676312 -0.0013386457  0.0015924979  0.0009558741 -0.0020260812
[1] "Standard Deviations of Betas: "
 [1] 0.02530509 0.02805270 0.04020301 0.02292599 0.03532275 0.03030704
 [7] 0.02880138 0.02707706 0.02487043 0.02727179 0.02146769 0.02598105
[13] 0.02018787 0.02403645 0.02334610 0.02815616 0.03665074 0.03226170
[19] 0.02308506 0.02182304 0.03695011 0.02633145 0.03072230 0.02301061
[25] 0.03507247 0.03422026 0.03522594 0.02736053 0.02710389 0.02443095
[1] "Average StdErrors for Betas: "
 [1] 0.02443862 0.02476509 0.02474698 0.02490480 0.02442745 0.02522516
 [7] 0.02577010 0.02505868 0.02514332 0.02473469 0.02441020 0.02440683
[13] 0.02415842 0.02417975 0.02460686 0.02528347 0.02606120 0.02507026
[19] 0.02444530 0.02456412 0.02576075 0.02474319 0.02487262 0.02498701
[25] 0.02700627 0.02480578 0.02482811 0.02422780 0.02466174 0.02423263
[1] "Positive rate for exposures: "
 [1] 0.600 0.940 0.995 1.000 0.045 0.055 0.035 0.025 0.035 0.035 0.020 0.030
[13] 0.025 0.025 0.030 0.050 0.045 0.030 0.030 0.025 0.020 0.045 0.030 0.040
[25] 0.020 0.065 0.040 0.035 0.055 0.040
[1] "Bonferroni-corrected positive rate for exposures: "
 [1] 0.205 0.790 0.995 1.000 0.015 0.005 0.005 0.005 0.005 0.000 0.000 0.000
[13] 0.000 0.005 0.005 0.000 0.000 0.010 0.000 0.000 0.005 0.005 0.010 0.000
[25] 0.010 0.000 0.010 0.000 0.005 0.005
