[1] "Average Estimates for Betas: "
 [1]  5.335308e-02  9.764370e-02  1.997010e-01  2.986817e-01 -3.946013e-04
 [6] -1.602897e-03 -4.338678e-04 -1.890891e-05  1.353152e-03  1.186776e-03
[11]  2.178670e-03 -3.213773e-03  7.314721e-04 -1.610886e-03  1.465937e-03
[16] -8.313323e-04  6.810781e-04  7.922453e-04  1.937467e-03  1.880102e-04
[21]  4.517453e-04 -3.130270e-04 -5.691130e-04 -1.875718e-04 -1.339078e-03
[26] -1.734487e-03  1.434819e-03  1.093606e-03 -6.231791e-04 -1.721498e-03
[1] "Standard Deviations of Betas: "
 [1] 0.01824279 0.01623486 0.01907239 0.01744152 0.01724371 0.01737107
 [7] 0.01820810 0.01685770 0.01590819 0.01705282 0.01495900 0.01632004
[13] 0.01450200 0.01644562 0.01609440 0.01637907 0.01741298 0.01699262
[19] 0.01534842 0.01654253 0.01701686 0.01624558 0.01608725 0.01622385
[25] 0.01681063 0.01808313 0.01730390 0.01713446 0.01725280 0.01707530
[1] "Average StdErrors for Betas: "
 [1] 0.01953227 0.01982649 0.01997653 0.02024081 0.01967801 0.01961066
 [7] 0.02019393 0.01985598 0.01976423 0.01973545 0.01976829 0.01963654
[13] 0.01965642 0.01953976 0.01954995 0.01978119 0.01983600 0.01969571
[19] 0.01984294 0.01966076 0.01981086 0.01973091 0.01981000 0.02007853
[25] 0.02018746 0.01975431 0.01997443 0.01955279 0.01950231 0.01950666
[1] "Positive rate for exposures: "
 [1] 0.810 0.990 1.000 1.000 0.020 0.045 0.040 0.030 0.005 0.015 0.005 0.015
[13] 0.005 0.015 0.020 0.025 0.025 0.020 0.005 0.035 0.015 0.035 0.015 0.010
[25] 0.005 0.035 0.020 0.030 0.015 0.045
[1] "Bonferroni-corrected positive rate for exposures: "
 [1] 0.345 0.955 0.995 1.000 0.005 0.000 0.000 0.000 0.000 0.000 0.000 0.000
[13] 0.000 0.000 0.000 0.000 0.000 0.000 0.000 0.000 0.000 0.000 0.000 0.000
[25] 0.000 0.000 0.000 0.000 0.000 0.000
