[1] "Average Estimates for Betas: "
 [1]  5.580152e-02  9.500114e-02  1.990429e-01  3.013552e-01 -3.480985e-03
 [6]  5.648900e-04 -3.595879e-04 -4.253192e-03  1.453347e-03 -9.770924e-04
[11]  1.294383e-04 -3.855072e-03 -1.949409e-03  1.156521e-03  2.720467e-03
[16] -5.086479e-05  3.804161e-03 -1.937444e-03 -2.493625e-03  4.279371e-04
[21]  1.605662e-03 -4.593939e-04  2.854436e-03 -3.092037e-03 -4.717741e-03
[26] -3.511685e-03 -9.391558e-04  9.759957e-04  1.155175e-03 -2.354396e-03
[1] "Standard Deviations of Betas: "
 [1] 0.03748831 0.04135258 0.03690121 0.03348422 0.03426564 0.04107007
 [7] 0.03550736 0.04437579 0.03496352 0.03123825 0.02942762 0.02952417
[13] 0.03555641 0.03630999 0.04392878 0.04585877 0.03194941 0.05203952
[19] 0.04185768 0.03278431 0.03008647 0.03477201 0.04153890 0.03425239
[25] 0.03592146 0.04474506 0.03789310 0.03956108 0.04663756 0.03760921
[1] "Average StdErrors for Betas: "
 [1] 0.02471131 0.02474127 0.02512107 0.02539546 0.02467929 0.02466482
 [7] 0.02543077 0.02485073 0.02478086 0.02481732 0.02479350 0.02473670
[13] 0.02471886 0.02452871 0.02514516 0.02508566 0.02503036 0.02460607
[19] 0.02495924 0.02474321 0.02558716 0.02486217 0.02519320 0.02533431
[25] 0.02554254 0.02493751 0.02508286 0.02469563 0.02440695 0.02478054
[1] "Positive rate for exposures: "
 [1] 0.585 0.910 0.990 1.000 0.090 0.125 0.090 0.095 0.090 0.065 0.065 0.070
[13] 0.040 0.100 0.065 0.120 0.085 0.105 0.075 0.105 0.060 0.085 0.095 0.110
[25] 0.085 0.105 0.130 0.090 0.120 0.090
[1] "Bonferroni-corrected positive rate for exposures: "
 [1] 0.250 0.720 0.980 1.000 0.030 0.025 0.030 0.040 0.025 0.015 0.015 0.010
[13] 0.020 0.030 0.025 0.045 0.015 0.055 0.035 0.020 0.010 0.025 0.030 0.030
[25] 0.025 0.020 0.055 0.035 0.055 0.035
