[1] "Average PIPs: "
 [1] 0.3707428 0.6176359 0.9055044 0.9669956 0.2190428 0.2088320 0.2103652
 [8] 0.2192642 0.2219796 0.2084359 0.2153631 0.2479076 0.1912222 0.2087530
[15] 0.2181742 0.2568758 0.2169869 0.2254993 0.2610819 0.1853835 0.2201899
[22] 0.2232658 0.2117961 0.2337491 0.2345788 0.2486463 0.2209015 0.2416258
[29] 0.2378989 0.1880957
[1] "Percent of time PIP >= 0.1: "
 [1] 0.595 0.805 0.955 0.985 0.360 0.290 0.400 0.335 0.395 0.330 0.360 0.420
[13] 0.310 0.350 0.375 0.450 0.360 0.400 0.405 0.345 0.350 0.355 0.380 0.425
[25] 0.375 0.405 0.340 0.375 0.410 0.315
[1] "Percent of time PIP >= 0.5: "
 [1] 0.275 0.545 0.895 0.960 0.150 0.150 0.120 0.160 0.150 0.140 0.150 0.175
[13] 0.120 0.135 0.140 0.175 0.150 0.145 0.185 0.105 0.145 0.145 0.135 0.155
[25] 0.165 0.175 0.160 0.175 0.170 0.115
[1] "Percent of time PIP >= 0.9: "
 [1] 0.255 0.515 0.875 0.960 0.140 0.145 0.115 0.150 0.145 0.130 0.130 0.170
[13] 0.110 0.120 0.135 0.165 0.135 0.135 0.185 0.100 0.140 0.140 0.135 0.155
[25] 0.145 0.170 0.145 0.160 0.145 0.110
