[1] "Average Estimates for Betas: "
 [1]  0.0508836911  0.0972115719  0.1970464841  0.2976184565 -0.0018901312
 [6] -0.0009598538 -0.0014208981 -0.0027920587  0.0024264989  0.0009149122
[11]  0.0012499176 -0.0044937291 -0.0001506255 -0.0009694127  0.0020722987
[16]  0.0012185503  0.0032358393  0.0007624449 -0.0004153515 -0.0004974572
[21]  0.0005382954 -0.0000212425  0.0035549783 -0.0015118144 -0.0011598295
[26] -0.0016200474 -0.0015404199 -0.0007610778 -0.0022365154 -0.0034186010
[1] "Standard Deviations of Betas: "
 [1] 0.03122301 0.02810807 0.03103440 0.02685599 0.02699296 0.03703957
 [7] 0.02808077 0.02877864 0.02640372 0.02558714 0.02667092 0.02782253
[13] 0.02920529 0.02743915 0.03261541 0.03051560 0.02724757 0.02840231
[19] 0.02808682 0.02600184 0.02592820 0.02703016 0.02947684 0.02974243
[25] 0.02673100 0.03137135 0.02665820 0.02671791 0.02680810 0.02598520
[1] "Average StdErrors for Betas: "
 [1] 0.03245233 0.03150513 0.03226003 0.03141987 0.03230320 0.03108905
 [7] 0.03323718 0.03226012 0.03384560 0.03238697 0.03298862 0.03316746
[13] 0.03223740 0.03107283 0.03150622 0.03296784 0.03143151 0.03301718
[19] 0.03250331 0.03163301 0.03300877 0.03199219 0.03206677 0.03251986
[25] 0.03232828 0.03279128 0.03311972 0.03113125 0.03284722 0.03132497
[1] "Positive rate for exposures: "
 [1] 0.41988950 0.84530387 0.98895028 1.00000000 0.03867403 0.05524862
 [7] 0.05524862 0.05524862 0.02209945 0.03314917 0.02762431 0.03314917
[13] 0.04419890 0.02209945 0.03314917 0.03867403 0.03867403 0.04419890
[19] 0.02762431 0.03314917 0.01104972 0.02762431 0.01657459 0.03867403
[25] 0.01657459 0.04972376 0.02762431 0.04419890 0.01657459 0.02762431
[1] "Bonferroni-corrected positive rate for exposures: "
 [1] 0.093922652 0.552486188 0.955801105 1.000000000 0.005524862 0.005524862
 [7] 0.000000000 0.000000000 0.000000000 0.000000000 0.000000000 0.000000000
[13] 0.000000000 0.000000000 0.011049724 0.000000000 0.000000000 0.000000000
[19] 0.000000000 0.000000000 0.000000000 0.000000000 0.000000000 0.005524862
[25] 0.005524862 0.000000000 0.005524862 0.000000000 0.005524862 0.000000000
