[1] "Average Estimates for Betas: "
 [1]  5.301590e-02  1.086292e-01  1.878776e-01  3.034390e-01 -4.678766e-03
 [6] -5.074267e-03 -5.096873e-03 -1.067823e-02  5.205321e-03  4.536436e-03
[11]  9.570999e-03 -9.754649e-03  2.367861e-03  6.907874e-03 -5.919720e-04
[16]  7.515282e-03  4.257776e-03  3.357412e-03 -3.427037e-04 -3.204135e-03
[21]  9.652975e-03 -4.779609e-03  1.320127e-02 -2.515708e-04 -6.831585e-06
[26] -5.983333e-03  2.511770e-03 -1.550917e-03  5.260639e-04  3.655089e-04
[1] "Standard Deviations of Betas: "
 [1] 0.07906851 0.09510450 0.09506066 0.08032279 0.06840343 0.07814919
 [7] 0.06355179 0.09355879 0.09875102 0.07501886 0.10532890 0.07248448
[13] 0.09977376 0.06849750 0.08506215 0.08784682 0.08135514 0.08083718
[19] 0.08807919 0.05970309 0.07481163 0.05793134 0.08631296 0.06514027
[25] 0.09663396 0.10892301 0.06108396 0.08408714 0.07737421 0.06768238
[1] "Average StdErrors for Betas: "
 [1] 0.03065239 0.02971738 0.03064469 0.03068042 0.02893610 0.02916273
 [7] 0.03067806 0.02990932 0.03185382 0.03097030 0.03210580 0.03030686
[13] 0.02902973 0.02982045 0.02954158 0.03157706 0.03116410 0.02996331
[19] 0.03186213 0.02920619 0.03096119 0.02921141 0.03000285 0.03065239
[25] 0.03380242 0.03062834 0.03059358 0.02932758 0.03065034 0.03115901
[1] "Positive rate for exposures: "
 [1] 0.5705128 0.8333333 0.9871795 0.9935897 0.2307692 0.2307692 0.2371795
 [8] 0.2371795 0.1923077 0.2051282 0.2243590 0.2179487 0.2051282 0.2243590
[15] 0.1923077 0.2500000 0.2628205 0.2564103 0.2500000 0.1794872 0.2115385
[22] 0.2435897 0.1794872 0.1794872 0.1730769 0.2884615 0.1858974 0.2820513
[29] 0.2692308 0.2500000
[1] "Bonferroni-corrected positive rate for exposures: "
 [1] 0.28205128 0.70512821 0.92307692 0.98717949 0.06410256 0.08333333
 [7] 0.04487179 0.07692308 0.03846154 0.05769231 0.08333333 0.05128205
[13] 0.03205128 0.06410256 0.06410256 0.07051282 0.01923077 0.04487179
[19] 0.04487179 0.04487179 0.02564103 0.03846154 0.05128205 0.03205128
[25] 0.03205128 0.08974359 0.03846154 0.09615385 0.08974359 0.02564103
