[1] "Average Estimates for Betas: "
 [1]  5.369782e-02  9.546008e-02  1.969334e-01  3.006024e-01 -1.647851e-03
 [6]  1.941202e-04 -1.145508e-03 -4.000408e-03 -5.850031e-04  2.866895e-05
[11] -1.398286e-04 -3.625484e-03 -3.356831e-03  1.255626e-03  3.056705e-03
[16]  1.129793e-03  2.019023e-03 -3.592646e-04 -3.474383e-03  3.931241e-04
[21]  1.236109e-03 -2.215711e-03  5.712798e-03 -2.597540e-03 -4.030007e-03
[26] -5.465840e-03 -4.526558e-04  1.308926e-03 -2.584536e-04  1.657159e-03
[1] "Standard Deviations of Betas: "
 [1] 0.03140600 0.03695460 0.05841447 0.03351605 0.02958317 0.03251924
 [7] 0.02880141 0.07423768 0.05835727 0.02898344 0.02766556 0.02584792
[13] 0.06094581 0.03144695 0.05328642 0.05132117 0.02522915 0.03122738
[19] 0.03812444 0.03145849 0.02965650 0.03387536 0.05633097 0.02716420
[25] 0.02790643 0.06942871 0.02921829 0.05290507 0.06722443 0.03867966
[1] "Average StdErrors for Betas: "
 [1] 0.02595845 0.02660176 0.02847823 0.02572535 0.02663201 0.02603865
 [7] 0.02778895 0.02682165 0.02760268 0.02620211 0.02726821 0.02696069
[13] 0.02607856 0.02579458 0.02682775 0.02788690 0.02668659 0.02642379
[19] 0.02740849 0.02547555 0.02708063 0.02674206 0.02728095 0.02731286
[25] 0.02766922 0.02598849 0.02680803 0.02643742 0.02677011 0.02661383
[1] "Positive rate for exposures: "
 [1] 0.55434783 0.88586957 0.98913043 1.00000000 0.05434783 0.10326087
 [7] 0.06521739 0.08152174 0.06521739 0.07065217 0.04891304 0.03804348
[13] 0.02717391 0.05978261 0.06521739 0.13043478 0.03804348 0.10326087
[19] 0.05978261 0.07608696 0.03260870 0.09782609 0.07065217 0.06521739
[25] 0.04891304 0.07065217 0.08152174 0.13043478 0.08695652 0.06521739
[1] "Bonferroni-corrected positive rate for exposures: "
 [1] 0.244565217 0.711956522 0.978260870 1.000000000 0.005434783 0.027173913
 [7] 0.005434783 0.016304348 0.016304348 0.016304348 0.010869565 0.005434783
[13] 0.005434783 0.010869565 0.010869565 0.027173913 0.005434783 0.010869565
[19] 0.010869565 0.016304348 0.010869565 0.010869565 0.016304348 0.005434783
[25] 0.005434783 0.010869565 0.010869565 0.027173913 0.038043478 0.005434783
