[1] "Average Estimates for Betas: "
 [1]  5.081686e-02  1.052265e-01  2.021415e-01  3.030541e-01 -9.536157e-04
 [6]  1.541031e-03 -1.469163e-03 -7.031410e-03  2.677749e-03 -1.620237e-05
[11]  8.143607e-04  6.356668e-05 -3.294888e-03  3.691314e-03  5.204236e-03
[16] -2.350770e-03  5.974561e-03  1.030153e-03 -6.084965e-03  9.166251e-04
[21] -9.097426e-03 -4.712908e-03 -4.403423e-04  6.153874e-03 -1.276119e-03
[26] -1.849501e-03 -1.136663e-03  1.173464e-03 -5.142173e-03  2.689867e-04
[1] "Standard Deviations of Betas: "
 [1] 0.06157085 0.05809580 0.05154550 0.05236536 0.04302224 0.06254035
 [7] 0.04761121 0.06457207 0.05330074 0.05955665 0.04801217 0.06336053
[13] 0.06533372 0.04811377 0.05234001 0.05477949 0.05253807 0.05704447
[19] 0.05598693 0.04599465 0.05122759 0.06178151 0.07707556 0.05726480
[25] 0.05883545 0.04113683 0.05895765 0.05309704 0.05145034 0.05393699
[1] "Average StdErrors for Betas: "
 [1] 0.04135813 0.04223950 0.03921443 0.04369968 0.04184154 0.04133013
 [7] 0.03842114 0.04570987 0.03765974 0.04476665 0.04036721 0.04923184
[13] 0.04656664 0.04143615 0.04085115 0.04314680 0.03977661 0.04741916
[19] 0.04064127 0.04732668 0.04206386 0.04075528 0.04412848 0.04058207
[25] 0.04029669 0.04041610 0.03920305 0.04585775 0.04073226 0.04615962
[1] "Positive rate for exposures: "
 [1] 0.45405405 0.76756757 0.90810811 0.96216216 0.05945946 0.11351351
 [7] 0.05405405 0.09189189 0.03783784 0.08108108 0.05405405 0.04324324
[13] 0.08108108 0.05945946 0.09189189 0.07027027 0.05945946 0.07027027
[19] 0.08648649 0.04864865 0.04324324 0.04864865 0.08108108 0.05945946
[25] 0.10270270 0.05945946 0.10270270 0.04324324 0.03783784 0.07567568
[1] "Q-value positive rate for exposures: "
 [1] 0.286486486 0.681081081 0.881081081 0.918918919 0.005405405 0.027027027
 [7] 0.021621622 0.027027027 0.016216216 0.037837838 0.016216216 0.005405405
[13] 0.032432432 0.016216216 0.027027027 0.027027027 0.027027027 0.032432432
[19] 0.037837838 0.021621622 0.016216216 0.021621622 0.037837838 0.005405405
[25] 0.048648649 0.010810811 0.032432432 0.010810811 0.016216216 0.032432432
[1] "Precision/Recall/F1 based on p-values:"
[1] 0.6376812 0.7729730 0.6988393
[1] "Precision/Recall/F1 based on Q-values:"
[1] 0.8192000 0.6918919 0.7501832
