[1] "Average Estimates for Betas: "
 [1]  5.401288e-02  1.047663e-01  2.000670e-01  3.008207e-01 -4.116972e-04
 [6]  3.604450e-03 -1.102821e-03 -5.724050e-03  2.716412e-03  3.270180e-03
[11]  1.766427e-03  4.100591e-04 -3.109077e-03  1.995394e-03  2.322702e-03
[16] -1.524204e-03  2.267527e-03  9.824314e-04 -4.703086e-03 -1.194789e-03
[21]  3.113360e-04 -1.141865e-03 -4.959304e-03  4.195297e-03 -3.388293e-03
[26] -2.515461e-03  3.418426e-04  5.357807e-05 -3.305238e-03  8.285777e-04
[1] "Standard Deviations of Betas: "
 [1] 0.06738432 0.04743069 0.05333814 0.04298527 0.03163964 0.05745714
 [7] 0.04047202 0.05279969 0.04748014 0.05251085 0.04117650 0.04443206
[13] 0.05610606 0.04692371 0.04491230 0.05149771 0.03915878 0.05570475
[19] 0.04564580 0.04494154 0.05008383 0.03273812 0.05345905 0.04894377
[25] 0.05656335 0.03881127 0.05437955 0.04591370 0.04868171 0.04504920
[1] "Average StdErrors for Betas: "
 [1] 0.03730276 0.03627877 0.03546797 0.03817133 0.03486317 0.03664730
 [7] 0.03490769 0.03875759 0.03249377 0.03851984 0.03431538 0.04018764
[13] 0.03929334 0.03657512 0.03512145 0.03713502 0.03523932 0.04095198
[19] 0.03558921 0.03914011 0.03704722 0.03375753 0.03582425 0.03580055
[25] 0.03756838 0.03532626 0.03649810 0.03940654 0.03542431 0.03830688
[1] "Positive rate for exposures: "
 [1] 0.425 0.825 0.950 0.990 0.010 0.055 0.045 0.070 0.040 0.040 0.030 0.025
[13] 0.040 0.030 0.045 0.060 0.060 0.050 0.055 0.035 0.040 0.025 0.075 0.050
[25] 0.075 0.050 0.050 0.045 0.055 0.050
[1] "Q-value positive rate for exposures: "
 [1] 0.205 0.695 0.910 0.945 0.005 0.025 0.010 0.025 0.015 0.020 0.015 0.010
[13] 0.020 0.005 0.020 0.015 0.010 0.025 0.015 0.010 0.010 0.005 0.035 0.015
[25] 0.020 0.000 0.015 0.000 0.015 0.015
[1] "Precision/Recall/F1 based on p-values:"
[1] 0.7258248 0.7975000 0.7599762
[1] "Precision/Recall/F1 based on Q-values:"
[1] 0.8801917 0.6887500 0.7727910
