[1] "Average PIPs: "
 [1] 0.10713140 0.60456329 0.97287358 0.99526729 0.02469488 0.03243506
 [7] 0.02370958 0.04832976 0.04906666 0.02360351 0.03391626 0.03557976
[13] 0.03644393 0.04057333 0.03182567 0.04313105 0.02347605 0.02893003
[19] 0.03947690 0.03733475 0.02979683 0.03115927 0.04597369 0.04539524
[25] 0.02914100 0.03501002 0.04203928 0.03055047 0.03952258 0.03012150
[1] "Percent of time PIP >= 0.1: "
 [1] 0.215 0.695 0.990 0.995 0.045 0.065 0.045 0.080 0.065 0.040 0.045 0.055
[13] 0.045 0.075 0.050 0.075 0.045 0.045 0.080 0.080 0.050 0.060 0.095 0.095
[25] 0.065 0.070 0.095 0.055 0.065 0.055
[1] "Percent of time PIP >= 0.5: "
 [1] 0.085 0.600 0.970 0.995 0.010 0.015 0.010 0.035 0.040 0.010 0.020 0.020
[13] 0.025 0.025 0.015 0.025 0.010 0.020 0.025 0.020 0.015 0.015 0.030 0.030
[25] 0.010 0.020 0.025 0.015 0.030 0.015
[1] "Percent of time PIP >= 0.9: "
 [1] 0.040 0.530 0.960 0.995 0.010 0.010 0.010 0.030 0.030 0.010 0.020 0.015
[13] 0.015 0.020 0.015 0.020 0.010 0.010 0.015 0.020 0.015 0.015 0.015 0.025
[25] 0.010 0.010 0.025 0.010 0.015 0.010
