0.030958432107098 0.313159967343962 1 1 0.148504216878213 0.0983371470433869 0.0326389777317921 0.0320288935893254 1 0.0373715670028627 0.309773363075278 0.0333012172652576 0.0425523731046288 1 0.283545357550486 0.0691447577036878 0.060801149671725 0.160860126558832 0.376219798964282 0.0596529628201038 0.999999999918672 0.0631434051049746 1 0.139809660776662 0.0359159141983135 0.0312945683185427 1 0.999999997271099 0.0319137470637785 0.0527774493313644
0.9999999996768 0.999999999911151 1 1 0.999989466130463 0.191940355821563 0.0545673323889689 0.107561386056469 0.10186336642152 0.133106071730157 0.0836934379011101 0.053796724730812 0.0514650131375877 0.0521457475496753 0.0558091050522713 0.0645502818948964 0.999994995626236 0.0687539546314054 0.0571443394630768 0.999999866399519 0.999999999915958 0.339873153587189 0.192332155571605 0.0842492559882244 0.121725565580871 0.0666965016656997 0.0524643487461147 0.114096923268915 0.0470118508823931 1
0.998687320545987 0.546357495267972 1 1 0.0596457877298059 0.0807465670404328 0.14520176177119 0.0904804099600186 0.185404164992814 0.104235752577064 0.144628276450534 0.0945544173492948 0.087950689165368 0.263336883046708 0.170297353870502 0.999774994634075 0.103558920462783 0.999996711236433 0.493240629782197 0.0760229774809877 0.0829071463462566 0.135326546370539 0.203437159137014 0.999999999999868 0.0688436238564246 0.0814609762664009 0.263349350851899 0.318558874729026 0.0582204441546823 0.0673923745435173
0.0766344854535064 0.0548945467224558 0.999999999996627 0.999999999999957 0.999994110121871 0.232075321977789 0.111743951435534 0.0790154455294009 0.102215776509829 0.0576965977471711 0.0714040590438372 0.0649187397479509 0.0551929277523308 0.0849465634574493 0.126218602680557 0.0970344996003727 0.145416511647186 0.062545528514439 0.175512816808111 0.0609421964684534 0.0586044357718908 0.30832551507729 0.0793540669358587 0.0960241646846778 0.0571930088832909 0.0558075121162372 0.170971626370209 0.103071754414236 0.999980009307184 0.0557186590983106
0.173260025627113 0.99997288485805 1 1 0.13465357963527 0.170452210954162 0.0856376271676317 0.088471984558691 0.143406600464672 1 0.999999999991383 0.145291933646337 0.122260390392694 0.0748269946337187 0.0797771601213852 0.183459309964759 1 0.136326862160378 0.107690915600461 0.345386531816969 0.0895405871579344 0.218698691483255 0.120144878674859 0.999999774261945 0.99999364329852 0.150360288889488 0.0769455789952334 0.15676404768607 0.0721675485715443 0.10328482557077
1 0.0434906575201129 0.0324611170319664 1 0.0411780626436699 0.0789220731374702 0.0293874283227581 0.0387597580424233 0.0473669402311794 1 0.150316068043466 0.0432339985594496 0.050435132502036 0.0294345115755282 0.034924125366101 0.0534168788116082 1 0.311551194486289 0.0297905840538087 0.132894796288032 0.105997611165184 0.0994784818715678 0.0422207755526106 0.0500462328988972 0.085278855480883 0.0892485307317573 0.0806202814057285 1 0.158011028014784 0.0446119531076121
1 0.131603636200206 1 1 0.085418641388285 0.0838004629452653 0.0834251806489724 0.0862163950135865 0.105187970609276 0.0845686758280944 0.0852147497716269 0.122177568062268 0.0880965921912444 0.0996132095755163 0.159230837038981 0.0839776753554307 0.0837229028027836 0.0877359020237466 0.160796869480959 0.999999999995177 0.0858636509193207 0.144122676564279 0.0828496531847599 0.159360716567325 0.112990144041232 0.125991618347047 0.0856950922804781 1 0.130437901747755 0.0832246331152419
0.389462324061019 0.999999999547063 1 1 0.0912028060108866 0.115449747880369 0.0518675386242081 0.999999999999958 0.999999927518919 0.100110735545869 1 0.0530444604884142 0.0587386239204893 0.141003901405271 0.0723957901814333 0.241152969359872 1 0.327971197668839 0.0991628092202731 0.0532553580786599 0.091454848922205 0.0518931432612381 0.0670478415388162 0.11993730086414 0.0521475174920569 0.0661651068635279 0.0738100473506537 0.102363121193072 0.0525791406680662 0.0623327555032249
0.999997116893963 0.999999999999888 1 1 0.127430899535439 0.0938092767989472 0.101751502795542 0.101126037020556 0.0820007579766967 0.0859046291860337 0.0749563161337274 0.999999999948327 0.427256366511506 0.999734197802637 0.0785884008842231 0.0856215538257692 0.12263985976916 0.0723304211247732 0.134396107135677 0.125579427771285 0.0886228534611666 0.148584861497415 0.0780477861022952 0.0743145316264113 0.322263813321242 0.0730145012736085 0.104322049850225 0.223289265331943 0.999999999997468 1
0.250358517498087 0.999999844820126 1 1 0.126958458334021 0.164703035056629 0.25227769730667 0.0573397496431792 0.999952326585012 0.0980521015100294 0.999999999989882 0.17816367954531 0.238459449028659 0.999999998573836 0.150170117864493 0.0745828421532578 0.999999999928071 0.0883810470128719 0.0861224547561917 0.0517859573040851 0.0552471311593464 0.088613498866765 0.100501651565841 0.046866930984012 0.115727814897485 0.0518835937444974 0.0594032128299511 0.11269862058812 0.0478013350634823 0.0469076501892061
0.999999999998436 1 1 1 0.275426765150066 0.105720006855953 0.143618443868643 0.109805655737221 0.150411591639223 0.197677139378621 0.202541530841449 0.520224953529235 0.136811899715102 0.981592067937656 0.141459627573071 0.128574380611882 0.128764664757943 0.0962960429862335 0.154279671221712 0.145743455529994 0.108392809355603 0.101934464535412 0.10801552487909 0.18926465400346 0.101659139965545 0.270599360392019 0.143634841749528 0.179224986765796 0.0958984313855883 0.166978814672622
0.0575721189324556 1 0.999999999538753 1 0.0585165412776041 0.108933419979211 0.0370558474073712 0.0378472313164572 0.125900861272742 0.0384507475636784 0.0516374970996299 0.0398731486693084 1 0.0383482834150705 0.0372377188233169 0.0397705778744174 0.0438592036434904 0.0512301533367326 0.0566839959902278 0.038350839768481 0.0448516995768515 0.0379435933965054 0.038569985099921 0.0482325118025397 0.0799948826839368 0.0646105467575394 0.0751155427381527 0.117235898227182 0.99111634679965 0.0425574766171347
0.0174351956186234 0.404803655731273 1 0.35448904990988 0.0122965540417068 0.0187675517946393 0.0236236711646267 0.0396932713446974 0.0191070586679786 0.0131773600540334 1 0.0309766079985515 0.0122783304694093 1 0.0124994921842787 0.0157202686042843 1 0.0819653702726166 0.999999978749378 0.0123094070248359 0.301754323432334 0.0260811675271729 0.973708829790414 0.0255696374029261 0.0473020721816324 0.0225938096133655 0.0148864716773508 0.0228903858306587 0.0540802445333873 1
1 0.999999999999963 1 1 0.999999999999248 0.999999999994567 0.134218733076425 0.0870875231193022 0.167559411960708 0.115136272018665 0.0993513338835819 0.159665012256415 0.0866798084318549 0.267907690640551 0.246451545962961 0.0762391404030548 0.999998043832368 0.101344499220146 0.168547613885505 0.13941423004862 0.351692431994231 0.121058194883785 0.263885418709259 0.137921397829161 0.101520995116584 0.0745547866096488 0.110238468924054 0.109531043308196 0.159892765724095 0.0867013583266857
0.0777778661630724 1 1 1 0.069225487150813 0.119650792088645 0.234766429988527 0.245419921302374 0.0749725548042335 0.0842407134134556 0.133288585856804 0.999999999999998 0.0858378999304688 0.300694132459146 0.197201977313005 0.152050233405486 0.999999999986411 0.21274534941433 0.305827796164263 0.101893411089753 0.0712919735204269 0.0869002305452012 1 0.999999999999992 0.068014070169424 0.068119085826913 0.0704890715152248 0.178125215101787 0.0685902392982938 0.0881684239497738
0.999999996066856 1 1 1 0.164720705003971 0.163120705585425 0.147915438136073 0.104815307815316 0.0901724655053884 0.996805797267889 0.0933238015143032 1 0.278881049365802 0.167375916501302 0.104562828729081 0.12134202388402 0.0948299231102675 0.118128394238818 0.0910525789687793 0.999914766258342 0.142424509287827 0.117550621943984 0.115197400200617 0.127274007377534 0.179939023338367 0.0940336466634083 0.0938605741367354 0.129486926316334 0.119453838727937 0.169173223480876
0.074138178216262 0.0683322900307309 0.214298502668708 1 0.0845025946820503 0.162209179594945 0.122030545351347 0.130863334066923 0.0688946375016299 0.0969809672422783 0.0708439758004803 0.077286856753233 0.158588980455163 0.172034665926528 0.0692566326811304 0.999999999999651 1 0.214114912155662 0.077475357732008 1 0.0761791317532761 0.102639000143284 0.0752605202209695 0.0810757403033712 0.0774886961401376 0.999975894688867 0.265246489145455 0.119838556720268 0.0772749444045689 0.0691259227038867
0.183137813272445 0.086614536263414 0.99999999999851 1 0.0733983405430226 0.0718592960293115 0.999549504123237 1 0.349624842701501 0.0865688382791125 0.0560184925674448 0.0557524165692576 0.0634628289307044 0.063677502082264 0.0617440388971077 0.0553689049793256 0.207136295507896 0.0739599113818131 0.090333765536276 0.0654380450570385 0.0844421406218619 1 0.0584850842493441 0.0819296480209923 1 0.999999999995771 0.0559109972128992 0.0682489629065327 0.169407148746326 0.0619156639391666
0.0588264503861131 1 1 1 0.187738796722892 0.401809222219894 0.0894034300710751 0.0947872547643643 0.0618337408122158 0.136891633513663 0.171198590161209 0.999997330165663 0.0751567990879589 0.0592522555591631 0.064753461222855 0.999999998579294 0.0997089274235028 0.0572130702671884 0.057215069545177 0.315172987568796 0.0738642607561623 1 0.166095944103761 0.120358630489663 0.0640313711579471 0.0604375265240434 0.145806779203716 0.0578003654388 0.0572701197914751 0.0635923040156592
0.140042697027969 0.91572666810311 1 1 0.996591348747075 0.286418192451707 0.0881765316474705 0.412515166526993 0.06263030498123 0.0595837484430418 0.0635974353507753 0.999999999913737 1 0.238872881733826 0.999999999994441 0.999962102648341 0.148266824698807 0.201624832012168 0.12419756789348 0.124169717189388 0.353204351676971 0.345784224860672 0.263860064007675 0.0694178024150192 0.175835199635462 0.0930741209956941 0.0722383494589619 0.999999999999821 0.069982038782562 0.133470778451123
0.0688801116864238 1 0.0619203849771613 1 0.0414424598389762 0.0901081897082134 0.033970022191246 0.066611599801348 0.0954844200389363 0.0472769860145457 0.270239998773362 0.341002165305294 0.99999999170504 0.0393370043981329 1 0.0910879224803441 0.99999999999999 1 0.357520038104504 0.0345253015359906 0.0511265788291542 0.0398105202928603 0.0461932319531945 0.99982272086174 0.0350707827655529 0.0612196748442065 1 0.0368345032867916 0.028072794121751 0.0295647181490205
0.977263640073642 0.999999978699797 1 1 0.0040124153050034 0.00281118490522991 0.00312369661181144 0.00309493494446211 0.00975968263509053 0.00287589679538169 0.00305188201511297 0.0083929257142219 0.0031677100216726 0.0031264441905906 0.00297770376320006 0.00298625593550361 0.00364439113214243 0.00282326479334327 0.00309985105403776 0.00446604882483159 0.00333029671555873 0.00366169780183845 0.0046936887616561 0.00286388629247902 0.00367612504185821 0.00797448168857617 0.0029078463315152 0.00404136542317157 0.00285997985317166 0.0029535015516583
0.127263478825647 0.278073173342739 1 1 0.123310157664361 0.141857348859589 0.999999999999994 0.101925151987857 0.11926577016581 0.149472028441729 1 0.133350313107748 0.105496102679526 0.147098296728534 0.103070867836902 0.998396212550551 0.999778474912764 0.999999999979569 0.172883892034966 0.100651809275053 0.181235592459753 0.107187515371682 0.206934558812286 0.101901355664469 0.144283627982508 0.173887968254254 0.143212468448303 0.291173410895658 0.102414491141483 0.138570974546979
0.21638594550242 0.452797510439749 1 1 0.0335622073160599 0.0417854696659611 0.431348448352921 0.155872570876583 0.073375790396065 0.493706072296996 0.0911599764055699 0.125041490089506 0.0420113093999962 0.030352868742761 0.211680568560827 0.176647099065736 0.163690729129863 0.0302991109128693 0.999999999993129 0.268909962894885 0.0719362513094896 0.44495388613133 1 0.0298434653716458 0.65429583394124 0.0404513681030998 0.562422309351796 1 0.0379356455659413 0.548115564870472
1 0.079011449127656 1 1 0.999973454613204 0.0534430702413852 0.0558781029475129 0.0470554748427775 0.0897458506639417 0.0651934539867468 1 0.0429681956377895 0.0418495346785919 0.0620316519725602 0.0707026089150939 1 0.0419403076062805 0.0558941105016865 0.112448067487894 0.0669560132126072 0.0435142379766401 0.0521220378442399 0.140108545494889 0.051023377527607 0.213090544332496 1 1 0.999999994923588 0.277557033003654 0.0637673991117468
0.22795545270001 0.999999999928561 1 1 0.679530059431189 0.33141361290204 0.0978736391883542 0.151547490478285 0.0549530291993906 0.243638435948806 0.0673606852142489 0.122338214305749 0.229082438430608 1 0.999789783321526 0.207032355801378 0.0448181880340963 0.276283567152572 0.052917848459218 0.243316583460346 0.363587163237911 0.0566995576984064 0.0740264448357163 0.456375892509537 0.105800475143281 0.99999997110241 1 0.335869111829501 1 0.0539537024472198
0.118538901039415 0.0590054170000662 1 1 0.0580585479308333 0.119052904483889 0.051309566057957 0.051422407431736 0.173859124935975 0.0655901523814461 0.0488411180068384 0.0491665738538533 0.0551563199594425 0.0563711750786813 0.0515809371198113 0.217397148823863 0.0451669666284471 0.0866129886590227 0.0840225034824438 0.0550694690546858 0.0441990626561489 0.0593391945838643 0.0446879441691789 0.0512560765854672 0.0809953301197835 0.106895115876248 1 0.999999999995178 0.0441876287516224 0.0491502108577795
0.251464176145043 0.0781610832988843 1 1 0.0508039372857948 0.0847608858426832 1 0.126124209647735 0.0392095473699025 1 0.0517471326744414 1 0.0559933830772491 0.0437181998281779 0.10206890519836 0.0385378654147518 0.0523584112173879 0.195423118931114 0.0904999131392845 0.0631287493559024 0.0463567148320549 0.0384917539371891 0.0608316180327108 0.0587771529277935 0.140025033681774 0.0909788593319004 0.0929311988119963 0.134818734815421 0.0437542093282672 0.0513553704567754
0.0518397303791461 0.999999942550415 0.581347287277073 1 0.131989537792459 1 0.0350003171336681 0.0200468989723575 0.0238500322710512 0.020759295201882 0.0511194103241049 0.0187484754302419 0.0177489232710674 0.017670599495772 0.0162090446616505 1 0.0357336284992956 0.0278262019454547 0.0160599008642498 0.0220409532204348 0.0185264104144701 0.0299539099822038 0.999979919005742 0.0170901552019201 0.0389807348499536 0.0827906959357465 0.0174569399366786 0.0164612932620606 0.21987851908672 0.048514377149856
1 1 1 1 0.999999987098671 0.0530503743752735 0.240233016855336 0.274187032094177 0.104890204444662 0.0674010001656299 0.0714522786512173 0.0594189440841993 0.0823081563254214 0.268260667770337 0.0518301573645803 0.0777485171989171 0.0908221276259012 0.999999819926116 0.0523395739854866 0.0509260230681757 0.993545466133519 0.0511915516377757 0.048257222021778 0.0926521031701277 0.136397511892073 0.116595081579292 0.0944353063681608 1 0.330273781707722 0.0816931607427145
0.0189079715225748 0.037582929291345 1 1 0.019139341830519 1 0.0186184248832774 0.999999999999999 0.109055846731326 0.0373588371413404 0.0193654025679107 0.102878311442862 0.0188210001045283 1 0.0188362828326456 0.0184960409873363 0.0436572841826474 1 1 0.999999999994968 0.0185206529903562 0.172731543323894 0.0745437302960179 0.0676559585994906 0.146458643289701 0.0327671111492935 0.068716052790184 0.0407809241954593 0.0189444904621715 0.120708691115831
0.999999999999995 1 1 1 0.211096100098626 0.0558848479930552 0.0602900941991673 0.100387511297712 0.0836738215124877 0.055911986846115 0.0796260022020441 0.0629808626637841 0.0644213741263595 0.995715199352539 0.0561557601577328 0.0564245612438061 0.085268114457417 0.0577454392584281 0.999999999999998 0.055884976228587 0.139072920466118 0.0561111148716058 0.0980230104093911 0.0597831392403834 0.059570701963898 0.0615437695178221 0.0604482162994658 0.0611383385810466 0.0566998971287236 0.0913763287314546
0.0616312697730439 0.323822107079584 1 1 0.035436683781242 0.0337105437834715 0.0366047095816991 0.11616350218207 0.120041683949128 1 1 0.032746645261163 0.0850170614333868 0.0463647544208035 0.0472352522460222 0.240707896158489 0.138363136482133 0.370446382064262 0.0413090971109943 0.0595322833658585 0.999999878532181 0.0329537644129896 0.998146143437885 1 0.113450127420701 0.0456568513414408 0.0355426172202667 0.0326837119355837 0.0330813651905298 0.0333148517486277
1 1 0.999999997850544 1 0.0712955037229976 0.0638657054500394 0.0569831154647937 0.091075910182788 0.0554472609434392 0.0554603474433057 0.0567343483562213 0.0800753247019252 0.0650442059205416 0.0615602294944749 0.0603809269969764 0.0578187756606289 0.313407067647929 0.0680892044566284 0.072746133957589 0.0698135732042381 0.0847365439763172 0.0580007126869434 0.0799503739161649 0.0547454516232854 0.137507911105236 0.112476465986502 0.0918469478817174 0.0596895040408898 0.0601647871862646 0.383249151421381
1 0.999999999999901 1 1 0.085256926111213 0.0734308759502418 0.0458369821951775 0.0500238382919026 0.108403232799543 0.0435348626314879 0.095865418055788 1 0.0341882899796248 0.0344893518889852 0.057819512736754 0.0758392678968191 0.104667793829635 0.0480168389259081 0.100363167561031 0.0435215219450489 0.0533109798620461 1 0.999957424476011 0.0507541060468498 0.0670130462720018 0.101848853300077 0.284363045860761 0.0350400489195307 0.0344198434361183 0.999999997588365
0.0436337041132959 0.999999999999999 1 1 0.0548587261225129 0.046948677017565 0.299368040987219 0.110238110049619 0.999999637576874 1 0.054216574693233 0.0632816548082062 0.0435421459798184 0.429364563979916 0.99602189554757 0.0607161127546074 0.0534716908571912 0.0454952382817191 0.0742907431678579 0.232190368721513 0.999999999999999 0.0440674310122885 0.0495748281363944 0.0438358151778432 0.999999999999999 0.0507404644723323 0.0497648930112911 1 0.0824553399321987 0.0983948615092261
0.999999999999998 0.0587739538509093 1 1 0.99809391828401 0.0615201534239509 0.186444149304289 0.136540249767561 0.0580106753189726 0.136202861834932 0.293597388210794 0.0866723259468294 0.174189740461572 0.171580784611759 0.0732830316088532 0.0584928143803454 0.135457112872872 1 0.226548407347528 0.999999315681226 0.334199129656628 0.196946874017461 0.141339557501339 0.99999120881662 0.206268580616352 0.103907609163495 0.0777889435918854 0.0611840935191319 0.176045675357754 0.0762950484899176
0.224191294634077 0.592808724788054 1 1 0.0992520000734598 0.673384771398456 0.0730776210656586 1 0.502027840242157 0.174739886393925 0.0563377215130452 0.158120562162538 0.181508608348286 0.0940937841276532 0.163376001544397 0.0537356905698074 0.0537821484551825 0.0810612183473385 0.0984965111642125 0.0596277646478971 0.999999999999992 0.191434519583448 1 0.999999997549573 0.0755198758886295 0.226100699302888 0.0726284050376267 0.0573784022802619 0.197933744437648 0.0841778499879875
0.0786922103735558 0.99999999991746 0.999999999981245 1 0.999999996654577 0.0826585246894881 0.0762858537019629 0.354769811807921 0.984842670053426 0.10671410761367 0.0765248414817956 0.079568704081992 0.0952740052650569 0.205010753358294 0.0888216870550538 0.156512487732961 0.0777425311090123 0.0839685936045291 0.0764936545560607 0.0788964574635911 0.0979295271146822 0.99999999999984 0.0894764963611205 0.118587490820385 0.0803560950702148 0.130490007603998 0.083245957601061 0.999999999742555 0.07754985117577 0.183098609416464
0.124145763197921 0.117573255010507 1 1 0.264458147770771 0.183038490049557 0.0907756648322475 0.25709742667919 0.226402860178831 0.133842635412472 0.155955252724403 0.999999999997602 0.0790502663679584 1 0.133087923796114 0.0683867594227194 0.113806739945856 0.0673140537849717 0.999999999999999 0.101576783451543 0.125587064861384 0.06775099201608 0.124985547958282 0.0843879368733915 0.177856874407399 0.0770945169845967 0.419872924466266 0.0896509354944515 0.999999999817626 0.0684932872640911
0.999999999966626 1 1 1 0.092530552531688 0.129919011496689 0.118310237874552 0.141415663532917 0.09189672987831 0.999977664171647 0.107177435325956 0.113335950333614 0.123499682013378 0.0771370258267186 0.0747578183886324 0.0851174123688724 0.101701712595735 0.0740010627426045 0.0766195470117268 0.0854325921331093 0.999994125161609 0.123085836708228 0.0919041305064919 0.0884227079711168 0.999984392758535 0.0942098596102868 0.0978847290504231 0.0768619694971659 0.116472541176961 0.0806827648039407
0.105376403598798 1 1 1 0.191167023920632 0.073158364626839 0.139836533637003 0.197830358397356 0.0739552124157831 0.330475366170094 1 0.254088689542717 0.0835820861580064 0.0807153536871197 0.134725607363411 0.105750275957332 0.252681452066503 0.199297141724546 0.999997976606507 0.129892704270615 0.162827940804943 0.0605135531607347 0.0633638072370217 0.0882308763824784 0.194367815055295 0.062063451030591 0.0599961260374435 0.977505083040176 0.0886038809888032 0.109545444678443
1 0.999966690879649 0.999999999999507 1 0.0765027966872498 0.0753379499587284 0.108475896633878 0.0756943959620485 0.0984134394058619 0.147508462003661 0.0898901167972805 0.105934480653703 0.129260146052138 0.123588271324536 0.0842042401425377 0.186417628892495 0.143371240053027 0.137283616743302 0.0919758553937405 0.999995660337037 0.0785880601099295 0.0917257909491788 0.10147628215124 0.114949481826646 0.100561438056488 0.0749593303186049 0.146038212365493 0.0814699857489377 0.085197215624633 0.0865004799660192
0.108492705755295 0.999928426014561 1 1 0.181974245487426 0.0534303239293844 0.0522690219580447 0.999999999997134 0.0531024204866364 0.193866502599018 0.0559536824278514 1 0.0558610010678763 0.124718962843966 0.0535216282919042 0.0522828300128881 0.0558016292566237 0.0636180946604381 0.109578366698638 0.999607550446551 0.084834303840035 0.0663139492946347 0.104944009617029 0.194845018948789 0.0643541421068233 0.0935311920492136 0.999999996005567 0.160947132499274 0.0522317416149586 0.999999999976851
0.0610703610090981 1 0.476268923802683 1 0.252552193860959 0.0870279937963282 0.150890133125961 0.0627434965032 0.0678107122307784 0.0654431729502429 1 0.0727641993640956 1 0.0726846996741767 0.0619454241085714 0.102659202045322 0.175795587345005 0.0718685370751279 0.0657422913439187 0.105220188884061 0.0640820905865075 0.11533621362069 0.886128084534728 0.999999999999663 0.0610430940569781 0.0848564125139931 0.13884558167736 0.060702900088707 0.065259513663142 0.999999999990355
0.999387068297093 0.999999999998932 1 1 0.99996970289762 0.0431254134998812 0.0419559972407 0.352844100266068 0.0469436042553049 0.0441670621676098 0.0844209384273482 0.26452732825242 0.0548511976932136 0.0427410808668787 0.110017339737512 0.0494889696554551 0.158124096669786 0.102077670817599 1 0.0464091244750725 0.441975243663766 0.0786549362884558 0.999998922151243 0.118781111843928 0.0468816238493408 0.341218309595923 0.0480921346083839 0.103607012065863 0.149735284851548 1
0.0905525974746879 1 1 1 0.243773410713466 0.141066278387466 0.072151737890027 0.545187829184527 0.0744755028416543 0.190044257262818 0.222047462794187 0.963450294536592 0.105389737258461 0.3699551976562 0.272321075697211 0.0985496405920337 0.113670832459508 0.0865583387520116 0.0747126271642584 0.094571545507634 0.313058510846041 0.394165493468939 0.115104609151184 0.0724073660242821 0.10768462320583 0.083292510728227 0.0733797931797842 0.222340231992411 0.244278637083493 0.223310796440061
0.000826616069214636 1 1 1 0.000500917917088617 0.00245551693209733 2.48327219349864e-05 3.87258476305385e-05 0.000114921860482786 0.0416289510048204 0.000417761965202934 0.00527840942404401 6.95362007725464e-05 0.0316347035198993 0.000398990128046672 9.80493739649591e-05 0.000719862878177158 0.00209753422078318 0.000932230444356197 0.000499718209002409 0.00387504227145985 0.000183742843489987 3.11642516760413e-05 0.994235809834417 2.52001458967976e-05 0.000591183474994872 0.00664704378502012 0.00684893477606607 0.00161989253041361 0.000220568723090619
0.999212378978041 0.999999712182403 1 1 0.999881472507588 0.195064201468076 0.0735377694458111 0.0592159264292065 0.053879018747622 0.0952840377404031 1 0.0576118696943797 0.134544679574587 0.130493605398928 0.0806859412680945 0.0549612926555501 0.0542256445875373 0.0574266675423513 0.0538096462599492 0.0540730294635757 0.0679820996953134 0.0639706240035105 0.999986120952672 0.0540207855445597 0.0583030700180941 0.118962241745922 0.0567707601896914 0.998754763125166 1 1
0.0962395502503497 0.0767870462437608 1 1 0.0514341528450687 0.12861212442001 0.0537670273059032 1 0.262699959981198 0.0527589734349132 0.047507351719156 1 0.0462956560045222 0.177953822344026 0.0503704786740192 0.0680228268445229 0.0463390940558861 0.0508143170152934 0.0717490272112002 0.0465306705564844 0.0525017513581892 0.0462408541465715 1 1 0.0492380334807917 0.0661295814013807 0.05798305923628 0.051024267284408 1 0.102858002342692
0.140065210819864 1 1 1 0.1559208573517 0.0917864884923054 0.249399492884164 0.185209304542281 0.240712129023364 0.160600520133348 0.141934469145633 0.99999999824208 0.158148408065158 0.0962057093603323 0.115458627868397 0.370134777954828 0.404114208327986 0.129097539413443 0.133308087380749 0.11440931291373 0.103161162611177 0.506536717495462 0.999887549290708 0.337045599259287 0.0936120183027209 0.198440314709188 0.105296228700174 0.204151362232237 0.223279784292033 0.093840813628456
0.229043366411962 0.185221662611745 1 1 0.081828931269287 0.074344287649614 0.255929231914076 0.99999958771387 0.177340838927006 0.100724026463434 0.0568321925498002 0.101367305404385 0.0501033877570916 1 0.108008892943816 0.0843145192321691 0.117636071645685 1 0.145992722147461 0.0442816154904354 0.639193362990659 0.162666564517957 0.27310554828252 0.187657838461496 0.0487423438591124 0.0630155383383504 0.9999961801579 1 0.075024878978346 0.0650346772289367
0.490907532403931 1 1 1 0.181155118496838 0.0917599972951896 0.0977158533978006 0.237148544217624 0.0922914343776254 0.0846737450630171 0.164899412998009 0.141878961552935 0.134191623444724 0.230906076414746 0.238438374364902 0.0828099817080367 0.089786553982533 0.178280121000829 0.0997401929395808 0.999992967761364 0.117440372489234 0.123991266130164 0.0885447685306108 0.0710111462141808 1 0.089289408365006 0.125654207440283 0.074569450444362 0.0791999447519931 0.319061204574577
1 0.0146530667304011 1 0.179506417496157 0.0328487531301384 0.0165274788277442 1 0.0226379370563303 0.0183032833488201 0.0193438160779841 0.0623994253488509 0.0143734878454156 0.014870137695016 0.0152167854077387 0.0145535290344224 0.0491650280092416 0.132443427922979 0.0149256057327093 0.0188472880154658 0.0210030500857324 0.0166062124415679 0.0162168605663882 0.0910132964939731 0.0174370110932283 0.0240649873998331 0.016698521824419 0.0158415231207469 0.0149028066208353 0.054250331969962 0.0249722226498734
0.999999999999998 1 1 1 0.166912503538567 0.0606738248055009 0.0590197809348252 0.178579536224214 0.160985827970027 0.223305104975977 0.289199028628653 0.0590856830705551 0.3205697875042 0.237425484665574 0.135542070794978 0.159973103974099 0.06944254341601 0.282448914710482 0.32170859003976 0.132465444315133 0.999999993150971 0.0933282137637973 0.999994830772058 0.157935683402061 0.138258485503897 0.32365017199223 0.138875073370895 0.080962693083797 0.243732755228503 0.124918526131241
0.1906996027787 0.25843483407498 1 1 0.195862735120661 0.106663872044492 0.206608995697708 0.34282193084313 0.0829476843949604 0.102077281725031 0.126277454611104 0.999910369212179 0.293010598267483 1 0.332128596505644 0.999999998596897 1 0.0721456215665627 0.117226092562676 0.169836412205886 0.268935347789965 0.994896125265685 0.10448153333575 0.0768506867965895 0.169928755008464 0.186773919290324 0.089089390481298 0.362299944948515 0.999999778403651 0.0960957354417596
0.116664547489885 0.23357750930769 1 1 0.0887023085562498 0.109599981163387 0.999999999999999 0.0897044831741212 0.088004251097749 0.0926193317571381 0.130667534542693 1 0.113788572149612 0.130379485650642 1 0.0945252582597695 0.181405431330531 0.129699278258882 0.0894588838479502 0.128978101585163 0.0883087012996512 0.999940502608593 0.1023078694689 0.105972101938471 0.111853092302418 0.0875996424204633 0.994663663396779 0.107600249410514 0.0879460910627736 0.216561100517642
0.999999998542084 0.0682226190463665 1 1 0.124777442073806 0.143317911830467 0.334768935401146 0.999999999999997 0.16021506744715 0.0592663690759417 0.157960733311778 0.0795594061210888 0.121748370638385 0.0806387507336501 0.154935600712211 0.0676004810130914 1 1 1 0.133793832075011 0.999670220174541 0.0640136292567253 0.0651713095214093 0.141522415387582 0.0895889962274027 0.093329037722141 0.520062640307075 0.0609210119244844 0.205731695009629 0.0559046680271041
0.0748352600173381 0.999999999999996 1 1 0.0903582768086765 0.198540550116611 0.0767043338774234 0.122393325052308 0.0628681170403113 0.999999998927296 0.0620017741894244 0.0759156270870629 0.0712875964941031 0.0613186962287313 0.0930482801459515 0.0609869513594349 0.10075848666131 0.0629831266669083 0.99999999918696 0.0618620489839636 0.110268888593217 0.0809842355873051 0.0707258753351421 0.374741866547262 0.0774540028127945 0.117955992534416 0.062423699413216 0.214228634950646 0.999200215832292 0.410263766746683
0.07494846669414 0.0572748732694354 0.034177429356152 1 0.0187739963122197 0.170138425076318 0.0182953985179447 0.0418817357974669 0.999999997548668 0.186904393976383 0.0646040159131352 0.0719663229129135 0.806657728838249 0.0927298263523089 1 0.0273019450926508 0.100215299311016 1 0.0188918496738031 0.0213787961788843 0.0173359662844461 0.250699490761059 0.0585136970108804 1 0.0221950152096919 0.0174712297678886 0.017835849744209 0.0363329658726644 0.0225152074211685 0.99999999459174
0.476891017155935 0.999999999999656 1 1 0.257742200417758 1 0.0927346310706213 0.0868686518253839 0.135956945180906 0.224902609512992 0.142889702506866 0.110789718347709 0.0615108128616701 0.189447816021464 0.0743257980287436 0.130211911699955 0.136586668659053 0.0890186245684956 0.102520079626811 0.0970691524868245 0.0901402014364 0.0777066100071593 0.0596979841726222 0.19261579699305 0.115388308593827 0.0623998219276951 0.0741413335153097 0.0937090124655716 0.0793978692049214 0.999986712476838
0.181207404986763 0.999999999968161 1 1 0.20124255069157 0.389549565200325 0.209177244376457 0.167586928483415 0.132048754520668 0.153748896733796 0.146311697714628 0.179661161631246 1 0.11245491249244 0.0868740313479204 0.0817799559843986 0.19877054763105 0.0974529707827847 0.188527739424179 0.999999999999997 0.203178965873331 0.0465795376157604 0.050005946317856 0.0698033579659386 0.0546135131062118 0.0880634108454739 1 0.195971616536473 1 0.0508493732592351
0.999999506119828 1 1 1 0.148729523406703 0.131201708459744 0.115161304078505 0.125148510203674 0.115521791250197 0.123616201118808 0.138335947853251 0.26472239206232 0.999999599449033 0.140747959997082 0.146215534705874 0.112938908188139 0.116356584158932 0.117975644055994 0.16639374997526 0.126717369771344 0.131443578082906 0.168276232661007 0.123661399188103 0.11397023258875 0.115980342583275 0.851861616827622 0.999996319734908 0.122497289204291 1 0.128085968348074
0.0829608597442862 1 1 1 0.190604803002468 0.0925300605219639 0.0504138901490564 0.0444477252275282 0.126585975116485 0.0587419860443277 0.129746165447961 0.0432486178050029 0.999542864938033 0.0403171729781339 1 0.0390997758225423 0.0386316800811312 0.997068026457785 0.117966225347785 0.169842173051361 0.0536064703457284 0.0433762767444138 0.120296658207324 0.999998954865793 0.116515132815486 0.0682188774719965 0.14856474595493 0.0401118636780776 0.0432019131914935 1
0.999999965472872 1 0.186294980116736 1 0.0329183964846724 0.0328235031360886 0.0397932959377459 0.104949077223196 0.056075037910118 0.250281853914491 0.0397961574509154 0.0402753618179523 0.0333112338861362 0.0572178540838815 0.292349776273986 0.0585848668005705 0.0515373442573295 1 1 0.166497590210979 0.0338565442928407 0.0459757326937409 0.105279355764897 0.128534260140708 0.0426113586673993 0.0877705354191031 0.0465518746949138 0.999999999971438 0.0328715405568539 0.034135399989258
0.102679419140712 0.251769112882879 1 1 0.999999995184053 1 0.203631675740422 0.0649554194703976 0.1228064182876 0.117505851263377 0.133881288939366 0.0547246171147319 0.0615893118023376 0.0552288327827591 0.0593351510327869 0.0614715585361778 0.0754538080735878 0.0583035416775073 0.128479179609148 0.0603676227804959 0.0599455761362382 0.0723742091067994 0.221860048562697 0.0626836435742255 0.184294521976068 0.999999999999998 0.0754733011287496 0.140410637193543 1 0.0574771991877459
0.0799877617027626 0.999999999998979 1 1 0.0957495786336919 0.17631460895744 0.0930582388069248 0.11791321350481 0.0926899532001587 0.0935601429879287 0.0799361247135503 0.657762665038456 0.0815271211369792 0.999999999995921 0.0800448292472522 0.165848591435565 0.109832019379149 0.082955958718257 0.0798982407891926 0.135432923039273 0.0891682518800441 0.999999999874722 0.113616909464329 0.0802268932269801 0.100432817403896 0.101955408305878 0.127555872232277 1 0.0971171483939581 0.0993780227674034
0.281314647615643 0.999999999977633 1 1 0.118873230287267 0.153946626121932 0.118008249317471 0.14235513027745 0.188743549703154 1 0.115452304913172 0.115470831402467 0.154001086282763 0.125028382200667 0.109667095825062 0.305094994979549 0.136117169016278 0.139081890466649 0.999999999999903 0.119879037717886 0.117241968666762 0.115908743557412 0.999999886178527 0.211422327045687 0.112538387662996 0.127879847592228 0.11216478355912 0.203470045759895 0.113897082113226 0.130990122366022
0.999987682013473 0.999999999993434 1 1 0.0866452190368361 0.99998923065378 0.0855876452509907 0.0783270152505458 0.0829871314586942 0.135159909582552 0.135773259958084 0.0786004988775186 0.0924639094704096 0.081245429264878 0.101917178473644 0.0899542754117723 0.081941927292268 0.159610638567644 0.0792995927899666 0.0782632378908775 0.0854515509201101 0.0824922896198919 0.0957834338054921 0.0817174095162778 0.0882249203022362 0.0829908763803014 0.999979682004317 0.139005399034899 0.0799929897157204 0.0890201365799569
0.137481993282075 0.999999965622618 0.396183798384332 1 0.0779478869156898 0.328325884108137 0.0760530586642909 0.090047531917074 0.0652957215870683 0.0701817407223756 0.0666828701849383 0.326445296171495 0.137876644978821 0.244315919609403 0.0595716260634326 0.0755369564560853 0.0653167867151998 0.0707606702584127 0.999999999999998 0.115510007215258 0.0764659834176946 0.163861561077627 0.0789321894461723 0.0590072222835606 0.232254526363445 0.0610858675108521 0.102957030234138 0.0589473589550641 1 0.0607335200954009
0.96396326912071 0.999983890930893 1 1 0.132951888403764 0.127632613238503 0.153864869796683 0.11758728390085 0.124329178669902 0.259890146765619 0.153253045195482 0.108094354724815 0.147075607113263 0.107988876671686 0.999994050073366 0.114775223405955 0.123818732801238 0.107949179857863 0.245772972022374 0.139042034995324 0.198744648458697 0.123774830337985 0.111607865269161 0.219669466213328 0.153350997439597 0.107713421901643 0.181432034502268 0.110308670637222 0.157742347317382 0.133307919531787
0.0806970314735993 0.999999999967182 0.999999989412621 1 0.0777859875816628 0.132502466317724 0.0965157188060748 0.141853732597805 0.242585139995596 0.124881898507738 0.0773798965639569 0.17441871916247 0.0740855895787221 0.112956920590781 0.177347250946813 1 0.326652299730521 0.114587856738626 0.267071136984792 0.104709634536544 0.0740737221627766 0.0892434486359343 0.138659272856242 0.99999999927504 0.223929305373661 0.0740448304289617 0.127253961851242 0.100128293034149 1 0.0937900494296334
0.991027883657672 0.0483380256383945 1 1 0.0364999298148794 0.0325173922627213 0.0311252944475836 0.0333324619978141 0.0307215198244728 0.0356824861409447 0.0357556473274331 0.0323314811959723 0.0307786155513149 0.0992987264264357 0.030688059217026 0.0326152196733809 0.0313851897047147 0.0350102130418639 0.0385825152718641 0.0476500581647178 0.0444276471916782 0.0314385909402061 0.0362051674582319 0.031411998385352 0.031607286036573 0.0308257565853305 0.99999797958921 0.0596925246151866 0.0315772765615674 0.0351751042062211
0.999999999999994 0.999999999999999 1 1 1 0.0712532543075597 0.0602227276692537 0.153457737610591 0.122028108679425 0.704524418466652 0.0803815930154277 0.0653395674830614 0.282395568085478 0.112512696356036 0.0819378409198697 0.193352964250111 0.14270595010632 0.0627848202547344 0.0783055225416661 0.999999998479249 0.0879304793186833 0.145367397108841 0.092593577175197 0.132917560790458 0.202506722820993 0.134592562184716 0.171753622002521 1 0.0645947321439692 1
0.336632029545566 0.231408097055684 1 1 0.105101742467935 1 0.0759271135739111 0.0764351065692785 0.998779879677079 0.0758954875666418 0.0800096945131319 0.15722662956753 0.0878300486732422 1 0.0956922958809684 0.0974854236678999 0.0788736932089036 0.0870693499881621 0.076600602827806 0.123839726650323 0.127444284276187 0.0819890926277423 0.235590188782427 0.173767566530954 0.131248562853213 0.132315512449874 0.132045394240401 0.0893237976050105 0.198181305060724 0.139448267894496
0.999689047061236 0.0718038916350007 1 1 0.043247156763098 0.03209406228749 0.0253773386689897 0.999999999931421 0.0229115389585074 0.9999994987868 0.0305625176855339 0.0455815558142511 0.0264905639683081 0.999999999861704 0.104454844957245 0.0233359635907002 0.027257820969275 0.0229530644808149 0.0571313164952429 0.0224792070795067 0.0302405993419019 0.023613237870876 1 0.0307373321291216 0.0346898294754812 0.022499989693416 1 1 1 0.0232945198648141
0.997331645471597 1 1 1 1 0.999999996688183 0.050244456997229 0.999981096286695 0.0912900207648013 0.0579810312945557 0.327043516722503 1 0.190892812856081 0.0738788258817985 0.085920271140298 0.253607371211026 0.0775863135265086 0.0952121800309366 0.158308122885195 0.199325185073681 0.11066454191635 0.153462479887336 0.999999999996509 0.123028016178744 0.0572383432169518 0.0529582344181737 0.10097804916264 0.16911244626108 0.0663492965213471 0.0513957710334983
0.106621720800076 1 1 1 0.131899997031516 0.999999609377953 0.0994321359286882 0.103054726589723 0.0730215292922284 0.245715211030377 0.0656684226089707 0.128023115302895 0.147253215623883 0.0809191713194303 0.999999999999887 1 0.109180353659144 0.0673385771939065 0.0824119118870438 0.0927677104128485 0.139572713098241 0.0677192125032073 0.998502754639782 1 0.256033758909397 0.129092850147734 0.198500577460456 0.0737784163772256 0.205284002155587 0.118677984453913
0.282158178370878 0.174661841522773 1 1 0.0540828246488304 0.0693427289338466 0.0916140795954263 0.0606702775553846 0.274299975250953 0.0920563503070784 0.0782586726630834 0.0632649427770317 0.334589603403118 0.0502151567987471 0.0513889431836231 0.999996501224964 0.0465889904357438 0.0684512187775868 0.092301289026929 0.0857654699822264 0.0690849522816412 0.0826794444118705 0.0629729389782815 1 0.0823030426881225 1 0.0765199621749372 0.0844980258826578 0.0536160060147807 1
0.184298459837565 0.114924692960308 1 1 0.120588467923922 0.0738431432004976 0.032890881307105 0.0375586547316146 0.0342532666797566 0.0309967304277923 0.0299816396656029 0.0904360104099226 1 0.0315235832336194 0.029930957183121 0.0529397208115933 0.2417694449745 0.100876163980162 0.121322737662277 0.0381194621235317 0.194587331476795 1 1 0.0384641524464393 0.042331793594362 0.123527387226714 1 0.0368052279378355 0.443378598043117 0.0533343163886092
0.0230430319073429 0.974978291848339 1 1 0.0231263005519001 0.0232135073574266 0.0232085622515614 0.0231513046040914 0.0241718573861712 0.0234368452369628 1 0.0235452238627829 0.177064352710406 0.0231669395665927 0.0230214277158934 0.0230538317148422 0.0237287646299823 0.0230209656181659 0.0230035818072941 0.0233826835480562 0.0231186658670881 0.0294941719536919 0.0230864905053567 0.0231187525841983 0.0264432971609966 0.0235426543160251 0.0238416367553645 0.0231911037057019 0.0231205692616472 0.0232857084768912
0.0229244927213096 1 0.183859084983101 1 0.0115673533940285 1 0.0145596714782837 0.999999653297984 0.0127906018473187 0.0293390169088514 0.01489928088439 0.0197509408938527 0.0179641205958291 0.0123303224192217 0.0114307207684179 0.0568047721116791 0.0155317064562628 0.0114789634397735 0.0139691987332325 0.0117267401144446 1 1 0.0127092445082677 0.0122260566291452 0.0708735415842623 0.0121506168615563 0.032519230969265 0.0120515297979645 0.0130761860156597 0.011932176865232
0.0355410962188084 1 1 1 0.117835483538839 1 0.141151015874041 0.99999993533221 0.0358159963668894 1 0.0325186768328898 0.0322273424496147 0.0892912114828406 0.0488849803388501 0.0338505451262406 0.0331359539189735 0.0337522859234535 0.0393443506383625 0.0461622047898681 0.076913147909221 1 0.0542531369353938 0.997100097317604 0.0324116782103413 0.0484548445989323 0.048692217222349 0.999999999999996 0.0535965301891516 0.0340664583345415 0.0641742209725319
0.174815152018606 1 1 1 0.140729770361518 0.0811506160809137 0.406695440042195 0.998139452051625 0.0698954213548267 0.0705193932909612 0.09309145925476 0.0802454252049496 0.99999931627429 0.0722456176985496 0.366741144927009 0.0722400037966018 0.0749763305186671 1 0.0660265792440895 0.0943753339647073 0.104003353564729 0.333155271766162 0.132943342645498 0.0756086384735865 0.0886948949914531 0.137821048956258 0.0999806716339036 1 0.134823211313331 0.0901492440535987
0.999999999996165 0.0140125167072797 0.999999999999875 1 0.0127201283809597 0.0127930343250383 0.0550759646213929 0.0170732584263761 0.0297040944817794 0.111278806841203 1 0.999997186045354 0.0308126971685608 1 0.0303205277773125 0.0120533599775813 1 0.0497531121040045 0.999999999059676 1 0.0252159608694721 0.999999999802519 0.0216242895727745 1 0.0221115700174068 0.0222598269534332 0.0322076889533809 1 0.0142946115019768 0.0126206920481109
0.0903006690988414 0.189686227563173 1 1 0.0427949537249891 0.0631848434905988 0.0604610916956282 0.0696116583669844 0.0672510175568813 0.0415351842569929 0.999938883331586 0.0610099905991948 0.0708554295211969 0.0446073963761942 0.0434833410812869 0.0393521948902308 0.0408460401064865 0.0634023231949233 0.418654391938262 0.284102694014949 0.0452630914324824 0.165735991368577 0.0393926206721509 0.0934100546513041 0.999999999999988 0.0538448467116147 0.0541825054547963 0.0409296411798545 0.999974214722446 0.112655998421152
0.24876424864072 0.999999999997748 1 1 0.127145390532849 0.148750745173989 0.112783666329277 0.157838265661261 0.0895136682186551 0.0990244930113506 0.0999932767454587 1 0.0839124689684788 0.999664695916663 0.0899838664849034 0.294978700619723 0.158737000966224 0.0853807571068487 0.0949920773093813 0.172529364743131 0.126624186677047 0.275083934070066 0.0945319762520181 0.105920833273988 0.166938575810384 0.0856588312483604 0.240685475996841 0.0921121729789712 0.139305020194979 0.108102027727159
1 0.999999912004885 1 1 0.0620210319611968 0.0473451642736106 0.323503503015772 0.154282551287133 0.288296463564535 1 0.0759343842457781 0.417054082105328 0.044437216898885 0.0424203080570755 0.999999757457539 0.0472975999670762 0.231011196400932 0.107031569452102 0.0404809597512424 0.118211762536079 0.404170249977061 1 0.0395939588985272 0.0812148262898841 0.0405508084903593 0.252925678645853 0.322616511753096 0.0645271282647704 0.0411725740668403 0.0935350768084089
0.0739599291992505 0.0625661446373919 1 1 0.16998888346511 0.999999999324211 0.0621488575392219 0.0634351992116429 0.0682381484798589 0.177422928926632 0.071578495324451 0.0909510148906021 0.0643575706969097 0.194982755206397 0.193991910091218 0.0880075416368566 0.0618850243145512 0.999771631768268 0.224765402298009 0.107210866000189 0.999999890871376 0.0612376815864233 0.128044714932601 0.0845541182229299 0.0623628036465484 1 0.513831308915653 0.0824604282508374 0.0814067778725616 0.0711605091873806
0.163586138601529 0.0606668847876198 0.25988498285081 1 0.0299411515026828 0.10621832293889 0.0707156342779081 0.0365675200864557 0.347039595565271 0.0671579577412381 0.0537324053111191 1 0.102076806060419 0.073604256157634 0.0392257440395551 0.0627553835788804 1 0.0604395055099771 0.0373002274435184 0.0950741566720965 0.0380133226498175 0.122522812942123 0.0295556080056427 0.99999997741166 0.0337942529836108 0.0618470649129346 0.0856483230068213 0.0804647547144439 0.030116502860065 0.0459989427559131
0.103490528107552 0.291976876340232 1 1 0.0744228066791621 0.134054289919081 0.150463283219989 0.308849709093581 0.0871947370381735 0.139107087390472 0.27601172751321 0.075629945391134 0.164994762966313 0.129100140852118 0.0774100760815397 0.0786342051946016 0.99999792578538 0.999999748875838 0.339456361216717 0.177193998055212 0.091404264223542 0.999628346064566 0.0921746448839514 0.999999999853502 0.0751278803652573 0.999993600522036 0.0805876894716652 0.0934911887153325 0.233174599773919 0.0767206471515317
0.0574005675073374 1 0.102238482772581 1 0.0523797063805375 0.0436961464113872 0.0651876424961538 0.0687949986962622 0.0675797805029243 0.0626267619074931 1 0.193979927375475 0.0742216769272498 0.0679220535362739 0.0662624743970176 0.0415643109775666 0.0488971494354389 0.101453198964632 0.0832806938822803 0.130250070210446 0.0805294259692041 0.045615055199565 0.0899286678462964 1 0.0879511811104554 0.0450249284353337 1 0.0458136801443156 0.0456035196749996 0.0410407871513573
0.270510826084569 1 1 1 0.31595752023725 0.115265064836669 0.0960622513284615 0.0565477602057352 0.0700445339233539 0.495142913747037 0.174961865231926 0.12296685700192 0.42867799127524 0.101691476035996 0.224818641455085 0.0977870177151012 0.11600778005717 0.0758533696367845 0.144446748803617 0.0608375284349315 0.0795351236592523 1 0.115960757119871 0.0881890311506578 0.0886972825761344 0.101292130966534 0.26252394942524 0.359317848837775 0.077177136754686 0.0875112111576662
0.999989665988142 1 1 0.0389514167516826 0.0543598513726996 0.0383430139515049 0.0345669146125844 0.0408826215146052 1 0.0303709389915006 1 0.0247968285238949 0.0255077155072269 0.0478081810445479 0.0612737222998372 0.0292955243294175 0.118591239207335 0.0614687413742245 0.0250365382277422 0.0447139729603088 0.0273856345001262 0.0616141902571852 0.227670339128882 0.252529689541319 0.0281933104484828 0.0372862546675399 0.0613587762212346 0.0392443896542247 0.0270781518627274 0.216281560212911
1 0.99999999891273 0.999999999999454 0.999999999995481 1 0.016364786154612 0.0321065384353486 0.0206264470535839 0.0348969288669398 0.011443161028325 0.0112943057192444 1 0.0332136365742131 0.0116347441286639 0.0832312937977864 0.0113180899021668 0.0114759720466853 0.0213178047504762 0.0270482902151077 0.0222602947964903 0.0123067081652964 0.0141370324759937 0.0155551689598663 0.0112668656677085 0.0135353149030798 0.0113616864942884 1 0.0501921031700747 0.999999999981283 0.0706538554994919
0.092997623310304 0.371112367246803 0.393923600746584 0.242651541413199 0.0788923895300677 0.0988028419240424 0.0785423240111757 0.0794896071062133 0.0830468164236469 0.0809514974982283 0.0829225052863344 0.112328035976123 0.0996356115750359 0.0798049493876111 1 0.0820086317650762 0.0828372080659826 0.0809359442654822 0.0969455281515287 0.0944587642277666 0.102522919920444 0.0811849148192682 0.0783972161735311 0.0783418368855054 0.0782375359063243 0.254767667150088 0.0899980516025656 0.122303582559305 0.192515481138674 0.999999999999976
0.999980671467815 0.999999999999999 1 1 0.127174204679141 0.216024442904193 0.14387644052171 0.0753063553849067 1 0.999999721121613 0.999999995818587 0.996919490179582 0.178979314855412 0.999914594647092 0.0739479805416259 0.0765360367647483 0.0951593950699003 0.100064770514526 0.999804825434927 0.203391815319335 0.985023498824592 0.0738842350614344 0.0788891361583168 0.0842407056748387 0.0868376866988572 0.0979895331937785 0.0959925919667992 0.0915647095326176 0.143527555400071 0.107788766604822
0.0326246762836671 0.257709803298745 1 1 0.0272966762700937 0.0371197362119324 0.0424432265815512 0.123473372053717 0.032343685510557 0.0963776343948232 0.0416820528641944 0.999999999999908 1 0.0267501056075833 0.168202915071404 0.0630707149264725 0.999999999908199 0.999999999999771 0.178847205289102 0.0577912161006019 0.0651471684325478 0.0907045314323072 0.030632035066415 0.050591312918383 0.0741834063661654 1 0.03463154555584 0.0971058712826861 0.133625534044216 0.0579203818114442
0.116073283578953 0.0726432407029575 1 1 0.0953102271721803 0.0631643293495737 0.0774030451051941 0.0821311057831595 0.0732298683100661 0.0648145287651694 0.148063668119813 0.088931465401503 1 0.0545217891418545 0.999999968358467 0.097259651471283 0.107506125982487 0.0936031607720815 0.999971617309728 0.0878222743435374 0.137574963008884 0.187957579499489 0.147322219297159 0.0562309786859216 0.05804721310566 0.06483969426513 0.129701778015811 0.0781986411777301 0.246494888163575 0.999999310214425
0.25081825794883 0.99999994389085 1 1 0.108057798665608 0.149955255282869 0.117139815998378 0.112943333519802 0.113807186332691 0.134901254296953 0.143085441338441 0.988972934580452 0.999963847904006 0.147459359941293 0.249513694908001 0.26676223463245 0.121020199852079 0.111277679802681 0.204478502279537 0.117774987733424 0.143654688777296 0.165836079615032 0.113375260918336 0.897842345305731 0.109329696081922 0.148121664605655 0.110595568749255 0.107660055540738 0.192285765501576 0.15231038056929
0.187341618975821 0.0448549696208537 1 1 0.0730507452743682 1 0.0967474477636584 0.0893504353063926 0.0540170229629129 0.0778162614107101 0.999999989381143 0.482727285417591 0.155518236810382 0.0476161115364377 0.999999995782853 0.183904762151612 0.0428362184329011 0.999974811634836 0.0981789032193892 0.0430684470788993 0.0854767599526594 0.0440202023563486 0.06464277909953 0.140072679152973 0.0434695439639218 0.117131170158554 0.0693680980021639 0.998082433061326 0.999999999968216 0.0810711606846881
0.113636440563657 0.999999999999981 1 1 0.0512068139866052 0.103965149185216 1 0.248021642309126 0.305310683379982 0.038500298584619 0.0865886120822185 0.0370924444782625 0.0896611786641324 0.0557248639954908 0.145343573117424 0.0326622353133853 0.0735867317830685 0.0707975530180931 0.999999891800525 0.101104405490184 0.0597729898437954 0.034132793801922 0.0486548379615532 0.089707350643604 0.0362931229704935 0.0891182835155502 0.0647109916690501 0.033591147409802 0.0841498666330599 1
1 0.440010079833436 1 1 0.146193617595884 0.209104067415363 0.126245109508508 0.144091285658192 0.127774446194559 0.161452622180011 0.19374026977074 0.148184139987921 0.0802355798968599 0.105183944141118 0.160639314689614 0.112155526710005 0.168275288355775 0.0915871136314319 0.196833261378093 0.104887839617904 0.0819961414282246 0.106040928677715 0.176766154612375 0.181243359966396 0.414035453379441 0.154728308325831 0.0882447691203232 0.128096371188119 0.130368778892171 0.0990220161559763
0.185207066611298 0.225492705667 1 1 0.0301843603750221 0.033117020152567 0.0311655297668332 0.422228022751232 0.0273752883289804 0.143853585160401 0.0283784759739122 0.0289141161059328 0.0534415055955982 1 0.303509795951008 0.136919843649147 0.0319198847744029 0.0345721811801685 0.0414534467860749 0.0354952576532205 0.0280917283386809 0.0341923415036156 0.0398643249887281 0.0923719145150064 0.122755231000029 0.217917359615222 0.0539202803617433 1 0.0283148345896435 0.222088011198932
0.0571267479514912 0.197784373901175 1 1 0.0858716023733413 0.0735785904873673 0.999999999996423 0.0881164258387442 0.0434633876319567 0.337617341064372 0.0961096229143207 0.0459340866244953 0.115396366742953 0.271106102114297 0.0541691995562935 0.0785809277826522 0.148059192411649 0.0564678010113531 0.0444630418639755 0.0446213201368745 0.0501920819931667 0.117733514735023 0.243036068158538 0.0678145159363116 0.133838075796766 0.999999999959254 0.156725042968733 0.0678471500943514 0.123230312881875 0.148638923996702
0.0427756479686278 0.124537314328749 0.0498059046874892 1 0.999999999854026 0.0408346145795331 0.0156945593529452 0.999999922120689 0.0572481047269473 0.999998848237654 0.0727392204425482 0.0363837256837886 0.0293784478246358 1 0.0329584412940338 0.999999997757244 0.0474533145276136 0.0255244666677217 0.199276190229083 0.019179410007121 0.99999999971711 0.0162050149627816 0.0177297160635146 0.017241566648507 0.0200743569577817 0.0450065858232089 0.0815933445858527 1 0.0266471444659543 0.999999999999993
0.999999999539301 0.999998827698701 1 1 0.161594359275966 0.059486250074493 0.114078537158641 0.0824844982226891 0.0591032438332667 0.0706689193900963 0.0758442819550578 0.177394569333341 0.408691842681341 0.140106052712824 0.0680781038298716 0.135215268724905 0.999999999999865 0.115075580009966 0.0757308099708627 0.611545273078293 0.0877528287560516 0.999999999999628 1 0.999994363880694 0.0589447912516814 0.0903729355166271 0.12650105385591 1 0.0635025087835497 0.0607891986854776
1 0.0309477700498526 1 1 0.0323086687789909 0.0305343043962129 1 0.0454585828972432 0.0831503958189966 1 1 0.0580955757026349 0.0305405670158351 0.0328108990797907 0.0423411617626938 0.0371066478198028 0.999856944455086 0.0547353323091874 0.0379532874372545 0.0508410911548912 0.0305146362364345 0.0438810985328429 0.287380804894688 0.0480014024578036 0.033094323322002 0.0433905068388079 0.0410007932009896 0.999999981818241 0.0418061090240586 0.0321101002357652
0.337501163565372 0.145765623031172 1 1 0.082816371242116 0.0358647553065687 0.139634683999427 0.0466382250252954 0.0456168205849512 1 0.14468671274561 0.0354666334646748 0.0349683899271417 0.156407232510403 0.0432139607261516 0.0443060015229907 0.130311307779932 0.0352450969321955 0.999781373594762 0.0775564452824662 0.212000888181941 0.231317040594156 0.0394638936030869 0.0394966911938457 0.138092672486758 0.0353198265525786 0.128744767405584 1 0.0365364784253311 0.0353043230227391
0.999663389380434 0.272908482558795 1 1 0.34594051644082 0.166141067211328 0.132073842327607 0.232326470436621 0.125971562277536 0.371915579437474 0.187733570363022 0.104154241333861 0.178288384954679 0.12564163531642 0.999975808733874 0.121129022672751 0.123600918280447 0.168814121165088 0.257362665417488 0.408199951757384 0.139924620661995 0.124524626865965 0.188461325313509 0.374568793987131 0.10436429083964 0.0930903977494855 0.984362647353015 0.134945211493373 0.241398587349115 0.173037842132324
0.0850704359473952 1 0.0742390004102875 1 0.0644660643153498 0.204706820850414 0.117724720021382 0.134062955611359 0.0670037278425003 0.141422269565913 0.999999999989101 0.999999999997536 0.07718085142855 0.0651692642464434 0.352095508624362 0.196819423698228 0.0655044399930407 0.0633229869677805 0.0656182697583575 0.0641787633796294 0.122910805281467 0.376488979449862 0.0684048405055473 0.0654435698096218 0.0944409650082191 0.073130637132096 0.0713169069071422 0.0867854307907511 0.0657652647425733 0.0664241956546412
0.220591036109146 0.999999999785091 1 1 0.142061047163513 0.14483457034448 0.206701676260655 0.132970987509234 0.131968323191977 0.139005229233392 1 0.143334136570245 0.179509535417987 0.129974739539402 0.13184035209047 0.133402994230321 0.141286349976617 0.129751934000778 0.141673545253256 0.130848012217699 0.152158727801215 0.158435845168803 0.13313401803167 0.143292933107951 0.130656484883218 0.138189932177076 0.137048261003875 0.131583676387838 0.169663056525611 0.14309214502478
0.167288845886543 1 1 1 0.0632119066478496 0.125204614454889 0.182062068460686 0.478197516453149 0.0623801386266296 0.28283425845765 1 0.548691937911317 0.0812848425493847 0.156732153101613 0.0832204476852642 1 0.504497824818543 0.13090774568557 0.0654549462034727 0.0720766062740679 0.240873340889294 0.132682218429116 0.079986178547657 0.0664866835295981 0.108410218843092 0.102818965021637 0.217087973582844 0.252064697121285 0.0955786577170736 0.0817334559616635
1 0.99999994052354 1 1 0.131982292816228 0.260810386346326 0.994504927272029 0.114138955654351 0.0859686176608093 0.349882620551484 0.363240811871676 0.0929777297883208 0.0754041616648706 0.123883058271248 0.111686564411996 0.102536487650729 0.296342445201105 0.101309748840728 0.0744981750597855 0.347495617773431 0.130568307656482 0.379355442772302 0.186773969243683 0.182402065241254 0.244165395418809 0.23950068879643 0.096886984832128 0.410597085067249 0.137811487668999 0.998643264650501
0.120763367062171 0.0453791184597095 1 1 0.0521688840075571 0.128193701791883 0.663664406987982 0.0801525933601976 1 0.498012822433036 0.0882311533306155 0.281525589739589 0.0652982835074917 0.199318191143172 0.0481931592554409 0.104131896220546 0.04786225510165 0.0553868016695137 0.158802639163539 0.331335104621958 0.181946646818817 1 0.0814367619750408 0.0456876797185433 0.056277657485707 0.219211254325049 0.0450955020141272 1 0.173964662646833 0.044893947572497
0.318388818615138 1 0.999999999999214 1 0.124104066879508 0.120447550036578 0.179881726153499 0.308987088939668 0.269354530180532 0.125681126282383 0.117578188695173 0.143227792695144 0.35441288639154 0.205961716299797 0.151047434676888 0.12223235439795 0.126088698261917 0.161010891967191 0.11908551035565 0.142371205731268 0.33226416701977 0.117522584524204 0.327461927069473 0.118656130377073 0.999983564936881 0.116610490199905 0.136095691720449 0.116551964214434 0.116415327600473 0.130243523359522
0.16712967409311 0.999999873917996 1 1 0.119297783490968 0.1544802500577 0.174276442223655 0.14788382803839 0.132721608807942 0.116157907160587 0.116184211037447 0.999999999999813 0.127680879868023 0.150333919084053 0.999999032052006 0.127247078351548 0.122245203177156 0.133551556764624 0.999984801300377 0.117099751912988 0.170826606929081 0.128582677707538 0.115688722381866 0.116235560906274 0.122293646054252 0.162202185927738 0.18046721264012 0.118221599978229 0.167080059823949 0.118363255008083
0.0232478920879128 0.105572033744322 0.289021986224781 1 0.0156130530921316 0.0120011703080535 0.0155402947883075 1 0.0169924822822197 0.0491967425069144 0.129743699694563 0.0320109763781871 0.0123959724822437 0.999990103273223 0.012012387758968 0.0295081785865555 0.0869056312497426 1 0.0507469480266721 0.0128316858047471 0.0722118625721995 0.0119890994521228 0.0138516922196855 0.0416459715625095 0.0557857086438593 0.164561915969424 0.0496394748111957 1 0.0184543471106253 0.0120167269345089
0.16398891155519 1 1 1 0.874853472985793 0.0734110388304087 0.0728898995892531 0.115187847309834 0.168257983750718 0.0714946473295283 0.0719665720669007 0.101591119971558 0.114409403409289 0.99999999999979 0.0857527620821793 0.0932854717894435 0.0717820778701432 0.0715146867624843 0.0819989229791626 0.0985191909435746 0.100038816411021 0.209566457601959 0.142342779116647 1 0.113595337846908 0.0874289849931611 0.0714935624967712 0.209328214267352 0.16598524441061 0.149937665556081
0.103132287389264 0.999793637656548 1 1 0.117119419985969 0.100246947824586 0.0969277369918917 0.0957213280715707 0.108545543826059 0.096745882087365 0.101894431793838 0.53605175769399 0.151055282215785 0.10011987620577 0.998795130842645 0.109849468785082 0.148104671249513 1 0.17781502178439 0.999973707666146 0.0955361335744624 0.0960014781441525 0.396047396955547 0.149143401385151 0.116816131279338 0.130637122480981 0.102105016784471 0.102456393828285 0.130366349420852 0.119791437249382
0.0311955651311387 0.0768224747276993 1 1 0.0395401573294202 0.030973531825336 0.0864543298240156 0.0396584301519401 0.0315673271926842 0.0412102081613035 0.031025753677861 0.0664841465526319 0.0313713161055452 0.120772541588131 0.0435722205778971 0.0370450612680968 0.0329050923629881 0.0307614409582588 0.247409421218676 0.0311314735378515 0.0714201682007963 0.034643543525381 0.101766873386608 1 0.214841253141484 0.046264584685883 0.999999999999998 0.0343724517050074 0.172240508270847 1
0.0405663792073641 0.0676543286011078 0.999999999999969 1 0.0511575201526964 1 0.0443337749464762 0.0475490109034397 0.0984234102903309 0.107420329653481 0.0435444065514257 0.0404459195047063 0.0384513834921817 0.999961084407592 0.999881061547209 0.0423925480143015 0.999999951986541 0.0398162354954673 1 0.0534656531475358 0.0510680214994953 0.0759221475152551 0.075922923728209 0.036649669518631 0.036687611144765 0.999999999999432 0.0366547027677407 0.0370247818247419 0.0383816744811322 0.0412272387226376
0.0790878613764256 0.999999999998514 0.118655863776864 1 0.583146899664077 1 0.119863134764851 0.0806376908530773 0.99999044559568 0.0816963550518994 0.088549842503896 0.137199965335158 0.175294343643125 0.0808702092564026 0.079427764516717 0.0791808298480133 0.0784496982032177 0.0786602043021709 0.100113253159675 0.0798991549894574 0.0851664837817618 0.195569403456989 0.0822647047476658 0.111743452741728 0.0786366198637011 0.107123403056016 0.0941194310477526 0.360657173182013 0.0911074911021218 0.0835068109042407
0.0647528168952168 1 0.153098595535819 0.999999997493006 0.0317169183017521 1 0.149522129191448 0.031814345648259 0.0539849096677938 1 0.0624537224924935 0.0648781977213595 0.15265039028312 1 0.0822765187303475 0.0394183353420762 0.0319535377018543 0.129789335651944 0.0335047159933085 0.0338690456298326 0.0364690638623917 0.0381822436750777 0.0324810016550079 0.999999999959153 1 0.14275685247098 0.0345452701895765 0.0319532117534643 0.0397600215257259 0.327680927535225
0.156018356359049 0.0530854565530262 1 1 0.466107456028171 0.061668101555977 0.0535615436351853 0.0898866349485964 0.0528405191242532 0.0648761923000644 0.0629300214836253 0.0531385185784091 0.999999999999999 0.0582721643302928 0.0669548049149423 0.0526001186177187 0.150353705758136 0.0560613813294906 0.412197320904104 0.0778606916122693 0.0545593947104582 0.0884672784371299 0.999999719549902 0.123168799060926 0.0608145621484979 0.0715880321518039 1 0.125108419673745 1 0.0542670256014928
1 0.131860618913607 1 1 0.116128013595714 0.0769027268682397 0.107763473613366 0.155303928037091 0.134841002385238 0.193641547813551 0.0870477288397508 0.121137698486046 0.0893986102482799 0.0853809627785946 0.207532355875802 1 0.134177744617364 0.141405941678716 0.251409050004201 0.13849385310567 0.999999999998284 0.0732522497968427 0.0731912689136207 0.0966614113027899 0.0942920084039408 0.0995697689809173 0.0837821703874287 0.999999999991996 0.351031839883866 0.0960554719606982
0.999999992755136 1 0.999999999999999 1 0.170230433272336 0.126621555131252 0.136183992285885 0.127789952154595 0.126890726030539 0.185061203372902 0.141053897632037 0.312208639777677 0.126678321135569 0.127629787696447 0.446408506554644 0.184020600313093 0.149385639630917 0.175768961214242 0.128384040499404 0.139287405332038 0.212413751665101 0.132393192697074 0.126694810457087 0.172081269928627 0.127859037966615 0.127405739362177 0.144736509578459 0.128419869917933 0.156717605039533 0.132317596510465
0.0960677692689198 1 1 1 0.17273216572004 0.188718661151784 0.999988075567755 0.0842391568088896 0.0852281662351662 0.0778994299012712 0.073188137714746 0.0694373813037105 0.0665888734335008 0.101754399434972 0.0664215568528794 0.0781719772858672 0.999999999999823 0.0773452597104017 0.102105714839046 0.137646437661669 0.0676066382487113 0.979092636599871 0.132832889405939 0.0910672256396321 0.0698832124725076 0.110627362071536 0.0663840486246172 0.0924617715237225 0.169172019327073 0.070712573809144
0.074109690090451 0.138648843004786 1 1 0.999999972958484 0.252680500151602 0.0949660026590499 0.0710130209270818 0.999999745869641 0.0962461014491616 0.0679705959037428 1 0.0940177628880248 0.289493233933255 0.999999999975786 0.0787413543788914 0.109562545581989 0.234136308569148 0.117797396769727 0.102450715423533 0.516584083449225 0.0909148780676402 0.166957784642282 0.0701386231378754 0.125753161999862 0.0882341613236616 0.0779197135425869 0.999935332815529 0.148752240517704 0.139759366877881
0.607933946621453 1 1 1 0.122352418539898 0.172038380666778 0.141225374688557 0.161841350793351 0.461923842593034 0.114845343732913 0.145438239308674 0.115665083880979 0.999999999999658 0.0920532263159415 0.156646177990322 0.112589454409921 1 0.247047250888471 0.101452164551708 0.173357569705168 0.175468884666942 0.107632839011994 0.313797843141454 0.101878244976686 0.0930900341757992 0.323885527561878 0.106636842319685 0.197904488326241 0.114995598397709 0.179210791800466
0.195526700978097 0.999999974282664 1 1 0.999999992261491 0.214196035478455 0.99999999979271 0.129303493151327 0.137972065257494 0.132286006764408 0.141393671779647 0.13508985030998 0.12989727620081 0.131913711819066 0.1354337243419 0.140243798897298 0.129353419818334 0.133661909327092 0.130127239764756 0.131737029881082 0.175367256397246 0.129248037177356 0.173147388874834 0.19836141489996 0.132780872402087 0.244713641038229 0.129253919290528 0.976323584334122 0.999999999999999 0.139294698006401
1 0.999999999999999 1 1 0.229327157424139 0.112893763832183 0.182223594120847 0.0652250677437308 0.0665666135058385 0.0589507472598282 0.135046910441512 0.205585146236161 0.0852150236656413 0.122576276421616 0.0916739820548574 0.113119026647954 0.999999999914207 0.0569047472497223 0.0569013940944924 0.0579324793564345 0.0651396341697466 0.137046080603957 0.0574056521615419 0.0651606067910356 0.0831743790039795 0.143571480607626 0.0779639946765301 0.0692193752127157 0.0569016322584466 0.999999999987951
0.236641736085875 0.13123627943895 1 1 0.999999999995699 0.0736550470987032 0.0585459769464278 0.113664281635491 0.144372207648096 0.176526675849012 0.978360059966923 0.0699753528725606 0.163597975819582 0.999999999999996 0.0799440937242065 0.296539874193659 0.0769272097425118 1 0.21875505087691 0.0595826247045588 0.230732293333177 0.0943069717774528 0.240626177888477 0.0624255948419318 0.205361084076807 0.173140414935409 0.0643440789531032 0.086913344060325 0.193973965140439 0.0573987933178506
1 0.0247488613492803 0.999994503815479 1 0.0253985437295632 0.0353294155075614 0.0319959910523681 0.999999933830972 0.0302027708575716 0.0272980342173443 0.025075796448221 0.0377193720605975 0.0476859353675478 0.0296201165219586 0.0306547973502664 0.0301092973403086 0.0486802755462724 0.058060671916258 0.0597288556329715 0.0276121225527699 0.102434058658505 0.0285873992609136 0.0276034710702578 0.0303212784719532 0.0296517186540757 0.036988081829432 0.0280237409245212 0.0381723701594073 0.0259699109731618 1
0.0211754456964227 1 1 1 0.0188777189259056 0.0179616528961664 0.0690348701772798 0.0193024261428153 1 0.0399023136824032 0.0211183083955883 0.999999999999992 0.0268845399320209 0.0389744387662921 0.0279526463033429 0.0179449615116689 0.0621896367285356 0.0205027430999409 0.276012193446834 0.0182914386594036 0.0447631677806845 0.0692223790646663 0.0277726782249066 0.018074794331683 0.0242266042300139 0.997864432387702 0.0201158961164583 0.0202292525933434 0.042665056476898 0.0230020075421461
1 0.259735367631196 0.99999996528672 1 0.0453150667540817 0.245965523213278 0.0575719561112441 0.0506263792689305 0.044900867852086 0.0604036512673521 0.17959754116235 0.134583924692283 0.137811114378502 0.0667642116289123 0.13262175446596 0.0759543412024642 0.0840877557667096 0.0867198151670728 0.200964041328597 0.074968264943018 0.0851650455889311 0.999999999950012 0.192601153300736 0.0437396876012504 0.0484578789223357 0.0441468099263339 0.0449143275926249 0.0894359655968109 0.0477510694394837 1
1 1 1 1 0.0556740387464729 0.139320107702165 0.0553880639161014 0.148143873598613 0.503880154968683 0.106971758564033 0.0701003405903554 0.0915352378386097 0.0498166813368579 0.0532924765055918 0.230803252033789 0.0465496890920177 0.49989364255528 0.21669638975432 0.0548277694666206 0.0540761181774935 1 0.0479091262616926 0.337047317825565 0.0472029879301733 1 0.0788447903548151 1 0.0461207222753997 0.0849012426044986 0.0557918192898723
0.999999997982876 0.99999997905066 1 1 0.113405833575028 0.0728819143866392 0.0767671954852074 0.999999999658755 0.0756314546232788 0.0805796749686323 0.246176189459579 0.07296648428979 0.100014830779146 0.100193577587561 0.074541697316669 0.107692056062531 0.0726109534715769 0.0800074142730196 0.146514639592573 0.0721425174064257 0.115296077053345 0.144479323698563 0.110457927314888 0.328997502681911 0.112045297777825 0.0819018642907879 0.0880118679258878 0.355697847320972 0.0896402684470223 0.999999999959994
0.992511608008972 1 1 1 0.184407384701279 0.0830118879838622 0.202675028209987 0.156846936902518 0.0862942235233686 0.0862406676828095 0.113033786691209 0.0966075403397747 0.999999999915458 0.0861662273633004 0.208812647824597 0.135290679225883 0.0856232109104698 0.0966470511921945 0.0830846264026739 0.0958385056207779 0.0849587823549668 0.999914170755058 0.116840751614699 0.185124433544961 1 0.0951646544442176 0.0945329273403771 0.0920159406500609 0.091733129860374 0.115499060330968
0.99977299015925 0.0885440588028314 1 1 0.0920690823147904 0.0723186431135669 1 0.0732644765745792 0.097881527421505 0.0663441981982232 0.168349717293611 0.161710781404425 0.114702282277213 0.117688754531269 0.0735707340498929 0.0749099487732999 0.256040374746203 0.0647226631633273 0.0705965186639473 0.0928572423938598 0.993368990654945 1 0.0793754049146086 0.0630957392273163 0.146325654090942 0.369898486498309 0.174600345858518 0.253591635547453 0.10668584747211 0.526758113702756
1 0.999999731673674 1 1 0.2055545842015 0.130705395340631 0.0950442289143554 0.292440970368022 0.148309950086225 0.0924960228921408 0.20048714395763 0.360657916951236 0.0837517529917791 0.0935450049948175 0.178027113629718 0.083631706668562 0.999999994908882 0.247679364377614 0.15054392882377 0.177752571461618 0.101476628556753 0.106525595327156 0.0858861526254877 0.0942723345180242 0.467824390616951 0.141653731761922 0.0979165681025399 0.13506067430243 0.0841532293393822 0.183802899143164
0.332546554190815 0.99999999999997 0.999999999620714 1 0.069234122915338 0.0671746824290905 0.0802434852186881 0.0910845718719644 0.147855252636032 0.99999937340977 0.998371530223393 0.366132142622958 0.0823524816383068 0.0859630693692839 1 0.0669513495509086 0.0666599528013051 0.997544721558531 0.0697340535846157 0.282400938420994 0.122323043013367 0.0928940647509341 0.100856584065245 1 0.0832549182372531 0.0684919103281316 0.141171110946323 0.170598162812793 0.0808554607537658 1
0.32220388408775 0.145506560769106 1 1 0.0897603136273325 0.16812911374314 0.999999998064032 0.102047657482915 0.115174397912431 0.137270772799263 0.189949777301415 0.191472854324875 0.112358529731899 0.139829487001325 0.0916979147434961 0.100073448585464 0.243045627773678 0.402152624722914 0.130073076441876 0.102409729091599 0.999972824724472 0.0919712645558126 0.12542801961562 0.101073799146193 0.0905155654918742 0.104737613583456 0.0937364728052129 0.137171995816444 0.1302094106193 0.102191947288952
0.0335319138935674 1 0.999999986628924 1 0.0311880582429797 0.10777180786616 0.0555773072904228 0.0345366528090394 0.0348857479273949 0.0388462531156167 0.0323328439765121 0.0463737161910571 1 0.0320816901328528 0.0310706709122205 0.0447274231149608 0.031574125689425 1 0.0420794358721061 0.0330694740473799 0.129733256861939 0.0324695054660339 0.0948011231938177 0.0349187595760706 0.999999999984225 0.0460842093863454 0.155602431186368 0.081781415521234 1 0.0313157778638687
0.242790976746675 1 1 1 0.100689589611744 0.117462264536249 0.11490781450394 0.0779325674099522 0.999685612284859 1 0.0755667362602133 0.0883656984277198 1 0.155661069057276 0.0884699174965999 0.216630526544508 0.135519675576748 0.208868411029127 0.0758533276214761 0.99999998872548 0.289113638552046 0.295235559903554 0.0746519995008521 0.110435314079903 0.089677055054309 0.140948423064278 0.0974061037825908 0.930500091897581 0.160512979278136 0.999991768390494
0.0311007336682332 0.0501870799573539 0.0870717197992008 0.0283638817772891 0.0186484039358585 1 0.173068453187617 0.999999992541306 0.0175187006722651 0.0275597808926568 0.0443362676276206 0.465575999645279 0.02034036865856 0.201162261778883 0.0177470062733928 0.0189332489207696 0.0469716594207275 1 0.13395091364176 0.0175126451700773 0.03402516467439 0.0249321050609872 0.0289791595273878 0.0241311123502795 0.0201904467078722 0.0199039245390478 0.0631048440718126 0.0175357911443522 1 0.0186006452179076
0.359857338018718 1 1 1 0.999999556020773 0.070662407394278 0.0488485283868606 0.0797874912106306 0.0443322600575432 0.124292331925004 0.349178714699883 1 0.224344295645375 0.0485530262964613 0.043640555638229 0.636557746418988 0.299706625782226 0.0438769803660192 0.131417740159504 0.053064767142323 0.0848252547113305 0.134866557987809 0.999999990981762 0.0783601330864223 0.0505556438260404 0.17551388379461 0.996403718497645 0.0449459044364174 0.331281370180875 0.0500745827833481
0.970686698063047 0.99977539753496 0.999999999999997 1 0.0581782643710747 0.35529007672305 0.0570276439031534 0.0639925911414517 0.143234183227173 0.969890681302022 0.0586575805479536 0.112829028469263 0.0623749855369783 0.0628451043221854 0.999968498671686 0.999999999994488 0.302355642072964 0.06719202282666 0.0703182842787178 0.143031045029961 0.0561065119340671 0.99999996318006 0.172327240310389 0.999887208305926 1 0.196056988641865 0.0688021602675041 0.0723204817159341 0.0786997388201462 0.31494844170973
0.0659680025003216 1 0.535237852311443 1 0.595455793749988 0.0555113168046573 0.0508352018016364 0.0652420052366075 0.0491998784845907 0.0626694781787586 0.0495376802539794 0.0912810168655876 0.0565401793661375 0.11920759510187 0.0558161080979025 1 0.995535425738268 0.999297909892819 0.0584354629555129 0.431092469176069 0.071073144395311 0.0888507637005091 0.200534012379195 0.463395267926476 0.0580988238960585 0.0485728519674786 0.109968242318172 0.0473480255014733 0.123002353290142 0.0671056819004565
0.999993617974039 0.34372262315924 1 1 0.161172451565684 0.0666054128710161 0.120434380024384 0.999999999999024 0.0818114148754424 0.189534954592723 0.0667254711357343 0.13899671958158 0.152894377551796 0.117634058920387 0.999999999999996 0.0658671864955569 0.397149650501578 0.068223831877345 0.0644334005404398 0.0777938958567213 0.999999955968281 0.238041293471004 0.0691759674108784 0.999999981976981 0.0682182876313984 0.1112353366172 0.140804559170963 0.162270175766717 0.0872358595812949 0.0832691444831445
0.197383303917737 0.0422080471841151 1 1 0.0700784453862572 0.0720139132731942 0.0589746963278377 0.041427351755096 0.051866652052723 0.0396558921413692 0.402953317527032 0.03845509640848 0.0495042311225378 0.0494396146682351 0.0924359714500009 0.2370976244338 0.0438133295613224 0.214027553679084 0.0580495776891976 0.0433740272426576 0.04002362705481 0.0411450897664458 0.0564257338683256 0.0717987324158302 0.0758408533362712 0.0893353953268461 1 0.0615496134864915 0.047617206982813 0.0535523740461986
0.268783199015992 1 1 1 0.999999999999858 0.108561063493085 0.104393670189871 0.106127335595032 0.101325115166177 0.105701250895597 0.151557111748698 0.137737678950334 0.107185676841354 0.109415539884345 1 0.110023288626521 0.177019468879961 0.322565951636255 0.105007272836552 0.106931493917579 0.103442878735509 0.221908143757012 0.168334225475465 0.124912863010166 0.103223004881911 0.104250250394365 0.999999999980079 0.115209985854028 0.10021929274854 0.133766330005514
0.0491555056538492 1 0.266850715198819 1 1 0.0671842284871129 0.0452244928248435 0.0746511872697535 0.0913897604882167 0.112927971855615 0.0367281313770872 0.0487282368512812 0.0338898630181936 0.125669963549187 0.0776143660259153 0.0322387770164391 1 0.0352959096552604 0.0335961135400236 0.0329992172354606 0.999999997034192 0.0337565631628262 1 0.0437323257214525 0.0502741896760669 0.0565285414410103 0.0520187107861058 0.0505494025438717 1 0.0434663152021055
1.16152890902166e-05 0.999999999999661 1 1 1.35432459169582e-05 4.48552889820153e-06 2.85285454026951e-06 5.28143025368966e-06 4.31857830862636e-06 4.26578313927894e-06 2.51417767138662e-06 4.21573175946044e-06 2.78200976134846e-05 3.96864842711064e-06 4.24032868306945e-06 3.66028266152174e-06 9.64419678417539e-06 1.38123585344818e-05 2.37214717213607e-06 2.49890274828246e-06 2.94226023223043e-06 2.33224681844835e-06 3.31024664756985e-06 4.95211182005573e-06 2.62361176350812e-06 1.11068189837527e-05 2.73216702029178e-06 2.86139090133197e-06 8.58366587952464e-06 2.32370576869201e-06
0.016033286965188 0.998073938887983 1 1 0.999992903252954 0.00776151065246644 0.00706441380369061 0.00793914432027421 0.00656162501926827 0.00702750595268675 0.00637240998838973 0.0062817848158262 0.022370791681475 0.00635972117038663 0.00722809287685688 0.0112443264548175 0.00643765520685113 0.0107866275162383 0.00674261249282071 0.007024410730194 0.00817526544324243 0.00644030249356853 0.0063216705092658 0.999870243728892 0.00661252009049018 0.00769527546689652 0.00634612140848267 0.00631191090500782 0.00624470914148367 0.00883274414464108
0.308342566860339 0.999997789890976 1 1 0.999999997628154 0.254714117613459 0.100635144792723 0.99999010468955 0.94247299685889 0.0933522004794349 0.132947285876373 0.0994143758620444 0.126731399508395 0.171598590023071 0.0933958053424658 0.287079457846912 0.108797614712508 0.217324830665863 0.10273334846929 0.204749034863419 0.126972232139626 0.220787035794995 0.990214358883303 0.11548694393308 0.15355664423779 0.160449904080181 0.0968209579812011 0.101129079175435 0.378176513624901 0.0956116942413644
0.999999999999999 0.153411880486887 0.999889534909333 0.999999985642219 0.0862702092831705 0.0759728649161795 0.110566034263524 0.0666371109021947 0.0731445266015002 0.0659340339895323 0.0836508324261238 0.0669768255323292 0.147211276362053 0.0866026395920261 0.0688195430376404 0.0661498600500727 0.0665585080313241 0.28496514364587 0.337332009507447 0.0660076203599277 0.0739000892556385 0.0669433904392192 0.364395766474417 0.0753742451497913 0.0989894819759177 0.0888189138591351 0.0838700875098038 0.35374743233856 0.0673177795504493 0.110929338238308
0.0724048124003511 1 0.999999999966482 1 0.0950310237669418 0.0677275214860074 0.126619252685287 1 0.150835218940032 0.0608337194274668 0.0424590707950345 0.0850124589074583 0.14367374027151 0.0563269967965476 0.355355982117422 0.0627118653984957 0.0495809280261015 0.0681688493739453 0.0478004801570394 0.0435864853657913 0.265122873968257 0.0562734803837255 1 0.099890671277757 0.137252245106581 0.0698595148509804 0.986291042032914 1 0.133783394250522 0.0817248864208329
0.481487990576468 0.999913110921643 1 1 0.0546344723527538 1 0.109143686025426 0.0966729304958373 0.0789952654655255 0.0646801577634851 0.0539091865988808 0.0657849790624681 0.0528908046385397 0.052874018280382 0.415416076862715 0.307353569624359 0.132954165562292 0.0533438519980297 0.99999999989168 0.132512445043662 0.302144045767102 0.0588160412208594 0.105541967369596 0.123072048290242 0.27547437649055 0.0879527773606938 1 0.139565143364806 0.0797379254069813 0.296534799038242
0.0411023437741767 0.0398048966792648 1 1 0.0433200390891141 1 0.0746632580426595 0.0806441060786987 0.0632689082383241 1 0.0433948392158545 0.0402880006448657 0.0666887839586294 0.361100454446505 0.999977971564465 0.0769588233265845 0.110173137348032 0.0578411139789912 0.0921153130424014 0.0511208255779593 0.0395815046047759 0.999992936035856 0.0484088911830594 0.0508990147952539 0.0395229051739525 0.0418803849018541 0.0538445363159633 0.0459597072038337 0.0687237121611121 0.0526692107251064
0.0462343278508593 0.355060050198229 0.999999990825741 1 0.0774162495416337 0.167833415085048 0.0560403980053654 0.0369152798440326 0.0727093253999661 0.0697741975358755 0.0622343469679829 0.0383487900871883 0.0425649121532002 0.999999684904123 0.197209726867527 0.0362591040045034 0.0394386982190207 1 0.0659020921734098 0.99999999999983 0.291327205782472 0.0399883724112587 0.045759759952733 0.999999999993355 0.0456321315206599 0.999981650756302 0.0463275778090539 1 0.274745472065514 0.0472707335710348
0.00751886142192659 0.993849379725154 1 1 0.000124979121957414 0.000113393336635847 0.000389546849987266 0.000117891623385824 0.000107022127659229 0.000170091960235097 0.000123430292932714 0.0001700834992997 0.000120770986748231 0.00010723506643584 0.000113500472182393 0.000166591809882544 0.000107134018839439 0.00029978692343513 0.000116133954491504 0.000109874635331408 0.999995209859351 0.000114489801273376 0.000119123621808215 0.000138471556871744 0.000107034498480818 0.000180765590832022 0.000110617351621767 0.000107658750666317 0.00013780202914182 0.000109355181420856
0.0694177836992246 0.267767411142249 1 1 0.0389681389697885 0.0512765659623876 0.0537041948511857 0.0403340128276212 0.353186730728994 0.997803752788468 0.0401129386624003 1 0.0797425994799185 0.10858626484742 0.29077585406413 0.0831548334054812 0.0527852390051708 0.999999049685694 0.128598342656981 0.0383470849375149 0.0424510645373627 0.0391860899076526 0.0598851836367614 0.0382751975602071 0.96804937685906 0.0771731459148108 1 0.159287751514604 0.0481118484042772 0.0458526489448075
0.167686057090644 0.999999996657509 0.999999999999999 1 0.0412623145831743 0.0407754309369384 0.0422897784976943 1 0.0597554880373212 0.0476778969477516 0.303306166197815 0.0394338107641222 0.127809026591225 0.0439259688965722 1 0.171295063468264 0.042599315772513 0.0427368277996298 0.0383906181191442 0.131877473506718 0.0439893600140924 0.0580389825130182 1 0.0381930294517732 0.0915213629708803 0.0573997422391452 0.12754293589227 0.0381940419529938 0.118590441820446 0.0543434674561875
0.184241476478873 1 1 1 0.0775896423769015 0.137671315339581 0.117754607107763 0.188460292090357 0.0731040784317848 0.171187206967436 0.0726776837777828 0.109402220998978 0.259021427877027 0.999999995890507 0.193099193435134 0.236967358335866 1 0.999846542408628 0.165741200057355 0.141939681475378 0.154377400135752 0.99999999999986 0.12046230327587 0.109863560911798 0.13532201134116 0.26249631474395 0.104978542830708 0.0865862170576501 0.118140761028791 0.119507997415906
0.0567731519234912 0.999999999725791 0.999999528762846 1 0.419791619106767 0.0528581907648527 0.0890515680307015 0.156781374441974 0.0428649852560493 0.0940458510885701 0.052155384979768 0.0427818893576355 0.0724890321977543 0.178033411731125 0.046294774969652 0.0524624647499855 0.0530935912798172 0.0475154139801148 1 0.140660949377801 0.199879305806438 0.130086216322105 0.0494381029080464 0.291104664152572 0.0648741433140205 0.168436121656517 0.0598885913668842 0.0575159936052789 0.277558976705471 0.190454166747185
1 1 0.0353292974029847 1 0.03310407087212 1 0.0363788567535897 0.0305602622815889 0.999999999603438 0.0700037433690286 0.138211606422369 0.0422120449227572 0.0368505523404816 0.181762668076741 0.0414674615961269 1 0.0376518901333622 1 0.0400722753265562 1 0.0880869340088309 0.0312508576070085 0.0478375272262668 0.0378418976487492 0.0667486832081677 0.0385607855687026 0.0458337331117502 0.0308587963448148 0.0306196581176473 0.0325267607902393
0.104498126817689 0.999999999999999 1 1 0.999999734596968 0.114101941900236 0.172382891097014 0.109182623201059 0.0920039902421362 0.0876442583392182 0.100887133300911 0.091844449485043 0.123745668283663 0.0964372772775328 0.121668079916144 0.0870271908246408 0.10367414440989 0.0961171822986816 0.107273420804544 0.202008643502739 0.136712725151788 0.99969647807035 0.995641463622037 0.0986294110916137 0.0899256051340667 0.0858063160002767 0.0883082499297445 0.107343552079894 0.109719471269148 0.0937242873808237
0.214494428104252 0.627713524805132 1 1 0.112103564837324 0.195583877754103 0.111909921878332 0.235884983612904 0.151239473852951 0.999894521650735 0.959210410895655 0.132944445592852 0.0914811078206368 0.999999999729631 0.0822369018126494 0.29663054367882 0.0972075957321775 0.100054091875394 0.10367993469565 0.140006936574779 0.0831792730021741 0.14349524845538 0.0841052116187639 0.10941101469982 0.125303290037513 0.0824486712542496 0.0871543789615525 0.196651099064663 0.10801329746695 0.270723427985479
0.300908075305829 0.123816451052854 1 1 0.991969131069904 1 0.97610091194279 0.0596889171671232 0.303178441709178 0.106759655355925 0.0864210894784359 0.142786193894982 0.204514050236195 0.139567331317677 0.0524081579767214 1 0.261244924902404 0.08802989492317 0.0758481331550779 0.999999999958115 0.240999273465896 0.5250488352451 0.177550567250807 0.0860478264211271 0.102728366729622 0.0667500133583184 0.554229154902514 0.286798578983123 0.0535486972667352 0.35895052418094
0.0597829327475723 1 0.37553555573267 1 0.0526911001295285 0.264492471183638 0.154632104768687 0.0492458239563844 0.181804766618889 0.072836959239599 0.23677547404611 0.37307380428846 0.0433950834970779 0.0337599174040536 0.0374074340221326 0.0424854755093186 0.0421652557554474 0.0322930942899707 1 0.0367652035237286 0.0628213236500523 0.06728699337393 1 0.0331247154996186 0.0322791413355732 0.0397712204061175 0.0437851445022159 0.999999999999993 0.0598118049191065 0.254144352982802
0.0486581203882452 1 1 1 0.999999999998137 1 0.0419066527051237 0.0438127517547067 0.0811989664522624 0.0885225256827631 0.0841054575438352 0.143124422886933 0.0533515227618989 0.0884175001211407 0.0352267591701676 0.0576439708557536 0.0342392420660457 1 0.114795941125573 0.0488423883805933 0.0992407588042974 0.0480399749409764 0.999926340220579 0.0342081735396468 0.99989643128655 0.0374705031020254 0.251495248108013 0.0348893884515139 0.446666174560216 0.234051661623832
0.99999988132893 1 1 1 0.104516315546274 0.105152297051931 0.0940273742643337 0.101649784301054 0.11694001192669 0.999999999997585 0.106488115797544 0.35831993880465 0.108394962608423 0.107741087074503 0.22602107546954 0.114089673053789 0.203948009840938 0.313476226702556 0.0923996492380522 1 0.157870910159398 0.195651556649984 0.0956965080907664 0.207328969685965 0.125804358614478 0.0988420473584333 0.0979098258185254 0.105648636455347 0.101103187049205 0.0932634358585506
1 0.999999999999997 1 1 0.304787857919654 0.102528748047896 0.155676261779157 0.234508067885453 0.103430686674283 0.0723460961362364 0.0822022780171049 0.108712045269809 0.114781995731514 0.999999986353591 0.205587763542111 0.0844244341218293 1 0.0738681772171739 0.0928283435701667 0.173908150662134 0.210065423360516 0.0801727975073854 0.0706535793759442 0.999999934802649 0.0708365082160712 0.0875383331339322 0.999999989235821 0.125434354502877 0.0705336247384052 0.147327461296853
0.0496346651220616 1 1 1 0.0634438860471104 0.0436102116236879 0.0437862370683562 1 0.0492431087497468 0.048906096304551 0.0918644661020179 0.0451163760215494 0.0440335991396287 0.0470210378441502 0.0439047760911428 0.0878842325074825 0.999999999999816 0.043957370370548 0.0988479687341302 0.0447759843948544 0.0449222176072487 0.0464226917341373 1 0.0575100784844347 0.142303717066387 0.0472853830182037 0.276656426508893 1 0.99999999999996 0.04902748842996
0.998844153278159 1 1 1 1 0.998355916702844 0.103675370620671 0.1704482898323 0.0740176657781826 0.0740368567502424 0.0868957253145617 0.999998205854745 0.999930585089659 0.296451001124438 0.0843419566722413 0.158047066877074 0.0778238122717564 0.0815876674015459 0.128480518567438 0.0749954075289593 0.220845463404849 0.0959641127582596 0.9998055746852 0.24303773774487 0.0740124260913119 0.0775285589536692 0.455018840615478 0.074093070195268 0.0781390163030776 0.147686197573805
0.0762462284405268 0.999999773811485 0.999999999999982 1 0.0751874103284428 0.104143762702349 0.0641476576688587 0.0641392838422449 0.110619923527143 1 0.346111223412178 0.0836094434090533 0.0698172063875899 0.0848750045018061 0.0585064438687765 0.102133866404255 0.198434742803687 0.0905501401366186 0.0584533098159786 0.0686058810771253 0.193904720548519 0.181162835761037 0.05581630835616 0.055659447362073 0.192337099689619 0.0783836768523237 0.206759898504229 0.120411556791074 1 0.179617851797004
1 0.07976407214838 0.999999999802957 1 0.103329167825373 0.101840118282233 0.0825580291996122 0.0960994923170982 0.0792537120085181 0.0795063048454741 0.99994147384945 0.0861560040801961 0.0956795779023827 0.136520332211501 0.0879676263383248 0.122531362136091 1 0.183052802813889 0.10701566855932 0.102651618442827 0.134278175859685 0.0793602371199575 0.0797546343331073 0.0840604336144019 0.211239161858594 0.0940837549508785 0.0925929233316546 0.0994587857602672 0.0820097264835276 0.0797330529207729
0.110362357787591 0.242975594386451 1 1 0.144963594537929 0.0569931516102246 0.161036601811747 0.0455122488059515 0.284394265514578 0.0331757935126954 0.0386226453645935 0.0247442376850493 0.037162997636951 0.0435113728286688 0.0550098846998132 0.0969096658715197 0.0414505888186154 0.0461146434684184 0.0278096458133722 0.0654795565684961 0.0240067680914763 1 0.0304673707153447 0.0601993178567142 0.0920614930631138 0.0553018941104325 0.0263039555008149 0.0388662753679131 0.133082912184877 0.0261190729050415
0.999987212434247 0.999999999999806 0.999997051474905 1 4.45571195882843e-05 2.86023798312662e-06 2.32974847935719e-06 1.24554064839799e-07 6.14340056603879e-09 3.25548160651223e-08 9.41165401169286e-09 9.29482556951688e-05 6.84213665724798e-08 2.2876934124838e-08 6.06520722534754e-09 0.000211203712789709 8.59286093390921e-08 3.53191045854295e-07 0.999563557069577 5.67018054875579e-06 7.71598959337094e-06 3.04228868475143e-06 2.29069555990336e-07 0.000270337186080383 7.82408215993513e-09 5.81586434567072e-09 3.35126622452719e-07 1.84500073774352e-07 1.63372792294503e-07 0.999998687185603
0.237466597866402 0.999998466733073 1 1 0.183761942460676 0.121301086452301 0.199568444139746 0.179663232858472 0.115079734353458 0.121551408534359 0.116264385160166 0.1943293886222 0.127537894940438 0.164910604222228 0.125739354413404 0.110222452552461 0.117579979742413 0.0991797318009175 0.985265615270328 0.147869900861963 0.132688516591263 0.981585937425025 0.999925981123672 0.0914146912047176 0.222473722502844 0.187530578558245 0.167331870593029 0.128724713268049 0.126611192509496 0.1552704480959
0.0708830611658943 0.557291944368191 1 1 0.0403219466843748 1 0.0415271627959414 0.999999999999111 0.999999997191909 0.0692448164942366 0.10471148648625 0.0429167808549551 0.043214509941182 0.0400853011535472 0.999999999999999 0.0821098615662654 0.094237783969626 0.119530831567836 0.0944771713126047 0.0656714102078901 0.2176898854324 0.185426218866005 0.15910457802001 0.0625322095007325 0.0606652999155464 0.0447448656853892 0.0680734480569092 0.0496703711641504 0.137129343651915 0.189701053560866
0.281152390740235 0.137803917889379 0.999999999999996 1 0.38256835712296 0.0664528495676789 0.0665364986507144 0.0774440925297224 0.0607130893852955 0.063432503246874 0.0807222360761027 0.0675002130929357 1 0.05887552136765 0.056230559115628 0.0997396344387312 0.0536225479746087 0.0674779526378868 1 0.0564904700044866 1 0.0610115547612062 0.374210123653284 0.0732570602532407 0.093701381590643 0.0542243670032404 0.0538489546922777 0.0575398357872807 0.0536638152283381 0.997755048202632
0.030300997859054 1 1 1 0.145965133022461 0.0270755310947522 0.0759481835627455 0.0263090845522803 0.0309868303398555 0.0263573981145031 0.0287468385263974 0.029767699577317 0.0884945844077838 0.0903159087023605 1 0.0267648329813037 0.99999999999906 0.0280261245838163 0.0737357790564885 0.0258594790256692 1 0.0947581022053741 0.0551022141588032 0.0526186667103991 0.0331587531090295 0.289624588143853 0.0334349743018583 0.191405293106698 0.0522600951641699 0.0327376759257612
1 0.999999997758473 1 0.999999999999941 0.000553438492925662 0.000123391871640122 1.19759689933829e-05 8.09610172791686e-06 8.92211302339074e-06 1.40867379080367e-05 0.00215100010626978 1 0.00274136829573202 8.18365023278478e-05 3.9156696709064e-05 9.62041221767018e-05 3.01262784918599e-05 1.3034498049902e-05 0.000134319341093425 4.35893510700724e-05 8.82156680837021e-06 1.32596816031505e-05 1.36579949219229e-05 4.13205345263234e-05 0.000195996942348176 9.11607415787774e-06 7.76701148330616e-06 5.1090577444235e-05 1.34431962970361e-05 1.04329808130466e-05
0.19404814552868 0.0744695619810996 0.999990832503402 1 0.100817429906686 0.053903508385872 0.0644172973146313 0.0929457937978028 0.107419793047617 0.999910523238625 1 0.0988651654189446 0.0533437793155332 0.158791012548099 0.0545082216321536 0.0735964934735615 0.0739715559105464 0.0741056006701251 0.0587754886712465 0.0991390633740411 0.0594676843689715 0.0766333243229705 0.999344479580447 0.0536719055774303 0.0532295105986131 1 0.164751027772615 0.0868007160042291 0.0580589546605021 0.082953773541718
0.0478117731734325 0.0486228363842888 1 1 0.107242873861292 0.063996132751353 0.0601546821216171 0.0664780880914666 0.0505169996527758 1 0.0679898098614562 0.0668689188472855 0.0536210727963934 1 0.079234940531443 0.0642413514454717 0.0905612242193347 0.157755848127891 1 0.0519046539094482 0.0498362192017845 0.0493950514186393 0.0480751381738626 0.998153011641435 0.11228443679361 0.0552318320615531 0.999999999274345 0.0472903556034847 0.0590635807144202 0.0777012635796737
0.0533840640635163 0.999999999999999 1 1 0.999975864963897 0.0578281971205813 0.0617533656428625 0.0738542474702101 0.0769308911539099 0.053739388284075 0.0761730580169004 0.114464609584067 0.139164253564442 0.0534972398480575 0.143638278236112 0.0818113063133592 0.0899836149296692 0.47815577882641 1 0.10530866887697 0.149557805955256 0.075354742961846 0.0906097197855537 0.972793655562725 0.106813841610782 0.0528210764917013 0.0936095881454035 0.102219094968481 0.0647244757535124 0.398762957119293
0.999595172524465 0.999999999999997 1 1 0.365612365135621 0.192008135877745 0.0695809042523481 0.154948943012841 0.128844677355582 0.0695622531047753 0.109884711234638 0.18271942799851 0.100965870722818 0.121826168348009 0.0894414627044857 0.25244636916407 0.0708592180870274 0.999999998556601 0.0686529396797559 0.0750857202624328 0.150734995664621 0.318313987799985 0.340638464039204 0.106650559251176 0.450284694929484 0.0740702344284024 0.260053918706052 0.0658407006765113 0.134072355430296 0.0931392365117597
0.0832862652779526 1 1 0.204510019489869 0.0335602190539579 0.107658715261254 0.0350273413378583 0.0964359458320299 1 0.110606589087832 0.0588991527737325 0.0294824168255676 1 0.0299344026008456 0.36770952668775 0.0287942420131533 1 0.0436803829351042 0.0301777033344584 1 0.101181777709416 0.0381274834585782 0.999999818848556 0.0337693706542395 0.0401034831368647 0.0305108672191026 0.0687326512145351 0.0486327844637804 0.042864913060812 0.0292983763348281
0.1733864325721 1 1 1 0.0748925587035745 0.236354252996275 0.0971232273010961 0.177035648961974 0.167540511011437 0.128663735769133 0.0958427748750119 0.0751218881004371 0.247582910100257 1 0.152914579140502 0.0727716130354169 1 0.0776054318334455 0.0882212040486603 0.243628431792675 0.194535790802548 0.07316366739156 0.102709652282801 0.0865319736224617 0.189864386121933 0.0726215138544741 0.0850444845476958 0.101017441841697 0.0787119861321108 0.115938194133152
0.233907202681788 0.231212588353092 1 1 0.127054297368359 0.129429224121814 0.0963979352021131 0.0689765278428122 0.255134345383326 0.071677791318801 0.999770767124278 0.11679320151644 0.0735886700878209 0.100231186448582 0.110576534762676 1 0.999642792963117 0.999996717244651 0.153978752752797 0.0825559645071937 0.0911077915482773 0.20076553110412 0.067295869757131 0.0812222248220966 0.0670352124897238 0.28217725616555 0.0681288926813004 0.0687769440609044 0.979932405308191 0.0921956234715028
0.104767114872512 0.0347361673813 1 1 0.0368691947943033 0.150085090919089 0.0245869722410744 0.0194375757014167 0.999999533588036 0.0151850170843988 0.0136574769492297 0.0502929178487379 0.369673221972497 0.059488885770038 0.0257322307933808 0.0399044381885399 0.0296138021772013 0.0136757607356394 0.0359045208372381 0.0187504034543731 0.0187007113594754 0.999999992390899 0.0199121214541321 1 0.0248713177123774 0.0182181264827789 0.0173682818802111 1 0.0204955539675067 1
0.999391066823943 0.999999958884298 1 1 0.0557717087319475 0.0787191454957304 0.0571215021683206 0.0615940972879159 0.362795757536941 0.136611209569885 0.077953552011583 0.0557238739987618 0.138042281984401 0.0558636167758619 0.99999999996494 0.102187579759695 0.0556142560428246 0.382791969079443 0.0730970490037646 0.0726351898834905 0.0578126274529039 0.130451891397175 0.0555558246053176 0.0990641538608523 1 0.0607507400841858 0.084687572333024 0.0603272027334517 0.0584753078916638 0.0939903204185335
0.962378590596687 0.999999282139301 1 1 0.150232636534939 0.0744458369081078 0.0683434996607758 0.0726982270469637 0.0697531212891385 0.0645462852425966 0.0656130550736336 0.111155262377117 0.0841831860790433 0.087382210680323 0.0721082435181845 0.0645614932292885 0.0630423316118444 0.109890551538333 0.0703862111062264 1 0.0759639602970444 0.124852599586176 0.0762335696016561 0.0739934452099569 0.229737434715316 0.150625943018178 0.066615363564722 0.15156299066754 0.0965640743896351 0.999999999999945
0.0979789725651337 1 0.999999982361492 0.186877235769614 0.0690458306604229 0.0466774077996631 0.999999618747464 0.0468675506898119 0.126965359861742 0.050741396647867 1 0.0865071261338187 0.0454937367400799 0.0585376960446626 0.0445997232924594 0.114703613436147 0.047650589158004 0.0456834318781222 0.0763490567275318 0.160837068088379 0.999999960195041 0.0445898595827895 0.0930584254702691 1 1 0.0556227208972279 0.0554793866406755 0.999999997630727 0.0811420368466121 0.0688495805311975
1 0.125403611939243 1 1 0.0762101044503242 0.0730431900040004 0.0808097561278583 0.0754549127711441 0.0733840128724483 0.0749910306951445 0.0729993504073664 0.140366964340601 0.0739334791159286 0.0743529567390935 0.0763111885868104 0.0727542716786002 0.109656628292576 0.0863504567862163 0.99432936020917 0.0842890947009449 0.0984643611382704 0.0867167744197402 0.999999999998379 0.133210221241363 0.0800486173354232 0.0729098688961058 0.0735559169685395 0.0770823357496071 0.074137661244191 0.07332616647521
0.999996751573483 1 1 1 0.216322545268753 0.074860104725519 0.205647241197531 0.0791845582043248 0.459427920302124 0.0802166565162592 0.0784707673996173 0.145575019543683 0.0749875440104306 0.0761384492273859 1 0.999999999999998 0.128208966333094 0.0767351249063251 0.075120858094801 0.41131277965852 0.0780880818009603 0.0918290515209086 0.144114337328076 0.374703114000088 0.216154594431292 0.260016199999356 0.302057197350266 0.0733560898529694 0.0776924319617421 0.154427838335121
