0.25716597215647 1 1 1 0.338410246657569 0.287890263317175 0.305846664099515 0.333554942933863 1 0.245789326917302 0.23475549483558 0.263953486953923 0.194428457619794 0.252946434693396 0.334120622523997 0.377064532911361 0.344935068411192 0.995963682895615 0.763623259212918 0.265428377157225 0.99919314546434 0.203791723917643 0.999581891285777 0.413958234578801 0.327355084379872 0.33677212559558 1 0.300626562965663 0.270755868077213 0.275143808770374
1 1 1 1 0.99999999989525 0.999994503854084 0.0619734213462663 0.21778677922471 0.0794587646674217 1 0.0811557582865882 0.130064902387934 0.0812539293510874 0.121291111459286 0.110469607672715 0.114429516694765 1 0.102435377927986 0.999964706962401 0.170782022308841 0.999823484489704 1 0.0978007021764586 0.135155991136474 0.0898491247797897 0.996536487906676 0.122592952546566 0.140517449370977 0.124245731442726 0.133127077793749
0.187432050861265 0.988673157106147 1 1 0.0595617480656291 0.999995864103898 0.0931253025486529 0.0682445415264922 0.10268287983883 0.0679812434446714 1 0.0589403063685648 0.0907812528500042 0.104486020987792 0.110620846126618 0.999999974286253 0.0510058968797282 0.0657474712430905 0.995497868719683 0.0677786766420246 0.0519011446376763 0.123501066894152 0.105612829448426 0.141203135489389 0.0943525616683025 0.0698613150116835 0.331265898280332 0.0669044601433161 0.0570446741241639 0.0832479345116292
0.999999999999971 0.101338415626265 0.258409786103505 0.317389193760119 0.133480573489334 0.118891873599339 0.197592988452948 0.149050636115787 0.125183682060205 0.14367775305883 0.146115499398939 0.129293848724432 0.16099800457107 0.116585374139139 0.143372866078477 0.282850283064967 0.153599236516647 0.114241668400644 0.173578959466555 0.0957879668346487 0.188294927448158 0.174602947674377 0.106051808762709 0.110989641331877 0.18600327521029 0.133939155353858 0.17170887263064 0.177870657257665 0.999972292495594 0.177258745899136
1 0.999999999999995 1 1 0.0250774368719953 0.0282288908268536 0.0232860386973263 0.0484515003566027 0.0375163948211727 0.0238573475484412 0.0328619691171673 0.0310860451829595 0.0152011171318244 0.0881310280889592 0.0286696435332683 0.0379766459453369 0.00994345892032278 0.017179316228998 0.999997081399598 0.0210038356487243 0.0470290355006703 0.0543492701749613 0.0305343223670048 0.0155104395736816 0.951618682927071 0.0195387729371801 0.0224968924355466 0.0219705835461037 0.0229820329155861 0.0204446251146456
1 1 0.417774374528262 1 0.245755677876416 0.189083360865052 0.307036420484324 0.323500350292057 0.31045130779001 0.28765303994036 1 0.233288994952527 0.223915951028415 0.638563687173599 0.336387205353414 1 0.180140116858137 0.333328200971212 0.326403459806509 0.234285430445273 0.366632415765528 0.293016791825903 1 0.258482694310884 0.218652520573395 0.317781326907103 0.259591956884059 0.214455392998733 0.312477592042087 0.357487298119185
1 0.100755264679348 1 1 0.0423223776370479 0.0678624924639373 0.0523215408134191 0.0556221730545072 0.0541494593199996 0.0443547993179595 0.0596029203754906 0.0749031995727657 0.0755153043400694 0.0782128098767633 0.0619290727510721 0.0586395994174539 0.0509454593395109 0.0416341632351916 0.0689523406497169 1 0.0568696448829831 0.999609995022306 0.0688548572158247 0.0663626256558487 0.0677445706217723 0.117507449479485 0.0445657664027993 0.0973572518165594 0.0557083512285673 0.0557109086983155
0.990442250313302 1 1 1 0.0153270618862679 1 0.00905783550313488 0.00764927218988587 0.999999999837834 0.0123707139218655 0.00563248498961222 0.0181824450244901 0.0162771138255431 0.010090861718495 0.0112507755137372 0.017689287766432 0.0107539312875879 0.0170254227377714 0.0114190361752381 0.00595221545443769 0.0112066831782204 0.00874452788262547 0.0135647128120929 0.0139010344675714 0.00999201155479668 0.0145171011577183 0.0516206268672821 0.0313256876779455 0.0125211462106569 0.0128722640388945
0.999999999993513 1 1 1 0.0508617356381038 0.0625343575187858 0.0339913546330241 0.0543390839233867 0.0347477776935358 0.0605086806285174 0.0299493751017286 1 0.0433964901346285 0.999961791561211 0.0468520511497369 0.0420791056394654 0.0335897505771177 0.038000125439917 0.0337437235411728 0.999988304702105 0.0519586797960857 0.0553383873598766 0.0438198941903261 0.0460277654349608 0.118832847118543 0.0445241202399684 0.0534803496410432 0.0357973293940831 1 0.999999216078493
0.985578160347527 1 1 1 0.136217319251244 0.149732556981845 1 0.135374003427772 0.989573730264953 0.152260421099572 0.130998464311368 0.101466497789836 0.189023773502061 1 0.13459722568897 0.0977182214811806 1 0.116327229725014 0.181376507654739 0.0893990537256087 0.092807680866235 0.0901540072166609 0.22785093961443 0.0758466739621915 0.11878068627662 0.0961560496080036 0.133275650614536 0.14864071832114 0.509778190022694 0.135895783201661
0.999995007392269 1 1 1 0.119975014220565 0.0837878778183229 0.147573510561438 0.0892244579885695 0.0952724428817422 0.177801833122582 0.130492767457054 0.253554293761919 0.0555711558729797 0.91988706913635 0.100546867577308 0.0705805260143669 0.143637662822092 0.029281398755034 0.0978804142841089 0.0846688831796913 0.0999365076960326 0.0684298376307436 0.178637082308209 0.904773067643317 0.0818251869176957 0.208707740652355 0.0846058745012849 0.088172541982716 0.109868035687864 0.112068167662854
0.100249587695092 1 0.0807607592568629 1 0.071739223267547 0.0713130004876747 0.186407566455142 0.0702921947858488 0.0988871158637041 0.156844129851884 0.070429472803837 0.160254094012508 0.050344323565373 0.0749863314498251 0.0709517781120476 0.0992021918392992 0.1072136449972 0.0925842703673857 0.0953805426871331 0.0792085500007482 0.107184371995639 0.111442096329755 0.0956880348928723 0.108977672282793 0.0972382845321221 0.171916312891523 0.259198410918479 0.115480014387024 0.0927720685365628 0.0557308774641768
0.163169198186061 1 1 1 0.133985926852685 0.150483580482592 0.182246433072973 0.168075101006914 0.165493057734483 0.149099097567055 1 0.158577484227103 0.14650005291446 0.146707984537481 0.143036126686008 0.143548830707177 1 0.176436155213039 0.191570333044997 0.123586657675021 0.161769757280301 0.155945353020572 0.168891915753715 0.189984072847985 0.171827091290008 0.159018932107895 0.189445618574983 0.123886956077612 0.210209469056172 1
1 1 1 1 0.145938564892876 1 0.995990206682684 0.108013837935403 0.0874982339726421 0.0862737339785284 0.132093881598929 0.140079769820937 0.0959569189488838 0.122580704731545 0.110174009409505 0.0984923479448377 1 0.145101511434107 0.132266486117063 0.0998368202332414 0.986198862459672 0.12757931053096 0.218340172424494 0.1083947960979 0.112341002885136 0.118615137204006 0.0734321380022795 0.11217967953571 0.0668379703078791 0.120958074587023
0.0926104543177108 1 1 1 0.0821947637660376 0.0596707916878807 0.093166681888165 0.0880500629871197 0.0511688341079837 0.0591399231110242 0.0650140687046873 0.100766351736604 1 0.0651269692584887 0.10114327043673 0.130099883886862 0.0871128920669012 0.149118869565508 0.996877364934388 0.0533643922852221 0.0896755629949786 0.0643198012084393 0.0492142304090121 0.993180599601949 0.0688767791600089 0.0769375663768894 0.105945737050024 0.0695105532630236 0.0738357935274355 0.0808640122770686
0.999999999999174 1 1 1 0.0395166831250557 0.99999861773861 0.0485972153846149 0.0393543287901162 0.016006772007086 0.0315189061956446 0.0456001034416792 1 0.035947069601149 0.0423521296880514 0.0420204995061824 0.0746831602809228 0.0402805996452669 0.0384976812525641 0.0355617609549661 0.999887291066874 0.0314223959797921 0.0978076889110177 0.0317696882899846 0.0330890163474029 0.9627544887286 0.0342967667965598 0.0458783710310449 0.071141143749498 0.0421454916569711 0.0988140718802477
1 1 1 1 0.109763658177563 0.999999999999991 0.999999892529188 0.0715855543204619 0.0715020567595736 0.0494266361045131 0.0638322425837465 0.0807481760002043 0.0680027952919394 0.12756019971979 0.0613296036366457 0.999999557024173 1 0.103897717529467 0.0786981433628966 1 0.0760108935776763 0.0812537603974666 0.0846339599929542 0.0657976723041859 0.0557282182207073 0.0855864270193774 0.10039175595927 0.0912012930624371 0.0942035475417893 0.0366218305219347
0.100677914621649 0.106622765565566 0.999999994697401 1 0.123954843462727 0.121532221986597 0.999993830900152 1 0.166106470576989 0.0785235162142114 0.110297810511148 0.12863960865761 0.128085896960898 1 0.079337871515722 0.10096161970671 0.178354952389825 0.0944670537955931 0.0909726147706712 0.111939529575229 0.125337183769788 1 0.115914933574766 1 0.100123552549443 0.0829635730302387 0.106250344326979 0.297988009440717 0.999980693862293 0.0757228251251905
0.0588444256723197 1 1 1 0.0614182427783384 0.0738133860693666 0.0579500415464581 0.0482024563969876 0.0498976150129398 0.0331636775374827 0.0373603455346041 0.0534518659741959 0.0405724832997045 0.0408675233986204 0.0309193051596028 0.999960843417069 0.0551311600273969 0.0397788344003894 0.0386154955252721 0.0700020535912177 0.0394918447205818 0.999788968201889 0.0768996388566785 0.0405792485147103 0.0385571776041809 0.0492343109669993 0.0586663962606391 0.0632066923517656 0.0582959397301366 0.0414259583788177
0.0359195766440795 0.999999999999927 1 1 0.996778695253143 0.0402361339823624 0.0415026348134725 0.0434736693084722 0.0379849096933179 0.0416608315381645 0.0354815726917482 0.0201410479936823 0.0236554648014936 0.0241547993973887 0.0293611303218938 0.997518280415026 0.0158543979005125 0.86789638709569 0.0358616137651886 0.0346091336004463 0.999999999999983 0.0269495307850198 0.999993235801028 0.017209166922033 0.0337440475687162 0.0356692655392141 0.0218695651024768 0.0173037289885615 0.0463396558554025 0.0261380387496011
0.216443521511699 1 1 1 0.214213638550283 0.243338070475688 0.299041749663422 0.990841177689174 0.259424570956463 0.310100848271399 0.99275664806343 1 1 0.831137344314557 1 0.258075573165929 0.353173645415793 1 0.283521963280904 0.16653299011547 0.238462921989702 0.249483060338919 0.512745415877368 0.999982297800568 0.258459954041073 0.109356859520516 0.210137595615312 0.157204846900669 0.985870323002153 0.288718101685504
0.999750449927267 1 1 1 0.0210574765449181 0.0106630913071099 0.00982610847576315 0.013582836831521 0.00915667515998986 0.0152698390060081 0.0102094254968623 0.0235921925867516 0.0123643701813738 0.00735159736477509 0.0144193395038467 0.01510183833356 0.0102787022599502 0.0108741306317706 0.0125957378101862 0.0105591471752714 0.0157765304987447 0.010460050320214 0.0200143873922561 0.013210705662367 0.0176918951013504 0.0127600761234489 0.00976432497599233 0.0112531876527753 0.018832560858525 0.0130371406032481
0.999999999720951 1 1 1 0.0484592597176405 0.0431195915284317 0.999999999969055 0.0697518943609524 0.040004941125765 0.0585172257491603 0.0541528025023771 0.0251978258511795 0.0560381214320238 0.0543346511767845 0.0309916064066557 1 0.999890872259525 0.998280019778927 0.149844278613172 0.057798416036403 1 0.0844255900291455 0.071905105021408 0.144697993495706 0.0646434791437601 1 0.0419678730643469 0.210998063001097 0.0501392276536988 0.0383380403627483
0.0860835078930386 0.964708027893657 1 1 0.101556914877995 0.100022480244473 0.078403950502175 0.0680225440227997 0.0861096095372559 0.104562363484732 0.0863267229995477 0.157740216237021 0.149237704653243 0.0941738922353779 0.0680533428301414 0.0995986492845685 0.0640822950173143 0.0972392334372336 0.0527776430620075 0.1363981935548 0.119565718527883 0.0999826728087954 0.0533146572955021 0.09779972995667 0.736717488423002 0.0817199980086576 0.203503357488107 0.0560102682970799 0.0533987311043203 0.0955575074401558
1 1 1 1 1 0.0768766031680054 0.13477325076 0.116684964453333 0.106156445982597 0.207203267327733 0.99999999999981 0.0848926376107952 0.112197475471772 0.091314196484753 0.132822461973556 0.999999999999999 0.149743409651831 0.99999999995097 0.11707487529305 0.104915010662018 0.0790946652838506 0.115159081884137 0.131135828847091 0.112682196237382 1 0.0964224558143962 0.0556368773012208 1 0.999999998352816 0.0988856419273709
1 1 1 1 0.14003985358643 0.0840367609837827 0.0841200467216943 0.110982916650608 1 0.099798994924033 0.142824643168081 0.127771733331517 0.0829481958937233 0.0748999954060213 0.999999999996065 0.0875587858677568 0.0898579342933196 0.999992801250628 0.121280681095144 0.0858167141621056 0.110955165923587 0.066577973828276 0.100884972756911 0.999982874468074 0.201177441831934 0.0688936408875722 0.0734827710294101 0.999962973241502 0.0976616003213872 0.0802882504656954
0.264709347926113 1 1 1 0.224519732112319 1 0.184924324427762 0.113175587527876 0.139784272780858 0.135092509501663 0.186545318749574 0.12377520602469 1 0.11645481556652 0.154142357492549 0.15631581123387 0.187102960620746 0.179936189080769 1 0.213034482265475 0.15526937916709 0.121933706831714 0.179223569877053 0.175626120243442 0.110676283961537 1 0.188455849587833 0.134430403744804 0.155418489709709 0.222925420171364
1 1 1 1 0.11659992766154 0.131967118314639 1 0.999999633282041 0.92071317578095 0.107986773282777 1 0.115375098386483 0.126688455828802 0.117757755401537 0.162105081764663 0.14468951553855 0.148612104223717 1 0.110614724348095 0.103330744110046 0.141763735537208 0.160271395810141 0.151490096958845 0.127137668324385 0.368372877331633 0.0883574194680287 0.140133638103722 0.111132764607372 0.121049437236565 0.109758267989343
0.349025170294936 1 1 1 0.235719119197175 1 0.184125255606926 0.182232601188826 0.191185274371854 0.22213034931457 0.18326480280787 0.209705483706108 0.240878008157816 0.227660608074091 0.19947970584173 0.152853576486249 0.19448946950158 1 0.195893443145466 0.418642594864074 1 0.225745383386445 0.203342427335967 0.158749844620786 0.197360956524415 0.999349704274251 0.297676419840854 0.196460847334849 1 0.490805425000819
0.125738027773227 1 1 1 0.137669874039999 0.138612526792142 0.0840133995897548 0.0671818982045863 0.167801653807227 0.164217155844202 0.0669824181730788 0.143841893733797 0.292567854904473 0.150662936218163 0.117470364644438 0.129182860313008 0.143564163070841 0.123945141576281 0.105127850123405 0.0767416806620375 0.108900949531929 0.12393104650949 0.132643985961721 0.114706451579698 0.109990125205267 0.150006403372468 0.110150129887975 0.0741059962377717 0.998274543059777 0.994135700062531
0.353754866154204 0.308180625519394 1 1 0.29636410475854 1 0.265874087582779 0.375175713566477 1 0.274796734682927 0.245111333828476 0.275699334423172 0.994103000712802 1 0.266480638859055 0.248167864393329 1 0.246713976169956 0.997158986118828 0.375910127943678 0.280708563635302 0.264941656530901 0.401838137071775 0.259811930383182 0.975511840779437 0.285039091987614 0.292915683443809 0.31124270847113 0.304301377865613 0.315430337979121
0.440425810740098 1 0.278268679986623 0.220872867798707 0.320773099803456 0.404892812687744 0.412818082951865 0.366944606182253 0.228132801741004 0.270833954790617 0.999695863438886 0.187596635673315 0.23319243515668 0.386177553467661 0.461315015549778 0.302321493654017 0.370726095711924 0.284307078595701 0.264223873175822 0.29867283423181 0.301848875799843 0.285096260061268 0.320333367070152 0.215576643586779 0.27254067129518 0.302614946982029 0.215090084391311 1 0.284183781565297 0.282374786683218
0.0487845889629632 1 1 1 0.0725348374389155 0.0572815716955986 0.999998801000226 0.999999957850051 1 0.999999986300493 1 0.983934170841316 1 0.079022122760476 0.0558800972217779 0.999947778514919 0.0483697669775294 0.0591635113019038 0.0616602328887134 0.0461646003496043 0.999999500720732 0.0602714725915446 0.0595979937365074 1 0.0450691182600164 0.0850678382101403 0.0670463539911906 0.0590250434392009 0.0412848398692194 0.998376179077262
0.999999999998331 1 1 1 0.0388301016306086 0.044504827515546 0.0354039339153159 0.0452168880450006 0.0391260705344577 0.0546565215565922 0.0580337043593192 0.0357164771343387 0.0433222662509918 0.042198904980626 0.0299339716856686 0.0418806716306407 0.0436937609917952 0.0308083510236411 0.0355608865001287 0.0326200215765572 0.0462493300545094 0.0419326666210252 0.066803337566313 0.0250568163247022 0.03887996071325 0.043391778064205 0.0449200470113211 0.040868504974952 0.0229595912282494 0.0455389673944777
1 1 1 1 0.13842007943351 0.806656166364567 0.110540065268546 0.18637460956318 0.16703748571686 0.259058434394859 0.173300110862747 1 0.131389216698793 0.195225103284575 0.169933356173865 0.149962519175227 0.997380361300387 0.152572361592242 0.185654283580905 0.149078213166928 0.136737899737828 0.116425543278415 0.125510803873076 0.131542898093164 0.163865017604937 1 0.999999999999997 0.195915263961045 0.172134415649534 0.99701008295624
0.200700773867214 1 1 1 0.163823276332246 0.18601580705897 0.352104678455013 0.303485654752912 0.213000855070927 0.192374387195726 0.17274752288374 0.169494359714692 0.209169317839526 0.25594253590488 0.195074819591605 0.258212335172568 0.163992465486964 0.1900898480729 0.224114228732457 0.998111913892702 0.999999999999999 0.23051040918517 0.173410157790709 0.188315051341797 1 0.19579339402441 0.146349556836681 0.214531162603584 0.24285222613422 0.206513213759305
1 0.0794516147819468 1 1 1 0.0755507310882734 0.0681340560165039 0.0722157660495014 1 0.0729465243041774 1 0.128592746731561 0.0625930413779033 1 0.0755179454125057 0.0603366306790827 0.0614032625890835 0.0686126116884077 0.984183587569015 0.0716897846920418 0.0529260626173335 0.0862612840011927 0.0666001755277561 0.0556739755060748 0.117692343270907 0.0691311224648591 0.0711515164973082 0.0726260273246014 0.0626557974108759 0.0565189833289027
0.941925516644591 0.999999614058607 1 1 0.150559107736431 0.99886113403786 0.121598200710446 1 0.784914688221007 0.147048058421896 0.111258381958463 0.999395361827877 0.180460023567957 0.999999999823891 0.153977249684096 0.131911519767334 0.113771251598224 0.145152598578637 0.158432116882435 0.153926572420008 0.0758547765580451 0.161006238293525 1 0.165284813626804 0.145187039500187 0.105560008200913 0.197679450916858 0.130636258861447 0.152616055159885 0.215532080460339
0.0259598914465591 0.429931110770015 0.999999988910177 1 0.0251702773330765 0.0384691872831712 0.0485321998744829 0.933178930909375 0.054874525431405 0.0291584385024767 0.0403911841149517 0.0332025752341982 0.0631533212484432 0.0484804850853515 0.0447452358789496 0.0399970979137122 0.0375376439679862 0.0313397584882992 0.0362760329467494 0.0333100055140698 0.032032185897257 0.0326835989708349 0.0406898413496141 0.048354704954485 0.0426132573635678 0.040519200049976 0.0576430941498375 0.0253704626726132 0.0453453162412476 0.0388395727058348
0.0696243262607148 1 1 1 0.0613471879580343 0.0454580613781179 0.0567900227881067 0.0684659633801108 0.0519065706986638 0.0646493030883361 0.0761177271244972 0.0573161009953234 0.0325351758078024 0.961999843761673 0.053005719975435 0.0577140215966283 0.071636385996 0.0661559809993784 0.0643309405888347 0.0661630772000469 0.0405636701854175 0.0474837418379566 0.0560525816500466 0.0479311922437212 0.0589954600945725 0.0712682208025129 0.0918443226086687 0.0675399160101048 0.0737126824914349 0.0569131704420532
1 1 1 1 0.0598804308958318 0.121225145741266 0.117905352763948 0.113440312948205 0.589693067676552 0.212409743285279 0.128168236151058 0.0762491304963087 0.117822599584872 0.0857428082638166 0.188936741060142 0.0933712367480583 0.145782490466459 0.0878829108595961 0.100411788102368 0.0975194944142641 0.119617560442568 0.0953808405172017 0.0735276561820201 0.0738009059546061 0.999999194904543 0.134391072759108 0.0946634176953099 0.100112015830304 0.0969133773279048 0.0825416751919219
0.105681282171824 1 1 1 0.15377484884553 0.250888838190736 0.239198559208754 0.153909217792616 0.194311695955465 0.20671778271831 1 0.265237708282371 0.158712448918578 0.152739322371958 0.162646828032175 0.179285026610998 0.154397946973744 0.148778394106553 0.999790108984802 0.164284717755916 0.246252656238291 0.108806844100453 0.136853648231247 0.17552278923894 0.185345538861065 0.152758668266259 0.120335184410217 0.139539323804252 0.157470600024697 0.268959783768723
1 0.999999965065699 1 1 0.0257730967375379 0.0334138854571358 0.0396545380234027 0.0374930211325487 0.0250767244973558 0.0453578277527733 0.0286513318086943 0.033684473837188 0.0451300482759436 0.0354772927880909 0.0416264639364482 0.0555350639399023 0.0563042930750099 0.0368454132554911 0.033886378807662 1 0.028829179554858 0.0315813560162828 0.042245687927351 0.0704264298712362 0.0414154203536853 0.0347522007408291 0.069758181535632 0.0298647475895526 0.030407761678679 0.0315298012013793
0.999979875545306 0.138739498554305 1 1 0.268331372305577 0.12135838463996 0.102230282279945 1 0.108934750916038 0.115862203863036 0.33015519311324 1 0.12022241393216 0.0971725499501779 0.156139288980738 0.11608697744701 0.068860550821802 0.0843094160933366 0.179283615034074 0.114214062654825 0.115556324289696 0.110230438175409 0.368859468085129 0.126129092055932 0.127331561057593 0.142168299862245 0.157700791909081 0.134842326302711 0.127454999071092 0.171163560013239
0.140821290168109 1 1 1 0.178703452972544 0.194135508783157 0.997834857088211 0.199872307422304 0.22539650698696 0.144975172091146 0.999985226204893 0.230810477486623 1 0.0961623578912371 0.223601023241597 0.364804328360533 0.135717565107407 0.203060761348398 0.222047949026969 0.187447071958075 0.176661252291943 0.190195247913386 0.142594356609165 0.376387253079032 0.1664006691329 0.217142247853472 0.0943471649991605 0.194938843631041 0.172977043882172 0.218457110579093
0.999999999951315 1 1 1 0.999999984672752 0.116160142382722 0.0934422012283176 0.999284504016642 0.0971520449456477 0.137703130344809 0.0785794401052337 0.170427864922359 0.0729071767031575 0.103506233069053 0.114299526836691 0.142686452999017 0.999989930874074 0.101502004785819 0.104237298778883 0.118170601517291 1 0.0884709576815186 1 0.089194096590996 0.0951268638060765 0.0819220973176119 0.100297596331764 0.103406851197298 0.111510156667417 0.999999999999986
0.0336752204504579 1 1 1 0.122871405011672 0.0171357522301017 0.0326322687353718 0.99998830321819 0.0244504163123916 0.999281330121791 0.0231926972382344 0.0289729895320745 0.0280607643670925 0.999991300101743 0.999999999996859 0.0322326046775225 0.0324087397024387 0.0208984761819809 0.0387885027838236 0.999978404303811 0.999997060722596 0.0850123170042599 0.0288172868933944 0.0399145852320686 0.0322406486032576 0.0208002762895952 0.0212180955871261 0.0552034451050045 0.0338438968070769 0.0412478551874653
0.0308901202723968 1 1 1 0.0169637974737987 0.0233718294638386 0.0217060190030833 0.0219136426918295 0.0205920980352244 0.0440082259308476 0.0269014279237226 0.0204204273730774 0.0243600519350254 0.999999997616783 0.0305988764260228 0.0318148613090186 0.019115984125204 0.0413290538801397 0.103251675906885 0.033769985860019 0.0241937446675979 0.019359574114689 0.0198394502791608 0.042042783088597 0.0220892143909277 0.0249206606803618 0.0399461890711224 0.0216125422248834 0.0212462369162701 0.0229040181777332
0.9899033555201 1 1 1 0.155398567897807 0.211468379164075 0.0969537513987869 0.153549760626282 0.270600437769548 0.167012133178246 1 0.0774468766090487 0.192297832198302 0.1815385402627 0.147349894655638 0.0994239160970127 0.156428290811667 0.151538845079983 0.131130612838278 0.176065098175433 0.135947853418576 0.142102498925226 0.971497938058109 0.124274539267115 0.0821543207287386 0.169692586731391 0.0829118845441587 0.175073916458576 0.101175765553012 1
0.268203244898613 0.998611351916556 1 1 0.24541601933603 0.266800305875589 0.326093411994522 1 0.30687220337446 0.238759143481503 0.200539899069917 1 0.15214011740135 0.311141842461087 0.231252072776311 0.280734475566306 0.336724520569536 0.161224126194025 0.262377520248742 0.234713091467135 0.216564448401694 0.232109358201874 1 0.321608358471934 0.156067531726625 1 0.208231372292026 0.164853595935375 0.259957706048521 0.19938588589832
1 1 0.0898702779397215 1 0.979965438370067 0.105847011670218 0.0954608277799869 0.109289436768644 0.208228387374311 0.14282932106616 0.0759639151708174 0.115966418277952 0.882212882468439 0.134505353979838 0.287741488440676 0.134061936328246 0.999999559453235 0.13625035264338 0.109479730584291 0.114258137768032 0.132014558542981 0.170865675722795 0.123207159573229 0.134691904789212 0.127834061722986 0.999350216395388 0.0954520501698939 0.165568289965792 0.14548937889685 0.0717676083950681
1 0.106466712516345 1 1 0.0444742859504524 0.0932604131125699 0.0543999124225301 0.0973262625065582 0.0614854014862393 0.0354657254707038 0.0540551715749051 0.999999973264365 0.0322807846279096 0.999999957448238 0.0404810896982899 0.1011609478245 0.053870410846069 1 0.0579064390568736 0.0502677053041239 0.996006426339084 0.0738106958777474 0.140386276616657 0.999999999999999 0.0307547180488267 0.0418655587286526 0.0530663447471867 0.0368851447210975 0.0325217513714496 0.0595646767307307
0.0267516637076481 1 1 1 0.0213623746116496 0.0291727923665278 0.0137268375155261 0.0226603980186213 0.0199402182416861 0.0215379303377455 0.0157924346959432 0.0168878815707222 0.0185261149615852 0.0223206617368555 0.0236485755259078 0.0259929524843515 0.0185380898013022 0.0237153710391201 0.0376651704957839 0.0180680666696853 0.0248730916989042 0.0132462281076581 0.0244350401279801 0.0255097620820666 1 0.0239950414502715 0.025796982736763 0.018173774467962 0.0332876097995654 0.0418099865385138
1 0.275510303497225 1 1 0.266533797449128 0.352812214886509 0.387578538038423 0.321408508903684 0.294426079842626 0.346379267144531 0.380378285538338 0.207267223665658 0.242664090171229 0.240889726237559 0.236769286382658 0.453715421965991 0.357119862026807 0.247369687887752 0.18858471808462 0.292081122841792 0.265782284805282 0.457239810150216 1 0.262413635867111 0.289683561022677 0.283987057407393 0.302946564944564 0.257271454877018 0.274803686009456 0.265296534604744
1 1 1 1 0.169671900211575 0.669804438414042 0.109810011525998 0.140377590557447 0.152449823782818 0.120703632311921 0.219756395222812 0.140152273708865 0.110306117487847 0.150482040126515 0.19964386903649 0.160271033641392 0.148397631235534 0.99992823460514 0.218013642646811 0.981283464338352 0.118029896855381 0.203241395675031 0.878349319891154 0.121362606779515 0.169709330772766 0.170209805036258 0.142448523292168 0.153985243802605 0.17814463958467 0.105834805304936
0.999552446763025 0.998445493695168 1 1 0.022569019802242 0.999669173375519 0.0210321547353292 0.0549326283513856 0.999984703307225 0.0553362559368216 0.0336504041661239 0.0501898224239877 0.998623310128607 0.0143509474677682 0.0119675064063957 0.0524684721782689 0.0110158999482185 0.0135212322767782 0.0402984225808543 0.999949229192847 0.0116312463553003 0.0215257718449393 0.999756378230959 0.0127289174788419 0.0264009946695373 0.0132606954392588 0.0169041429542416 0.0142477598364282 0.0197593845249926 0.0254936335815152
0.0738295334830616 0.146352457365787 1 1 0.152136434358912 0.138743230021709 1 0.0787438888129165 0.106014080725569 0.0783702368553435 0.127311046891133 0.999999999041587 0.0861247649285236 0.118807245724995 1 0.0540993825682559 0.129288898463626 0.0933796129166067 0.0752069645958192 0.131038451692653 0.0760906574747006 0.987950443581863 0.0738697526416 0.0739806726167455 0.092339648219573 0.080691386774939 0.0863926291612339 0.0579683183914279 0.0877553279284106 0.254999290910165
0.999999987646801 0.0599681814140999 1 1 0.104186295090881 1 0.999999951433044 0.0432006794872397 0.134943036106139 0.0662888458379538 0.140162163184203 0.0694557776947902 0.0404436266104478 0.0603040747029328 0.0910511463597514 0.115484425117586 0.0463674177275254 0.0900252146127395 1 0.0684616867145521 0.0648750907480696 0.0533163445462773 0.0611212776660925 0.999999995438026 0.0591761872303544 0.0427591083392372 0.0942906715258295 0.0494945370952552 0.071604975366502 0.0900636679116141
0.999999958468695 0.999999999858359 1 1 0.052121416815741 0.17573400471594 0.0340560563923519 0.957072515706441 0.0517399900185582 0.0722235727796487 0.0329099929203314 0.0820331538359468 0.0282624291326914 0.0507279280682518 0.958823896735367 0.0510913414346861 0.0335259150498284 0.0687193549946956 0.0342380704517309 0.0637503320282342 0.0406916761259717 0.0760079314291275 0.044509793190077 0.0795649359999862 0.0184750888975024 0.0517133673413483 0.0253284952910103 0.999999999977666 0.752721374323074 0.993882303797707
0.1042974090484 0.176647831320359 1 1 0.104394322710921 0.0732748723063099 0.108555181208321 0.107461902426375 0.999955050517152 0.109448740153059 0.0832352327064962 1 0.154116321044761 0.0877742406559583 0.0865993659477901 0.071630279280845 0.0819561904945182 0.0924397561626638 0.0659032847493981 0.0779382556843102 0.167061319101709 0.102789141543106 0.0692135332224818 0.0662651800318671 0.222829643623101 0.0754223665065026 0.14278771235013 0.0959059769792531 0.0794416880961111 0.105108657903972
0.206620890095874 0.947293193035364 1 1 0.999999999999986 1 0.998223398493418 0.177357517075936 0.17233102987203 0.185453575695888 0.145924525406268 0.172693298904425 0.21006275583806 0.271409338805058 0.172462497267246 0.162280701109344 0.161419409909901 0.120285289354776 0.175189822864828 0.187465160835778 0.11558706350675 0.168483722208284 0.193146420215219 0.979353233024598 0.163284729064341 0.133446681034185 0.198494070738512 0.300379384807307 0.200365657643586 0.328179106240755
0.237364105663829 0.2961566243942 1 1 0.290360708494253 0.277768231540825 1 0.473071618449379 0.266017690540194 0.249970245510878 0.28231297760655 0.98370268738295 0.245374674489393 0.270935024600374 0.248769757864772 0.246885013842385 0.258669568485459 0.307292063147324 0.219669162811497 0.214488499599665 0.229595372687954 0.239450191151134 0.257355833872966 0.309402857966884 0.997773131570505 0.999939020935725 1 0.279640183268229 0.223767768784823 0.280505603200998
1 1 1 1 0.0148641065732269 0.00798770482875577 0.00840000846298528 0.0173602971565244 0.00868432596895941 0.00853181498320466 0.00778226259453896 0.914949904136936 1 0.0124255709740073 0.0113895576520928 0.0103180761685908 0.00706841639221489 0.00836120657758488 0.00950682992857499 0.0128205242256053 0.0171471126815917 0.00880686057162194 0.0144773668270948 0.0178145072902688 0.00528373488761313 0.99999998749916 1 0.0301759735541137 0.0303643757356732 0.00774241203719894
1 1 1 1 1 0.0558831814389129 0.0258419053182527 0.0285211683342844 0.0292288616518879 1 0.999999885836729 0.0498529922447404 0.999999215558318 0.0295344908362944 1 0.0229152091051962 0.0199235252263535 0.0250146475505623 0.0271341557728335 1 0.0387188481121162 0.0704005919308418 0.0357419412616262 0.0271283762493999 0.999999969251387 0.0338313583842232 0.045751488372058 0.0271386258862812 0.0236334617851452 0.104497399684852
1 1 1 1 0.0945897154839344 0.0435956677592387 0.0534731141269608 0.0856622785074344 0.0689783886598686 0.0702474757557577 0.0674391140512305 0.0801269722867682 0.123533345790176 0.079958542178977 0.0693795746619028 0.106797470107926 0.115650849168512 0.0453578197218766 0.0562696333784062 0.247758634015623 0.0770490769606507 0.0720434865827579 0.0682066773074049 0.081407850904554 0.0771765574111737 0.0629686345794094 0.0578709415296683 0.0753867971675299 0.080662889792504 0.0741871608264714
0.999844706186681 1 1 1 0.0968751161751729 1 0.116094980381504 0.092275368980999 0.111179596564678 0.104306673030089 0.119533459579724 0.118764637597004 0.106432762883275 0.116803330642405 0.134304150902323 0.100068802593647 0.0950676978234795 0.103030779938154 0.238355446232229 0.0996546391748983 0.130680826845028 0.115946742928977 0.999994641839817 0.113458339493897 0.913964665830045 0.999999999999937 0.0941477147155166 0.133679584610905 1 0.0893162546332672
0.0539950496362825 1 1 1 0.999999999943505 0.0542849538012621 0.0813315611733952 0.0777854623608306 0.107272688843882 0.0739932283122148 0.058263227854666 1 0.0638281559808236 0.999999999999879 0.0722697957254081 0.0573998245002152 0.100423043506815 0.0595280173127332 0.0648858411285768 0.243101625227077 0.0779725260639038 1 0.0544685297169809 0.0582215072272485 0.112886712881817 0.0530033458997666 0.265091376308549 1 0.178193911771508 0.0424193679742755
0.0778536571311292 0.999998999202829 1 1 0.0302436064231031 0.0986299904722315 0.0209901649515748 0.068645005958033 0.993625646218329 0.999977391551846 0.033216801720847 0.999999999368335 0.0378428767987321 0.0428187207073747 0.0216267228389698 0.999895662425004 0.038261174969457 0.0607478033373116 0.999999998662925 0.0419482124303463 0.0388485006828817 0.0380151590427725 0.0398287306209564 0.0430613697189279 0.039826666608871 0.0344524659086107 0.0294033088434346 0.155770440961819 0.027881773587721 0.0549863582832166
0.999995016531318 1 1 1 0.0380119058635481 0.999999999999166 0.0310855654920653 0.0326548833438904 0.0234151894048512 0.0730844657017583 0.0411730961460449 0.0297622472301773 0.0350641410866855 0.0231882813030218 0.0338324596375998 0.0217976437313766 0.036638984813209 0.067878104899927 0.0203297513925587 0.0265648122389103 0.0304081688201064 0.0203490600089821 0.039530808433282 0.0222267781234193 0.0284992424305556 0.0307568055559586 0.99999937823461 0.0548603333919366 0.0258802962868673 0.0387139111471472
1 1 1 1 0.0659449896984889 1 0.0387580485358918 0.0346663684544769 0.119926219038192 0.0571192110122823 0.0709134260838945 0.109033040686129 0.0416144914230275 0.0891273947863001 0.0448544968391008 0.0477663972678913 0.0267596514710345 0.0378456112317606 1 0.103315618997223 0.0424952432113563 0.0739316531287952 0.0386856505858375 0.0402449785189436 1 0.0363410904705228 0.999999999998177 0.0476871808418996 1 0.0548023752046942
0.999999983559316 1 1 1 0.0394675689806615 0.0232626471878784 0.0276007939629849 0.0183664123200222 0.027814743518132 0.0620758349167562 0.0219426417522991 0.00824978861850545 0.02397029096894 0.0175887995905685 0.99999999999985 0.0323490895201537 0.0250264710885559 0.0134284858535152 0.971969949054801 0.0238501117779002 0.0338938583983071 0.0307547539920399 0.0147603822792616 0.0513857874930033 0.033152373661404 0.0278065132518204 0.036968734632458 0.0158934015651688 0.0423400379773975 0.0205777678826816
0.0314814795850572 1 0.999999999999377 1 0.0277525369231544 0.999968199819194 0.0450821613973542 0.0439606766362978 0.0590294798015335 0.0572710463778784 0.0344121099832213 0.0356190793074614 0.156325237366685 0.029385743525953 0.0560717051600061 1 0.999999999970602 0.0415307587344748 0.0342246307504483 0.0310150801712956 0.0310026415866368 0.0396853112443415 0.0650379151641578 0.999957248500214 0.999860965561784 0.0279558164032209 0.0586010677973777 0.0321539184749501 1 0.0382798435482158
0.999951306954815 0.999999999996722 1 1 0.00846527773878591 0.0118892021013239 0.0150257910478455 0.00914365926883098 0.00967888026328478 0.0101863008827503 0.0113769501602909 0.0161532295463829 0.0321139454674916 0.0527776394489203 0.0170951908277314 0.0137378141649666 0.00739240389014562 0.0143192022120593 0.016128020436163 0.0135960027983651 0.0186028949195713 0.0124362902402516 0.0146544336356517 0.0172839662384426 0.0109144632932169 0.999999999998449 0.00699343171179934 0.0427561723981869 0.0139824218506769 0.0128142589837423
1 0.0576864364767261 1 1 1 0.056211784717113 0.168625199919657 0.140096624807352 0.0970190007369898 1 0.0516594366933268 0.127783356950796 0.144862553315657 0.0988041225131752 0.123241892060397 0.088348343259674 0.999999999999589 0.0461375082726267 0.0666615461066103 0.0522741464428139 0.102689333677833 0.999999999933369 0.0947750708302029 0.0767293405336366 0.155038156591239 0.205848662065551 1 1 0.0862291935873248 0.0530667328416462
0.188109754752286 0.150485191307531 1 1 0.117886841704657 1 0.0468904202929634 0.0984140727349243 0.999999960202418 0.0445164613020175 0.0743804915039645 0.0673898154547297 0.0696977533736767 1 0.0889747996470409 0.0855500636660941 0.0897099020495502 0.0666105051961005 0.0944190463031549 0.0709318443632454 0.097715382180822 0.0774720100183425 0.0760009290187945 0.0546753468478773 0.085307923024303 0.0474025074160727 0.0829087966655748 0.0790981645513088 0.0579568773324098 0.121137584993744
1 0.277091082150317 1 1 0.469656560014615 0.303821325059656 0.3007447789866 0.454775609852269 0.301791039415719 0.3102108667765 0.242198431568437 0.29812738935688 0.332997389311169 0.285760951967269 0.250611142275279 0.239328523633696 0.198748824634097 0.276831733104668 0.999900858671379 0.234129360786687 1 0.27138011242994 1 0.272090763934548 0.1901509072602 0.249492073715138 1 0.199970154057716 1 0.30740280657404
0.108215881169844 1 1 1 1 1 0.0655803836607765 0.999999999986462 0.112842895784406 0.068708544212532 0.151893683672132 0.102411018046542 0.0812184198763161 0.138195684570563 0.13728346522535 0.99981195597569 0.119107677994762 0.121815978533779 0.131842201521172 0.11887159799379 0.142134698462039 0.999886860179114 1 0.139911388693726 0.113691421724513 0.182614388927581 0.118527409176899 0.116250423973049 0.122101017783637 0.10173575707729
0.0916671533509871 1 1 1 0.121029825145048 1 0.0753150754550025 0.0861878603327698 0.0759956396654222 0.945283264659032 0.0924700835502801 0.069051779743469 0.082882115026116 0.0766584625537409 1 1 0.0612351382899801 0.106184266213689 0.071591897281839 0.0909988581083031 0.079528771885549 0.0742542417644534 0.123334313830144 1 0.115881001969273 0.0997054063221495 0.107000380961662 0.0799335628526464 0.0616226487011939 0.0758896646072745
1 1 1 1 1 1 0.185735324821375 0.129620557270439 0.208302882161709 0.131152432973552 0.151185029373586 0.16313926310481 0.221377421958731 0.0976233778059021 0.224754470364715 0.209667832914837 0.125319712370707 0.999999999999993 0.169274116600901 0.165373836087467 0.999974903534632 0.250850608439153 0.122730171287951 0.12646286241254 1 0.216555687013432 0.15242645953122 0.176391276224296 0.226174890257578 0.261640918441386
0.230863799377536 0.247369335526797 1 1 0.225254640671686 0.194499025100032 0.165405366766449 0.204963660560482 0.21416551112566 0.177773957293252 0.159892508774988 0.406412968557658 1 0.121320812937736 0.262758454384345 0.996829328615015 0.987261707585583 0.215100571117206 0.210148643657485 0.227719475459219 0.211052667916903 1 0.154982437827331 0.218337059684948 0.227032113992942 0.224569420068314 1 0.121616347284172 1 0.22563521060855
0.0183721930088597 0.999999942727684 1 1 0.0437650377190328 0.0168815665660657 0.0403604978178859 0.0236780068337364 0.012081052213528 0.0247958489770388 0.0261038212272465 1 0.0428690100492913 0.0262044322896059 0.0315655113412907 0.0227917762296173 0.0116404289987581 0.0229077055019976 0.0213200036505568 0.0123170128807122 0.0268421628202893 0.0545450228025056 0.0386888852325427 0.0279998201148974 0.0400893714210651 0.999619538056598 0.0165343458760432 0.026628531504545 0.0244585294048977 0.0168147601428754
0.161687004469556 1 1 1 0.181826015302216 0.103338254632812 0.185338050168943 0.194236870915104 0.154611156195242 0.131672566861761 0.20302692651828 0.193926544804637 0.173293442967839 0.141912411019849 0.203405025012336 0.9999999996633 1 0.159578017259244 0.252757694077173 0.268194455899482 0.176158084945356 0.184381315659021 0.191528642545816 0.193896908992994 0.164797933007367 0.155685147267272 0.99999999928406 0.156243077029465 0.203637686612268 0.141319130436071
0.160917712018194 1 1 1 0.152423300644039 1 0.999999999334615 0.321013331531315 0.114551827106638 1 0.129702972448552 0.182749137648877 0.206637227710393 0.190162779254431 0.13764969437475 0.177785546355878 0.0960220227416531 0.128231369911285 0.142063283047761 0.999999999999988 0.0996630067467856 0.163004116776408 0.133022580186355 0.138725920963887 0.246008188468623 0.15834295557288 0.999998479796763 0.122580098151539 0.163532514447209 0.243871151315863
0.13267849428201 1 1 1 0.102085660315713 0.0903536384966782 0.999969576063051 1 0.0896824978223949 0.0970785255953545 0.0920227925394771 0.140070436177002 0.124536686300963 0.0627106703510206 0.999999999929193 0.0859498352710274 0.0695415584604966 1 0.202817640534737 0.0704465158984708 0.0983212616137585 0.118216950404234 0.138047372931063 0.0960661759099778 0.0673371378180401 0.10420876105514 0.139849946950657 0.999999999999987 0.0752702796663749 0.138523380267626
1 0.325403690010451 0.24700368393134 1 0.220329455870607 0.185001651496752 0.235325472457483 0.220100523588523 0.195553518023085 0.137322030694936 0.186507646948468 1 0.17154794121882 0.187455673126482 0.185990600287592 0.223458329216616 1 0.273355169615367 0.153534308893581 0.170566472831863 0.289510396986336 0.171889218437507 1 0.291171658095784 0.183024711241955 0.142734968981499 0.204694796945233 0.142937010311108 0.213789191972238 0.210122532293075
0.252465954087792 0.203100947803395 1 1 0.175380439511918 0.166325482890038 0.234520431902107 0.19024916211794 0.205860188548497 0.154138004275797 1 0.103280589342052 0.0990964890825127 0.130701258070789 0.157077626039777 0.119602014249885 0.183581212597574 0.999997327792809 1 0.409102279678855 0.19773693075709 0.240838103615328 0.205916454298042 1 1 0.163958374545753 0.171917755218648 0.0882443085061546 0.198663968107324 0.998490938149459
0.99389874160797 0.999999620406579 1 1 0.996247547329512 0.0365181877654427 1 0.999805476846983 0.999421599278196 0.0677817806982048 0.0643309962367169 0.0424504014549065 0.0585672404722621 0.999905603720528 0.0758902011259991 0.0746573158508642 0.0520585780011799 0.0846410705821292 0.0791486079005885 0.104684131901565 0.0563985827708642 0.0753431504019012 0.0636923832082185 0.0797160934924798 0.118644859133263 0.0369307538283707 0.0676269898261548 0.059619715349682 0.0914217117611025 0.0693831634155072
1 1 1 1 0.142450158266876 0.115837255325133 0.999999999999977 0.33430847308126 1 1 0.126423690449537 0.109354988482254 0.136237014837649 0.109490412357866 0.14587793161719 0.2103471447826 0.146171357906322 0.100954781749005 0.168626434647962 0.0985217319141461 0.999077543782434 1 0.145947919431449 0.130538092822898 0.10864895344381 0.309059814075212 0.118894700640738 0.10625977481305 0.999753227152516 0.142538416271495
1 0.175768565124836 1 1 1 0.308654319149225 0.150264983329219 0.190425875415693 0.188594997638301 0.174628589226468 0.180809812299257 0.162057686290764 0.139210070836394 0.210512211910315 0.172050853764207 0.202762502208908 0.163675758454166 0.287091310544564 0.999995376276421 0.172607810713701 0.995585890895444 0.117925318464088 0.15468524331763 0.952577266086569 0.19791215295223 0.171696999805597 0.997595514188148 0.168996080720849 0.140653378358194 0.154935943333594
1 1 1 1 0.214706618395249 0.163076127427053 1 0.124086745891127 0.164901222300715 0.202511354540475 0.103214210010545 0.255972190957673 0.229425105628941 0.0896979956342816 0.128385092407956 0.203130511424997 1 0.195023819118737 0.438682052863938 0.151441967861449 0.204972716465514 0.236107716663124 0.113605084691001 0.120722386942172 0.132955490250777 0.177053738205331 0.131289943810348 0.248112698051378 0.189514143147294 0.194392890403476
0.168580899224771 1 1 1 0.154393120251527 0.204015899182671 0.138485708066846 0.155429463679591 0.123989757826758 0.103732234248244 0.165851443722092 0.122512378544461 0.999992801347564 0.174570675904096 0.236389306364823 0.207794551821302 1 0.918675689594905 0.105419165322087 0.274369452464309 0.213044635435737 0.986520090195254 0.141140857675757 0.122915327477329 0.184239031462552 0.227992572032835 0.187123786144083 0.141322078887318 0.195862422850866 0.129885665288553
1 1 0.0620099781369671 1 0.0398300469002335 1 0.0659339344462053 0.0777838920608872 0.0647091593588016 0.0709893518922714 1 0.0929587570050451 0.0877470514834146 0.0556193743518919 0.0688021701628562 0.0858285630055268 0.0668316452354134 0.0728561181417259 0.0565832166967235 0.0699637019079911 0.0524173043909776 1 0.0745572529288816 0.067484721916756 0.108779037937773 0.066571239149702 0.055496583558356 0.998492283916588 0.164589510112538 0.052133285692065
0.999999573964094 1 1 1 1 0.0597976845220755 0.162994559178206 0.0996695990061184 0.0885020518858887 0.999995420478223 0.203609616482322 0.978793036479503 0.0943409282223329 1 0.122963349825982 0.999999999993812 0.227738339401183 0.117351700264033 0.13801728145499 0.0806412247241988 0.0583626455153576 0.153306556206788 0.0705752615873211 0.187533720891109 0.126389066770873 0.114832708779203 0.11799675005232 0.17849696560999 0.0602328222051086 0.14415358241925
0.99982981747736 1 1 1 0.282897370823553 0.202510466981796 0.347162752961812 0.222410497146678 0.242018497916662 0.188820467991533 1 0.164795892231831 0.21059512252799 0.238073984054713 0.2491299905832 0.224834297786314 0.23361021843819 0.235993952219572 0.211451670162762 0.261381766595996 0.220100407353768 1 0.292271033453588 0.268893064377688 0.192087881312665 0.1980213443054 0.157442333254872 0.994644390737314 0.196657531000883 0.332518386697072
1 1 1 1 0.220292028549854 0.223516711913798 1 0.254999052887944 0.131650251326909 0.99999999947477 0.156568127822488 0.173924906441964 0.172012757960211 0.164906229365251 0.168985697434017 0.154289717200525 0.310476054618445 0.234104635269636 0.287989635735045 0.134170650445545 0.176504670740905 0.200192718571142 0.336089760584844 0.999999999771735 0.157685548829412 0.165258143757314 1 0.221679586857786 0.216266109999002 1
0.0220634269189672 0.999999420044604 1 1 0.0101725971910246 0.0123426163428234 0.0120813586039369 0.0101995501777969 0.0147621950248108 0.00758499632058574 0.037581246893124 0.0110175186900435 0.00772807055494806 0.00842412233574519 0.0109570745686841 0.0111772514854085 0.0101653951519376 0.00873822074640018 0.0110749509642494 0.00867914967126604 0.020664926178304 0.00821166936341555 0.0218165200707684 0.0100910936089597 0.00815429540574397 0.0138229790406028 0.00899826821740946 0.0116070892267051 0.0120913669244574 0.0074022346624103
0.99900350944769 1 1 1 0.999999999999997 0.98920685271312 0.091531603158471 0.052121749597313 1 0.0281288649587026 0.0486246596402344 0.999999397494849 0.0652318123054355 0.0481203673450292 0.0469962105845565 0.0615414778057388 0.0704111787302311 0.999997620605734 0.075686613884514 0.0549023751614006 0.083632768777803 0.0664848082020614 0.0664826046694394 0.0336608791140937 0.0613026847786199 0.0457822627126775 0.029883420713699 0.0509047014862958 0.0574866665844845 0.0325597395962527
0.160915289021014 0.26976199785228 1 1 0.992127034172519 0.211886563166442 0.195878606177746 0.177683561791738 0.15942915692233 0.14590197783765 0.157189066710673 0.192609208142333 0.125503890432519 0.164042444930723 0.226170274804722 0.100259180807097 0.228068513533241 0.989230882733519 0.166681115660528 0.32602288972514 0.214517560583323 0.157987179077072 0.144334571815124 0.999877884620365 0.221631786697714 0.995471806550284 0.178367835699336 0.978224443275238 0.999201905357199 0.211467375483394
1 1 1 1 0.0234518998579007 0.0164536947084982 0.0127941621153086 0.0224962713067173 0.0134573219690756 0.0219798574397682 0.079852220462497 0.0169203617046811 0.0120551246619104 0.0127141422141973 0.0460004297778792 0.0139230976928912 0.0176374540823239 0.0178035652297844 0.0569780744564476 0.0177309983438416 0.0169816503387938 0.999999999851219 0.0526743291787539 0.0307662968677117 0.014390818097763 0.0324246386771593 0.0236254683669954 0.0515911980370504 0.99999999999993 0.0118711016188263
0.0943294384296798 0.99999999995565 1 1 0.0153255547141991 0.0206657882053464 0.0315429261138841 0.0146844684344416 0.0266236479601282 0.0227667640645075 0.00958274833394457 0.999634575401382 0.999999999999992 0.0256142031053354 0.999902520150568 0.0319136023438268 0.0179630247533734 0.019155440748258 0.0198569916522244 0.00992729803120795 0.0208044376644333 0.0296062366064006 0.0215258389723013 0.999609858440728 0.0175819025185611 0.0204974052820742 0.0176295864000225 0.0156202449701209 0.999755272075214 0.0151269070739087
1 1 1 1 0.138038266481307 0.0884496647413764 1 0.147834120859331 0.210811759992568 0.195695236356112 0.999999990231112 0.140330623260134 0.999964750704224 0.183192365539157 0.134303136940384 0.130675972955399 0.145496922830613 0.177201422081274 0.104061810758864 0.221357795139516 0.159770324509866 0.224582857587414 0.140926132123626 0.101299789873724 0.130479200906523 0.247096981077828 0.203814554065765 0.215635460293977 1 0.167916278382379
1 1 1 1 0.0995516734255748 0.0982459666891478 1 0.0981403778897855 0.999999999999659 0.109640851713044 0.131366930032409 0.0904636099932002 0.136190090537024 1 0.090649902744274 0.999999999998785 0.999999999999571 0.063368038965429 0.092797731081142 1 0.0893684790578885 0.0635789855249816 0.138571671613254 0.0944367029789265 0.0814260014857033 0.0940824438616307 0.0817795608255194 0.0946990954573428 0.0942045226681412 0.999999998132686
1 0.999999999239288 1 1 0.0402184206888753 0.0864600464088061 0.0609394555290791 0.0428333700963303 0.999780820326156 0.0440562478894357 0.0711134601418117 0.0507910780476669 0.0480256850008307 0.0438359270717927 0.0717941691982539 0.0531988203135902 0.0716603676803952 0.0569054650740597 0.0642780794252592 0.0384653757352743 0.0562346862195495 0.0421205116329674 0.0660135949577415 0.0775286342831049 0.0692338264639243 0.0467385769030759 0.0591179375039054 0.0750844629848467 0.0442750651126796 0.0434179134659062
1 0.99999999996475 1 1 0.18157641183789 0.122778407903646 0.13347793490829 0.0902343770259391 1 0.248672981522404 0.111978509304396 0.184698862709098 0.109455476218283 1 0.999999999999862 0.14054660640431 0.127689566008694 0.141151480216271 0.174937298254309 0.13882547552313 0.138973772697811 0.100297686470134 0.179751666706025 0.126996512613122 0.0965308770622537 0.132724146485925 0.0989273729150459 0.106951851943235 0.117370095952897 0.115585416733211
0.999999999999896 0.136132539828818 1 1 0.120449876805814 0.117996911573857 0.999999986735353 0.0736888840595491 0.111892595802343 1 0.104268821262045 0.13211535614469 0.130650579600313 0.0819572738261214 0.19809203094816 0.107137133641618 0.103942640754026 0.114503568707525 0.0959037957358831 0.11952428488721 0.0822923120290544 0.0879381380418551 0.136713177115922 0.999743371241012 0.174578181021191 0.999992061274645 0.134717377411255 0.116831789459821 0.138291096787735 0.147179065268863
1 0.99999999884022 1 1 0.112858792647621 0.0857316479104391 0.12641714451639 0.999999999999994 0.131044658860426 0.104654308592225 0.123267517236596 0.105519884063485 1 0.101768816012624 1 1 0.157221636195616 0.147636034475852 0.0819676753648224 0.110313197878923 0.108003681310497 0.107842397556414 0.14366775088722 0.114854117842375 0.176200413484382 1 0.220222632602004 0.112952869923434 0.238091214048582 0.131776980681118
0.999999999692796 0.999999999755997 1 1 0.0254097478761018 0.0454998557872807 0.0319321578708948 0.0186099400220749 0.0243007858309565 0.024906637631449 0.0171354769772499 0.0237648582917875 0.0261651051493209 0.0467971117591628 0.0263184889344518 0.0314285973884666 0.0188188932585256 0.0285793879663656 0.0244736724871039 0.0250007454093341 0.017098151633381 0.0276297532736159 0.0167631356728387 0.999999604551269 0.0345754143608835 0.0235971940023371 0.0187406572231653 0.0190752092618665 0.0516203407944129 0.022894521083661
1 0.107923175196929 1 1 0.183472936919977 0.211172322287268 1 0.185502490116295 0.159296339407768 1 1 0.216865125065501 0.12998759861419 0.161987527511561 0.260518209307593 0.199420570768718 0.427148938948626 0.142407425966999 0.198367221081222 0.153500992153227 0.124802426916476 0.192482010401012 0.236723246309421 0.195896039496704 0.182541308387367 0.142440442606932 0.201084432737427 1 0.132727237119437 0.179453628175858
0.20539840580828 0.178743515105188 1 1 0.350132613328972 0.119272500641743 0.142820930833052 0.267808413266881 0.26385278593865 1 0.296629494395995 0.115350473661447 0.0926159544826196 1 0.168141014685168 0.151944356309057 0.197752955033429 0.111653959106858 0.197239314413154 0.11278929449654 1 0.154082433462233 0.122089830971914 0.254322478371477 0.120661635076067 0.0828332421941149 0.16476237330817 1 0.124517249521687 0.141134537055878
1 0.0679150745959181 1 1 0.97895629736961 0.0493840335883509 0.0556041491021071 0.0667749799571768 0.013540938465507 0.0547106841489576 0.0340075963223948 0.0223926849278372 0.0414050968287152 0.0353377591521189 0.999999999999977 0.0237387318076868 0.0564452858948775 0.038087734693239 0.0327017661264027 0.379372928376125 0.0170891711256494 0.0180483619172628 0.0381846435129648 0.99999999999984 0.0140026315502053 0.0310203821127021 0.0610856750033003 0.071538102547686 0.0407494281092554 0.149476904725131
0.0526593354659805 0.0942398001166136 0.202939975085991 1 0.124623603084835 0.0941416922966819 0.100247133503591 0.125479181911286 0.0841736005509737 0.12029925086278 0.140511013248595 1 0.149356580351699 0.0965281744743453 0.107873847624469 0.990079023094817 0.091521151316812 0.13961322100204 0.0548150582298184 0.134150867604629 0.119407082985106 0.0984017360203951 0.213786351631288 0.105138177645827 0.0756281395823651 0.0883364321384176 0.27758973973699 0.120860725516598 0.125680810932643 0.107931438941547
0.999998915597552 0.999999999999998 1 1 0.0509508125025603 0.0228611259951442 0.123193537090469 0.0279162693815804 0.033828483321487 0.038800391450765 0.0157242998043785 0.0164007567939123 0.101681949271478 0.0244037141202484 0.0439998977050623 0.036147254807906 0.999999883717083 0.0253468291420217 0.0309649375343881 0.0292479576354229 0.052171212803323 0.0388326485750312 0.0338643921729441 0.0410198002092488 0.0306284206816401 0.0395483120760245 0.995834135327013 0.036375588829497 0.0416614123473154 0.0298480233740396
0.999999352279667 1 1 1 0.0352936761720767 0.057509490177634 0.0814805826865166 0.0584233004113012 0.048396809165797 0.153252855980026 1 0.999999999998586 0.0558463982696603 0.0572252885558608 0.0332776954693697 1 0.040698270340908 0.0639773085175743 0.0455326685998411 0.0676979589581828 0.0928061442867728 0.0977577347073498 0.0579371602945267 0.0626657547861608 0.100975121746507 0.0328857693605431 0.0811126078902304 0.999998706385697 0.0695209966249488 0.0520083823877537
1 0.997114480408651 1 1 0.0717636887175543 0.125787213363749 0.117153971663567 0.245738580315167 0.0737449757830468 0.828242766859367 0.116623700517792 0.115060877805278 0.105319129708657 0.110725528286114 0.105446953669204 0.0808744144449809 0.141589504314774 0.0730101735632102 0.102013315816737 0.165809856329855 0.130461345821477 0.112041068524585 0.119351898849568 0.0846505413893437 0.100362908871642 0.157707282212916 0.108512197211735 0.947352193613537 0.0757778586411052 0.999876333387267
0.11147979801571 0.134277644231977 1 1 0.111352750177644 0.150593584974621 0.999999999999981 0.132431855314573 1 0.149190599419905 0.0960951101955098 0.127698031878486 0.128490063832618 0.228527463482457 0.14904555331758 0.104910004119729 0.109430659121097 0.134178861332895 0.103553235658451 0.154357552402449 0.150431674444958 1 0.0823480596888714 0.136229770933013 0.125871024055005 0.999999998656716 0.121229292034875 1 0.130330056081703 0.221637311963246
0.107120369969799 0.99999999922718 1 1 0.0180518262630351 0.0410355224463274 0.0137849722927262 0.0314736025605037 0.999999999416617 0.0113954841547876 0.0208033339856198 0.0241497601284106 0.0710265711254513 0.0237561851804001 0.0201363387491755 0.0257841515759317 0.0148055446201364 0.02033544268177 0.0160036172982849 0.0192032984325653 0.0140346671517165 0.0257795888784627 0.0284832209365155 0.0187360588001142 0.999234798732331 0.0211813050838346 0.023983263581668 0.0187607301930693 0.0206500259613894 0.0186623200798327
0.101810906482864 1 1 1 0.0596716783790883 0.0487981365878836 0.0962597421473245 0.0717675235226745 0.0622198990789745 0.0581448118721685 0.0541600406812943 0.999999990951125 0.0580109258356049 0.0601645139244177 1 0.0435340387501427 0.0873784032358548 0.0573904549229218 0.136659979648802 0.112677078114142 0.15014613062794 0.0517822013010826 0.0435939385006345 0.0601330168914165 0.0427644060470165 0.105914748110369 0.0703172924819041 0.0482097307999926 0.0546192217291468 0.0619941243156574
0.118413554658377 0.0488161020631142 1 1 0.0729188198175916 0.100228450330359 0.0864033302776515 0.984492631384978 0.089873130835795 0.0887684580191185 0.999764522669769 0.221270073055005 0.0800641357298599 0.0974727122659285 0.999999999991635 0.2127229233555 0.0901285367316736 0.0941839169411206 0.062005811268238 0.163239213002502 0.107515778069533 0.147300064352216 0.0692102410097057 0.0932690119389251 0.089768634896767 0.0693775780610586 0.0710435047827541 1 1 0.142484418845319
0.999999999999649 1 1 1 0.0194299215418765 0.0258244466911789 0.0310736932443484 0.0402915213571091 0.0318626328214484 0.0283009163133047 0.0300663850919137 0.0337537491113934 0.0455509481343475 0.99999999998895 0.0445659970599059 0.030562336865711 0.0149646979428392 0.0218551975223981 0.0292413429083271 0.0292049164616114 0.0250326699186301 0.0208487382673183 0.0245291943622645 1 0.999859830824494 0.0222744405585446 0.0250847336525203 0.0345276946711348 0.0526538415750615 0.0251776574212079
0.031784101563716 0.999999999999999 1 1 1 0.021834717978777 0.0251560179021683 0.0397448502174811 0.0312791258078228 0.0329675564087794 0.0267150992772685 0.999664829575163 0.0224779961103299 0.0283983085618436 0.0438576214247198 0.0210770151636428 0.25968146289829 0.0277410623584524 0.109416136169919 0.0127740145264564 0.0237142134985299 0.0174715331839614 0.0329850695728832 0.0258479235010273 0.0177951412615834 0.0299322685346954 0.0282837667804816 0.0158759254742016 0.0392994240534328 0.0431012445217266
0.0797234327365464 1 1 1 0.0429986047722127 0.0967051592741638 0.0701668641467015 0.0640821736987638 0.0739908621548393 0.0398551774519365 0.998716647035523 0.0632383660328677 1 0.0528276082199465 0.999932034246279 1 0.0607768559516269 0.0744333046998898 0.0644511332930452 0.0523660103952386 0.0574774680048591 0.0492285042865026 0.0622878815135969 0.0438795601236593 0.0772514177875606 1 0.045619323861593 0.0440841190456068 0.0416540356072889 0.0392928734643916
0.247941220404786 1 1 1 0.124483253089906 1 0.227117150555058 0.996783220682325 0.998793952354566 0.158248735771606 0.130622153543149 0.133649985514077 0.17474047635976 0.176698885550632 0.132386049750189 0.0868346673758827 1 0.129007540353892 0.0794707357226965 0.139440662228311 0.22539435535117 0.171980634219452 0.194508619233407 0.134134480753709 0.135075786979046 0.139724635788897 0.141509075471154 0.156159914783389 0.209043644563168 0.142610121143354
0.999999999999998 0.999999999951162 0.0702272484599995 1 0.118127060320218 1 0.0863562378226526 0.0723389545614008 0.10915753358639 0.0583667504092126 0.0796275673077625 0.0658894460794969 0.0691052005870685 0.104803392126516 0.0782833364915598 0.0626437536384735 0.0326707629404146 0.0547713834419375 0.127432800534158 0.0844791159463942 0.037874980587376 0.115688365256203 0.0449505930067587 0.0874389166617648 0.0589175551221482 1 0.0355119480807633 0.999991235650905 0.162635624640676 0.0345913532766947
1 1 1 1 0.107813422367898 1 0.07137586390047 0.0639536260215869 0.999999997918426 1 0.0587016796223723 0.065154331992046 0.99996912552508 0.999999999999835 0.095662051388258 0.0632006317010109 0.0730092183436436 0.0508848860043746 0.0874819806416267 0.0727402327811215 0.0684235303008087 0.0670459563054917 0.115458794999822 0.0854982619606635 0.999958415737485 0.999999999986472 0.0703917905095982 0.102116561824555 0.110213363884434 0.978639674163262
0.264082559520508 0.160656097415234 1 1 0.998023419291374 0.15681266173421 0.190989078918954 0.204993948215374 0.217614428327607 0.139723114219774 0.16390414576202 0.147606655349119 0.999999999907031 0.220436078117492 0.18134961935608 0.193280690631267 0.189048649573308 0.216776927169398 0.245195681239012 0.227674661515177 0.116486351681916 0.161479346151426 0.998163724226985 0.309775626456778 0.165114230212693 0.156939893224507 1 0.159651882200369 1 0.174536256085358
1 0.137837177145412 1 1 0.15119507544762 0.121611225069257 0.118883458232573 0.0833219718343255 0.102290280253501 0.0891469547981757 1 0.143720547754977 0.114895236904691 0.104612666488155 1 0.0676947117084647 0.154553643878035 0.104558324549744 0.120411441240554 0.163508823850981 0.993726318461248 0.079976292634379 0.127501204997778 0.0821103347999269 0.127811829654728 0.120465500465814 0.0943143261600148 1 0.999988998949268 0.10932891928961
1 1 1 1 0.0098611901063429 0.00386866889083437 0.00589546851465972 0.00506817895949685 0.00713793938060514 0.0115196509920327 0.0113013265094219 0.0203631712871094 0.00475308210991976 0.00870828656493705 0.999999662302144 0.00602487034221855 0.00694033715741527 0.0141537534947461 0.00758353763572583 0.00558754525222105 0.00845326413511027 0.00530815338542012 0.00821464774153569 0.00579864329301172 0.00829704315933555 0.00386239843063207 0.00757021090401366 0.00735558876818443 0.00288343452970263 0.00710602914831426
1 1 1 1 0.0179917129173243 0.0188123055860649 0.0195186642565014 0.0139449555250812 0.0133645733470312 0.0241865661361185 0.0217857735462011 0.0157022152819544 0.0120013055384015 0.0173971898179651 0.0147349427569539 0.0171099906810916 0.011408425757069 0.0155314210893512 0.0350290285046665 0.0152578714046681 0.0115678924528162 0.0154824984673896 0.0198478442312163 0.0165874187206626 0.0144296952762923 0.0135026676151104 0.013670734930146 0.0163555225951548 0.0108989084437795 0.0164468391741051
0.0685092139580693 0.999993111217462 1 1 0.999997852200681 1 0.0563915076949564 0.0343287297653828 0.0618850609993599 0.0690033226035411 0.0537426929485242 0.145430296288621 0.0588690599307712 0.999999756761269 0.0567193483978987 0.0619775194928599 0.0808146008429718 0.999999748444905 0.0377438230063792 0.0508805134768736 0.999999999146835 0.050925113569426 0.0763727296736947 0.0759733687981802 0.0607280130642988 0.0422837132160163 0.0417020643157414 0.999999999999989 0.079999656867086 0.0803664559711508
0.999999962807049 1 1 1 0.00437353390750383 0.0119255274089715 0.0086846584082364 0.0121630960240893 0.0250707865091648 0.00352232074509506 0.0147049096027085 0.0069782718810617 0.0108883520762965 0.0106884340843119 0.0167434199976703 0.00831913904452419 0.999936934861068 0.00944109716063146 0.0101560979404168 0.00964664009664018 0.010613758723423 0.0103626849287755 0.0118270003244567 0.0111705370751406 0.0183187159693499 0.0260718463552174 0.00568594160374813 0.00999012574971803 0.00794042448782417 0.00720716220500839
0.00646245861193706 0.999999999999999 1 1 0.0160024472753701 0.0184049869394685 1 0.00852740019642195 0.0258065004014776 0.0059663158896377 0.00838556299902238 0.00697792502110162 0.0126434807682119 0.00875848731178352 0.00438808902333754 0.0333929904199699 0.00809391531847869 0.0145510368251859 0.00781706873187582 0.00425393153602482 0.0106258750284906 0.0168610352964117 0.0071004846449495 0.00402024141865509 0.00431786097152098 0.00659872775205161 0.00902653057753089 0.00393565962904141 0.999999999999978 0.00800464020320157
1 1 1 1 0.241324620313289 0.112155641008534 0.999999342155524 0.161305375184477 0.145232559603355 0.203730002682143 0.16815095993399 0.902144454132127 0.151572496937155 0.185273176243758 0.179580226859056 0.18531734932701 0.186582387331375 0.194166486572575 0.158931651838625 0.140725786895303 0.231975895506078 0.222368248766703 0.101230052516892 0.18265377531958 0.124750639202417 0.231934289685989 0.150924859087438 0.129884783493526 0.173931091803358 0.155512649757426
0.109468201007168 0.114492919835335 1 1 0.999999991828432 0.0670902684728464 0.051220487964775 0.0885652092932144 1 0.0411833753108031 0.999748392711513 0.0562433990669429 0.0558886409617531 1 0.0479828530781112 1 0.076431139286315 1 0.0666466117839482 0.0597613140544032 0.0445132812484834 0.0554730609313173 0.0470591130325267 0.0387354385672287 0.0416309184248245 0.0401226654091275 0.042914841491011 0.0608993311291608 0.0577267066002337 0.0437171363819353
1 0.47166749065653 1 0.493623305125823 0.446850329990019 0.999866633327076 0.324117006871219 1 0.394078789852258 0.386865457401726 0.43775216737282 0.436783174583546 0.374121979304716 0.444400087049567 1 0.442249215642825 0.404754255175941 0.339419241526165 0.390220557068545 1 0.428350119726789 0.368583108667062 0.307591506918863 0.379479277087532 0.348275567679243 0.319028225688978 0.38162135427475 0.321174843338169 0.999999999972325 1
0.193385828996181 1 1 0.999999893261265 0.180637312296742 0.198783366361334 1 0.178280077363295 1 0.280054128479107 0.110949420424695 0.148444355625379 0.255850653602986 0.141596573836903 0.157576896493144 0.189493808700396 0.999999999980132 0.222532616154924 0.122664821329125 0.219366413675397 0.195574779507382 0.1760230535782 0.133737282568004 0.174171171480323 0.162759698051034 0.174241454752014 0.288476067364982 0.172220585712156 0.244797064645379 0.193345603555643
1 1 0.999999999999794 1 0.0855694420494835 0.143465424972067 0.147479368014709 0.114719273364962 0.138808851578494 0.131938118699519 0.106672649334506 0.109520857588965 0.210541276540838 0.12140419657864 0.236851794229752 0.175830809914576 0.17195498825539 0.0949373752558921 0.212918611238988 0.130133004762755 0.121612386626035 0.999999999815242 0.201218147848744 0.152439867440996 0.151206343794823 0.157024357834019 0.129872525792106 0.133047502092369 0.0737160544966252 1
1 1 1 1 0.0473495930634577 0.0697635177373149 0.0654277685501422 0.0926441102089772 0.0876050326441731 0.0645507613193249 0.0509119541425869 0.0604873097236041 0.0541336806692871 0.0566911920453539 0.0631191277692151 0.0527753064376001 0.999998862875007 0.0817272176800424 0.0691252608023082 0.0622144512718122 0.0413443444708493 0.0569449975661128 0.11225942782859 0.0417197707635849 1 0.0617681345399138 1 0.0654357134157927 0.049788426776091 0.0682456207036291
1 0.999999999999767 1 1 0.165795738306244 0.0599369629811055 0.192989432690491 1 0.103856347591105 0.127757522561895 0.170120101463918 0.0777089284802768 0.169467653486638 0.128739879065334 0.0972695993443665 0.135393693624594 0.123232563135697 0.0802820820404964 0.114361677000859 0.0890502362272012 0.251482671580385 0.153283306688126 0.135923732241154 0.150400665209875 0.130691818526392 0.154564774278386 0.110322926572906 0.99999382359457 0.0703611990641644 0.999999965439981
0.0729762000201027 1 1 1 0.0216295877668262 0.0206604737863413 0.999999743084895 0.0166115064636366 0.012969688245794 0.0199966711690367 0.0158933755917782 0.0178569508499397 0.0190582415358358 0.0224314143750398 0.0260667385578774 0.0278710833019287 0.0247147886420406 0.0289753012308772 0.0263792466493376 0.027482518716704 0.0935455630296943 0.0191715588790885 0.995224948022161 0.0277359204796369 1 0.0221687350244173 0.0270801293185754 0.0362025126324281 0.0191521152386573 0.0383735456907686
1 0.112296725224069 1 1 0.146636565739326 0.112973413835259 1 0.131580068713453 0.148560307567275 0.131183784875552 0.153688971070226 0.198371891774017 0.151650990161052 0.133469226913767 0.158382922613002 0.215171585757309 0.208358180812237 0.130011970109261 0.162836280481772 0.129039826070095 0.238098939478553 1 0.181830622066997 0.0952722593747025 0.11754086308885 0.172795622186229 0.15114528384593 0.20935428825267 0.147552714407387 0.265573767773193
1 1 1 1 0.186848270253971 0.160870464786924 0.104766019663892 0.25054908048368 0.12230613223886 0.136508098408811 0.144125157874249 0.154929021343503 0.0874215536647492 0.0997673103848754 0.0893570427441469 0.155269162419825 0.999999833179721 0.137005092798933 0.0858236174369609 0.106604835659026 0.117871677595836 0.12069409655092 0.108789137474911 0.124594236001022 0.171418066392642 0.0966537373498888 0.129404118626636 0.073312006683959 0.122325099070532 0.150905742960514
0.999999391204503 0.999999999999922 0.999999998992403 1 0.0372972782698863 0.0435684154183108 0.205305734669343 0.0255562978900586 1 0.999999996549079 0.0365462271026391 0.0568952784775688 0.0314693625043486 0.0503849808154286 0.999999771931989 0.0809360418722198 0.035188213017682 0.0655546113377145 0.0313928737060878 0.0378730383557763 0.106733482048488 0.0329705348342277 0.999999999659383 0.997755075600361 0.0239582253396673 0.029437590589353 0.999999661692697 0.0786456792192388 0.0393392255441146 0.999963205951523
0.162364196695235 0.995528456600259 1 1 0.0563787586695186 0.121931133264131 0.986011199859971 0.0729862175266129 0.0416875961336948 0.085107983859309 0.0796356035500682 0.098951340339659 0.175289780567242 0.0851290478015161 0.0655374337533965 0.0612265592023594 0.0874300592833445 0.999998905652491 0.0931665997437202 0.0512187654861783 0.0996981626341648 0.0703340268358968 0.0888399323408083 0.047065829692021 0.0507254769929408 0.0753006225038156 0.0980782383412474 0.0687080557287025 0.0669320104476402 0.0704765185936124
0.474979157765077 1 1 1 0.241650722023762 1 0.35026443832737 0.270792774755534 0.999641119867012 0.311785088387405 0.18665537989066 0.554656542882157 0.276422777257862 0.285628583125229 0.411381789394852 0.324381397317393 0.270547355877163 0.997962909165811 0.234562688603935 0.248597901712416 0.319010210813474 0.339850658349149 0.301221028135059 0.178226055721334 0.248360105631542 0.275229934914944 0.368394196288696 0.308570028384113 1 0.346246292905295
0.999999996687007 0.999999999933372 1 1 0.0365064239768916 0.999999407076308 0.0568553092430193 0.0382348770366022 0.977801795001186 0.999999999999383 0.0232037276659103 0.0358697116004301 1 0.0460642063544948 0.0234983181855721 0.998519374848123 0.0512916098975941 0.0719896658165186 0.0288704990816044 0.0491368527913002 0.101452374233522 1 0.031000115109109 0.0503887950903426 0.0321447102397291 0.0417680736801359 0.0380128066617214 0.787554901556259 0.0481049471533284 0.999999507017056
0.133448641050275 0.135740770079653 1 1 0.164890440059238 1 1 0.0863959559709639 0.102220333400259 0.0929710033964806 0.105519298996591 0.252820928034618 0.110632419524031 1 0.133624948869475 0.129851657513697 0.100374497659527 1 0.999999999990406 0.11787437919826 0.166587207382977 0.0825470719136145 0.117518094073288 0.145294712415959 0.0718420928282323 0.101220206269582 0.0929071395202188 0.131343739620694 0.173592830558698 0.146654779408806
0.0492512502907098 0.999986310781671 1 1 0.0399502687778364 0.040095758305105 0.0950961910062016 0.0254844788674867 0.0184466285857062 0.0467424433627841 0.149924754257047 0.0434006758943529 0.0319566483642093 0.0809365463999789 0.0285342073448248 0.0465878230315409 0.0399924073607182 0.0582332696683124 0.0809974921424844 0.0391360422587784 0.0352135649991719 0.0326594364593239 0.03881472436248 0.0584064263000936 0.0364361825025887 0.0372678971359561 0.0749870524278214 0.0454757929850466 0.0266250451625489 0.0295478257461692
0.0461037087253656 0.999937245054285 1 1 0.105775691039531 0.999999999964516 0.0803927136167176 0.0598944803447363 0.0611215237181132 0.0421033960660915 0.0434703497729522 0.999999998616807 0.0381669737829879 0.0484091857924233 0.0471141266652145 0.999999999864359 0.0984504154868355 0.0557211635783793 0.0483895112227328 0.0386839622188246 0.062650582184874 0.0580350896988807 0.0741358058864636 0.112885300639681 0.0230393656422511 0.0445073624380021 0.0726284089749534 0.0422794200608634 0.0466556710901053 0.0369909551078388
0.998965875165021 1 1 1 0.999999999814169 0.192647930974534 0.140433758676436 0.0973003597545384 0.126962664592636 0.120501076307959 0.0968695178880147 0.143506902483996 0.120470887915379 0.132453718649511 0.104575372119843 1 0.196622486700229 0.166481837116163 0.0897924245229267 0.147138041429207 0.172238244818772 0.117852866340533 0.136348750511367 0.99923352017632 0.0979325170705087 0.13838577519641 0.0799213305729396 0.108948191052318 0.163717857633017 0.1416417670997
0.999542034421494 1 1 1 0.0811187828049736 0.0395533414848176 0.99999969655818 0.999999980198829 0.0606196666661922 0.0519239030978447 0.0254710162007518 0.0633379790602095 0.0550238493222549 0.991654914372201 0.0692826578385356 0.0665899888443808 0.0545829496508683 0.0377877662698489 0.0411064723284439 0.0418214983366935 0.0526060569058799 0.999981307681939 0.0327486150650608 0.0452117427739761 0.0923290537034385 0.0319747029737619 0.0701925946601267 0.0643841752342711 0.0346463689537605 0.0761613638080649
1 0.197766290609125 1 1 0.187008397637789 1 0.126829276898774 0.16519982158938 0.135879746921105 0.189318911553789 0.97024120653329 0.104430677760412 0.205908328674562 0.115877583512964 0.156591870629564 0.999999999999974 0.209482660602756 0.156039006375303 1 0.186128437700445 0.155391121687215 0.219259803902104 0.127055680580377 0.1690033010273 0.167289700961444 0.156765968174956 0.100982109549665 0.0832045217896964 0.206835294247445 0.214991722575438
0.9999560778808 1 1 1 0.99999999999391 0.0736780449478427 0.0440853752799033 0.0660070555252436 0.0652772504553282 0.0585999834494358 0.0786075136430923 0.0742360735416095 0.0497506991684235 0.0581308826309971 1 0.0355330379826234 0.069774703445743 0.147417910938303 0.0709708035435662 0.086859196058347 0.0735944398859142 0.0829259690364598 0.0989183240904286 0.0588273596176915 0.0542540465423365 0.0615027317181231 1 0.0673641210976378 0.061178006239028 0.0675577406181301
0.0884619624558871 1 1 1 1 0.075157527214474 0.999729246251403 0.123975871029513 0.99999999999992 0.987066296879243 0.138390742161225 0.985366659123768 0.0906118418993055 0.234477852048427 0.143973849609547 0.0961566360549113 1 0.0949024697778118 0.106319348390198 0.103555916271454 0.0876155934165347 0.0968932069396482 0.999999991266043 0.117702195122701 0.0992399389727395 0.131563338462354 0.995290220914972 0.0913343663775122 1 0.0981723440210162
0.0173566150912937 1 1 1 0.00875063939508913 0.00762650212946048 0.00814928348765653 0.0118517225080814 0.00622555520031998 0.0106624379992164 0.00503502027774339 0.00615988506565635 0.0103602722636931 0.0126377778858848 0.0112908075061021 0.0040108883228468 0.0133558838269719 0.0122694835079747 0.00898274982622405 0.0072719321359237 0.00861008202604407 0.00921909603180693 0.00709673925991583 0.00886118807609226 0.0102724567318587 0.00976447303792283 0.00916220489323272 0.00327954048065404 0.0103671596632139 0.00859398584672555
0.168910110482161 0.998830789889552 1 1 0.999999999999642 0.028198957897297 0.0266958592956931 0.0268266717222936 0.017947972278011 0.0234581731843807 0.0204472547738775 0.0258923857681365 0.999999535472006 0.015433603073135 0.0143987018622621 0.0553258171862111 0.012237141005914 0.0383470871010523 0.0187371631371194 0.015088953836193 0.0179419526385058 0.0220970714968505 0.0116187296512391 0.0763339718174421 0.0178404462917886 0.026661205019892 0.0381175128623548 0.019040370150308 0.0166681923244959 0.0192767789567503
0.999998300889247 0.999999999999746 1 1 1 0.234522271611163 0.0553323709776654 0.113951141341799 0.998667237896871 0.0467641603707009 0.0768385988771192 0.0867156870459822 0.0701362104487173 0.134483121972902 0.0935953742308607 1 0.0971853663668296 0.0691226118002429 0.0956018860111999 0.121046443988731 0.0766556369720693 0.335733073477482 0.102326646797244 0.0949152105676958 0.069414788855874 0.168273177872005 0.103151271508718 0.0831722314782615 0.0920285954562662 0.0761615229336832
0.0283178340000906 0.99999145665787 0.999999999999996 1 0.013994393346063 0.0191857333752824 0.133723449647146 0.0300376439441863 0.0205191171124043 0.0280601522309887 0.0481638262719185 0.164174772860022 0.998283173472181 0.0216898686808076 0.037808876948231 0.0275291481930802 0.0259998070850477 0.0311624965829247 0.0809367333076587 0.0316282032668153 0.0339295175455032 0.0327838192164617 0.03977227295564 0.0196177940442186 0.0253117900402159 0.0240150092164747 0.037346048498503 0.0277408350389066 0.026859535355777 0.0222033785325612
0.120379688330953 1 1 1 1 0.060458338907418 0.0579830811470502 1 0.0780058712678068 0.0649484378090482 0.999382400299762 0.105043042220395 1 0.0829346471779083 0.055626052311052 0.117940104198422 0.0545988524934675 0.0505943665152376 0.0558712156842351 0.0655041510731428 0.999999999999743 0.0560116101766847 1 0.070905602518484 0.152446892321971 0.0803722906479977 0.068878290181306 1 0.063548322221434 0.0639983220752057
0.999999999999361 1 1 1 0.0999166614354545 0.0611578197014109 0.0993452546375851 0.0807157785200925 0.161142260429794 0.596178583657033 0.141194757583647 0.257646997414359 0.108691335538445 0.124949437178469 0.947534691654886 0.365905000208353 0.0593442607763272 0.080941059524582 0.0752864158094111 0.133262025937419 0.110202878109006 0.100078893113176 0.0987626213344939 0.975469174946059 0.989646056911711 0.0653351468146903 0.0514613535197809 0.0811007759026832 0.132566906325655 0.130282964710088
0.0331814699797267 0.533470379585718 1 1 0.0196848249630923 0.0160074295056621 1 0.9998238619717 0.185225290954807 0.0160528013985244 0.0581465166544904 0.0237134856914339 0.0329898582617878 0.0825872140820144 0.999999999999998 0.0466966885798692 0.0756040390941183 0.0259025118359851 0.0198083755576035 0.0958419171745778 0.0250668048517393 0.0247366805005141 0.0793465942999912 0.0284954383548607 0.0336729620916987 0.0216914796745621 0.0316594573391545 0.016394872056618 0.0231543758243709 0.0728004664678852
0.212083854241907 1 1 1 1 0.16430499664027 0.190896186144217 0.205480621681838 0.160117951650964 0.999861930644753 0.140418520945578 0.122813028155758 0.146951971688329 1 0.235296885229021 0.202511900125536 0.24639962355323 0.206359168250263 0.265629915100208 0.996112175558016 0.239969081368903 0.202509085604873 0.191934609359471 0.145965363765731 0.20231440501994 0.170490098126041 0.131912315721748 0.141152606362277 0.263331985511101 0.230846789808802
0.994994920594435 0.999999925873058 1 1 0.0396746548859065 0.020308919347397 0.0445616175641855 0.0407804512220895 0.0189264256193835 0.0190889166242373 0.019986409909553 0.0325276235377241 0.0231033102251685 0.0243236726483513 0.0281522598681654 0.0267104723706617 0.0208425895162024 0.0587410763290812 0.0223500881078077 0.02045133035836 1 0.0237880873143286 0.0214890102809603 0.0284194024658782 0.0225318564611647 0.0203324454518267 0.0137040081500714 0.0299869746741916 0.0301072040399019 0.0201849853853133
0.230247917076984 0.286394575414754 0.348849727705152 1 0.176192718081497 0.136168511258083 0.238482397211986 0.303046846593613 0.340912470556402 0.410566144238069 0.21597486363865 1 0.176459308510577 0.233314268124382 1 0.243072545705556 0.182818818655204 1 0.989153820787777 0.184149226779564 0.177176410184587 0.186110808155894 0.25102733593129 0.202514663067136 0.496083461383052 0.263211047279951 1 0.293586465124794 0.224185541316988 0.274152547066756
0.381390157865606 0.136568732765318 0.0701154240172015 1 0.0453009602504295 0.0396944029604217 0.0870831669810644 0.0175795840190704 0.0565590747367385 0.0377735028116184 0.0289995907205949 0.0245987374771812 0.039679493170161 0.0652142580061614 1 0.0419873841959716 0.0446017137764442 0.0264174161865158 0.0351130915576306 0.999999999999202 0.0296215608886278 0.0519183164526738 1 0.023240380878326 0.0490716677363445 0.0407455950048511 0.0363535832592522 0.029817982056572 1 0.0349816759548258
0.999996820944338 1 1 1 0.163510232829131 0.0722462763918665 0.0901670318794906 0.999961993344242 0.0530236953236486 0.0828833295627567 0.0555316728141388 0.0758764024905796 0.0530177865147613 0.0557487951903658 0.997336402071305 0.999999999999973 1 0.107565046819748 0.0585881441100827 0.0543989893323699 0.0724667230528329 0.999999999598821 0.064752761057196 0.0659125707424946 0.0774453815038361 0.0708577152134103 0.0480959728124821 0.999999999988218 0.0653731101140788 0.996591396492935
0.214247675582141 0.998465557530668 1 1 0.305611301897646 0.169359497217769 0.236326934811754 0.268323712311898 0.169476823403188 0.211328101822872 0.18613088941913 0.250396043422258 0.196257891679945 0.999965226154434 0.185805317426965 0.216595971598128 0.162197114340787 0.511194020100086 1 0.132969226387108 0.15234919311936 0.225515248967528 0.122400806427456 0.326268520627267 0.176304122608791 0.177921771100144 0.292046317349727 0.150680053062199 0.307700339180176 0.203956526897086
1 0.279171214547574 0.276382195134034 1 0.109380623990223 0.999999999999996 0.104044763633552 0.132853311408868 0.205908637238281 0.141835469619605 0.117077937874547 0.125497819557774 0.186852000867028 1 0.33522769519234 0.309213837012602 0.153925516310588 1 1 1 0.186383637779775 0.191754151377733 0.182929250952873 0.138867014600402 0.11122663798501 0.132828058210265 0.31755198473698 0.162472794533575 0.160134684946543 0.173484970504792
0.145345103545039 1 1 1 0.995310753205277 0.126489532511726 0.156453282316274 0.252883052840878 0.112645458195824 0.160384334173777 0.0963904496058867 0.135602100927409 0.127884154184418 0.115885693856955 0.146625864976519 0.0674591675692487 0.144602555299247 0.151864867192042 0.149998816347461 0.158164847269444 0.224077597177214 0.938386407677253 0.201880567682318 0.132455533936956 0.0531255967070184 0.0644159615794675 0.119856745477598 0.177299511576658 0.104549051966391 0.0833245858433646
0.999999994001406 0.999999870523417 1 1 0.0359862011012756 1 0.0205624610344229 0.991910948789188 0.0397076826710366 1 0.0327279930020752 0.0271980944910378 0.0139095664275535 1 0.0343059351463662 0.0341589467276631 0.0812728010169615 0.0231282448707646 0.0259223982959431 0.025442789732134 0.0273172087339019 0.0551311597331072 0.0374267995205281 0.0276632079676179 0.0301411562077764 0.0185433646799963 0.0294776775073184 0.0289926521330376 0.0180301991602593 0.0262466096280608
1 0.990085292679354 1 1 0.0791896037924045 0.0569263630865499 0.0588983531102054 0.0670080521756583 0.905948730186831 1 0.163600455113914 0.113328614144317 0.0521621734249432 0.10293038565831 0.061982906849927 0.0732338713076246 0.113226161226891 0.0614493043719104 0.109286389429669 0.0407553936951672 0.0608001009426088 0.0842776539124783 0.0489693989086758 0.119356955761177 0.941044053668349 0.957327931420892 0.0553764677484402 0.0572274148215122 0.0651277750084822 0.99949572536091
0.266728377058018 1 0.999975499393567 1 0.360532005666546 0.220956576648532 0.313729332331986 0.226297483544016 1 0.175144560075589 0.1996287265311 0.386682935484099 0.214129983739198 0.208298353561185 0.189388681079486 0.153803470450693 0.21039256600176 0.190493332866795 1 0.217443626081097 0.117458134246876 0.269632660834683 1 0.20263027539536 0.226993226804052 0.188525217356768 0.24509982568684 0.531133014792824 0.158016576323547 0.305683853067129
1 0.999999999999994 1 1 0.159570129918102 0.185612085411041 0.27371608184061 0.172356115824753 0.177010150343206 1 0.195326086903628 0.999995464198744 0.178534601948552 0.201352727886126 0.191913712914568 0.159829251387835 0.157450201694902 0.10338910517517 0.999317920752223 0.200642021856713 0.147853405169396 0.184110195991006 0.172552310588931 0.208578728475173 0.180983935217974 0.230006342395913 0.22997817627108 0.202865083488964 0.209306465000613 0.233541369176902
0.999998671623182 1 1 1 0.0920160772245142 0.126595879440731 0.0699641779078896 0.0650024294587912 0.134960654435177 1 0.0663241741261997 0.182132555458264 0.108989524031331 0.151963322822518 0.989422552146645 0.100081392382203 0.329769918851841 0.961867624006962 0.0882141931299215 1 0.133478231846512 0.142434781152659 0.0738248841636787 0.091447174308804 0.118986220039443 0.0772926083975187 0.114341602817849 0.102289366572337 0.106651534740715 0.0556609348176773
1 0.99999999657855 1 1 0.0985616246550756 0.252942101970804 0.0857936800740979 0.998853427117329 0.0719737495540104 0.098114209593541 1 0.130241818319131 0.991060171545817 0.118271579960933 0.103605951903615 0.0764386296006662 0.0713313578180654 0.117833266326471 0.0577295873104048 1 0.0849587841912176 0.0994526493119939 0.101653739711149 0.271718530332571 0.0782472012259029 0.0961371110079448 0.0630926608982985 0.0889235678852953 0.069874955866332 0.120580866024551
0.199398572001618 1 0.2501546952392 1 0.116479768851768 0.169967693983004 0.993297716480096 0.126721359422357 0.149062408803451 0.132189003981125 0.999906322951017 0.185315485888343 0.129748124988608 0.15728560426385 0.13791314144426 0.176316655452115 0.197333415679737 0.134712568731385 0.16543390589737 0.136074949499823 0.166062372416745 0.999999950877942 0.150591957072 0.14344804713708 0.137191242673798 0.146058532648239 0.193910929399489 1 0.190237502531263 0.164239978148806
0.999431584623437 1 1 1 0.0460493576477738 0.99999561545595 0.0536285792996978 0.625994701083214 0.0392501402855823 0.0211550435837504 0.0365346266577473 0.999999999999999 0.999999999304207 0.0661232562963237 0.0350712336397845 0.0886257882870793 0.0540478673065724 0.0397315439919642 0.0779580606861818 0.0271351815095169 0.0871552004890082 0.0651311423206061 0.9232487481703 0.107429561298682 0.0298823244645865 0.0336405814570281 0.999559673611557 0.04416135649638 0.0573325059970613 0.066194658951908
0.0411326590849336 1 1 1 0.0254016037523058 0.0233001510076615 0.0553184822705964 0.0295543522236679 0.0428985880327121 0.0831806906333866 0.055751552416058 0.0302777262592542 0.0284374058368924 0.0391236456186301 0.0540109033116067 0.0260208922543986 0.0353128443533004 0.97691147442595 0.0157143252965554 0.0198390926199673 0.0368787502010393 0.0321556710173884 0.0168673601795056 0.0261938869036137 0.0227938517097704 0.0298191307983046 0.0764702892676695 0.0916675715748756 0.0169828038216211 0.0265688447266162
1 0.999999999999996 0.999999931446969 1 0.0230172659727335 0.0161354292787568 0.0402475353164893 0.0237060605785342 0.0319412759390053 0.0312784096842058 0.99999023003048 0.0336931464078128 0.12715360099076 0.0238251772778849 0.0253193534385188 0.0258355856995823 0.0392095462405642 0.0296047268067277 0.0231025277701955 0.0324364482271169 0.0319623142258924 0.0265232815633445 0.0270770867260078 0.0284774109659881 0.965099935490254 0.0326316186129968 0.0179195721027789 0.0407632038367385 0.0325563001855167 0.0343206792167362
1 1 1 1 0.219704887082931 1 0.284106553383832 0.235441041877717 0.497360560706118 0.206571868196254 0.999988299970462 0.999929768303549 0.207535879689638 0.235770736443253 0.999999999999879 0.285831993537258 0.186513259872761 0.232388521270614 0.999534748086033 0.466051775370441 0.229754264989095 1 0.190495997640214 0.217609942093512 0.205672475725012 0.158492096284343 0.264524901533809 0.3086615247956 0.198773728148374 0.210175138113024
0.999999999604549 1 1 1 0.0214663254019294 0.0219748701387218 0.016310200671641 0.0137830893041531 0.0215755548396666 0.0207560035642649 0.0195261639378947 0.0191582602460043 0.0129431886762936 0.952969292113242 0.0298375410087786 0.0380350897415301 0.0159509471915065 0.01705183279421 0.0326512923764884 0.0191053247573548 0.994113760746364 0.017777436362913 0.0251608922300213 0.0119467082211323 0.0207439168964065 0.0186117828174431 0.0108129075062823 0.00989470629132894 0.0169761472888139 0.0690971909836144
0.999999547524909 0.999999999999826 1 1 0.999999999864843 0.02597992818951 0.0319491418509089 0.042037553319757 0.0276724422334504 0.0238381912808142 0.0181852925665501 0.0274222872260372 0.0301379280905271 0.0766023637481194 0.0607438457869981 0.0242152091853579 0.0285585316293969 0.0214526375034718 0.0382468948285463 0.0371103157431885 0.0268321574804219 0.0308450082821351 0.999927316913902 0.0304841710068059 0.0451538739580732 0.0594754016892765 0.0501186391323762 0.0277358135499757 0.0377633032751618 0.0311319492187502
0.133758931266878 1 1 1 0.1289227321944 0.999999960259986 0.168642131987278 0.144676628179931 0.999999999999753 0.137293119484993 0.176721105394285 0.154363698226059 0.115856613989391 0.168481591482858 0.999999999541299 0.115251780347828 0.15998165321278 0.99968461559265 0.0964071266385169 0.103394011339211 0.142462962999176 0.296431538275815 0.91669347036626 0.14065164548896 0.0941187403674029 0.145209047712365 0.149354898162862 0.151162743275533 0.156921621858828 0.154925315103337
0.987515158131249 1 1 1 0.0663011991595388 0.0291460016277442 0.0342618897474412 0.0401149278161381 0.0428049433645044 0.0393983458993903 0.0473739787700409 0.0544878552087882 0.99999997618389 0.0379964640125617 0.050078649883855 0.0747984176533778 0.0360211274821162 0.0292763584895916 0.997652895106048 0.0643693774881614 0.0444641193509079 0.0279089989809147 0.0479018782591065 0.0557918248433094 0.983823645646757 0.0498822612294577 0.0341565385730185 0.042130237017084 0.0777953832223089 0.0592790704139646
0.326445706597836 1 1 1 0.997882244853342 0.294775487285104 0.239773019284423 0.273947662520293 0.275689407147595 0.317434750608267 0.270967472266215 0.299903728387249 0.289571709837403 0.311051491755267 0.999903931604419 0.295651647723174 1 0.26992152432287 0.303068151902683 0.256589125985295 0.268647807511241 0.309443205179321 0.326232641231015 0.999994791645742 0.266679424346979 0.464111987513095 0.268429969567468 0.357032731442169 0.240206012255646 0.251123494482034
1 1 1 1 0.232026716498658 0.261975753346177 0.298301992145222 0.444502853566041 0.243579573782303 0.226324792841563 1 0.14467078161924 0.277249671211764 0.232144521217215 1 0.159363224160567 1 0.332942226663047 0.252933217306133 0.221445776920926 0.27192524921727 0.999999952580244 0.257646923737974 0.277549574523379 0.265859651608996 0.296527742247974 0.324767184536482 0.160894637055452 0.198855780748418 0.21844142208567
0.994148013246204 0.113754580527555 0.999999500748592 1 0.115890740514348 0.0825637634283178 0.10933378649598 0.110467085707442 0.131397658190197 0.999999999842276 1 0.999996318051526 0.125523542158806 0.999999982615986 0.0814043729346955 0.116165837657653 0.11146480212816 0.100639746195845 0.079352821622655 0.144267121534879 0.131828902418507 0.125448261956238 0.133500006560558 0.111447028565924 0.119262305176244 0.0698127443268683 0.102618831309615 0.179168063890422 0.121359327428827 0.0724070051940581
0.194323781755858 0.114235672419263 1 1 0.155733600205799 0.137417337934564 1 0.13738145315687 0.0745421407835265 0.097789760320754 0.0799111265856596 0.130694424839429 0.164462139056245 0.999763693746309 0.175304705916791 0.117208109145364 0.126925049656903 0.130508987854515 1 0.149684015216943 0.115044328435576 0.144558805767702 0.172808782498676 0.178859386972075 0.193173812696475 0.231558745310579 0.136267766321634 0.157952253360896 0.072922448093692 0.151929391956429
0.046827310038721 0.999999999999997 1 1 0.999999599332304 0.0604976320961481 0.0477874036189313 0.0366051884598528 0.0343354923364463 0.0476475642815137 0.987952980550818 0.0569103519312377 1 0.062655637024881 0.0375488470928058 0.0503228890955579 0.0470818552710928 0.106307000153429 1 0.0433478461930449 0.0456719454753243 0.0409264370440053 0.0471321281362956 0.999994724834372 0.0303193985955779 0.0519111118243215 0.0653371461684662 0.0771183673755012 0.0433739959425449 0.0830055673709834
0.999997835455009 1 1 1 0.987927460580059 0.0737668421739478 0.0546253555288848 0.999999999643747 0.0253749214964289 0.0283101525505818 0.0395541180059511 0.0392530475719803 0.0658557436444599 0.0822368040473318 0.0398569152069523 1 0.0538034187309917 1 0.0284997266015009 0.022162728074939 0.0333686783060968 0.0896288686180284 0.0404248988716404 0.0219834063909293 0.0713005015963681 0.0324528728932337 0.0470543386363503 0.0586061629926148 0.0356713978198028 0.999908958567956
0.921319563821041 1 1 1 0.125218764927496 0.0692384638359559 0.0685580984808708 0.0729450110086639 0.091814935310897 0.0922038667015918 0.119637018641852 0.0729252220771159 0.0704519266249743 0.069727587506171 0.123100814905783 0.0904246413202769 0.966698375741782 0.0750083040184142 0.0758240173279897 0.0714880201580432 0.0771003558307011 0.107425177936902 0.0500089561201834 0.068914494248744 0.0868065781434131 0.0379979984902291 0.101104006563218 0.0748148249634503 0.0654939975005834 0.058972760945131
0.999999997080849 0.999999986788536 1 1 0.0578562136250861 0.154780213731225 0.0431070114361175 0.0852400706190223 0.0522352412333971 0.999998613483864 0.999813835858962 0.100407383775317 0.0755459364157225 1 0.0709419016480979 0.0573721696589163 0.0573104727782195 0.0484442308461123 0.0645419458740092 0.0530563869985746 0.0912750018196327 0.0583162110895107 0.0739886394459195 0.0564090228506864 0.0698562814463041 0.0696982173900096 0.0606589370062474 0.0528375536067223 0.0695354804550309 0.0718615584269711
0.999999999914412 0.999999999988043 1 1 0.0150523066130358 0.0169350687807661 0.0191975129320927 0.0198435413223823 0.0265716617815989 0.0200167735670949 0.0289675788709546 0.0236997772395989 0.0129567808474736 0.0183126066872532 0.0158366627821378 0.0144236210292494 0.0156366542529008 0.0202298126177031 0.0286047331613583 0.0187245757267743 0.0161420118210251 0.0171176735392236 0.00791604248156996 0.0162469483976487 0.0222276051917536 0.999999998877784 0.0293673554261096 0.0155112553019232 0.0261346674236385 0.0182375201884318
0.603862800900276 0.226432215214366 1 1 0.284449665660066 0.329866714023384 0.382668156520074 0.241542126480403 0.258644627847168 1 0.265275024398776 0.208668063844137 0.252548058158742 0.255800624926792 0.2802170498313 0.964166732498001 0.311503936289641 0.220831356832797 0.317065521408813 0.262392116841976 0.238518978254174 0.998658478817709 0.278320965316868 0.190858000774666 0.213465039323497 0.235413614652569 0.2653375361733 0.200753887691953 0.196502975632996 0.184682657548484
0.998147064001389 1 1 1 0.125630521476442 0.0757428708210335 0.246904132507271 1 0.077747403297428 0.133773616070314 0.0895199786128252 0.181867269462328 0.12245682846138 0.125428721366481 0.0912373477775129 1 0.06971418135218 0.104440736356685 0.14165911837344 0.115920571246746 0.120640613732205 0.106575823199635 0.108225569118634 0.123950471240265 0.0759679273414889 0.144450489123719 0.182108489191428 0.147088634183114 0.180599037720896 0.0835165215122586
0.999944124246364 1 1 1 0.0339332636753343 0.0338218733172917 0.0498631905756662 0.0477255761107725 0.997517884847951 0.0912095017201102 0.0388865009664181 0.057138193157995 0.0304471267131434 0.998290824237045 0.0278426263567675 0.992930800535821 0.0511538298030201 0.0676577566185634 0.0413192344595027 1 0.0282232358947367 0.0559827269670209 0.0566354589016499 0.0458703431321665 0.987155829417363 0.0410962774138464 0.0423862627989747 0.049235876561161 0.0392659077901759 0.0472486142788877
0.0735545783165275 1 1 0.0613326113864197 0.181926113580259 0.049906736534812 1 0.0332954145637923 0.999999494652514 1 1 0.0555232380262394 0.0542588306904772 0.0358128913583746 0.0668463467015891 0.0690311801738167 1 0.0565584853011207 0.0686534013811666 0.999999999999999 0.0554033323941282 0.0664393664952831 0.0562821020308271 1 1 0.0392691219632196 0.0251222781603694 0.143897100435521 0.0386960995628608 0.999174544486796
1 0.977154369356071 1 1 0.0555763239628904 0.0366133541285544 0.0560445968579267 0.0551711720239384 0.0477083659748887 0.0565224445168842 0.0559198395186443 0.0531091460265504 0.0298723808113281 0.0489260763867067 0.0333828660169186 0.0656386618247998 0.0633489789431576 0.0575675961221954 0.0600423705428368 0.0700921969128165 0.0435499901031947 0.0674511151699422 0.999997161842112 0.0634321344456227 0.0461076536749824 0.0328044688011988 0.0661789846287946 0.0525980502422685 0.022784394476368 0.0638056878184841
0.999999635328347 1 1 1 0.0411004025508697 0.0114932887244771 0.045181974203484 0.0270951618170011 0.0633650172781272 0.0113734060653258 0.0264874360366315 0.0185818702132866 0.0138448848735644 0.020190683816892 0.0146776842972449 0.0107760703547035 0.0192317199336749 0.0121758815763938 0.0118204255734247 0.0133860497332652 0.0144973653214622 0.0138513398963256 0.0467016959314377 0.994412739547044 0.0114598758895109 0.0458007868277781 0.0141410647964815 0.00774329635795634 0.0164017553311059 0.0597179900029663
