0.270164469334368 1 1 1 0.355477667324147 0.304841338407058 0.322598349965709 0.353180293383839 1 0.261347581625604 0.249902200304924 0.280294472699722 0.207599551665198 0.268989671669132 0.352000179888924 0.395126064018748 0.36467440108759 0.995968317740329 0.776399787134819 0.281527538578605 0.999292584599953 0.21628453662974 0.9994909947815 0.433057094635788 0.342082811399123 0.349915254134521 1 0.317986524078175 0.287952429945985 0.290514244668107
1 1 1 1 0.999999999885383 0.999994155335387 0.0654161753324556 0.224062083516612 0.0832790140617268 1 0.0853844206084896 0.135911010451382 0.0855747986415908 0.127208986750532 0.116633691304835 0.12048277292069 1 0.108005209988858 0.999959968616036 0.17849004383231 0.999789159532089 1 0.102989464191489 0.14281400899296 0.0940137491316128 0.996451580703452 0.12871099264549 0.146880989417384 0.13057764085426 0.139454317533914
0.204918188332175 0.985421067336018 1 1 0.0650709171439335 0.999994970171328 0.0993289998041617 0.0746119388380426 0.107866715570058 0.0744445512371659 1 0.0646963835744326 0.0965397875856422 0.113363469967271 0.116930415344794 0.999999977657079 0.0555365083194732 0.0717151892703836 0.994422082674625 0.0739672949612503 0.0568144163835997 0.133644946340796 0.112540602234004 0.153181055522239 0.101506416273931 0.0762241564642849 0.374836279881564 0.0732640040595575 0.062383588053002 0.090594108527484
0.999999999999971 0.101338415626265 0.258409786103505 0.317389193760119 0.133480573489334 0.118891873599339 0.197592988452948 0.149050636115787 0.125183682060205 0.14367775305883 0.146115499398939 0.129293848724432 0.16099800457107 0.116585374139139 0.143372866078477 0.282850283064967 0.153599236516647 0.114241668400644 0.173578959466555 0.0957879668346487 0.188294927448158 0.174602947674377 0.106051808762709 0.110989641331877 0.18600327521029 0.133939155353858 0.17170887263064 0.177870657257665 0.999972292495594 0.177258745899136
1 0.999999999999998 1 1 0.0325807435032234 0.0241814203480416 0.020997569661564 0.0369950386432432 0.0361296395087219 0.0252537250628569 0.0317131918886662 0.0247381763036705 0.0166336047090725 0.0432060048975137 0.0189157695141972 0.0368856474541648 0.010194294426068 0.0184293123995666 0.999976943290751 0.0217862897315186 0.0578176572070973 0.925078220661678 0.0427069630031923 0.0176209366217966 0.969256794019851 0.0209493249500443 0.0243902338082574 0.0281301959972122 0.0252405294136 0.0184332732422456
1 1 0.667720189007461 1 0.326882851770163 0.244320261102466 0.442445336405266 0.421328975232307 0.430795785628993 0.372295185151315 0.999999999999998 0.35319221727103 0.303034961671224 0.494249255839346 0.440758834006216 1 0.256976019608914 0.438782238506852 0.614971520247338 0.33504318178741 0.419629342757798 0.430181696586908 1 0.998639499455919 0.295989714877382 0.43540769012811 0.366078975229693 0.310573310690188 0.579814006504032 0.499307485172328
1 0.105880499048992 1 1 0.0446334393654997 0.0715808945046567 0.0551113178908121 0.0583948679396131 0.056948453244397 0.0468015193087238 0.0628672267362114 0.0790710769120561 0.0795212066412242 0.0821469042384598 0.0651537926050563 0.0617156857705647 0.0536181588975935 0.0440145860520784 0.0726432368963265 1 0.0599765481704744 0.999635990203086 0.072697538480427 0.0699711696452173 0.071231926999105 0.122665502457595 0.0469850892863046 0.102900674289322 0.0586861126965363 0.0587029386756872
0.990772776344652 1 1 1 0.0159050258749545 1 0.00940038622724504 0.00794756509111361 0.999999999856419 0.0128209588650652 0.00584869663311638 0.0188908897181951 0.0169409287444123 0.0104783355301442 0.0116722533730143 0.0183538788121191 0.0111635355872286 0.0177284472486001 0.0118222964494696 0.00617922651571035 0.0116353907084057 0.00907821048498036 0.0140815542568279 0.0144179656284857 0.0103745094549631 0.0150389832911351 0.0533009075276629 0.0325472200190223 0.0129919281560869 0.0133631654683419
1 1 1 1 0.091054931869794 0.0786480429078141 0.0634569363018779 0.0832915996739162 0.0640238855107589 0.0991460107285139 0.0546535699717452 1 0.082585233132863 0.999967551998045 0.081088124901232 0.0694899074536555 0.0652089738080616 0.0596928070146835 0.0703958700226753 0.101503014179296 0.080385338107805 0.0746652292653271 0.0679482333169313 0.07185979343395 0.112715894259527 0.0809206957625124 0.0904281234602885 0.0720699840751861 1 0.999999968572483
0.984143076637374 1 1 1 0.140224736922279 0.154030880926195 1 0.139447014455167 0.989576081608032 0.155814886591613 0.134108556946833 0.104572842530276 0.191585790720317 1 0.138596615749445 0.100725293292542 1 0.120007853975026 0.186600129506427 0.0922570855047155 0.095719126236486 0.0929921308096728 0.233531886102003 0.0783049934392683 0.121433905320997 0.0990231046258891 0.136932539638105 0.152515053396659 0.527040384360415 0.139707354124642
0.999995106835353 1 1 1 0.126915671761772 0.0891149571605095 0.155316457323433 0.0947965331143967 0.100972600627775 0.186318210988196 0.137857251876337 0.265036764527707 0.0588725115228252 0.926579636449359 0.106942135636899 0.0749550016752587 0.151039076464106 0.0312166666688161 0.103441194393626 0.0897362263695927 0.106235471062322 0.0727973752868172 0.1896100504246 0.904834138715566 0.0862692705548121 0.219342877877418 0.089671638574657 0.0932097158369315 0.116347638337857 0.118262416142696
0.999586803381917 1 0.152443844629849 1 0.12933332927145 1 0.225685054102366 0.148008751934488 0.300936619312334 0.195350798015764 0.146231620597593 0.192057893133992 1 0.159083985672934 0.128880189254011 0.159757687555844 0.17263568572505 0.205036629480727 0.182086636949667 0.151388218419983 0.187753169964671 0.193850553673102 0.149651977479098 0.188576483970912 0.186297905420612 0.286853641727849 0.185086015934654 0.279721736583277 0.178705037846838 0.0931211534617852
0.233490631138501 1 1 0.322289427962802 0.19677364022703 0.213339744633765 0.265491069445068 0.280080552917167 1 0.209056784047929 1 1 0.223173188383228 1 0.207702206030973 0.214690213597026 1 0.249718381945669 0.290610896353663 0.185372344129659 0.283150225119388 0.226886310784644 0.236802488775738 0.275694584980891 0.233671964434611 0.252944736870763 0.288933060997381 0.16836910691238 0.277535382420825 1
1 1 1 1 0.148750338136755 1 0.9960959670762 0.110107416366975 0.0892759261796606 0.0878964057082879 0.134500710237693 0.142132206620721 0.0977440814026931 0.124627496924917 0.11227103979766 0.100440311350505 1 0.147541424870426 0.134378783769687 0.101548773121719 0.985542266914481 0.129624275693994 0.221116383436404 0.110316589868322 0.114389766628962 0.120780141987652 0.0748292148817541 0.114391937306962 0.0680621018483296 0.123163593905325
0.0872993422502431 1 1 1 0.102222138153619 0.069459375066568 0.205627179416471 0.108357484133111 0.0654283274999538 0.0744837060952818 0.107269348246979 0.111294267339196 0.0936463983725085 0.170148082004139 0.112758614894435 0.110727210285214 0.999828782183895 0.116481469883263 0.0983346286455918 0.0709212827369291 0.115184176768271 0.0829231610253185 1 1 0.0879251211993375 0.109210198896757 0.125913950325754 0.0777387177951757 0.109618765865657 0.0901879666818682
0.9999999999991 1 1 1 0.0413961588729344 0.999998632971485 0.0508900272163272 0.0410925503090771 0.0168384966840954 0.0331404486956908 0.0477547584248462 1 0.0376642055716127 0.0444470483488324 0.043966316448947 0.0775351846413174 0.0421335482042015 0.0404215228689555 0.0372875343192338 0.999887846132653 0.0328917133876834 0.101466615217283 0.0332084925561459 0.0347324772616078 0.963762548997691 0.0359368117368015 0.0481114115032435 0.0741330054134867 0.0441572142588522 0.10186933530092
1 1 1 1 0.11874804678328 0.999999999999991 0.999999893753936 0.077841954192045 0.0775474136220032 0.053903953867126 0.0694141485178431 0.0872428829937903 0.0729792665942821 0.135920289836146 0.066734821507534 0.99999956991812 1 0.112324684183736 0.0857593922648004 1 0.0816142012702287 0.088043801972568 0.0916711915058303 0.0715373201034207 0.0610702185698854 0.0929538237217915 0.108258293447641 0.0987888530380066 0.103114294125059 0.0399337886464851
0.108151478057342 0.114478358364072 0.999999991087119 1 0.132880655459909 0.130133866699121 0.999994082496452 1 0.17706478284246 0.0843436241907918 0.118207758579781 0.137430825575537 0.136888574978266 1 0.0851200019537665 0.108072745171433 0.190905495473863 0.101293514290554 0.0971438964143084 0.120657752828021 0.133594815336649 1 0.124361062322919 1 0.107110746039967 0.0889931883612134 0.113218871992651 0.313534628514309 0.999980337584755 0.0812868002477345
0.0596220020488613 1 1 1 0.0622156874925009 0.0745091821872215 0.0586576209033406 0.0488087250015863 0.0505162048249139 0.0335711890213914 0.037814821270208 0.0541143041057642 0.0410741603861516 0.0413758048773736 0.0313028067170336 0.999960381936984 0.0557966381459901 0.0402719608788689 0.0391018894672222 0.0706799930936205 0.0400024380031571 0.999785646741695 0.0778258438400619 0.0410895284461478 0.0390404843876975 0.0498388701234305 0.0593795262125834 0.0639715574410099 0.0590755305010972 0.0419309012291273
0.032081837394374 0.0335528233715461 1 1 0.999997985444244 0.064823484727047 0.0367509133280652 0.897793934953298 0.0331144128811667 0.029035518200304 0.0439932038933658 1 0.999999987166313 0.995118835180853 0.999999999560566 0.999999999998114 1 0.99973229122837 0.0436710065537155 0.046363476932937 0.0246929568345018 0.0354750369563109 0.999638725021927 0.0181010241043951 0.041277676894057 0.0430415332388355 0.030785105258283 0.0388153153888905 0.0471657710095258 0.0262693595996865
1 1 0.18075051455154 1 0.236048510063209 0.26901620159124 0.324584491542442 0.940557302093246 0.300406081570555 0.468276331439517 0.37299629831278 1 1 0.381669192298602 1 0.284093618169241 0.335657311907017 1 0.311809333960307 0.19715165113311 0.264364174376389 0.224422953336334 0.419350253967541 0.995551780044255 0.287429980934315 0.121941068307166 0.99958674547684 0.178056432725623 0.322478833444802 0.314659877166292
0.999756531535737 1 1 1 0.0216315026295646 0.0109613945657162 0.0101014419997565 0.0139581157349352 0.00941398120503745 0.0156945058671394 0.0104946013440028 0.0241661127092431 0.0127106068074168 0.00755766598346741 0.0148234082605205 0.0155253085072523 0.0105669657409294 0.0111785563881754 0.0129479591257537 0.0108528358237024 0.0162085680455364 0.0107464951248697 0.0205670487324044 0.0135793437681547 0.0181813401962043 0.0131167383430273 0.010038052338653 0.0115683113625453 0.0193572979328915 0.0134015725824391
0.999962355531603 0.999999999970941 1 1 0.123728202613132 0.110677558577243 1 0.165533073983529 0.168653772293186 0.164354598035405 0.110317369672401 0.0765096394975546 0.135172619041842 0.142850250775491 0.0888044003506558 0.998027362706452 0.571995731136693 0.993769053341601 0.133147920107581 0.101661563402403 1 0.131407158252552 0.222706137799228 0.246705709961772 0.158560256892463 0.310918578389671 0.114473236367478 0.183645560248133 0.134861997126624 0.105976696240426
0.120899583352749 1 1 1 0.0728412275531573 0.156441436080397 0.0830317684111674 0.999577252717206 0.0616212052774443 0.997432765698157 0.0642581514244518 0.0973455305367534 0.999999465044646 0.0671796560584698 0.079322460916064 0.999999999999853 0.0651543027420616 0.0710605164247744 0.091498728999774 0.095366713890604 0.124100066530553 0.0812721244217992 1 0.0896495290437258 0.999999933453026 0.0650590049306251 0.132272288701627 1 0.0448712380648744 0.0622501838535054
1 1 1 1 1 0.0823357399376381 0.14309432966643 0.124063169744229 0.113126040453526 0.221693825935547 0.999999999999816 0.0905644936838614 0.119447715384098 0.0975619760018741 0.141500881188178 0.999999999999999 0.158190810438403 0.999999999906244 0.124902024997114 0.11152439415597 0.0841393459095788 0.121765418331532 0.138714429721924 0.120198353920326 1 0.102643449221748 0.0593263895065457 1 0.999999997898818 0.105596369747703
1 1 1 1 0.146422493646665 0.0886666234558772 0.088522455321385 0.117079009288479 1 0.104678155818107 0.148145185726953 0.133319013679191 0.0873046122785539 0.0792442229439085 0.999999999996066 0.0923308913752935 0.0947225464304959 0.999991247186413 0.125962931926663 0.0902498742893669 0.11644240382139 0.0703332982601697 0.10620500398323 0.999980453205571 0.209974369247419 0.0720039909892075 0.0775807017145557 0.999962229561317 0.101390521840449 0.0845854910479511
0.999999999999999 0.0668185820246033 1 1 0.154400679469691 1 0.0834791508221693 0.0597016649118662 0.0720933249729244 0.0822839052862256 0.0931822524509118 0.0638473554256576 1 0.0573453459115784 0.0741377906609387 0.187711507685788 0.104264043757977 0.0645121092130737 1 0.0935029345849709 0.0744576706014344 0.0644808899236078 0.0921676827261062 0.08489921667865 1 0.99999985011081 1 0.0702272187625671 0.0820478934677009 0.0929545160323171
1 1 1 1 0.124605356315084 0.14031151933062 1 0.999999569916429 0.901286317286718 0.115619165893049 1 0.123345482174856 0.134690508259044 0.125834388434349 0.171164385477346 0.155083422690159 0.157252606746388 1 0.117685719360076 0.110574291668603 0.151209607809081 0.16708096493939 0.160451963081115 0.135162367330169 0.383765184190798 0.0945706720912078 0.149628573246069 0.118987667637964 0.129376898013697 0.11615127988454
0.0933128568581669 0.999999999999976 1 1 0.0974552995513501 1 0.115986923654676 0.106966303953924 0.0840352364362786 0.178973251398417 0.0851124307183074 0.0782067130051534 1 0.154265036770584 0.0883954177766553 1 1 0.0841642711591566 0.117570332426064 0.0792446979713229 0.0727931398708093 0.101628696366569 0.0716342762477292 0.0659741041583172 0.325905799604614 0.121886553821588 0.0990451055922222 0.0694681068956489 0.0738308476936383 0.157301914535292
1 1 1 1 0.939958367290554 0.23113441585902 1 0.124242199865535 0.233525532714423 0.253619535372295 0.114742217897714 0.138253165491963 0.193306430426221 0.170401683895366 0.185084306668193 0.21762078276473 0.222472695562801 0.277387604571595 0.143630975587108 0.132579402697838 0.131172074784345 0.125975109707011 0.201629071874753 0.224854257603838 0.164205579515206 0.146800970752951 0.180459025050883 0.12694815875959 0.166743407966545 0.15907896644679
0.353754866154204 0.308180625519394 1 1 0.29636410475854 1 0.265874087582779 0.375175713566477 1 0.274796734682927 0.245111333828476 0.275699334423172 0.994103000712802 1 0.266480638859055 0.248167864393329 1 0.246713976169956 0.997158986118828 0.375910127943678 0.280708563635302 0.264941656530901 0.401838137071775 0.259811930383182 0.975511840779437 0.285039091987614 0.292915683443809 0.31124270847113 0.304301377865613 0.315430337979121
0.467260341744018 1 0.298641700488722 0.238458228767984 0.343135745038158 0.42731296696537 0.4365565157447 0.386898779777144 0.246153985209751 0.290770622589656 0.999589342691309 0.203612409549153 0.252082389058137 0.410862446353183 0.478530531230314 0.323736955872642 0.394598793408587 0.305056493694061 0.285277842803077 0.31977343856637 0.322539957883628 0.305419785725626 0.342364470743295 0.233144734766012 0.292774650661399 0.324211567321243 0.232366782288423 1 0.304823830343119 0.303151570254416
0.050061350538351 1 1 1 0.0742893679231548 0.0587567724810513 0.999998812075281 0.999999960526718 1 0.999999986407723 1 0.983995418138776 1 0.0808126747013668 0.0572689696262182 0.999950046660205 0.0496127097524562 0.060673300914631 0.0631088214206365 0.0473213716362959 0.999999477634745 0.0616702378021959 0.0610599751828698 1 0.0461989030101005 0.0873968701124772 0.0685833115533655 0.0604414429270381 0.0423416678350613 0.998534779003223
0.999999999998653 1 1 1 0.0408502506062564 0.0467535759729297 0.0371464494671824 0.0476506699404784 0.0411051290025966 0.0571563256708655 0.0609063630023249 0.0372635954869213 0.0452555497799804 0.0443520230732791 0.0314693827603876 0.0439469410764475 0.0458990504043764 0.0323392244211403 0.0372927018174604 0.034229067572128 0.0483514444742871 0.0439981586908569 0.0691974502660881 0.0263487951427789 0.0407109398463842 0.0456513961580467 0.0472087251458029 0.0429533075367746 0.024149778365118 0.0475435531075443
1 1 1 1 0.150178464910966 0.795430315032796 0.117934589227367 0.196605828737852 0.176152267620301 0.286066641004182 0.17687960615477 1 0.137128954097863 0.209938046638797 0.176672957739018 0.159372690567756 0.996353186356221 0.160485971234752 0.194123066927413 0.158451788543311 0.14521129956614 0.1219641468703 0.131255649299479 0.139793812377627 0.175042421927332 1 0.999999999999997 0.204758592273967 0.184115500311624 0.997831501452922
0.194867403686916 1 1 1 0.147605337922519 0.185466880135674 0.168864437717249 0.206203982301083 0.217677228071902 0.174013156830212 0.164206738499835 0.134736938903033 0.168334277013583 0.963995587688844 0.43174450045275 0.186043063039451 0.134262430468895 0.177956963156515 0.19288233800934 0.991237529405659 0.999999995488461 0.359740808026858 0.165130738642003 0.16739834613863 0.999996044634882 0.185685144757456 0.133279285688319 1 0.193926292949151 0.220455405099513
1 0.0602373247402489 1 1 0.0474008383545383 0.0702965021556756 0.0710197276936706 0.0515826120113966 0.0469952416417413 0.0934861772829986 1 0.069234170495343 1 0.0777851824794904 0.0568104360977649 0.0468831163826676 0.0428349213671815 1 0.999991167359035 1 0.999994478189046 0.077762683770098 0.0613903616216795 0.0410431232365582 0.0570232546818579 0.0678734024479924 0.0527510414688233 0.05717811123516 0.0438972687649913 0.0451410288507176
0.988276531122387 0.959516222435892 1 1 0.169657326506654 0.999999564780631 0.127123239191128 1 0.454489418277284 0.151259187043007 0.121148709772043 0.952101651394054 0.190828534735521 1 0.166327716644034 0.138513593043624 0.124728480093712 0.160070221526773 0.153307284845248 0.192932119877257 0.0951927694356545 0.188787038296153 1 0.163348432633458 0.157855625924464 0.11196290240474 0.180593451375667 0.166868387146129 0.157491181418324 0.286353934301509
0.104885213589757 0.239929312361446 1 1 1 0.182791924311264 0.225474234964033 0.999997769270702 0.197249283347401 0.121685625075691 0.157114392670111 0.112574553401298 0.298747354571722 0.214326518771668 0.154520161767298 0.998654973190073 0.223250965506462 0.169045144121912 0.132491349966116 0.131475824114878 0.162029445038589 0.996898034885055 0.179851363023304 0.244248986207357 0.171954620845452 0.199030168784238 0.151525638348497 0.150998193133922 0.18445927464777 0.170151090482851
0.999994194913621 1 1 1 0.168117947553754 0.112878337323764 0.232889894436697 0.201263331788616 0.134828859612485 0.209209695867933 0.197116659580611 0.139552325340697 0.0837535503290353 1 0.147568168114552 0.143038185442015 0.16337129154077 0.153295271615178 0.228588771156456 0.250341190552593 0.102670543010874 0.103034779639209 0.159614951126285 0.132718399842606 0.130186219326614 0.218432294838644 0.250055451055674 0.200329873869882 0.164606186792115 0.115678321936082
1 1 1 1 0.0366719211469176 0.0927987440071707 0.0730608669366239 0.0737654076968464 0.0911494532539587 0.999978490522393 0.096209901467843 0.0440415952722204 0.999496490627826 0.0482984155540538 0.0533851045553524 0.0526633339630219 0.0756817980736703 0.0577506165357691 0.057422126558078 0.0435163360801196 1 0.0726281902950686 0.0409191767047827 0.0402485075019438 0.999997436103252 0.0569871797245651 0.0656723875888889 0.0566904984812658 0.0655907361485246 0.0541655577039072
0.108571310397957 1 1 1 0.157855302814418 0.255889439373903 0.24774598462365 0.156130643364878 0.199462737927903 0.211273851693715 1 0.274869882805948 0.163345261057871 0.156345354098146 0.166409929523705 0.182863145934608 0.158240700598395 0.152898292512778 0.999799470575328 0.16759729094375 0.250648432879565 0.112307041964717 0.140613866991426 0.180293869910188 0.190097668571111 0.156514936573603 0.1238407603339 0.143578863031023 0.162439780670825 0.281013721950456
1 0.999999967361771 1 1 0.0271499353614633 0.0351780147274481 0.041435011422786 0.0394034894606792 0.0263966277390293 0.0472997776275561 0.0301154008193285 0.035371544886231 0.0470578539126445 0.0370437028997576 0.0438486286887498 0.0578414539229781 0.0590308975641104 0.0386114880510049 0.0355092287304585 1 0.0303364649446815 0.0331795864534783 0.0443099019573254 0.0735762259117302 0.0433514864751979 0.0365615322608239 0.0733150471916315 0.0314580529298703 0.0319733205913625 0.033129529706307
0.999969050932193 0.146421348616688 1 1 0.281005702716961 0.127892994539639 0.107905183547885 1 0.114812802381404 0.122330456397972 0.337948505816316 1 0.126914789898797 0.102670165964763 0.163728315344848 0.120591441922426 0.0726304408292691 0.0889154598500566 0.185886619625918 0.120389433406154 0.121421913064829 0.115782995189349 0.378865318346666 0.132682748129669 0.133763022982091 0.150295577399464 0.163960177719379 0.142381023695125 0.132744629891795 0.183677963863398
0.148572123759862 1 1 1 0.18752903143356 0.203908013997436 0.997639923669228 0.210869549389845 0.235850635643514 0.151846656160687 0.999989323261786 0.243513242084659 1 0.102129511267798 0.230553626153095 0.395141783663156 0.143330587821718 0.212498376084806 0.234133274339318 0.19658595439534 0.18248758895023 0.199290993148295 0.150010364805378 0.382312450336987 0.174765350734006 0.226995592353514 0.0996658405761222 0.203543931902955 0.179993518573136 0.22690743636872
0.994721273133834 1 1 1 0.999986748494498 0.237064676761627 0.21341935742048 0.99902788966038 0.186491519204701 0.227201422618025 0.165497897289127 0.289556481792847 0.165386365287017 0.203372213220343 0.202102238969254 0.261927225692715 0.228229981020746 0.259887891336933 0.217312548515732 0.259585871249404 1 0.179885969357259 0.234559465976242 0.18337209310597 0.995798726631534 0.999831482474364 0.210712375419628 0.202365411184151 0.208989016322847 0.999986448215449
0.0366384862241893 1 1 1 0.127753927712569 0.0187664045569221 0.0354929086823227 0.999987818216586 0.0267145240682015 0.999179832664182 0.0253298345514007 0.0316457499267775 0.03048343476261 0.999991758095958 0.999999999997187 0.0349364106096328 0.0352264208879876 0.0228799703651468 0.0420356971998026 0.999977723046765 0.999996669478877 0.090361095771352 0.0314468000282817 0.0432838693533456 0.0350714090759023 0.0227600883313345 0.0232784745799823 0.059991902721605 0.0369165912803442 0.0439783308448233
0.0328398668849657 1 1 1 0.0178873052044348 0.0249580033105664 0.0230103317370346 0.0232995445283868 0.0218525505857212 0.0459207103181557 0.028639740642353 0.0217258039568986 0.0259413013994743 0.999999996836386 0.0324998740603532 0.0339016614634025 0.0203419707063653 0.0431158036823843 0.106916464766663 0.0356919403583631 0.0256714445543585 0.0206193716370648 0.0210751972926382 0.0438740141182246 0.0235812442585859 0.026626294385964 0.0422408367644359 0.0226525377343436 0.0225989967572843 0.0242287840105593
0.988931438653442 1 1 1 0.159431232400454 0.216039580038594 0.0998560108473973 0.157938422694323 0.278679293850537 0.17314348056839 1 0.0797282671534054 0.197129663114568 0.185458013398355 0.151576106842747 0.102317589321085 0.160333071598031 0.155629807062651 0.134700637364786 0.180902441483195 0.139497297990013 0.146041921496144 0.971474534398187 0.127858761478416 0.0845705639802993 0.174079791926464 0.0853639515060992 0.179327570729534 0.104092892942757 1
0.267317944946096 0.235570609346147 1 1 0.295928897276371 0.238927630589987 0.396365277129075 1 0.286153489941973 0.210105607321272 0.175656987713781 1 0.138766262023966 0.292119472836177 0.2080955368686 0.270343402189372 0.216494107441836 0.143095810732502 0.220512325943011 0.207633994794232 0.19960956812146 0.186946854639359 1 0.999985080975821 0.138927704993214 0.204059065790475 0.212327091770964 0.144908808986473 0.999999999999012 0.193282173651672
1 1 0.0937652150627133 1 0.979640620023642 0.11059331658097 0.0999523981073104 0.114175950608505 0.213960357703027 0.148108161525548 0.079435763136574 0.121336984031924 0.881108948728385 0.139617808664824 0.297273752347735 0.139947041947823 0.99999957325462 0.142483165481092 0.114552842239296 0.119081432642793 0.137772980209893 0.177831937958833 0.127859267415967 0.140339946596086 0.133551319544712 0.999324988045316 0.099577254515995 0.171610791969926 0.150455054997584 0.0749985179694309
1 0.107515399798944 1 1 0.0452688772938001 0.0949960008787 0.0557794085111253 0.0990570187091835 0.0629214594611797 0.0361400459116841 0.0550636298981065 0.999999973060854 0.0328963853032379 0.999999958422881 0.0412663396730172 0.103799462459347 0.0546866211992503 1 0.0589975021092481 0.0511658019057449 0.995913042090008 0.0749914619875949 0.142357990247728 0.999999999999999 0.031334912271117 0.0428501747063453 0.0542603400815925 0.0376222732946651 0.0331324193093854 0.060669868524784
0.999167961823466 1 1 1 0.0838794372543665 0.0475192916054872 0.0278544585593145 0.0751971075523464 0.0391701070285982 0.0321572928099143 0.0432977973784291 0.0675481270458683 0.0448060366717614 0.999999935744276 0.0800042425624395 0.0484549696475244 0.0371932065945111 0.0651766386936051 0.105802513959486 0.999999999999668 0.0425015835264433 0.0276970734700496 0.0540198086800734 0.032043453312079 1 0.0552763103436406 0.0586636252780457 0.0415327611574439 0.0387242984438123 0.999151081553128
1 0.289989148993696 1 1 0.280981076999268 0.368639606621294 0.414120199109071 0.334611175274171 0.308246732259398 0.363462963527188 0.397981654336605 0.218779882440851 0.255233670187202 0.253679529780374 0.249645248027976 0.466079748173017 0.370667966704614 0.2609273759887 0.199049015804395 0.303901673234249 0.279256286267647 0.466545018924945 1 0.275375609171712 0.302259339768349 0.299306738781864 0.317582105755561 0.269789378106768 0.288775257261003 0.278855537661768
1 1 1 1 0.173500277281791 0.65909683817303 0.112721227125769 0.144203048781277 0.156416913401541 0.124004539420707 0.224885348284764 0.143997063968404 0.113542188218668 0.15415496657982 0.204422845381415 0.164471700864423 0.15243745572889 0.999925580809172 0.221448816300972 0.980620117591365 0.121288073821999 0.207737390094365 0.882113903657019 0.124862767769393 0.173865285950566 0.17478362210454 0.146432520848502 0.158122387803414 0.182334141633987 0.108804089197845
0.990000872488186 0.5685708793988 1 1 0.153497868314629 0.966777426888254 0.213831103617362 0.33132768891756 0.240219602467889 0.204778935405833 0.137899779453636 0.733460070782475 0.975924722496786 1 0.145136996340004 0.987728358821018 0.140286470831626 0.113877307520595 0.235523225523558 0.183757649973879 0.999996648934462 0.14079163759078 0.17388968631431 0.0999883409284694 0.183177454764886 0.128416121750853 0.139612549048963 0.999882768971356 0.274975383668688 0.145381167842063
0.0785854545195442 0.152078314727407 1 1 0.162771463155586 0.147567673564232 1 0.08439181549174 0.113425889314037 0.0841090101108235 0.137507856205611 0.999999997444165 0.091358729031403 0.125601158139896 1 0.0583282641717668 0.140674597363316 0.0995801033030564 0.0804047269927349 0.13922181057048 0.0815789329347182 0.987136386875412 0.0790732989092084 0.0797162459695697 0.0982047266111169 0.0862339827526702 0.091885684524396 0.0622918944727174 0.0939775169176182 0.279086491750614
1 0.106957908502967 1 1 0.142155164094891 1 1 0.146042888500289 0.999761937181634 0.163797578510408 0.187610614506505 0.123840639643101 0.096393303582349 0.137327983700111 0.156571097790858 0.14770395930699 1 1 1 0.151655981723199 0.165754322726021 0.107243217086411 0.121553536977337 0.157778579823852 0.124917312712626 0.148084195540542 0.135747339970368 0.10522497512777 0.164844195187814 0.175460677705023
0.999999996175074 0.999999999999981 1 1 0.0913743316350986 0.236048462065295 0.0565250399035021 0.188590130633385 0.0823323823817299 0.117586945121568 0.0539186457106858 0.145789216100097 0.0492350942183712 0.0719219552263261 0.99383710445653 0.0823856464134926 0.0581753674649942 0.104191191318285 0.999982077785828 0.0748652495878742 0.0653201978649945 0.108574021555571 0.071808628145089 0.118573527515168 0.0317578490431939 0.0754028410511672 0.0413779712411776 1 0.859504493362797 0.985498655481795
0.999999976992613 0.245908608167259 1 1 0.18993822686467 0.143647572482011 0.20912868688792 0.164512754891893 1 0.0926603305802181 0.16516916245752 1 0.177290084187744 0.999988172799507 1 0.125608873090883 0.133035699387025 0.163955005855609 0.120521923396538 0.139623608818072 0.18740044255229 0.176623314032087 1 1 0.183303009768392 0.116460197967715 0.3164573815364 0.188650150506831 0.141020970682709 0.999999999998659
0.212709187976148 0.946020896040823 1 1 0.999999999999986 1 0.99813493193252 0.182781781344085 0.179020201302017 0.191241696713332 0.150612491658549 0.177596017227041 0.216619533450971 0.279986765180675 0.17792780074444 0.167235947368973 0.166395581275326 0.124247985977105 0.181463596906763 0.193172219188163 0.119432156175388 0.173687830651119 0.198957187485583 0.979593410595061 0.168421547356228 0.137803005121825 0.204393390498667 0.307013779880324 0.206310734332001 0.334206789779673
0.242523821616348 0.254002412619152 1 1 0.280972825871899 0.233300354729507 0.999994736791632 0.337695395579071 0.23135906001651 0.173490228333459 0.241240815755374 0.197795918563843 0.270812337101005 0.258734341230018 0.200249586173471 0.248849640711707 0.259570313009891 0.255551052638368 1 0.175480794174515 0.215351702667649 0.222887374736149 0.23588036841458 0.287888995874678 0.250759510229885 1 1 0.25181107974899 0.175446188634289 0.256779923848949
1 1 1 1 0.0155101127732743 0.00833474972878989 0.00877355205776842 0.0181205895955809 0.00906864657098738 0.00891338827676047 0.00811953153063505 0.918745578422872 1 0.0129590533752468 0.0118919300607984 0.0107683887415918 0.0073831650280991 0.00872090185658259 0.00990254441497462 0.0133910904655877 0.0178573820543162 0.00919276739316888 0.0151374747603874 0.0185775427536172 0.00552053556522925 0.999999988395174 1 0.0315934209657475 0.0318168086528613 0.00808610570117874
1 1 1 1 1 0.0582943140820478 0.0271667436520125 0.0298783108451699 0.0306766816166385 1 0.999999894236558 0.0512591505022717 0.999999226897315 0.030887463784129 1 0.0239713383434186 0.0209190471563792 0.0262339855404963 0.0284214548758718 1 0.0404747843677256 0.0740833908337545 0.037492129946032 0.0284746168912411 0.999999969648454 0.0355103878439845 0.0475940353590297 0.028472135050618 0.024816348651224 0.109765132721331
1 1 1 1 0.0970504448413438 0.0446808547335703 0.054794338711572 0.087662895121335 0.0706388675375196 0.0720322109465243 0.0691728010241378 0.0820455538655588 0.126813195489385 0.081625757404719 0.0711211674685435 0.108970277697937 0.118809953098546 0.0464957079270406 0.0575877100819204 0.253844561293527 0.0790222129010895 0.0736662022678677 0.069833891075343 0.0832420760735447 0.0790606396514463 0.0643704641221965 0.0592158162169021 0.0770853721850767 0.0823299223213573 0.0758769246456514
0.999831332600051 1 1 1 0.100336996407187 1 0.120135085403066 0.0957966033353508 0.115068581394192 0.108100345717023 0.123780842628765 0.123054201266332 0.110268211449863 0.120886302885118 0.139200260372544 0.103585796828299 0.0985918317708996 0.106564536465209 0.243472176551007 0.103323773010723 0.135298125542067 0.119855811427455 0.999995118124451 0.117411950083998 0.91566878666988 0.999999999999952 0.09757381587584 0.13844447327311 1 0.0926521488554297
0.0565866535258822 1 1 1 0.999999999965126 0.0569247673541933 0.0850044499807908 0.0815054731719425 0.111398306007947 0.0776457164468609 0.0611492267399081 1 0.0669130646562258 0.999999999999889 0.0758459236159763 0.0602666473284961 0.1050608623308 0.0624469496280669 0.0681179237757175 0.252448791690301 0.0814194943745368 1 0.057157780479708 0.0610772176677201 0.117272818874367 0.0555804975618651 0.273979618132696 1 0.184706137538314 0.0445605685591453
0.0813931327550518 0.999998945496846 1 1 0.0319749782830803 0.102009896873386 0.0222923423137943 0.0721050321803465 0.992739638834339 0.999978464474705 0.0352157740549658 0.999999999448136 0.0400418576074483 0.0450789560817747 0.0229991882061374 0.999900243307914 0.0403713925604852 0.0639189087288023 0.999999998625826 0.0446756181901304 0.0409983651275744 0.0400562339270991 0.0421259500895191 0.0453519610622695 0.0421085745531119 0.0366237835818445 0.0311606876929771 0.162012948396841 0.029539817021633 0.0577869613036901
0.999994378693788 1 1 1 0.0410920396751014 0.999999999998912 0.0339274324973895 0.0356830219289704 0.0256999419121999 0.078262124783379 0.0444454256018242 0.0325135190008313 0.0380893116815916 0.0252717169741932 0.0360401099401667 0.0236682099916272 0.0397347023658039 0.0716815385070479 0.0221887456470977 0.0289805725666048 0.0328154244744925 0.0221658393204621 0.0427979680836732 0.0242994793053435 0.0308466717051301 0.0334480302373348 0.999999146641535 0.0591387990011362 0.027977211399042 0.0423368655327718
0.999999999477141 0.999999999976009 0.207480867175623 1 0.0990765407902022 0.999999999881791 0.0674790485474274 0.0728848213358327 0.0930040082466892 0.103063955301952 0.125530353978817 0.166630879486111 0.0558207880052066 0.998956942520226 0.0693597494514629 0.0824852984957475 0.0474241186605862 0.0673434464098649 1 0.112933412829115 0.0754547074808752 0.0824344724802827 0.0698984797299529 0.0709751819657509 1 0.0589018101817512 0.985550680913246 0.0739376393591847 1 0.101912115298235
0.999999982954197 1 1 1 0.0417830772186151 0.0248222779553989 0.0293517385074469 0.019561024203485 0.0296245874159383 0.0660713416715746 0.023437329411678 0.00883529577576858 0.0255860923654662 0.0187965258813299 0.999999999999837 0.0344029028471753 0.026703694023354 0.0143712038938895 0.972240597778387 0.0254550892686819 0.0359384920370404 0.0327004324350881 0.0157782851203487 0.0545043759373998 0.0352588378968571 0.0296198549683293 0.0393546490806115 0.0169915392530885 0.0449897096747206 0.0219406237445702
0.0326288834595624 1 0.999999999999423 1 0.0287499009227412 0.999967719075746 0.0466634840049037 0.0455094195456508 0.0609039897311004 0.0593150365673508 0.0356209981312047 0.0368815865504877 0.161769072579847 0.0304460474393126 0.0577572215385241 1 0.999999999972174 0.0429836698506294 0.035390481149033 0.0321292412813329 0.0321308517645945 0.0410706726517799 0.0670695566661693 0.999956654111012 0.999869033056833 0.0289424793018394 0.0606040250214421 0.0333155018853711 1 0.0396430832220326
0.999952596354074 0.999999999996731 1 1 0.0086343243220014 0.0121236108198903 0.0153224441126847 0.00932541425445177 0.00987096526209919 0.0103882738009683 0.0116025413509216 0.0164700592502616 0.0327283903966615 0.0537447082941215 0.0174324004953638 0.0140095831310584 0.00753822578259056 0.0145945540698459 0.0164358437103997 0.0138648880860597 0.0189668259605108 0.0126829184297509 0.0149429236934034 0.0176228462351132 0.0111310833843066 0.999999999998479 0.00713268213984564 0.0435434239647244 0.0142579546565101 0.0130675142773611
1 0.0600134714212079 1 1 1 0.0585390722732619 0.17484098887415 0.144787064199929 0.100518992271968 1 0.0536234984732573 0.131989300563715 0.149945675557785 0.102133455608287 0.127065475144868 0.0918308266425836 0.999999999999528 0.0479833141377038 0.0694753846304323 0.0545397606339119 0.10593149609714 0.999999999926171 0.0985003514735265 0.0797222853544857 0.160498993912065 0.210894636359631 1 1 0.0892509183257474 0.0549934826252789
0.17082616826763 0.145573651530256 1 1 0.122288374962491 1 0.0568148598728369 0.13990272087229 0.999341514345222 0.059017613196534 0.0900359088214299 0.148090677563537 0.0902484557517965 1 0.111388571123158 0.101236012449647 0.106843670311344 0.0814574920105663 0.110437094266432 0.0866034445285319 0.0851371276282193 0.0910743484468174 0.136653330703487 0.136329629420217 0.112383883408292 0.0858449150007222 0.124133522073864 0.0977777975965458 0.0918555597013951 0.16270450631435
1 0.288809834702675 1 1 0.488840852438233 0.315491838832492 0.313217593825094 0.473563435512906 0.313153811075729 0.323057020385822 0.253039452256399 0.309918864094665 0.34455635567304 0.297690168046254 0.259970920338304 0.247950538821008 0.208657405113597 0.287770528032174 0.999852767775513 0.244550122057058 1 0.283051702760884 1 0.283078011467128 0.199404297658808 0.260447809936211 1 0.209262930816474 1 0.319309133458266
0.113513317078675 1 1 1 1 1 0.068833821856738 0.999999999980572 0.118273540033204 0.0721333436245902 0.159564025316705 0.106837295972872 0.0852786442228091 0.1444696256148 0.143043580083722 0.999786966971893 0.124934656675498 0.127878110986533 0.138295944448958 0.124878999182187 0.148600375143566 0.999866059268586 1 0.145367468292299 0.119472933210262 0.191307502611119 0.123713520853672 0.121668102622737 0.127666575693819 0.106799121135316
0.0950411588923775 1 1 1 0.124787277396965 1 0.0784287218402506 0.0898110171489138 0.0791372972363961 0.948710115373922 0.0964040922598627 0.0718984980394674 0.0864131591033204 0.0798709087798393 1 1 0.0639230739993608 0.111387452206951 0.0747594159138674 0.0948929428661123 0.0826919367580139 0.0776057601607673 0.129786675491394 1 0.119507742564216 0.104572271860475 0.110526999003399 0.0832871855740756 0.0641388454486642 0.0791948624879366
1 0.999999997817819 1 1 0.999985352266848 0.246489707318231 0.170567763119594 0.204481529003278 0.231461021068503 0.142280724014202 0.15735752753957 0.167674076934316 0.20010174238485 0.188024001756469 0.180461980627928 0.999999999999855 0.133597791953591 0.30490263755351 0.14619421543738 0.187322344296712 1 0.206358906973853 0.237404137068479 0.127048886610435 0.160797462931372 0.255049295931136 0.159352572675086 0.187715731719389 0.256784427705406 1
0.240488251712356 0.256860597871463 1 1 0.234613903184572 0.203027467589162 0.172814890001738 0.213694552236663 0.223157919363233 0.185646751095449 0.167047990277413 0.416565784621993 1 0.126651772680363 0.27225329038451 0.996799768173386 0.986291206751043 0.224132382348309 0.219180307994558 0.236264457736988 0.220131496270632 1 0.161416693973987 0.227478428869227 0.236733917934891 0.23340899367346 1 0.127359980700808 1 0.233806321385117
0.0187614990802523 0.999999943079297 1 1 0.0445840455904227 0.0172430302315193 0.0412178737498676 0.024181183238542 0.0123398337629256 0.0253193713061678 0.0266317792521686 1 0.0436673601793909 0.02676227337349 0.0322489347129944 0.0232743247635573 0.0118909929848559 0.0233966657060534 0.0217700868268066 0.0125825591610853 0.027410141362581 0.0556766135428579 0.0394420091849242 0.0285832962388574 0.0408696791062481 0.9996265481559 0.0168891557608233 0.0271896729399125 0.0249777340715331 0.0171678744714021
0.214586328621144 1 1 1 0.236305763759417 0.160621461339209 0.236467624161858 0.265655345363053 0.218128365018005 0.17671561326787 0.283188389504338 0.2811243320269 0.231545321776672 0.191431533525654 0.222209494031048 0.999697267834129 1 0.21878881418493 0.319402242538031 0.298169278072223 0.234044313604639 0.259401054622847 0.235814689092034 0.259129018010736 0.243127870167898 0.200694795443397 0.999972940179842 0.215475437028699 0.326623867072969 0.19137436530696
0.161215635917467 1 1 1 0.154713578417635 1 0.999999999995437 0.999987374872499 0.113223014508624 1 0.1214345898099 0.179992230721854 0.22109749418181 0.176866282829903 0.137410910588257 0.212137800400634 0.0941787834758956 0.130371688018714 0.135373339656283 0.999999999999981 0.0971368642685727 0.164364223383364 0.130673347769983 0.141599781016712 0.225936975427898 0.161975254581933 0.999999903265952 0.129074867535999 0.183818618010618 0.245419481886359
0.241749392884189 1 1 1 0.150040539469538 0.137743816684798 0.127396587345275 0.999999999993143 0.12924339392697 0.158730457755802 0.12562200078335 0.223395536343556 0.161720154167494 0.109300036991965 0.999911063105923 0.141248912680697 0.108564136216477 1 0.175512642837246 0.115537255271873 0.154534291812405 0.175561084535081 0.207110652348804 0.14768061724433 0.103032433612215 0.211495082159294 0.193262087315431 0.997377692360024 0.999993841280988 0.165741137360384
1 0.181000291201448 1 1 0.236861753066109 0.240476209101926 1 1 0.194045814121308 0.139931551396063 0.999999988644773 0.999999999998582 1 0.231699361553819 0.203536218674143 0.265229495579856 0.453921883944248 0.30745976108023 0.184632711507604 0.176317281471303 0.228856648611514 0.196954928060633 0.192069231334514 0.554933793142518 0.221057372757842 0.171558098360021 0.291120855232774 1 0.342340893080508 0.222589933107392
0.224555469003418 0.228216044165254 1 1 0.204263699636279 0.191648555910377 0.305999706094192 0.211264534408111 0.227581933596491 0.18939059782402 1 0.117376775259703 0.108231025834291 0.143992051299391 0.185672125519489 0.13921310737084 0.211733142705948 0.999999999611919 0.999999999999995 0.461695034912252 0.187883245945872 0.265242010688752 0.230312103079826 0.201222040337415 1 0.190343592785527 0.19804781589138 0.102856106957483 0.20670655061594 0.995675657017126
0.993682084219637 0.999999667533463 1 1 0.995278975283316 0.0392720796534484 1 0.999783532041323 0.999542469722132 0.0724762040937229 0.0681427758477176 0.0456408992408258 0.0628493637266987 0.999904770798156 0.082689669677688 0.0794506703079252 0.0554947597870613 0.0905094056086915 0.0841873637087808 0.110572741832401 0.0604645719034909 0.0814518061470595 0.0680181086433714 0.0849004293870255 0.127227793287518 0.0396867956482804 0.0719743590887969 0.0638690645482662 0.0963437507197733 0.0742730283853159
1 1 1 1 0.150636663698061 0.122965865040807 0.999999999999975 0.348286481025164 1 1 0.133573602217875 0.116172219112447 0.144109918032626 0.116233275874203 0.155647104654854 0.224760436752331 0.153105820490438 0.107175237414146 0.17750902286216 0.104662624259472 0.998746839657235 1 0.154710761433609 0.138472138249617 0.114855746604968 0.317487891792336 0.126208316692384 0.112850642144014 0.999718214319385 0.150985869917893
1 0.18907769640372 1 1 1 0.333629595245121 0.161662072046561 0.204698727254918 0.202501960481573 0.187681664868677 0.193742709115527 0.174467590746065 0.150312507972765 0.222146700285343 0.18348388522438 0.216939946660756 0.175124614903105 0.301127547187309 0.99999808125489 0.184425651002916 0.994574602809823 0.127514054713273 0.166255948582756 0.936298557209908 0.215792435878152 0.18147428022715 0.996596479124998 0.18324970770339 0.149740485716391 0.16692868310878
1 1 1 1 0.222471827861461 0.170625796855256 1 0.130431208192352 0.171888567897798 0.212451238741456 0.108376491301571 0.266625989869536 0.239462725815705 0.0944971541627309 0.134574547058664 0.211338790977986 1 0.203143129845014 0.45230760210533 0.158006146340213 0.213755957028903 0.248062423243336 0.119480560598096 0.12659734479073 0.13949976841476 0.186873902098577 0.136943367803661 0.257294886937881 0.197426048343873 0.202774560001895
0.173859363052387 1 1 1 0.158812875780367 0.211451401475328 0.143051762616123 0.160354687578709 0.128102757910346 0.107510997066317 0.170007140539374 0.126945176547945 0.999994100297783 0.180200408634948 0.242019463980477 0.214374053272833 1 0.910472461052594 0.109149658474197 0.278543810007736 0.217497355011941 0.986606763922845 0.146207692996111 0.127115731143115 0.190300906376575 0.234152189193472 0.19254927040403 0.146160937127268 0.201232625968215 0.134414064475401
1 1 0.0918054767006561 1 0.035928543927389 1 0.0734884568508206 0.0719281367654682 0.068869879312029 0.069267546219148 0.999999999966659 0.0804662568304528 0.0553381570918825 0.0502149245381026 0.0513631180303801 0.0653857712287192 0.999999999999999 0.0527650166566145 0.0534932310991744 0.0585592725956403 0.999999707699568 1 0.0677064817484311 0.060559898537946 0.122292090080579 0.0690063826768952 0.0665860126312453 0.98258869362448 0.999784262662643 0.0388439605188775
0.177136108897871 1 1 1 1 0.0485833108116779 0.979282187802917 0.0583748729353151 0.0715118753555334 0.0889602582519807 0.104170970486607 0.984467599961127 0.0831443887130489 1 0.114212853584074 0.0885422842236875 0.10459173432326 0.0902954090808412 0.0797459390745047 0.0624578980690207 0.0364597804977143 1 0.0539178052564028 0.115334629588701 0.0795713466212616 0.0755413330114116 0.121229829213777 0.13413562884961 0.0476023774195342 0.103991072781746
0.999968897280291 1 1 0.322928831882957 0.885735394357719 0.249550533510901 0.943469626699475 0.293750041684567 1 0.242133726583671 1 0.218929010678714 0.27322373881345 0.291955054378177 0.30054968577696 0.28927936210847 0.317672617789392 0.303514714330232 0.265449574007473 0.323956153486283 0.285411834056845 0.304827844029144 0.362976827423128 0.999999999999989 0.229777085162522 0.253773380934551 0.205117116173301 0.309761224020324 0.237442630932091 0.396604642701213
1 1 1 1 0.26874835332691 0.212766298669164 0.999999999850491 0.686119916687378 0.158115227913591 0.999999999999755 0.19100645476216 0.18089483637867 0.170427045311838 0.173169631255994 0.196030893760895 0.183204099859004 0.530281038545533 0.235123614318592 0.403812470130557 0.151071378336964 0.245223023610566 0.175318390057732 0.369060991880416 0.999682595569106 0.167993221450951 0.172659523712888 1 0.287484690030462 0.363405147240845 1
0.091754465788955 0.999157584644105 1 0.124027371380817 0.103313724480703 0.139051713356889 0.123806695700047 0.0951547962924502 0.151828651865799 0.103992117603256 0.141349527585083 0.133592865242694 0.138627976509617 0.999886621209557 1 0.109607323972603 0.105141748739365 0.0887114610088094 0.112102000965946 0.0911497912351997 0.111656959165436 0.0845979749666833 0.123946888708331 0.102431182830919 0.102617181133875 0.146830802332941 0.127984581684152 0.110774974917361 0.0852048803820559 0.999941603436275
0.998984837962356 1 1 1 0.999999999999996 0.988916400037853 0.096175070018699 0.0563861667917483 1 0.0308330844968853 0.053140947210215 0.999999431432372 0.0709115200856546 0.0524782256886716 0.0512892011382678 0.0667159657440103 0.0764447125051821 0.999997656966569 0.0813757657042476 0.0599821714260156 0.0902960576999138 0.0725383457474166 0.0721361091438636 0.0368937311637278 0.0667256901827127 0.0499092463355186 0.0327773049832706 0.0555819080332688 0.0628926908686357 0.0357137053873476
0.243241963505143 0.960158693591609 1 1 0.158843461573735 0.252175258359407 0.211471078232556 0.978003955387772 0.194403457128072 0.290891747267498 0.203326536788764 1 1 0.203976491981897 0.261577673930721 0.147547228151237 0.311397411437365 1 0.240007049498059 0.275827689181198 0.301436119518609 0.243474574251021 0.186280122895271 0.217913460380797 0.352605811840006 1 0.300081068466993 0.216851629993834 0.211798750490952 0.201429858674891
1 1 1 1 0.0239757218884463 0.0167642850560648 0.0130485237818497 0.0229361514870788 0.0137192713972973 0.0224918656202338 0.0812283632215886 0.0172503145992221 0.0122920265111522 0.0129691946265243 0.0466928746493449 0.0142035081546176 0.0179883762659023 0.0181516587100007 0.0580380746280351 0.0180723532575393 0.0172791151699488 0.999999999854547 0.0537123053105049 0.0313634383301648 0.0146881499415547 0.0329139051100927 0.0240951652731277 0.0530081362446069 0.999999999999935 0.0121090881456387
0.0547769156194595 1 1 1 0.0226417357092522 0.0308071388968775 0.119770924526159 0.0308015777756446 0.0545110727652169 0.0474974597448544 0.0154708560849224 0.0289964893310058 0.025342193566752 0.040394211067502 0.999999998285979 0.932973416663833 0.0943101503040366 0.0274717851155341 0.999999997709447 0.0246408804388702 0.028629873724382 0.0305492349996572 0.0383450926897247 0.0509795912908941 0.0254452748695957 0.0292822661503158 0.0267200665094405 0.0236492899194858 0.999999858114381 0.0492888543941061
1 1 1 1 0.143339397120894 0.092874747432053 1 0.154666936816118 0.217957655348815 0.204934339581121 0.999999988716737 0.146890040886896 0.999958683158671 0.191188116206631 0.140635444835994 0.136722103619686 0.152052986628056 0.185752496352612 0.109508815980803 0.232169372339529 0.167212922749157 0.238143304439032 0.147818321570934 0.106223199225336 0.136322102409222 0.261084569924063 0.212170287564836 0.225716406588833 1 0.175564915473441
1 1 1 1 0.137029909775928 1 0.99999873121215 0.13483125496929 1 0.142628547033854 0.999511706346909 0.129479956373632 0.957869720332496 0.118632085154494 0.135124863709543 0.192857814895038 0.190383328731405 0.0987158195181312 0.133990651249832 1 0.124598337877541 0.117708637550784 0.147806330222701 0.133405029711194 0.116230947214287 0.146841722025312 0.12523700596329 0.152984071745307 0.112156347097578 0.117626561947553
1 0.999999999228249 1 1 0.0418513323794223 0.0895091918105297 0.0635143488210026 0.0446161174068956 0.999765660862004 0.0458318988323775 0.0735932665958828 0.0527301814422038 0.0500726855714095 0.0456746849130302 0.0743648862205121 0.0552377792476647 0.074231012603153 0.0592722955496057 0.066755289041588 0.0401259580254429 0.0584602986980799 0.0438633639479661 0.0688426165193681 0.0809002373347903 0.0714782929431198 0.0485785592824536 0.0614313296517414 0.0782825832513449 0.0460067164674545 0.0452242921273137
1 1 1 1 0.202807349996308 0.0458064401207515 0.0597198334227647 0.999999999999806 0.0789165913708278 0.131338133053896 0.178160373423049 0.0848890781812494 0.0546084681167415 1 0.111526906271979 0.063297490994398 0.0831573948589798 0.0760691670923952 0.999999999999992 0.0665514201048433 0.120484511535038 0.0542386952112942 0.102594668288615 0.0638112534733379 0.049381004641643 0.0977801165167216 0.103977356552274 0.100994269845742 0.0598757969394293 0.0677102872135327
0.999999999961124 0.148477121959641 1 1 0.132651648374254 0.138505175172378 0.999999651827589 0.0845698008925148 0.140978846965548 1 0.133937617263012 0.145363343131018 0.125848071069436 0.0997377459984679 0.244727797085534 0.119184015645817 0.108033819249917 0.126415148097233 0.105568060619095 0.136803054244281 0.0911580898930585 0.110135057304763 0.168824125839439 0.278482058502111 0.196886887202823 0.999940503707406 0.20278400541854 0.143021737764778 0.161394824003898 0.999795610241954
0.999998923407655 0.0649202677491594 1 1 0.0750028961801623 0.063065636520373 0.0761906466730855 0.999999999958267 0.999999112101015 0.056415457656423 0.999983222969765 0.0511583287429638 1 0.0453393715451239 0.999998788832749 1 0.0922721838857978 0.0707339375862217 0.0434264738177674 0.0440380745243723 0.0417704483081618 0.0517596274394586 0.999999842271605 0.0443280049392184 0.0792925078715905 1 0.999999978550962 1 0.0639028693279359 0.0583020951068753
1 0.999999999999778 1 1 0.11752356267382 0.109621834892951 0.108791667295627 0.0641182736925268 0.0843416999150429 0.10034540450099 0.0657712652842815 0.0889671488569813 0.999999999999998 0.0885198643704246 0.0971421463174524 0.0999326830720968 0.0802304032808827 0.0710190733632412 0.0857916820831015 0.99994176775922 0.0704991467674462 0.862800090502721 1 0.990933254254671 0.101072115205928 0.0977372071929806 0.0928918775912658 0.0651091605649682 0.0904590721690227 0.0859697249075216
1 0.117349006958633 1 1 0.197146409381203 0.227135914643993 1 0.198981121326305 0.172080831481351 1 1 0.231816401067309 0.140161870190406 0.174978229618069 0.276783242424403 0.212587237798347 0.468477646124643 0.154095695695514 0.215324028270002 0.165369799421811 0.135052687412001 0.207714366504459 0.251869385616451 0.212640309649464 0.195844903124481 0.155063950547742 0.216248347948436 1 0.144638376017533 0.190285097179896
0.218823433587225 0.189040460328373 1 1 0.349084761380818 0.127541220861468 0.151581800038055 0.277542503148041 0.268281779310746 1 0.30555210578149 0.123428873770313 0.0996436486784413 1 0.18059803964346 0.163649456900519 0.201850823186491 0.120034909374112 0.204364437649007 0.120772867452626 1 0.163235481431926 0.12939758428764 0.248974120615973 0.129364495926887 0.0879157368856491 0.175554021062548 1 0.133091018419826 0.152195585992604
1 0.0704726688906575 1 1 0.9806525434753 0.0519779288554288 0.058159118897197 0.0685280674945687 0.0143397196043453 0.0569565782653307 0.0356579099415799 0.0237217450488303 0.0433978871485649 0.0372245897977704 0.999999999999978 0.0251726506269383 0.0588462595173018 0.0402324759753243 0.0343458739040129 0.409924522026003 0.0179991009697035 0.0191171849280134 0.040037629959721 0.999999999999852 0.0148589738227627 0.0327898481804939 0.064390763991563 0.0738356682392651 0.043222173450561 0.154720327768832
1 1 0.0648398703047154 1 0.0823700757697774 0.0848113136600837 0.0578083019620473 0.0725301466744991 0.0485195431955389 0.0710357413095777 0.0869428615297105 0.0562192818402779 0.0764806576797686 0.0542456871384844 0.12234308379596 0.999999999999996 0.0489456235437554 0.0702225632746646 0.0323788755693697 0.0807823126985623 0.093130051057666 0.0903017383527326 0.0703041453454698 0.0624960838799798 0.0396404706282492 0.059617594224518 0.0960566639011746 0.0721159074552129 0.0607694311127117 0.0635276204296893
0.999998864895013 0.999999999999998 1 1 0.0543659622263205 0.0247370810985612 0.130509018988676 0.0301171744490959 0.0364112809688071 0.0417831110391769 0.0170116152062789 0.0177572245311793 0.107855130636717 0.0263676780544508 0.0477554257638203 0.0389483498310658 0.999999876589014 0.0275592157248423 0.0333982340069957 0.031564943240673 0.056044791097986 0.0418610216278856 0.0364725259454186 0.0441788469295717 0.032951265705789 0.0423397791066046 0.996050750527658 0.0392349631007141 0.0448771767977364 0.0322205666254821
0.999904352332561 1 1 1 0.0485670853285334 0.114317403628128 0.157962313288976 0.147365451009359 0.0930633819480937 0.16320879066551 1 0.189290317864528 0.0893677620445865 0.0946059494882959 0.0659207479933873 1 0.999995041120597 0.109688961234207 0.0900306111742932 0.135253386473358 0.999919515536937 0.170986994365453 0.152011779142739 0.122626198617067 0.111418972236763 0.069491244703985 0.121934400264879 0.129626789042816 0.138563005806149 0.0991805732184845
1 0.997238549522471 1 1 0.0757613560067135 0.132176318561787 0.123365616608196 0.257649198200711 0.0780574415937167 0.832117163308834 0.122703381303246 0.121281618622388 0.111174940681583 0.116918806614209 0.111444174245208 0.0855449227658313 0.148389565275482 0.076962267546258 0.107727360452341 0.172875480194628 0.137601976302255 0.117984517414534 0.125872208570117 0.0894087672898387 0.105958383605572 0.165517404751633 0.114609285537943 0.94736282501015 0.0800382423339129 0.999867104167686
0.113705884029332 0.136650737201453 1 1 0.113509990509993 0.15322194057333 0.99999999999998 0.134963017329609 1 0.151892952716896 0.0979905521260394 0.130022102272386 0.130956227651586 0.231635614286204 0.151612832069644 0.107017258329873 0.111497253260984 0.136724152520915 0.105505635969524 0.15703480596766 0.152955134210832 1 0.0840119328712956 0.138837614102581 0.128335577097864 0.999999998238082 0.123827408112701 1 0.132760593139097 0.224832514848112
0.999948450252189 1 1 1 0.0126236641708298 0.0160879895164687 0.999999990932466 0.0545826915778964 0.0196240990736741 0.00981591412260674 0.0137474405817144 0.0208272282965005 0.250290767934857 0.0417298599627649 0.0257121161709435 0.0148540369293706 0.0121336737353609 0.0178758277774479 0.013601565500731 0.0205529564670992 0.999999483618257 0.0186129553503379 0.176270656536737 0.0134548126287447 0.999999999955258 0.014985621403798 0.0250758726413142 0.0157894278352553 0.0153606396612237 0.016139165562848
0.102888319087617 1 1 1 0.0603189006531539 0.0493550700816739 0.0971394510026449 0.0725972593286893 0.0628772604627756 0.0588431362075151 0.0547524154840664 0.99999999124648 0.0587240109094802 0.0608159388757158 1 0.0440543079170495 0.0879992731018402 0.0580827235392626 0.137823384057308 0.113637717479814 0.151740670261399 0.0523898697938171 0.0440998874755819 0.0607020561617849 0.0432478444372514 0.10694465989483 0.0712136558969894 0.0487738468765431 0.0551296614069211 0.0627178860142488
0.240735303896267 1 1 1 0.183908735932278 0.293302660898259 0.193988038816532 1 0.212274512776422 0.206684862901994 0.215756156621274 0.244157583686832 0.18736313129791 0.187233007286787 0.255227397400303 0.250737885515607 0.209374248010796 0.220026668280841 0.151021999911271 0.240081890584497 0.267258655433119 0.519430581592903 0.166066841145242 0.214865143988922 0.210140254966677 1 0.190051492536581 1 0.206750304642545 0.217698745819612
0.999999999999641 1 1 1 0.0200729634729363 0.0266819020501698 0.0321104094056536 0.0415687750968029 0.0328453885511153 0.0292525715672318 0.0310655283943424 0.0349024930013873 0.0469883551669847 0.999999999988693 0.0459736340311473 0.0315513743590243 0.0154763864434083 0.0225910597825497 0.0301879584929319 0.0301334776259959 0.0258767947705154 0.0215503699243099 0.0253491603939177 1 0.999865640373704 0.0230353747073336 0.0259318773991351 0.0356782988868855 0.0543099623361719 0.025984098742343
0.032510381984767 0.999999999999999 1 1 1 0.0223398170136285 0.0256857882001031 0.0405970483292214 0.0319198921097505 0.0337031711737594 0.0272961052605031 0.999671566644689 0.0229933486180723 0.0290615038551089 0.0446472323094192 0.0215777513411689 0.266965820040632 0.0283386661014867 0.112139850759572 0.0130794892559997 0.0242597655624519 0.0178656590174193 0.0336701464873397 0.0264337536206892 0.0181942440832952 0.0305906324791237 0.0289446716331527 0.0162456743983967 0.0400486126739167 0.0441120636857993
0.195287221260626 1 1 1 0.150668727113748 0.208293887770333 0.211603809721346 0.188187123040759 0.178379330880778 0.165207528716398 0.169343088397151 0.222371258775868 0.178301510806077 0.176173181048041 0.165247136032935 0.17597985894624 0.213417935164022 0.214989625420253 0.199501054350193 0.151478548430573 0.999999980250592 0.166676007619756 0.179953605107895 0.100296513366209 0.999999999971226 0.209336297914147 0.149569306147904 0.172531280805028 0.1595916699907 1
0.0746734660790872 0.999843247362048 1 1 0.0632852803483076 1 0.0946814705749521 0.0673961824603848 0.102351066281549 0.999999999999247 0.0667511329320842 0.0668320777246159 0.100910688753888 0.0789063603347239 0.0672869627629171 0.0536165812501245 0.999999999999957 0.0629278599917844 0.0371379943679997 0.096550955674151 0.0865485624556553 0.0920625816232714 0.0868730884244451 0.0756558600041509 0.0680125088577145 0.0757413402764375 0.0799937428046961 0.096733068060599 0.113939847997576 0.0683413074551488
0.0130421269619161 0.999999999999164 0.0379191388533169 1 0.999162136585681 1 0.0376058092192177 0.0276059486589414 0.999999709205493 0.0282796846755139 0.0437341867725796 0.0406923037163099 0.0347019423757673 0.0474488013944554 0.0401130003391467 0.0306168032983203 0.0152085826315623 0.026708946994815 0.999998491122704 0.0412652825226903 0.0179665018957266 0.0938938778961033 0.0206382999031265 0.0427972228773994 0.0261869149860181 1 0.0172615830728355 0.998447670790082 0.0594871070277454 0.0164065749587414
1 1 1 1 0.148188169554692 1 0.166352829984203 0.118160763655308 0.999979988888221 1 0.112579664624809 0.118276806164058 1 0.167696486612356 0.152059651087118 0.112727197624821 0.132962919498865 0.102430777740439 0.147290809915147 0.0944716045230234 0.143066505261072 0.118865773927187 0.158960480762715 0.216709872682752 1 0.126425189921717 0.138817193316527 0.143853767195932 0.12629771947403 0.145236340888838
0.270981478068634 0.17023370904593 1 1 0.997757437918008 0.166824303385289 0.199944958237271 0.214446514464078 0.226797692596576 0.14745901618966 0.174645936381638 0.156231825618594 0.999999999940856 0.23131763014064 0.189814255921115 0.202380509931206 0.195047558033064 0.227810524860674 0.25376481303215 0.240305760146783 0.123025742254493 0.168970668858846 0.997893063989083 0.317570301898516 0.174064837246624 0.164592682680843 1 0.168585079311268 1 0.184210446942138
1 0.0886158336782891 1 1 0.134012485448602 0.102378666719575 0.112109501457818 0.0759072810589549 0.0893277473735313 0.0941816868363287 1 0.189070600223967 0.118970557299987 0.0876797029117893 0.999999999999955 0.0666105214977316 0.999975490351746 0.079062456656173 0.152416304772006 0.125329069737375 0.999999993985731 0.0667260042582508 0.110564540858254 0.091043973765931 0.17391531274715 0.106003653557149 0.0811893931957736 0.221283658787402 0.999999963566894 0.0987126767944578
1 1 1 1 0.0107706088062791 0.00416329428867313 0.00632765472793906 0.00547477009035868 0.00767274991285138 0.0121395709260028 0.0120258350227468 0.0220868524628223 0.00512238744432114 0.00934859403339672 0.999999742510764 0.00648217164057074 0.00737188600555583 0.0150452336934976 0.00817868053356774 0.0060150355508386 0.00901140513762733 0.00571140336820475 0.00881021576958729 0.00618808097627288 0.00889961801013939 0.00417119530032306 0.00813372604973406 0.00786904875895877 0.00310022543445687 0.00768958022194921
1 1 1 1 0.108966695865657 0.06490074265848 0.999999998643741 0.054928152277031 0.037957271837582 0.0619318486850213 0.0553810003863529 0.0422261534401951 0.0368844673134853 0.0774559041995305 0.0446155727178564 0.0499445807598211 1 0.0454661877169934 0.0676071215129088 0.0462991190299654 0.0300740708314603 0.0684639054656662 0.0695319151745126 0.0573438363744725 0.0468071002640136 0.04021148568346 0.0380831712260851 0.0507360813452034 0.045488543019287 0.0474955406128302
0.0743736310374034 0.999993953906027 1 1 0.99999774861398 1 0.0611871714595484 0.0374336894622408 0.0669493297528796 0.0748600422591984 0.0584147571696142 0.156566958380018 0.0641999758234887 0.999999819465771 0.0617538901103465 0.0673512010483701 0.0872554304517897 0.999999782449846 0.0410848059847096 0.055303952548467 0.999999998925254 0.0553592336254296 0.0828576300375865 0.0817551155527751 0.0658298614724093 0.0459335951788572 0.0454253714301432 0.999999999999985 0.0864706367945606 0.0874872572923057
0.972308048504548 1 1 1 0.0235656046691671 0.0463575748975709 0.0418484045635639 0.0477125389931554 0.996594552408088 0.0167176954091178 0.0666576786152612 0.0352979134245944 1 0.0507293911769207 0.132212169429959 0.0806588508413045 1 0.0636619438908969 0.0540309568297227 0.0530293887810279 0.0530015497669158 0.0452237847584197 0.0693470943756599 0.0565598871297193 0.0557359052740442 0.124644947678763 0.0328858225281853 0.0626373944772161 0.0313020512882495 0.049903882525782
0.0279497582555605 0.999999999966937 1 1 0.999999999987244 0.999999999997758 1 0.0248819842510256 0.0268623783191094 0.0208661507681268 0.0310141644155507 0.0186413687480502 0.0310760180148874 0.0344527104382639 0.0169966405873447 0.0256054037649357 0.0207525554522341 0.0330939637368045 0.0314324247670347 0.0141567204865832 0.0510905474860751 0.0378829404838493 0.0531732498285488 0.99999976898742 0.0161536502811431 0.999989807304952 0.02706384403507 0.999999991826052 0.999999999999622 0.0252055845245387
1 1 1 1 0.909531015539304 0.0900262168410625 1 0.145564372024759 0.122666191419112 0.161639026127977 0.116989122333711 0.997991206050199 0.999777085548842 0.151792689258524 0.148249609819454 0.999914156563694 0.170596934673065 0.160232020687166 0.133106581494982 0.120611609517537 0.193829731486473 0.206909105821655 0.0838953823272195 0.148425572837842 0.124066010435686 0.999999999992473 0.124455861094328 0.112258087535419 0.158479604636953 0.1366462414632
0.115239917755161 0.123521009918472 1 1 0.999999991152696 0.072396568846676 0.0557307695527195 0.0942330324484895 1 0.0447504365923269 0.999751539342779 0.0610641806251369 0.0604751999032139 1 0.0523706678960764 1 0.0818153483552013 1 0.0722977077159219 0.064657610548009 0.0481577773779602 0.0603519050590561 0.0513868063725303 0.0424889711735008 0.0455518138474982 0.0435995759265675 0.0470690815325462 0.0653650241559025 0.0629076410654951 0.0477692934255327
1 0.48617795389348 1 0.546228017339606 0.494272965623856 0.99942069306742 0.368248411014041 1 0.427044947445895 0.426647210357749 0.468945333406935 0.48261081520619 0.415232024006198 0.525853290966829 1 0.511688303220882 0.446491293991124 0.381060411915335 0.434559558619082 1 0.525110115818789 0.398642252665864 0.346343054816352 0.421409915312548 0.381954237251563 0.351549103006692 0.418708066799709 0.363338132318542 0.999573165933891 1
0.256914510901882 1 1 1 0.190748480955946 0.221202910903958 0.308985891366978 0.255946518815935 1 0.999999998649063 0.117177752239367 1 0.201708889228396 0.140095710843353 0.176452080589771 0.274051551641989 0.255991665763787 0.22410216951003 1 0.258482608622398 0.453310331396349 0.458538116565264 0.152138721523256 0.199873967062273 0.184295563079895 1 0.247010239677998 0.235867475257263 0.265841483691895 0.224854581200818
1 1 0.999999999999809 1 0.0906184639410078 0.150681912549932 0.154988177425805 0.121256202595911 0.146143712725561 0.139123992210891 0.112454604819719 0.115404602810736 0.222694501959205 0.128273689180042 0.245381226125163 0.185187947009629 0.179637673343879 0.100470209943885 0.221663077399391 0.137283492597879 0.128438514871933 0.999999999745874 0.210464648061059 0.160860489724181 0.158979636419673 0.165873933691467 0.136767861675706 0.140488333954328 0.0781506891140975 1
1 1 1 1 0.142317327334324 0.223350120543033 0.16008763043167 0.266168174427935 0.200247604978284 0.169022996397398 0.147561993968826 0.973189103245603 0.162414449258525 0.246018989090703 0.265319785917723 0.148531836073395 0.999664031119273 1 0.1499210598284 0.172605952862283 0.223079252375656 0.146950082186357 0.200813645309323 0.104412824147014 1 0.14597603254645 1 0.145230990212153 0.202994383235905 0.158338998761834
1 0.999999999784503 1 1 0.218175075843682 0.0681626938137424 0.210798162464045 1 0.112175828320141 0.138155194086048 0.156916529276783 0.0857578771811852 0.170193969964145 0.135133075021537 0.110593856214721 0.155669436658774 0.134845507476721 0.086638199289693 0.121053941080754 0.0958492354986282 0.234144796522212 0.163911831251445 0.155705202418911 0.186814929350347 0.160397701211123 0.138079962005717 0.123540672796328 0.209763640269563 0.077506249768783 0.999997814479206
0.044915587743687 1 1 1 0.0957132240875022 0.0336624153213805 1 0.0311631967706016 0.0258832328565204 0.0434439945743073 0.0285595275285531 0.0415247596599698 0.0453650021390022 0.0414259181887568 0.999999999321579 0.0560405754757095 0.0504370880337697 0.0374552536946523 0.0419102971982036 0.0392851145613839 0.0946279571221841 0.146875858111552 0.0395429210185565 0.0379836470521421 1 0.050279558424053 0.057867237318578 0.0386399330186441 0.0408762333100711 0.0375603539281022
0.999999999999893 0.122642053276857 1 1 0.155719699007794 0.125636589595395 1 0.141962998318412 0.172814070721867 0.143164647677248 0.159309432581687 0.217172800706118 0.162843810491036 0.141169454757238 0.170099985268851 0.20204568699882 0.22597071882771 0.14191792188315 0.183701364909299 0.157218169369677 0.326483733518805 1 0.202690024236827 0.105709762812338 0.11197948571929 0.999789849354022 0.17327746556309 0.258839688189144 0.17255992954301 0.396030489043581
1 1 1 1 0.199788906534746 0.171834777794496 0.112366883978885 0.269105059554215 0.131352247391375 0.145845369079292 0.152637529253944 0.165698487652365 0.0937702708807022 0.10684161239982 0.0952915385099601 0.16559226126729 0.999999717651977 0.144785081083872 0.0914714301910602 0.113512246549598 0.126092371856529 0.128889807771932 0.116336262362138 0.133012838322304 0.180587481175334 0.104144726916458 0.13827362070561 0.0787216933437053 0.130808183234744 0.1584000826886
1 1 0.101980930483394 1 0.0373812847163227 0.0527329894384283 0.999999997295484 0.0305378533324058 1 0.0814307184517804 0.0397177004631912 0.0626411113136097 0.0362615635861928 0.0468012316990994 0.0249568978803362 0.131366668476272 0.0378530664745406 0.0497752187440651 0.0430517557041589 1 0.0962457926126913 0.0302852946815848 0.0812602213780456 1 0.0407309096569647 0.034281519831128 1 0.053696558316752 0.0398641111254335 1
0.169139109507216 0.994482729246762 1 1 0.0599261056189673 0.128449143887722 0.986353196128843 0.0774568901329662 0.0443637814303597 0.0897450341875601 0.0843038108692192 0.104381060852243 0.180740363588712 0.0898869322146131 0.0694637687999771 0.0650853091875172 0.092514145388597 0.999998660244999 0.0986393751986308 0.0545080290999506 0.104742574778432 0.0744385215626595 0.0935825243851127 0.0499812489153687 0.0538286316294325 0.0796693669139279 0.103276541938669 0.072890032614874 0.0710570545078804 0.0748161618688381
0.367559550004928 1 1 1 1 1 0.246642273329648 0.250126768415794 1 0.303415501945806 0.213406924312154 0.294304765515789 1 0.248905340853533 0.287486558322517 0.265562164204957 0.235090047540461 0.232580042061669 0.204798477436525 0.21266003443882 0.29619701772684 0.270115136614736 0.266937484643661 0.157664057308626 0.216361550780665 0.26047683662589 0.339716786346148 0.231200565068235 0.999999999999784 0.26039165840952
0.999999997229701 0.999999999931974 1 1 0.039208327011522 0.999999401857573 0.0602297521069585 0.0410127217139665 0.976179560853208 0.999999999999417 0.0250283329286731 0.0384430873491026 1 0.049409015090661 0.0253471124845355 0.998496175838259 0.0544826348679913 0.0755206965867687 0.0310089891289637 0.0522441833677459 0.106718384419808 1 0.0333473326432694 0.0539926661054646 0.0346079936997361 0.0445655495246032 0.0404954744893689 0.792755328924467 0.0515086374282572 0.999999490785988
0.275623770742642 0.293574625571116 1 1 0.276833133102662 0.462589598844966 0.253161484377646 1 0.222528061722419 0.258678120187994 0.246659322888285 0.304897546485287 0.243928901279637 1 0.247584224193225 0.422368903493354 0.222996156870888 0.310159602765182 0.999999547280536 0.242779295672485 0.408991564834622 0.206623833550068 0.217413160740348 0.262996800789951 0.141020713212747 0.444987592015432 0.388433627957889 0.261986478666248 0.268114513010726 0.264068750108645
0.995619339676853 0.999993549592644 1 1 0.0703142445103214 0.0486215907253724 0.0585899080934275 0.0346393687008969 0.0270142434784425 0.150316504928528 0.0620468582120854 0.0903528739099165 0.999999999999995 0.0799951160939008 0.0400428484824586 0.0752180402894522 0.0411940733848259 0.0511842456889544 0.0526623586820494 0.0487755943213997 0.0466544398996178 0.0960287420368093 0.091930372800459 0.0701596879045675 0.0478897351274148 0.0476211570514389 0.0413536668766704 0.045539270557276 0.0576504071677925 0.0467619575441934
0.0751768955781003 0.99999800130977 1 1 0.0739420730433501 1 0.0783220498193379 0.123065227982586 0.0821717081633282 0.0582513761074192 0.057370984655713 0.077340038608516 0.0594552009120356 0.0571288930991172 1 1 0.107328906638751 0.0745620752185208 0.0630650973367128 0.0685858046574273 0.0608076784098701 0.0610137448362154 0.0713241901588348 0.160446290948382 0.0528199610014765 0.0632572263256618 0.069578096511992 0.0529765614954896 0.13965717911926 1
0.943443803467293 0.999999999999997 1 1 0.999999999951774 0.162069999728978 0.145541173524645 0.0788532391161738 0.115271007253336 0.112489187800533 0.0814340618145029 0.119727828754938 0.110376564177592 0.113524468226898 0.0864865875193125 1 0.152066323163874 0.168001875414394 0.0803449801241946 0.137635618750285 0.141229458879003 0.113244541238577 0.115590128737394 0.999999768295246 0.0942009178142081 0.174128115754359 0.08603720287391 0.105386696483394 0.141188118078085 0.122258112555166
0.999547816559531 1 1 1 0.0840609425159049 0.040977257249403 0.999999728974237 0.999999981599355 0.0626295877209857 0.0535913832061944 0.0264058579783577 0.06534982309749 0.0571064955193425 0.991900085928489 0.0714880032675491 0.0688562036892475 0.0564166034733127 0.0391677762511762 0.0425676904143925 0.0432488077282055 0.0542171777562181 0.999980616481816 0.0339153545364504 0.0467488980545656 0.0942575337313728 0.0331331438093813 0.0726460728809218 0.0664597366864862 0.0359068870507572 0.0781905817582313
0.999999260643655 0.232686442116073 1 1 0.28259184770001 0.18641419235727 0.190128956403337 0.241863783133307 0.194804329114198 0.246471615085995 0.957186021313622 0.153972828870437 0.275420672036694 0.185166796187578 0.232441128928332 0.992112573300455 0.255497695182719 0.328180883582508 0.20214815703868 0.266109630178562 0.22408813509834 0.261426132826503 0.203916095578513 0.339741653085965 0.282363161715552 0.239302897216167 1 0.125742090157582 0.240279948858132 0.31277358190234
0.999957581320221 1 1 1 0.9999999999917 0.0781715742752652 0.0469674854829562 0.0702657496126412 0.0694416746624701 0.0621363343509937 0.0829459710495072 0.0786842334107509 0.0529925159755118 0.0618878807073756 1 0.0378740605876526 0.0732966346692159 0.151528315941079 0.0756217341617598 0.0921150489853346 0.0779525139726216 0.0883545633043583 0.103599335956634 0.0623246524542422 0.0579084829849236 0.0654038794267534 1 0.0717518425857415 0.0651277781123747 0.0719730260080604
0.128401522130217 1 1 1 1 0.999999960135611 0.0873981229810114 0.114687844665109 0.999999958243114 0.191300410205246 0.13023752710376 0.999999999999961 0.110956704377479 0.277603755532195 0.149290363863664 0.0981481364619209 0.106875850652648 0.0955249051895987 0.097847198852708 0.101806055445839 0.0882475607479003 0.0740889931292611 0.0970481478371268 0.104739708129995 0.103938169486642 0.99999999999959 0.999999829327726 0.0967278779838674 1 0.104451021190219
0.0179549483918813 1 1 1 0.00905509376342883 0.00789307548400386 0.00844366195784807 0.0122703816014517 0.00644485695526087 0.0110356153873691 0.00521678093650857 0.00637601788599185 0.0107151321446516 0.0130895354532604 0.0116828795457431 0.00415227581371047 0.0138195390398058 0.0126890270880681 0.00929882994850606 0.0075307061567782 0.00892426718760342 0.00954745276794133 0.00734271126901442 0.00917033561523961 0.0106340106700389 0.0100967555426752 0.00948567898908848 0.00339728854560517 0.0107262308606859 0.0088961125637933
0.11805790092994 0.999818355712354 1 1 0.9999999993164 0.0159997881970944 0.0141253855774752 0.0246843713680582 0.0158816919741578 0.0136549663560438 0.0159592935722748 0.0173338622932968 0.99997105751093 0.00868994600582429 0.0127477210004838 0.0141436755365846 0.00862830340279486 0.121235291969939 0.0120546797494557 0.011248628635293 0.014605056251928 0.0151699395912455 0.00756945807273479 0.999999998794959 0.0122381507581085 0.0202149484378739 0.0158558807807286 0.0128250334080665 0.0114340302902858 0.0156067442302379
0.999998261476269 0.999999999999771 1 1 1 0.243658344577341 0.058878883986864 0.119186091598294 0.998756217249573 0.0497034985888297 0.0814192097571582 0.0916984163982675 0.0738916466426515 0.14013780866282 0.0988724741393319 1 0.102453925045711 0.0733966863107481 0.101226737806617 0.127720420286933 0.0811658668662669 0.352693753123406 0.108104536136541 0.100390776603021 0.0728220493575841 0.176575459446934 0.108977145037126 0.0883155099406567 0.0969131323784788 0.0808041505993554
1 0.999959344043453 1 0.999999999999998 0.0192292976037851 0.0316997019872034 0.0553141547896048 0.0345543715517805 0.0312002381729579 0.0457090138566507 0.0623808929172212 0.0681665534564742 0.999999262084419 0.0534301873001728 0.0784054345416754 0.0528521316585107 0.0533834997013324 0.149011121501079 0.215102436452832 0.0495026649039115 0.0492377931762755 0.0723068694719343 0.999999996700905 0.0292284384056027 0.0431696320356746 0.0336568456777292 0.0514730690431502 0.464925781636771 0.0422919605889662 0.0327450553097459
0.104878764033099 1 1 1 0.995155724804783 0.0854435252216769 0.111046646179825 0.999808421724817 0.119911784229154 0.132392774942128 0.224542397960232 1 1 0.126493323080147 0.110700911196486 0.155260110211047 0.150578708935369 0.10103553610252 0.116606226706179 0.136663634383945 1 0.110897057273631 0.16520688071767 0.0971358333604319 0.996979719215703 0.143094495856397 0.209937085533212 1 0.116361877754932 0.135599836330463
1 0.999999999999985 1 1 0.104692293522957 1 0.160578468967917 0.07945987075109 0.109856883971398 0.0983909840609702 0.103848319137157 0.273423954083818 0.0994183600047499 0.11245611215206 0.999992608815755 0.115432278097509 0.0905547111814153 0.0872070331137659 0.117739485384309 0.146472897421912 0.928510581338527 0.110216449511543 0.0998803277364448 0.104506528229291 1 0.067291258317998 1 0.0944653783031097 0.12694017760453 0.179608838231559
0.0341234209775104 0.542587357391445 1 1 0.020294602561537 0.0165313369849223 1 0.999830488832315 0.190281612458449 0.0165883225710522 0.05975040390195 0.0244843868531508 0.0339553790392233 0.0852948921082952 0.999999999999998 0.0481099775929051 0.0775366305832065 0.026739906541042 0.020454209763166 0.0975819973622388 0.0258956017308832 0.0255347798390712 0.081677204756507 0.0294121920610873 0.03471728901911 0.0223838139802671 0.032649661858557 0.0169147490631496 0.0239229635709332 0.0746181186915869
0.221273983709948 1 1 1 1 0.171084167480699 0.19864963828388 0.213831523368242 0.166515736427241 0.999851111695534 0.146889287393312 0.128351043909718 0.153088083264319 1 0.244185352339956 0.210237258787381 0.255034976894284 0.213752503216552 0.273791832789845 0.996538011059774 0.246412308991638 0.21050423725078 0.199373341528968 0.152122662240032 0.211336477743931 0.177357823016131 0.137651827423933 0.147376501921017 0.272281150479097 0.239420632216689
0.99528638820521 0.999999929159678 1 1 0.041239311337112 0.0211623059629711 0.0462000235034737 0.0422418600235985 0.0197021939939982 0.0198924545412467 0.0208043328260704 0.0338190086574301 0.0240810817413504 0.0253504422085953 0.0293268035067793 0.0278247522871881 0.021704265873832 0.0613443408874225 0.0232766960535318 0.0212942694258761 1 0.0247717163389168 0.0223987867191462 0.0295556650877766 0.0234310256675568 0.0211955077403384 0.0142757777928406 0.0312143549331702 0.0313006959809508 0.0210409587739774
0.205585987424681 1 0.3346060228871 1 0.143176004623652 0.119062612635445 0.213014366366009 0.21969584283098 0.235317090207941 0.244463538251212 0.223130909076153 1 0.168044938114338 0.20907654713182 1 0.215551676035151 0.160134329606448 1 0.212883099175014 0.159970706371554 0.154301114099557 0.179437295442512 0.246432721764941 0.178767571076298 0.999999924146935 0.234303090942008 1 0.210832845342174 0.164834982935002 0.291584927607712
0.366264529660002 0.154741855124226 0.0710003613263986 1 0.0475680018942573 0.0413593950257949 0.0907648664048278 0.0185942661141405 0.0598258991007568 0.0399732235809648 0.0306483779652245 0.0259862896506375 0.0413825827013127 0.0674072487931332 1 0.0434995667509741 0.0470840137719601 0.0279164953984633 0.0370843173249331 0.999999999999843 0.0305184365383944 0.0539678006834996 1 0.02497715621543 0.0511260589316695 0.0430090442822804 0.0382339630095879 0.0311944419753342 1 0.0369014162851111
0.999996820944338 1 1 1 0.163510232829131 0.0722462763918665 0.0901670318794906 0.999961993344242 0.0530236953236486 0.0828833295627567 0.0555316728141388 0.0758764024905796 0.0530177865147613 0.0557487951903658 0.997336402071305 0.999999999999973 1 0.107565046819748 0.0585881441100827 0.0543989893323699 0.0724667230528329 0.999999999598821 0.064752761057196 0.0659125707424946 0.0774453815038361 0.0708577152134103 0.0480959728124821 0.999999999988218 0.0653731101140788 0.996591396492935
0.233505087819905 0.999900281677386 0.999999999999677 1 0.474563351454204 0.235779709522493 0.318501047208844 0.251218338152638 0.199689357845642 0.263232445514126 0.215615290575366 0.228369151310568 0.211247314269613 0.999990813472151 0.217517812937526 0.202067176979772 0.192497891574694 0.25506282714896 1 0.166261237935176 0.216368426781386 0.242727379490239 0.145056693388856 0.29339714247722 0.152980416322639 0.207446991879467 0.305375295696225 0.195085374724744 0.497922149206439 0.25475466526764
1 0.287819305609362 0.285944800633914 1 0.11538568958363 0.999999999999991 0.109932288011953 0.140100702080216 0.212466220101575 0.149330723055031 0.123208804764705 0.132270205994127 0.19725672045423 1 0.340313311645923 0.32338577095539 0.16233390566963 1 1 1 0.195701466836908 0.201612431605299 0.191075327572609 0.145956202682766 0.117336571103363 0.139386490160194 0.328890220478611 0.17106103755845 0.168276600809654 0.183008924620126
0.115383235979829 0.999999999999995 1 1 0.999811447667548 0.110755966574029 0.149409410242556 0.174855793167438 0.0906977178807894 0.125478748777477 0.0837434923681938 0.118013225531991 0.115719918928422 0.102395470881188 0.11142719632619 0.060005335611635 0.117143317962059 0.134799242436053 0.110389088099679 0.992518673459188 0.203269933928303 0.921241394995871 0.196389240386866 0.115573289010265 0.0449895750934168 0.0548208254282802 0.10293272811666 0.147244173599507 0.0879237855598392 0.0718623079868462
0.99999999408109 0.999999874572107 1 1 0.037128653892026 1 0.0212180678229938 0.992236711747056 0.040995184075272 1 0.0336529892842459 0.0280940484251251 0.0143804401424583 1 0.0353897276394284 0.0352053322662044 0.0840225832730426 0.0238872097768085 0.0267859394937826 0.0262755024347691 0.0282166889886233 0.056853961988669 0.0386889180084745 0.0285940260963122 0.0311897359104709 0.0191735477842108 0.0304520561527748 0.0299571061184595 0.0186211351919067 0.0270172719318252
0.999999995405093 0.997787394615293 1 1 0.192404186821821 1 0.215686070078135 0.180756416816209 0.194205536734722 0.176694926997204 0.186621138471223 0.169018689917067 0.156787628146188 0.150192411355513 0.166759690847952 1 0.349138925070901 0.144666085295759 0.182746952911922 0.999999999989242 0.287761107796986 0.947134158223508 0.164550438744689 0.185394183833166 0.134454911104306 0.191532030329781 0.991239303680209 0.162405312258066 0.171543477028789 0.229072579966625
0.313527842575344 1 0.999997153346535 1 0.387749807961517 0.258105417254171 0.277941706339696 0.242837561110607 0.998956717871927 0.198990278651349 0.2742926383846 0.281938530225533 0.231306092869139 0.215234244044139 0.205783535781236 0.177514794203981 0.227878869982884 0.207017890368916 1 0.234562169369325 0.130389393053998 0.268902741002878 1 0.219108997449642 0.234269974293208 0.191993754351168 0.236465715436807 0.997739374119155 0.164680013983766 0.349863361474306
1 0.980085188738284 1 1 0.240518136592505 0.205488452558367 0.274351729181959 0.226637186922077 0.239160213921868 1 0.243217459663717 0.987381001416493 0.246086111230007 0.248078553282179 0.238295778156575 0.240752523569672 0.208052577203541 0.173804289314814 0.313982139500715 0.260523142839441 0.183104674694926 0.253036191091103 0.23039924586867 0.271624354944813 0.235746762966708 0.290889303264314 0.275287925202592 0.27882050687922 0.244302409912155 0.21413884129968
0.99999736089025 1 1 1 0.0972273631040168 0.133389856882455 0.0741110015362616 0.0688031770246245 0.141210521647392 1 0.070341375173214 0.193143064890759 0.115140931144008 0.160208210469964 0.989446474640072 0.105779605842004 0.345881288992238 0.96096230341373 0.0932673935540902 1 0.140376630964663 0.147010863064433 0.0779722269164067 0.0959059458946623 0.12543290851999 0.081748739531745 0.119588974953765 0.10783800017749 0.112525182432635 0.0589703431382234
1 0.999999929892551 1 1 0.09581181141162 0.136090829710131 0.0857032966627397 0.992981018519671 0.0756794464809085 0.10662435547647 1 0.14788380608109 0.0915166002537325 0.145370158944042 0.133289987118196 0.0722824334049197 0.0669288246476738 0.103238113083447 0.0541576202692249 0.999999874114776 0.0706086878265846 0.106543223893077 0.105138426351377 0.999999989878058 0.0821692191525488 0.0842953597478363 0.0490732011446016 0.0872889817843545 0.0711130652111143 0.113223525062712
0.100672677658434 1 1 1 0.134269083465822 0.173832794739492 0.108742189023912 1 0.124065588268998 0.999999998721736 1 0.181067971027528 0.105816313720434 0.131529961255712 0.112118154374467 0.1853814502276 1 0.112843098324073 0.125494130240266 0.113830228766865 0.152438590789064 0.0991220803384131 0.944384049528257 0.110759464690248 0.137222525558436 0.11637015066212 0.168639624944069 1 0.999951411069776 0.13105528309037
0.999379346182504 1 1 1 0.0521021610213313 0.999997441844263 0.0603838080776921 0.673512462140586 0.0443411429106566 0.0238896581271962 0.0412734533883368 0.999999999999998 0.999999999334773 0.07291714390454 0.0393266162635492 0.0999746536697331 0.0608769658712129 0.044627815617732 0.0864507349238943 0.0304182797309105 0.0962098500225297 0.0725452512657259 0.924833988373692 0.117203386592751 0.0338141789687978 0.0380422523691308 0.99953767160666 0.050070545711817 0.0644078882468795 0.0718056372999171
0.13089247028687 1 1 1 1 0.10188168697706 0.145342855691168 0.135858832714957 0.138063695855594 0.239346858103528 0.254000535586131 1 0.134628892090074 0.181597132229396 0.0990783213559624 0.145525664689659 0.261186258371537 0.99999999746112 0.0724269950799279 0.112510367664223 0.128753391649958 0.108304248152093 0.0948678099693963 0.116620085212728 0.109493530168207 0.117195106191133 0.150212452433154 0.154011370859733 0.095019137415333 0.157102801660187
1 0.99999985670535 1 1 0.040904460639588 0.999997142704301 0.0502247905674973 0.0506742480425523 0.103857943936573 0.0694759939140608 0.999999999820789 0.0432471689626432 0.0731904231674488 0.0408261505958027 0.035769612811584 0.0383196428307225 0.100159227200326 0.0356090927222564 0.0350183531070885 0.0584103422490434 0.0443423117799234 0.039618873962708 0.0458025468725932 0.0407715489162787 0.972201511861049 0.0406421144181378 0.024206117740593 0.0788266487865213 0.0478446275818015 0.052115225630351
1 1 1 1 0.235509285436928 1 0.305827189154703 0.250359184862828 0.496511703226791 0.220731015631386 0.99999155889993 0.999921101378693 0.22216216153602 0.256919017898319 0.99999999999983 0.300875568535323 0.199576052115072 0.244087847158631 0.999767974808207 0.514856321516551 0.244594840806863 1 0.204089005689544 0.232579171116435 0.219895039249859 0.169992391980101 0.284567803899952 0.327226113085129 0.20959708797899 0.222580225226919
0.999940442048842 1 1 1 0.0462520670617962 0.0256060805311522 0.0214864965987316 0.0200251596458503 0.0312051711304823 0.0285760786311023 0.0344558174035902 0.0342039050353242 0.0175954737932267 0.084855265989322 0.0432401095721823 0.0407160579254657 0.993672119858999 0.0253774995970102 0.0413579166854514 0.0317194354399762 0.0556461990635905 0.0255588274376778 0.0410438075474013 0.0154706452975987 0.030124177477731 0.02978442416033 0.0154904724155944 0.0140989219764324 0.0262774420324565 0.0606026735815658
0.999999540094406 0.999999999999814 1 1 0.999999999871219 0.0271418449919888 0.0333062522170321 0.0437733728455397 0.0288607575524612 0.0248508323417943 0.0189580942882848 0.0285876307765475 0.0314894794753043 0.0813359044815827 0.0638513873126323 0.0252518249662481 0.0297860029370874 0.0223882559422605 0.0398933042363294 0.0386927380731066 0.0279846348047745 0.0320126735327274 0.999929785568652 0.0317793279322606 0.0471215751270038 0.062074969200881 0.0522036686222714 0.0288734464299224 0.0393322640728515 0.0323936461285586
0.136313157222177 1 1 1 0.131222000728754 0.999999957377332 0.171478866802308 0.147193517882049 0.999999999999731 0.139782698806571 0.179415869809519 0.157048413992273 0.118022035826681 0.171304927559458 0.99999999953713 0.117415102438772 0.162638957903893 0.999677482749064 0.0982399085805382 0.105332138180254 0.145123782499913 0.302933450195038 0.916254987338677 0.143127674646273 0.0958988867890304 0.148100743034468 0.152052165457154 0.153818882843895 0.159867790581728 0.157623113927093
0.987788803532554 1 1 1 0.0679058338250178 0.02991537268503 0.0351310074850706 0.0411596595702753 0.0439258884099036 0.0404339125419191 0.0485290576567633 0.0558703266022306 0.999999974553869 0.0389635568726796 0.0512317736895147 0.0765899521699643 0.037000652836563 0.0300538460979959 0.99778576873836 0.0659984121919879 0.0456659803094576 0.0286810235331509 0.0491639288378154 0.0571482539288766 0.983960375781266 0.0511342013088327 0.0351007496704111 0.0432376078908463 0.0795485710107587 0.0606574601330735
0.43377538408336 1 1 1 0.999764586594353 0.411390262368821 0.367918736764684 0.395495366169657 0.400208714082912 0.431844666161204 0.980032578191942 0.419217352661297 0.569655551948542 0.407315050818644 0.415160981436375 0.427007249274306 0.996987359514659 0.388432620987179 0.366222530838001 0.378674109371019 0.99995251773511 0.414033601991367 0.435816251955126 0.999438750571281 0.356418108853836 0.372099132625464 0.389452285041668 0.985692165433238 0.384511296466983 0.342068964350647
1 1 1 1 0.247043028716525 0.27488708361245 0.335300024653858 0.478057931983982 0.255646612743208 0.235171331552959 1 0.160644974029 0.283049783715009 0.251680067890953 1 0.168908143359247 1 0.486461043632141 0.265446510245566 0.232796396197627 0.301803821207073 0.379678518476378 0.29351931919773 0.269906813190092 0.2513387793032 0.302642356965397 0.334035234989789 0.172634396163411 0.213916956278574 0.225933843833966
0.993971648153903 0.118307289880785 0.999999450001591 1 0.12035400795217 0.0861436156632605 0.113861102071123 0.115110038921385 0.13609264464732 0.999999999858227 1 0.999996122880697 0.130493558676093 0.999999983123449 0.0846775028763599 0.12105448335063 0.11662017628057 0.104739137895349 0.0826338092872028 0.15007901109758 0.136839624161145 0.13052754783792 0.138429128406181 0.11608481969578 0.124172269541986 0.0728842445412131 0.106617615222411 0.186748608753359 0.12633386370664 0.0754826942885291
0.230144109621801 0.16508618416388 1 1 0.266012938941544 0.165517865919217 0.999996194412914 0.195771769494133 0.109230822448072 1 1 0.197295365054549 0.208004964134623 0.233202237980118 0.271182878687815 0.194792960543992 0.234114486313833 0.203778437752214 1 0.220318270072028 0.163790154883348 0.214933151510648 0.24381672742817 0.232855859990142 0.273958497596647 0.252576670333726 0.23055258265317 0.207648677545059 0.107787027969145 0.242093611644753
0.0762556617189449 1 1 1 0.999982548481766 0.0958451600079412 0.0764636323054113 0.0588705115460388 0.0566855949765178 0.0788864562234657 0.989155948849489 0.0803837947292459 0.999999999513315 0.0809967875561297 0.0583436414603059 0.0769660325928749 0.0815940657091851 0.15730163234377 1 0.0735110520281563 0.0661688369967779 0.065581087516099 0.0706684020481443 0.999954578514757 0.0489565181825709 0.0803974691308337 0.101399079653415 0.149244046009972 0.0705735070669536 0.155144494752405
0.999997847355934 1 1 1 0.988147742460227 0.0778352045317655 0.0578919189572228 0.999999999702388 0.0269184820471752 0.0300148519645782 0.0419220476391753 0.0415635053985253 0.0693938784603479 0.0867241128965183 0.0421993421312636 1 0.0570760712859597 1 0.0302072161394051 0.0235032702734678 0.0353418172348708 0.0947817252711918 0.0427849178196956 0.023297008800267 0.0751519749112745 0.0343504048360971 0.0496829797563783 0.0622916527527181 0.0377392068738193 0.999910794625597
0.0725614040032305 1 1 1 0.998055536470948 0.992227237442816 0.083043996063893 0.0631335996939396 0.0762752500634538 0.0695597862757174 0.0762199314079851 0.0639232275930962 0.99973004798034 0.0531839854299485 0.0757264551945998 0.0746570964982745 0.997566894066522 0.0663006265098883 0.0707853230379829 0.0923385992628072 0.0692724934544194 0.0951093859996562 0.035903095372224 0.0358083538605024 0.0719254262416732 0.0437583861467806 0.0869836963005651 0.0567629728072866 0.0532840249999607 0.0575414686758512
0.999999996805906 0.999999987378056 1 1 0.059950734103362 0.161671838046601 0.0445681817684038 0.0886584959055101 0.0540482325206468 0.999998431765669 0.999830578855498 0.105931159774496 0.0779327981223961 1 0.0726718412255554 0.0595358429600323 0.0595863168279169 0.050148378159551 0.0667492858831455 0.054727834893755 0.0938215744592656 0.060224298399965 0.07600259584227 0.0581747219112589 0.0718912612672759 0.0717415075838558 0.0624520633911225 0.0546340781258597 0.0719553094850373 0.0741690152088486
1 0.999999999924419 1 1 0.0153733878175946 0.0381581554528141 0.0428791472173619 0.0218966135465931 0.023238493856391 0.0225135774533209 0.0496837207738715 0.0128524375558265 0.100618261030443 0.0442237324010358 0.0157237138760926 0.999979960087454 0.0174923579999249 0.0190271597750319 0.0283781297168795 0.0199747533340948 0.0182664886451802 0.017518547192936 0.0125224956141547 0.0179262868637221 0.0234527377070455 0.999999999999942 0.0322499446534894 0.0196418650745587 0.0335478623121773 0.021135071801664
0.349271685837202 0.226257355245574 1 1 0.284100227120075 0.999925740136668 0.345681716696058 0.217758116773703 0.999996731710022 0.219512398792145 0.277130356414614 0.20046794029958 0.229453084110663 0.999999964436761 0.244111450581179 0.268740899167031 0.240956181168405 0.998046618506256 0.254129251703028 0.204210077331114 0.23888576895952 0.374931241412924 0.292162280283718 1 0.221482458757228 0.211481719622761 0.271084330445551 1 0.200111589045956 1
0.999999999981335 1 1 1 0.0886229235836953 0.0431365983202542 0.134700991803793 0.0671760715940161 1 0.0678375206266141 0.0808624600907553 0.129537155010638 0.127618897777764 0.134600124253447 0.0554978319251012 0.161352174590751 0.0487685292047662 0.0839746064481559 0.1033355526176 0.0751110699634739 0.999999998936262 0.104356062090553 0.069221377719048 0.224772393811091 1 0.10672940629702 0.172493674633195 0.0692659453331246 0.0956991294133218 0.0830019336889352
0.990868395837914 0.999999989133379 1 1 0.0556056819674365 0.0535789226204751 0.0616537160746112 0.0698223504191968 0.0506857973386939 0.0791598319142528 0.052854681194578 0.0901512468655066 0.0501383321368059 0.999472580330656 0.0400774991175916 0.0579735476606486 0.0682571099723409 0.0722045503862812 0.0654071157258592 0.0466817552122519 0.0429752710038005 0.118924776860054 0.0709528014752926 0.0669121398296251 0.158564674872476 0.0766932333578113 0.0593078552963735 0.0932698643247363 0.0616624557359303 1
0.0766732987595871 1 1 0.0641718775604713 0.185510110675207 0.0522737810742153 1 0.0349123280484831 0.999999480271044 1 1 0.0580434192271154 0.0567621109712214 0.0375483818243297 0.0698059766560595 0.0722483708614914 1 0.0591866387092316 0.0716656902742041 0.999999999999999 0.0579722916366627 0.0692882770505321 0.0587744016825456 1 1 0.0411379776705616 0.0263629409488736 0.149335167405433 0.0405399621984642 0.999152694030571
1 0.97773827945514 1 1 0.0580028418053534 0.038262908427012 0.0583448657839511 0.0575863340848501 0.0497932074029147 0.0589829133081251 0.0582221891531436 0.0553551070710719 0.0312025075825927 0.0510445563490484 0.0348853447918578 0.0680781715219754 0.0658123706652811 0.0599530457841626 0.0624165591825152 0.0729389103821677 0.0454401815768575 0.0704203449661158 0.999997119290239 0.0659754316793587 0.048125877177711 0.0343052150055291 0.068886335326896 0.0548415737673857 0.0238172043049004 0.0664265971077687
1 1 1 1 0.97982664529217 0.0327254747206407 0.957147715558819 0.0335774977150121 0.941981972607205 0.0228571126677851 0.029586006058919 0.0248910047034109 0.0235381453778279 0.0254826941234084 0.999999995421539 0.0201897910137503 0.0240653257041286 0.0195457667445926 0.0219438274064818 0.0309493880010319 0.0231526787512862 0.032168651862874 0.0619206142869849 0.0296434474589335 0.0237564255223786 0.038827595578109 0.0418826271083574 0.0163202904942887 0.034428866151233 0.0319485659452823
