[1] "Average PIPs: "
 [1] 0.6818125 0.8387254 0.9540137 0.9959768 0.2653584 0.2797997 0.2598796
 [8] 0.2461388 0.2632585 0.2539223 0.2327885 0.2488054 0.2302189 0.2441454
[15] 0.2387992 0.2278849 0.2585758 0.1986823 0.2308467 0.1740697 0.2149859
[22] 0.2195550 0.2025936 0.1728373 0.2017669 0.1909800 0.2162002 0.1973035
[29] 0.2103719 0.1923528
[1] "Percent of time PIP >= 0.1: "
 [1] 0.8333333 0.9444444 0.9797980 1.0000000 0.5606061 0.5555556 0.4949495
 [8] 0.5252525 0.5252525 0.5404040 0.5151515 0.5505051 0.4797980 0.5555556
[15] 0.5353535 0.5151515 0.5101010 0.4545455 0.4646465 0.4848485 0.5101010
[22] 0.5151515 0.5252525 0.4797980 0.5151515 0.4797980 0.5404040 0.4696970
[29] 0.4646465 0.4595960
[1] "Percent of time PIP >= 0.5: "
 [1] 0.64141414 0.80808081 0.94444444 0.99494949 0.17676768 0.20202020
 [7] 0.17676768 0.15151515 0.17676768 0.17171717 0.14646465 0.16161616
[13] 0.14646465 0.15656566 0.14646465 0.13636364 0.18181818 0.11111111
[19] 0.15151515 0.08080808 0.12626263 0.12626263 0.11111111 0.07575758
[25] 0.11111111 0.10101010 0.12626263 0.10606061 0.12626263 0.10101010
[1] "Percent of time PIP >= 0.9: "
 [1] 0.64141414 0.80303030 0.94444444 0.99494949 0.16666667 0.19191919
 [7] 0.17676768 0.14646465 0.17171717 0.16161616 0.14646465 0.16161616
[13] 0.14646465 0.15656566 0.14646465 0.13131313 0.17676768 0.10606061
[19] 0.14141414 0.07070707 0.12626263 0.12626263 0.10606061 0.07575758
[25] 0.11111111 0.10101010 0.12626263 0.10606061 0.12121212 0.10101010
