[1] "Average Estimates for Betas: "
 [1] 0.08233651 0.12654572 0.23288318 0.33148318 0.01888123 0.03490793
 [7] 0.02773410 0.02535315 0.02414523 0.03390548 0.02809266 0.02469643
[13] 0.02257878 0.03281367 0.03486102 0.03198948 0.04303218 0.02235437
[19] 0.02491153 0.02451908 0.03520185 0.02994561 0.02842997 0.01542495
[25] 0.03121333 0.02702334 0.02300727 0.03818361 0.03383600 0.02912422
[1] "Standard Deviations of Betas: "
 [1] 0.07490599 0.07817585 0.07456254 0.07715498 0.08108484 0.08228334
 [7] 0.07452067 0.08256885 0.07921256 0.07589551 0.08063812 0.09295990
[13] 0.07298412 0.08036509 0.08314576 0.07531757 0.08276070 0.08635188
[19] 0.08406195 0.07636190 0.07486189 0.07576041 0.08288184 0.07623012
[25] 0.07858148 0.07980540 0.08456874 0.09029998 0.08126097 0.08403813
[1] "Average StdErrors for Betas: "
 [1] 0.02103415 0.02124433 0.02149171 0.02107387 0.02130878 0.02129469
 [7] 0.02109615 0.02136755 0.02113635 0.02086881 0.02112758 0.02116380
[13] 0.02110665 0.02089092 0.02115873 0.02116475 0.02115826 0.02159867
[19] 0.02108439 0.02120723 0.02119254 0.02108317 0.02141843 0.02096051
[25] 0.02106410 0.02069635 0.02130929 0.02110011 0.02099035 0.02107422
[1] "Positive rate for exposures: "
 [1] 0.7777778 0.9545455 1.0000000 1.0000000 0.5808081 0.6111111 0.6363636
 [8] 0.4747475 0.5353535 0.5606061 0.5656566 0.6313131 0.5454545 0.6060606
[15] 0.5303030 0.5656566 0.5959596 0.5454545 0.6111111 0.5959596 0.5757576
[22] 0.5101010 0.5757576 0.5202020 0.6111111 0.5909091 0.5757576 0.6111111
[29] 0.5909091 0.5656566
[1] "Bonferroni-corrected positive rate for exposures: "
 [1] 0.6212121 0.8535354 0.9898990 0.9949495 0.4242424 0.4545455 0.3989899
 [8] 0.3080808 0.3383838 0.4040404 0.3787879 0.4444444 0.3383838 0.3787879
[15] 0.3888889 0.3282828 0.4242424 0.3535354 0.3989899 0.3686869 0.3989899
[22] 0.3585859 0.3737374 0.3434343 0.4292929 0.3686869 0.3939394 0.3787879
[29] 0.3939394 0.3939394
