[1] "Average Estimates for Betas: "
 [1]  0.0546830037  0.1024665366  0.2026392920  0.3043857416  0.0099590608
 [6]  0.0058386320  0.0009281527  0.0148003114  0.0071973535  0.0100186752
[11]  0.0079753983  0.0018530936  0.0018609945  0.0117737889  0.0028977392
[16]  0.0138147484  0.0067323635  0.0083330271  0.0074954839  0.0060849334
[21]  0.0109650325  0.0080484144  0.0211125117  0.0063505601  0.0112062259
[26]  0.0089326383 -0.0059388044  0.0091915200  0.0045017252  0.0168788519
[1] "Standard Deviations of Betas: "
 [1] 0.05652574 0.05911869 0.05708082 0.06355879 0.05821450 0.06944505
 [7] 0.06565602 0.05461739 0.06125137 0.05866036 0.06103127 0.07322496
[13] 0.05796967 0.06388284 0.05998162 0.05952742 0.06874123 0.06768462
[19] 0.06598038 0.05965567 0.06192250 0.05914342 0.19517549 0.05334080
[25] 0.06822941 0.06239389 0.06437463 0.06372041 0.07009298 0.06422611
[1] "Average StdErrors for Betas: "
 [1] 0.02766792 0.02800672 0.02861505 0.02739664 0.02824670 0.02823826
 [7] 0.02783475 0.02796175 0.02774527 0.02756576 0.02800472 0.03148049
[13] 0.02792048 0.02773487 0.02770065 0.02817921 0.02797363 0.02826292
[19] 0.02811563 0.02767303 0.02775975 0.02756022 0.05788630 0.02768897
[25] 0.03120728 0.02779167 0.02794496 0.02783811 0.02774270 0.02818567
[1] "Positive rate for exposures: "
 [1] 0.5101010 0.8636364 0.9747475 1.0000000 0.3686869 0.3737374 0.3737374
 [8] 0.2777778 0.3232323 0.3282828 0.3131313 0.3030303 0.2979798 0.3535354
[15] 0.3333333 0.3080808 0.3636364 0.3232323 0.2979798 0.2878788 0.3131313
[22] 0.3181818 0.3232323 0.2626263 0.3383838 0.3030303 0.3282828 0.3282828
[29] 0.3282828 0.3333333
[1] "Bonferroni-corrected positive rate for exposures: "
 [1] 0.26262626 0.66666667 0.94949495 0.98989899 0.14141414 0.16161616
 [7] 0.20707071 0.09090909 0.13636364 0.13636364 0.17171717 0.15151515
[13] 0.12121212 0.16666667 0.14141414 0.10606061 0.16161616 0.16161616
[19] 0.16666667 0.13131313 0.13636364 0.14646465 0.11111111 0.11111111
[25] 0.17171717 0.12121212 0.15151515 0.10101010 0.16666667 0.14141414
