[1] "Average PIPs: "
 [1] 0.15681715 0.44530222 0.86357497 0.97041029 0.11556326 0.11209037
 [7] 0.15065095 0.11215684 0.12844008 0.14259625 0.13702405 0.11539306
[13] 0.11599311 0.10967902 0.11732789 0.13135317 0.11229337 0.10891948
[19] 0.11434046 0.10606083 0.09848972 0.11150535 0.11974537 0.14056225
[25] 0.12947898 0.12264146 0.12542844 0.13927024 0.12394174 0.14094497
[1] "Percent of time PIP >= 0.1: "
 [1] 0.5050505 0.7525253 0.9696970 0.9949495 0.4191919 0.4494949 0.4747475
 [8] 0.4444444 0.4242424 0.4646465 0.4292929 0.4292929 0.4444444 0.4242424
[15] 0.4343434 0.4191919 0.4292929 0.4090909 0.4292929 0.4343434 0.4191919
[22] 0.4545455 0.4090909 0.4545455 0.4595960 0.4696970 0.4343434 0.4646465
[29] 0.4292929 0.4090909
[1] "Percent of time PIP >= 0.5: "
 [1] 0.06060606 0.37373737 0.83838384 0.96464646 0.04040404 0.03030303
 [7] 0.07575758 0.03030303 0.05050505 0.06565657 0.06060606 0.04040404
[13] 0.03535354 0.03535354 0.04545455 0.05050505 0.03030303 0.03535354
[19] 0.03535354 0.02525253 0.02020202 0.03030303 0.04545455 0.06565657
[25] 0.05050505 0.04040404 0.05050505 0.05555556 0.05050505 0.06565657
[1] "Percent of time PIP >= 0.9: "
 [1] 0.06060606 0.32323232 0.80808081 0.95454545 0.03535354 0.03030303
 [7] 0.07575758 0.03030303 0.05050505 0.06565657 0.06060606 0.03030303
[13] 0.03535354 0.03030303 0.04040404 0.05050505 0.03030303 0.03030303
[19] 0.03535354 0.02525253 0.02020202 0.03030303 0.04040404 0.06565657
[25] 0.05050505 0.04040404 0.04040404 0.05555556 0.05050505 0.06060606
