[1] "Average PIPs: "
 [1] 0.4226554 0.6767845 0.9136746 0.9708856 0.2435841 0.2177372 0.1682001
 [8] 0.2172475 0.1942808 0.2299109 0.2292395 0.2506445 0.1967288 0.2397655
[15] 0.2323495 0.1901322 0.2605836 0.2389932 0.2364991 0.1936213 0.2241026
[22] 0.2272120 0.2678393 0.2539504 0.1762275 0.1659484 0.2404822 0.2721702
[29] 0.2214797 0.2369997
[1] "Percent of time PIP >= 0.1: "
 [1] 0.6818182 0.8282828 0.9646465 0.9898990 0.5151515 0.5252525 0.4141414
 [8] 0.4848485 0.4545455 0.4696970 0.4494949 0.5050505 0.4494949 0.5151515
[15] 0.4545455 0.4090909 0.5404040 0.4444444 0.4949495 0.4696970 0.4949495
[22] 0.4747475 0.5252525 0.4646465 0.4646465 0.3989899 0.4494949 0.5353535
[29] 0.4696970 0.4545455
[1] "Percent of time PIP >= 0.5: "
 [1] 0.33333333 0.63131313 0.89898990 0.96464646 0.16161616 0.12626263
 [7] 0.08080808 0.12626263 0.10606061 0.14141414 0.14141414 0.17171717
[13] 0.10606061 0.15151515 0.14141414 0.10606061 0.17676768 0.15151515
[19] 0.14141414 0.10606061 0.13131313 0.14141414 0.18181818 0.17171717
[25] 0.08585859 0.07575758 0.16666667 0.18686869 0.13131313 0.15656566
[1] "Percent of time PIP >= 0.9: "
 [1] 0.32828283 0.61111111 0.88888889 0.96464646 0.14141414 0.12121212
 [7] 0.07575758 0.12121212 0.09595960 0.13636364 0.14141414 0.15151515
[13] 0.10101010 0.15151515 0.14141414 0.10101010 0.17171717 0.15151515
[19] 0.14141414 0.10101010 0.12121212 0.13131313 0.17676768 0.16666667
[25] 0.08080808 0.07070707 0.14646465 0.18686869 0.13131313 0.14646465
