[1] "Average Estimates for Betas: "
 [1]   0.5182578  -3.0775920 -23.4674605  -2.4548986  -0.9461068  -6.6093569
 [7]   2.8924836   9.5560727  -8.9030926   7.8498529   5.1949803   2.5746309
[13]  -2.3990676  13.2829685 -12.4538971   3.7995863   1.9855500   2.2455085
[19]  -9.6836958  -0.3334551  -2.2138437   0.6765231   1.4712559   9.3891759
[25]  -2.7565235   1.5109498   7.9071975  -3.7813177   2.6550327  -2.3524320
[1] "Standard Deviations of Betas: "
 [1] 144.04887 160.71951 451.57374 133.66995 123.57076 217.38328 167.09955
 [8] 131.03168 212.41176 119.83861 139.25498 134.38414 149.36933 138.59727
[15] 168.96753  80.58641 161.06126 101.01463 240.63450 122.77853 117.80815
[22] 101.25173  79.03586 127.60775 139.75182 118.87624 125.24621 154.44881
[29] 162.83175 130.84587
[1] "Average StdErrors for Betas: "
 [1] 49.17160 55.53751 59.86251 37.81629 50.94505 63.32562 46.05096 54.57609
 [9] 74.36774 58.34197 49.23654 49.92585 46.33799 45.53911 47.14082 40.93865
[17] 61.17714 49.33440 56.32554 38.52223 41.09070 46.39000 32.80985 54.32233
[25] 27.52361 39.97220 61.28743 36.48875 60.49709 51.95547
[1] "Positive rate for exposures: "
 [1] 0.3232323 0.4595960 0.6717172 0.7424242 0.2474747 0.2878788 0.2424242
 [8] 0.2272727 0.2575758 0.2676768 0.2727273 0.2777778 0.2828283 0.2727273
[15] 0.2424242 0.2222222 0.2828283 0.2424242 0.2828283 0.2626263 0.2727273
[22] 0.2121212 0.2373737 0.2323232 0.2525253 0.2575758 0.2525253 0.2474747
[29] 0.2727273 0.2626263
[1] "Bonferroni-corrected positive rate for exposures: "
 [1] 0.13131313 0.21717172 0.50000000 0.66161616 0.11111111 0.10606061
 [7] 0.10606061 0.09595960 0.10101010 0.11111111 0.08585859 0.13636364
[13] 0.11111111 0.10101010 0.09595960 0.10606061 0.11111111 0.10101010
[19] 0.11111111 0.10606061 0.11111111 0.11111111 0.09090909 0.11111111
[25] 0.11111111 0.11616162 0.11616162 0.10606061 0.11616162 0.09595960
