[1] "Average Estimates for Betas: "
 [1]  5.118885e-02  9.519967e-02  2.082206e-01  3.060071e-01 -2.358103e-03
 [6]  3.012948e-03  3.041117e-04  3.684610e-03 -3.146567e-03  4.435622e-03
[11] -1.332646e-03  1.146994e-05 -4.044453e-03  5.167806e-03  2.901435e-03
[16]  4.211221e-03  4.038371e-03 -2.992768e-03  1.690637e-03  2.624519e-03
[21]  5.863087e-03  4.231213e-03  9.832586e-03 -7.318955e-03  7.764886e-03
[26]  2.690101e-03  3.903061e-04  7.688321e-03  4.829975e-03 -8.312552e-04
[1] "Standard Deviations of Betas: "
 [1] 0.05918855 0.05718961 0.05739962 0.06752908 0.06297183 0.06785234
 [7] 0.05995438 0.05957410 0.06630994 0.05749414 0.05248758 0.07352324
[13] 0.05685288 0.05751049 0.05903630 0.06245492 0.06971366 0.05678885
[19] 0.06400349 0.05770475 0.05648888 0.05508621 0.06591965 0.05221648
[25] 0.06404499 0.05567058 0.06189196 0.06655644 0.07153648 0.05697192
[1] "Average StdErrors for Betas: "
 [1] 0.02329378 0.02376112 0.02372497 0.02352828 0.02360528 0.02363150
 [7] 0.02374262 0.02354753 0.02391862 0.02299567 0.02345893 0.02401353
[13] 0.02349430 0.02329742 0.02344288 0.02346500 0.02412023 0.02396370
[19] 0.02354238 0.02350343 0.02338929 0.02328052 0.02361144 0.02337433
[25] 0.02338841 0.02313716 0.02362308 0.02379370 0.02370464 0.02335559
[1] "Positive rate for exposures: "
 [1] 0.6515152 0.8585859 0.9949495 1.0000000 0.3686869 0.4292929 0.3383838
 [8] 0.3030303 0.2727273 0.3737374 0.3484848 0.3434343 0.3686869 0.3484848
[15] 0.3131313 0.3636364 0.3939394 0.3181818 0.3939394 0.3585859 0.3383838
[22] 0.3282828 0.3686869 0.3080808 0.4242424 0.3484848 0.3434343 0.2878788
[29] 0.3282828 0.3484848
[1] "Bonferroni-corrected positive rate for exposures: "
 [1] 0.3838384 0.6969697 0.9848485 1.0000000 0.1717172 0.2171717 0.1666667
 [8] 0.1212121 0.1515152 0.1767677 0.1111111 0.1818182 0.1565657 0.1666667
[15] 0.1313131 0.1868687 0.1868687 0.1565657 0.1919192 0.1666667 0.1717172
[22] 0.1565657 0.1717172 0.1414141 0.1868687 0.1515152 0.1616162 0.1666667
[29] 0.2171717 0.1666667
