[1] "Average PIPs: "
 [1] 0.6709159 0.8233498 0.9436733 0.9744217 0.3146841 0.3299081 0.2996333
 [8] 0.2739012 0.2824812 0.2509942 0.2686591 0.2752215 0.2840691 0.2887464
[15] 0.2708740 0.2790033 0.2816755 0.2378203 0.2495239 0.2272715 0.2469114
[22] 0.2442662 0.2335858 0.2450372 0.2449816 0.2199537 0.2424261 0.2448122
[29] 0.2329073 0.2452499
[1] "Percent of time PIP >= 0.1: "
 [1] 0.8636364 0.9646465 0.9747475 0.9949495 0.6565657 0.6313131 0.5858586
 [8] 0.5757576 0.6010101 0.5808081 0.5656566 0.6161616 0.6010101 0.6212121
[15] 0.6161616 0.6161616 0.6111111 0.5555556 0.5757576 0.5858586 0.5656566
[22] 0.5858586 0.5757576 0.5909091 0.6161616 0.5454545 0.5757576 0.5808081
[29] 0.5454545 0.5656566
[1] "Percent of time PIP >= 0.5: "
 [1] 0.6111111 0.7929293 0.9343434 0.9696970 0.2121212 0.2373737 0.1969697
 [8] 0.1717172 0.1818182 0.1464646 0.1767677 0.1767677 0.1919192 0.1919192
[15] 0.1616162 0.1767677 0.1818182 0.1363636 0.1515152 0.1212121 0.1464646
[22] 0.1363636 0.1262626 0.1464646 0.1414141 0.1111111 0.1363636 0.1414141
[29] 0.1363636 0.1363636
[1] "Percent of time PIP >= 0.9: "
 [1] 0.6111111 0.7828283 0.9292929 0.9646465 0.2070707 0.2272727 0.1969697
 [8] 0.1565657 0.1818182 0.1414141 0.1767677 0.1717172 0.1818182 0.1868687
[15] 0.1616162 0.1717172 0.1717172 0.1363636 0.1414141 0.1161616 0.1414141
[22] 0.1262626 0.1212121 0.1414141 0.1414141 0.1111111 0.1363636 0.1363636
[29] 0.1212121 0.1363636
