[1] "Average Estimates for Betas: "
 [1]  0.0196571576  0.0974785193  0.1985353588  0.3015030324 -0.0018946784
 [6] -0.0006928776  0.0093164682  0.0099781519 -0.0218981716 -0.0126191180
[11]  0.0113807912  0.0024530427  0.0002012950  0.0020383828  0.0069992847
[16] -0.0059957117  0.0044429026 -0.0035044267 -0.0074313718 -0.0161250167
[21] -0.0061679630 -0.0053358964 -0.0124538324  0.0001696083  0.0001034964
[26] -0.0122979764 -0.0062530111 -0.0081581202  0.0193348457  0.0150379185
[1] "Standard Deviations of Betas: "
 [1] 0.1869246 0.1722216 0.1624752 0.1542630 0.1670286 0.1319393 0.1582064
 [8] 0.1399478 0.1639792 0.1531330 0.1508207 0.1650626 0.1616666 0.1454420
[15] 0.1550651 0.1445037 0.1404463 0.1575341 0.1554424 0.1410500 0.1498431
[22] 0.1543606 0.1472056 0.1553638 0.1579734 0.1545953 0.1414963 0.1375898
[29] 0.1543284 0.1502823
[1] "Average StdErrors for Betas: "
 [1] 0.1614517 0.1252214 0.1264551 0.1250094 0.1246515 0.1261801 0.1259354
 [8] 0.1242900 0.1274582 0.1270344 0.1252434 0.1259903 0.1273404 0.1258922
[15] 0.1237218 0.1271665 0.1279232 0.1272966 0.1265081 0.1255514 0.1267174
[22] 0.1239868 0.1246664 0.1244632 0.1273418 0.1239258 0.1256477 0.1241426
[29] 0.1243724 0.1271138
[1] "Positive rate for exposures: "
 [1] 0.095 0.250 0.400 0.680 0.135 0.050 0.120 0.065 0.115 0.085 0.090 0.135
[13] 0.105 0.060 0.105 0.090 0.085 0.070 0.090 0.075 0.090 0.120 0.070 0.120
[25] 0.100 0.095 0.070 0.095 0.110 0.100
[1] "Bonferroni-corrected positive rate for exposures: "
 [1] 0.010 0.020 0.125 0.260 0.025 0.000 0.005 0.005 0.010 0.015 0.000 0.015
[13] 0.015 0.005 0.005 0.005 0.005 0.010 0.005 0.010 0.005 0.010 0.005 0.015
[25] 0.020 0.010 0.000 0.010 0.010 0.010
