[1] "Average Estimates for Betas: "
 [1]  0.0393706646  0.1027786972  0.2006480504  0.2982034361 -0.0106505978
 [6]  0.0051563420  0.0080006634  0.0197061160 -0.0118018116 -0.0128400609
[11]  0.0122684378  0.0037234461 -0.0062869130  0.0017316772  0.0047308365
[16] -0.0001663071  0.0054180384 -0.0007010095  0.0053375719 -0.0226768479
[21]  0.0002864434 -0.0030022914 -0.0113326318 -0.0065267524  0.0084378442
[26] -0.0129327334 -0.0080864816 -0.0128428909  0.0195811360  0.0154657040
[1] "Standard Deviations of Betas: "
 [1] 0.1651881 0.1643612 0.1583067 0.1519043 0.1655172 0.1323814 0.1538790
 [8] 0.1299346 0.1534846 0.1477579 0.1453777 0.1486311 0.1542000 0.1540943
[15] 0.1473428 0.1313849 0.1319776 0.1500446 0.1495074 0.1357984 0.1554161
[22] 0.1493293 0.1391179 0.1521057 0.1559635 0.1543531 0.1449127 0.1305049
[29] 0.1342207 0.1502875
[1] "Average StdErrors for Betas: "
 [1] 0.07315995 0.07290471 0.07342144 0.07214772 0.07150183 0.07230000
 [7] 0.07253225 0.07223597 0.07366896 0.07306616 0.07237466 0.07302673
[13] 0.07277954 0.07197925 0.07090880 0.07346163 0.07469724 0.07318403
[19] 0.07354557 0.07222890 0.07278780 0.07118417 0.07188092 0.07207062
[25] 0.07298580 0.07132834 0.07278602 0.07119868 0.07071116 0.07400529
[1] "Positive rate for exposures: "
 [1] 0.395 0.520 0.665 0.850 0.340 0.265 0.270 0.270 0.300 0.340 0.300 0.240
[13] 0.310 0.385 0.335 0.280 0.265 0.315 0.335 0.330 0.305 0.295 0.305 0.395
[25] 0.350 0.325 0.315 0.285 0.275 0.320
[1] "Bonferroni-corrected positive rate for exposures: "
 [1] 0.125 0.230 0.435 0.700 0.125 0.080 0.120 0.075 0.100 0.100 0.080 0.115
[13] 0.100 0.090 0.105 0.070 0.060 0.090 0.120 0.105 0.105 0.100 0.100 0.140
[25] 0.090 0.100 0.085 0.055 0.060 0.100
