[1] "Average Estimates for Betas: "
 [1]  0.0443080938  0.1042196393  0.1945333040  0.2969010320  0.0070008274
 [6] -0.0135376724  0.0054143420 -0.0054001901  0.0038888321  0.0101906036
[11] -0.0067555153  0.0024082581  0.0113142135  0.0036284352  0.0029923137
[16] -0.0012717688 -0.0102596297  0.0021998601 -0.0029029444  0.0018885236
[21]  0.0049264714  0.0109472792  0.0001490194  0.0014584010  0.0027716471
[26]  0.0024350806 -0.0114117664 -0.0058296151  0.0068747482  0.0022465206
[1] "Standard Deviations of Betas: "
 [1] 0.07537510 0.06832489 0.07924931 0.07250170 0.06791251 0.07367980
 [7] 0.07704886 0.06897766 0.07017577 0.07227267 0.06852338 0.06081078
[13] 0.06701456 0.06282479 0.07495082 0.06930250 0.06901520 0.06404519
[19] 0.06241511 0.06956288 0.06826047 0.07502851 0.06073440 0.06401743
[25] 0.07432426 0.06299473 0.06628539 0.06712748 0.05869071 0.06709998
[1] "Average StdErrors for Betas: "
 [1] 0.06479664 0.06242544 0.06375028 0.06276672 0.06155899 0.06236873
 [7] 0.06339077 0.06247123 0.06310300 0.06372996 0.06334646 0.06352459
[13] 0.06183661 0.06294362 0.06297105 0.06297668 0.06276571 0.06141896
[19] 0.06220964 0.06369695 0.06259381 0.06327198 0.06267939 0.06251346
[25] 0.06321869 0.06153656 0.06332999 0.06168300 0.06372809 0.06330922
[1] "Positive rate for exposures: "
 [1] 0.100 0.410 0.870 0.975 0.065 0.100 0.110 0.070 0.075 0.070 0.065 0.040
[13] 0.065 0.030 0.065 0.075 0.085 0.055 0.060 0.075 0.080 0.085 0.060 0.075
[25] 0.065 0.040 0.075 0.065 0.040 0.075
[1] "Bonferroni-corrected positive rate for exposures: "
 [1] 0.025 0.105 0.490 0.870 0.010 0.015 0.010 0.005 0.025 0.010 0.000 0.010
[13] 0.010 0.005 0.015 0.000 0.010 0.010 0.000 0.010 0.005 0.015 0.000 0.000
[25] 0.025 0.015 0.000 0.015 0.005 0.005
