[1] "Average PIPs: "
 [1] 0.143715892 0.686409298 0.952241601 0.977956387 0.026134609 0.018313764
 [7] 0.028041318 0.039337036 0.033123671 0.036914822 0.020446582 0.020534446
[13] 0.020945341 0.007300582 0.041352631 0.026599505 0.051618493 0.030257758
[19] 0.014935772 0.026747121 0.040637829 0.052668375 0.041038197 0.023656879
[25] 0.033577216 0.017266988 0.028690643 0.041971532 0.027794963 0.020987475
[1] "Percent of time PIP >= 0.1: "
 [1] 0.230 0.745 0.960 0.980 0.030 0.025 0.040 0.035 0.050 0.040 0.020 0.030
[13] 0.025 0.015 0.045 0.030 0.065 0.025 0.010 0.035 0.040 0.065 0.050 0.035
[25] 0.040 0.020 0.035 0.045 0.035 0.020
[1] "Percent of time PIP >= 0.5: "
 [1] 0.115 0.660 0.950 0.980 0.020 0.010 0.020 0.035 0.025 0.030 0.015 0.010
[13] 0.015 0.000 0.035 0.020 0.045 0.025 0.010 0.020 0.035 0.045 0.035 0.015
[25] 0.025 0.010 0.020 0.035 0.020 0.015
[1] "Percent of time PIP >= 0.9: "
 [1] 0.110 0.660 0.950 0.975 0.020 0.010 0.020 0.035 0.020 0.030 0.010 0.010
[13] 0.015 0.000 0.035 0.020 0.045 0.025 0.010 0.015 0.035 0.045 0.035 0.015
[25] 0.025 0.010 0.020 0.035 0.020 0.015
