[1] "Average Estimates for Betas: "
 [1]  0.0480070167  0.0933031192  0.2016268126  0.3031864419 -0.0064746982
 [6] -0.0064719551  0.0113069071 -0.0045255532  0.0090496617  0.0155043350
[11] -0.0034760374  0.0014801981  0.0030371955 -0.0030315362  0.0093255279
[16] -0.0045080299 -0.0049614860  0.0039344326  0.0118800973 -0.0010026665
[21] -0.0056372247 -0.0125148715 -0.0091700240  0.0038918141 -0.0143826314
[26] -0.0021495257  0.0019321810 -0.0025556058 -0.0031126407  0.0002374077
[1] "Standard Deviations of Betas: "
 [1] 0.07156007 0.05898250 0.09773470 0.07668530 0.06495691 0.05945616
 [7] 0.07069211 0.06321642 0.06907734 0.10746925 0.05227633 0.08957768
[13] 0.05543013 0.05847597 0.09529160 0.05381274 0.06339523 0.04909521
[19] 0.09513784 0.07282920 0.05754238 0.08537090 0.11180442 0.05160823
[25] 0.07048929 0.05556067 0.05469929 0.08370341 0.06088742 0.05682459
[1] "Average StdErrors for Betas: "
 [1] 0.03128529 0.02936786 0.03155303 0.02906061 0.02861267 0.02901617
 [7] 0.03023917 0.03135599 0.03124097 0.03033630 0.02743787 0.03036058
[13] 0.02941595 0.02845742 0.03118774 0.02882927 0.03007613 0.02892525
[19] 0.02886087 0.03099229 0.02866599 0.03135861 0.03205013 0.02854196
[25] 0.03173257 0.02904456 0.02987940 0.02957057 0.02989630 0.02875311
[1] "Positive rate for exposures: "
 [1] 0.5548780 0.7682927 0.9451220 0.9817073 0.2987805 0.2439024 0.2804878
 [8] 0.2621951 0.2804878 0.2621951 0.2439024 0.2682927 0.2439024 0.2743902
[15] 0.2865854 0.2378049 0.2378049 0.1585366 0.2560976 0.2560976 0.2621951
[22] 0.3170732 0.2926829 0.2256098 0.2621951 0.2256098 0.2500000 0.2621951
[29] 0.2743902 0.2378049
[1] "Bonferroni-corrected positive rate for exposures: "
 [1] 0.26829268 0.64024390 0.90243902 0.97560976 0.07317073 0.05487805
 [7] 0.05487805 0.03658537 0.07926829 0.08536585 0.03048780 0.06707317
[13] 0.07926829 0.06097561 0.06707317 0.05487805 0.06097561 0.04268293
[19] 0.08536585 0.09756098 0.07317073 0.10365854 0.06097561 0.06097561
[25] 0.03048780 0.04878049 0.04878049 0.07317073 0.06097561 0.04878049
