[1] "Average Estimates for Betas: "
 [1]  5.026062e-02  1.012487e-01  1.973572e-01  3.009588e-01  3.111983e-03
 [6] -3.082437e-03  9.625916e-04 -1.933409e-03  2.807182e-03  1.163312e-02
[11] -3.437611e-03  2.881904e-04  1.858577e-03  3.420634e-03  5.178559e-03
[16] -5.240865e-03 -1.868365e-03  5.410773e-05  2.836448e-04 -1.212404e-03
[21] -3.659294e-03  1.329018e-03 -1.020147e-03  1.479662e-03 -4.170914e-03
[26]  4.157645e-03 -9.651279e-04  2.307923e-03  2.074629e-03  3.702771e-04
[1] "Standard Deviations of Betas: "
 [1] 0.03679977 0.02971641 0.03564081 0.04417259 0.03821076 0.02847141
 [7] 0.02933105 0.03050905 0.03204649 0.07226219 0.03062700 0.03471447
[13] 0.03120976 0.03014157 0.05507832 0.02880157 0.03271642 0.02998670
[19] 0.02758073 0.03224677 0.03422971 0.04932878 0.03498496 0.02834775
[25] 0.04105598 0.02853799 0.02900966 0.04511538 0.03003922 0.03244648
[1] "Average StdErrors for Betas: "
 [1] 0.02650249 0.02448793 0.02531346 0.02567438 0.02477845 0.02389424
 [7] 0.02529601 0.02600559 0.02551464 0.02545832 0.02428305 0.02440601
[13] 0.02474088 0.02431361 0.02529269 0.02696454 0.02502778 0.02488084
[19] 0.02537222 0.02577850 0.02505208 0.02585583 0.02427263 0.02405728
[25] 0.02512073 0.02456213 0.02528170 0.02533033 0.02558159 0.02480156
[1] "Positive rate for exposures: "
 [1] 0.57591623 0.92146597 0.99476440 0.99476440 0.10994764 0.09424084
 [7] 0.07853403 0.07329843 0.10471204 0.07853403 0.09424084 0.12565445
[13] 0.08900524 0.12041885 0.09424084 0.12041885 0.11518325 0.08376963
[19] 0.05235602 0.13089005 0.08900524 0.13089005 0.11518325 0.09947644
[25] 0.12041885 0.13089005 0.12041885 0.11518325 0.10471204 0.06806283
[1] "Bonferroni-corrected positive rate for exposures: "
 [1] 0.240837696 0.743455497 0.973821990 0.994764398 0.015706806 0.010471204
 [7] 0.000000000 0.010471204 0.015706806 0.026178010 0.015706806 0.015706806
[13] 0.010471204 0.005235602 0.015706806 0.005235602 0.020942408 0.015706806
[19] 0.000000000 0.026178010 0.020942408 0.020942408 0.010471204 0.010471204
[25] 0.015706806 0.020942408 0.005235602 0.015706806 0.020942408 0.000000000
