[1] "Average Estimates for Betas: "
 [1]  0.0417952252  0.0987091975  0.1953770067  0.2989569996 -0.0031965444
 [6] -0.0121837051  0.0151954456 -0.0084444874  0.0012097807  0.0144241353
[11] -0.0122567802  0.0036645275  0.0132219089 -0.0061500660  0.0020932639
[16]  0.0007154406 -0.0090669535  0.0055817039  0.0015993871 -0.0036621095
[21]  0.0026128198  0.0008631350 -0.0087662557  0.0029757332 -0.0050415061
[26] -0.0025301099 -0.0073485175 -0.0031431334  0.0049279751  0.0031387772
[1] "Standard Deviations of Betas: "
 [1] 0.10187086 0.08895495 0.10262766 0.08937310 0.08209975 0.09421318
 [7] 0.09117633 0.09181506 0.09778281 0.09402727 0.07993936 0.08349485
[13] 0.08335157 0.09067097 0.09228614 0.08655687 0.09234188 0.07634075
[19] 0.08789628 0.08944020 0.08623592 0.10042810 0.09225511 0.07303244
[25] 0.09220980 0.07869428 0.08913200 0.08044235 0.08390543 0.08009715
[1] "Average StdErrors for Betas: "
 [1] 0.06188428 0.06098352 0.06215388 0.06076855 0.06027431 0.05991921
 [7] 0.06114357 0.06076991 0.06143527 0.06170002 0.06182610 0.06253875
[13] 0.06045024 0.06142951 0.06091325 0.06126652 0.06143702 0.06066588
[19] 0.06104498 0.06141384 0.06121404 0.06192660 0.06139995 0.06125198
[25] 0.06171903 0.06008457 0.06171991 0.06023662 0.06142766 0.06255848
[1] "Positive rate for exposures: "
 [1] 0.185 0.465 0.805 0.955 0.160 0.190 0.195 0.190 0.170 0.175 0.135 0.130
[13] 0.170 0.140 0.140 0.145 0.180 0.125 0.165 0.180 0.160 0.225 0.160 0.095
[25] 0.170 0.105 0.140 0.110 0.140 0.125
[1] "Bonferroni-corrected positive rate for exposures: "
 [1] 0.075 0.160 0.545 0.875 0.035 0.060 0.045 0.050 0.055 0.035 0.010 0.035
[13] 0.025 0.040 0.050 0.035 0.050 0.010 0.055 0.040 0.035 0.050 0.045 0.020
[25] 0.040 0.030 0.035 0.050 0.020 0.020
