[1] "Average PIPs: "
 [1] 0.7020370 0.9164361 0.9766651 0.9952599 0.1819761 0.2431114 0.1881143
 [8] 0.2092784 0.2581749 0.2029913 0.1911076 0.2132738 0.1724470 0.1603666
[15] 0.1793751 0.1977364 0.1910121 0.1919444 0.1987622 0.1966431 0.1827866
[22] 0.1925962 0.1605934 0.1656526 0.1917326 0.2015705 0.1582431 0.1835312
[29] 0.1889319 0.1381947
[1] "Percent of time PIP >= 0.1: "
 [1] 0.7538462 0.9384615 0.9794872 0.9948718 0.2102564 0.2717949 0.2256410
 [8] 0.2666667 0.3128205 0.2205128 0.2000000 0.2410256 0.2153846 0.1897436
[15] 0.1743590 0.2358974 0.2410256 0.2153846 0.2102564 0.2461538 0.2256410
[22] 0.1948718 0.2307692 0.1948718 0.2512821 0.2410256 0.1692308 0.2512821
[29] 0.1948718 0.1794872
[1] "Percent of time PIP >= 0.5: "
 [1] 0.68717949 0.90769231 0.97435897 0.99487179 0.14358974 0.20512821
 [7] 0.14358974 0.16923077 0.21538462 0.15897436 0.15384615 0.17435897
[13] 0.12820513 0.11794872 0.13846154 0.15384615 0.14358974 0.14871795
[19] 0.16410256 0.15384615 0.13846154 0.15384615 0.11282051 0.12307692
[25] 0.14871795 0.15897436 0.11794872 0.13846154 0.14871795 0.09230769
[1] "Percent of time PIP >= 0.9: "
 [1] 0.66666667 0.90769231 0.97435897 0.99487179 0.12307692 0.18974359
 [7] 0.13846154 0.15897436 0.21538462 0.15384615 0.13333333 0.16410256
[13] 0.11794872 0.10769231 0.13333333 0.14358974 0.13333333 0.13846154
[19] 0.14358974 0.13846154 0.13333333 0.13846154 0.10769231 0.11794872
[25] 0.12820513 0.15384615 0.09743590 0.13333333 0.13333333 0.08205128
