[1] "Average PIPs: "
 [1] 0.17584752 0.39646763 0.89269887 0.91850750 0.10033637 0.10959156
 [7] 0.09439815 0.11591036 0.10078085 0.05394051 0.10540367 0.08132712
[13] 0.07378972 0.10061986 0.09443332 0.09888302 0.09587433 0.09087054
[19] 0.09095159 0.08980298 0.09971475 0.12585735 0.07781535 0.07429946
[25] 0.10371240 0.10518138 0.11469520 0.08975636 0.08424501 0.11066374
[1] "Percent of time PIP >= 0.1: "
 [1] 0.18461538 0.41025641 0.89230769 0.91794872 0.10256410 0.10769231
 [7] 0.09230769 0.12307692 0.10256410 0.05128205 0.10769231 0.08205128
[13] 0.07179487 0.10256410 0.09230769 0.09743590 0.09743590 0.09743590
[19] 0.09743590 0.08717949 0.10256410 0.12820513 0.08717949 0.07179487
[25] 0.10769231 0.10256410 0.11282051 0.09230769 0.08205128 0.11282051
[1] "Percent of time PIP >= 0.5: "
 [1] 0.17435897 0.38974359 0.89230769 0.91794872 0.09743590 0.10769231
 [7] 0.09230769 0.11282051 0.09743590 0.05128205 0.10256410 0.07692308
[13] 0.07179487 0.09743590 0.09230769 0.09743590 0.09230769 0.08717949
[19] 0.08717949 0.08717949 0.09743590 0.12307692 0.07179487 0.07179487
[25] 0.09743590 0.10256410 0.11282051 0.08717949 0.08205128 0.10769231
[1] "Percent of time PIP >= 0.9: "
 [1] 0.16410256 0.38974359 0.89230769 0.91794872 0.09743590 0.10769231
 [7] 0.09230769 0.11282051 0.09743590 0.05128205 0.10256410 0.07692308
[13] 0.07179487 0.09743590 0.08717949 0.09743590 0.09230769 0.08717949
[19] 0.08717949 0.08717949 0.09743590 0.12307692 0.07179487 0.07179487
[25] 0.09743590 0.10256410 0.11282051 0.08717949 0.08205128 0.10769231
