[1] "Average Estimates for Betas: "
 [1] 0.08080824 0.12118703 0.22731212 0.32907782 0.01628401 0.02268278
 [7] 0.02510914 0.02136790 0.03190897 0.01662854 0.01783821 0.02187139
[13] 0.02200796 0.02167801 0.01959423 0.02450994 0.02537862 0.02594630
[19] 0.02367445 0.02189493 0.01909104 0.03331198 0.02661955 0.02703468
[25] 0.02279335 0.03348335 0.02374740 0.03848506 0.02181040 0.03081694
[1] "Standard Deviations of Betas: "
 [1] 0.07551397 0.10010632 0.07910981 0.07765076 0.07412870 0.08170960
 [7] 0.07266782 0.06897355 0.07887760 0.08442563 0.08584858 0.08330286
[13] 0.07742735 0.07403311 0.07828620 0.07092759 0.08382601 0.08000291
[19] 0.07324225 0.07599054 0.07432248 0.08058150 0.07042196 0.07560938
[25] 0.07200879 0.07935439 0.08030087 0.08581011 0.08211770 0.07284059
[1] "Average StdErrors for Betas: "
 [1] 0.06352657 0.06574685 0.06370781 0.06388492 0.06403970 0.06472871
 [7] 0.06488688 0.06369557 0.06362520 0.06352977 0.06332416 0.06488150
[13] 0.06458983 0.06418282 0.06499947 0.06428335 0.06507396 0.06366271
[19] 0.06371064 0.06450458 0.06377217 0.06511460 0.06480521 0.06426086
[25] 0.06476497 0.06314409 0.06370683 0.06356412 0.06494248 0.06318955
[1] "Positive rate for exposures: "
 [1] 0.24615385 0.50769231 0.91794872 0.99487179 0.09230769 0.12820513
 [7] 0.06153846 0.06666667 0.13846154 0.11794872 0.16923077 0.12307692
[13] 0.09743590 0.09230769 0.13846154 0.09230769 0.12307692 0.14871795
[19] 0.11282051 0.08717949 0.11282051 0.11794872 0.10256410 0.09743590
[25] 0.09743590 0.15384615 0.14358974 0.13333333 0.11794872 0.10769231
[1] "Bonferroni-corrected positive rate for exposures: "
 [1] 0.071794872 0.143589744 0.625641026 0.933333333 0.015384615 0.010256410
 [7] 0.025641026 0.005128205 0.025641026 0.046153846 0.010256410 0.030769231
[13] 0.025641026 0.015384615 0.005128205 0.020512821 0.015384615 0.025641026
[19] 0.010256410 0.005128205 0.000000000 0.010256410 0.010256410 0.025641026
[25] 0.010256410 0.025641026 0.030769231 0.066666667 0.025641026 0.025641026
