[1] "Average Estimates for Betas: "
 [1]  5.108304e-02  9.340655e-02  2.055184e-01  3.020011e-01 -2.250688e-03
 [6]  1.783259e-03 -1.728349e-03  4.237206e-05  2.255417e-03 -4.302487e-03
[11] -5.581280e-04 -2.420125e-03  8.866478e-05  7.845061e-03  3.302073e-03
[16]  9.405386e-04 -4.801281e-03 -2.176848e-04 -5.545855e-04  6.178165e-03
[21] -5.541943e-03  6.381570e-03 -2.325539e-03  3.906931e-03  6.088147e-03
[26]  7.889199e-03  5.046521e-03 -2.181411e-03 -1.410815e-03 -4.896837e-03
[1] "Standard Deviations of Betas: "
 [1] 0.04199420 0.03893364 0.04100095 0.05473648 0.04184692 0.05549868
 [7] 0.04725385 0.04643929 0.06740954 0.04795069 0.04892449 0.04565660
[13] 0.05294674 0.07209081 0.04961425 0.04656368 0.05329066 0.04471461
[19] 0.04304046 0.04910737 0.04713720 0.04251683 0.04594651 0.07435903
[25] 0.04628469 0.04478899 0.04612320 0.05431290 0.04756392 0.04279829
[1] "Average StdErrors for Betas: "
 [1] 0.03612281 0.03630076 0.03615295 0.03605324 0.03683558 0.03881151
 [7] 0.03620586 0.03586927 0.03613542 0.03655667 0.03540005 0.03757656
[13] 0.03405301 0.03802064 0.03750212 0.03749377 0.03801322 0.03649250
[19] 0.03715871 0.03682895 0.03718269 0.03750384 0.03638554 0.03592337
[25] 0.03706509 0.03688079 0.03611342 0.03889387 0.03847569 0.03654284
[1] "Positive rate for exposures: "
 [1] 0.37804878 0.74390244 0.97560976 0.99390244 0.05487805 0.09146341
 [7] 0.07926829 0.10365854 0.10365854 0.07317073 0.15243902 0.08536585
[13] 0.11585366 0.10365854 0.07926829 0.09146341 0.06707317 0.08536585
[19] 0.08536585 0.12195122 0.09146341 0.07926829 0.08536585 0.12195122
[25] 0.09756098 0.08536585 0.07317073 0.10975610 0.07926829 0.07926829
[1] "Bonferroni-corrected positive rate for exposures: "
 [1] 0.091463415 0.414634146 0.914634146 0.981707317 0.012195122 0.036585366
 [7] 0.000000000 0.012195122 0.006097561 0.006097561 0.024390244 0.000000000
[13] 0.024390244 0.036585366 0.012195122 0.000000000 0.018292683 0.012195122
[19] 0.006097561 0.018292683 0.000000000 0.006097561 0.012195122 0.018292683
[25] 0.012195122 0.006097561 0.018292683 0.012195122 0.006097561 0.006097561
