[1] "Average PIPs: "
 [1] 0.3263845 0.6109965 0.9103771 0.9487553 0.1403072 0.1503926 0.1302101
 [8] 0.1718847 0.2069275 0.1823811 0.1455799 0.1858280 0.1312093 0.1511380
[15] 0.1501630 0.1758934 0.1364758 0.1408106 0.1606691 0.1303634 0.1304255
[22] 0.1803957 0.1208572 0.1417317 0.1881886 0.1867804 0.1414245 0.1440795
[29] 0.1620753 0.1502243
[1] "Percent of time PIP >= 0.1: "
 [1] 0.3333333 0.6102564 0.9128205 0.9487179 0.1384615 0.1487179 0.1333333
 [8] 0.1743590 0.2051282 0.1897436 0.1435897 0.1846154 0.1384615 0.1538462
[15] 0.1487179 0.1794872 0.1435897 0.1435897 0.1641026 0.1333333 0.1282051
[22] 0.1846154 0.1230769 0.1435897 0.1948718 0.1846154 0.1487179 0.1487179
[29] 0.1641026 0.1487179
[1] "Percent of time PIP >= 0.5: "
 [1] 0.3230769 0.6102564 0.9076923 0.9487179 0.1384615 0.1487179 0.1282051
 [8] 0.1692308 0.2051282 0.1794872 0.1435897 0.1846154 0.1282051 0.1487179
[15] 0.1487179 0.1743590 0.1333333 0.1384615 0.1589744 0.1282051 0.1282051
[22] 0.1794872 0.1179487 0.1384615 0.1846154 0.1846154 0.1384615 0.1435897
[29] 0.1589744 0.1487179
[1] "Percent of time PIP >= 0.9: "
 [1] 0.3179487 0.6102564 0.9076923 0.9487179 0.1384615 0.1487179 0.1282051
 [8] 0.1692308 0.2051282 0.1794872 0.1435897 0.1846154 0.1282051 0.1487179
[15] 0.1487179 0.1743590 0.1333333 0.1384615 0.1589744 0.1230769 0.1282051
[22] 0.1794872 0.1179487 0.1384615 0.1794872 0.1846154 0.1384615 0.1384615
[29] 0.1589744 0.1487179
