[1] "Average Estimates for Betas: "
 [1] 0.08167779 0.12534170 0.23108520 0.33114926 0.01651666 0.02824861
 [7] 0.02676835 0.02252193 0.03643924 0.02078280 0.02114045 0.02978662
[13] 0.02213488 0.03477878 0.02776619 0.02865533 0.03114806 0.03024416
[19] 0.02559714 0.02707614 0.02466245 0.04172398 0.03211031 0.03409468
[25] 0.03282228 0.04355358 0.02751747 0.03745323 0.02450782 0.02692570
[1] "Standard Deviations of Betas: "
 [1] 0.08925251 0.08058497 0.08943001 0.09035357 0.08601685 0.10135694
 [7] 0.08317692 0.08649862 0.08895267 0.09508225 0.09743917 0.09770766
[13] 0.09432237 0.09965464 0.09155648 0.08551480 0.09351353 0.09196119
[19] 0.08210995 0.08795085 0.08530208 0.09207920 0.08507279 0.09611626
[25] 0.08578937 0.09712889 0.09288846 0.10275644 0.09887039 0.09459334
[1] "Average StdErrors for Betas: "
 [1] 0.01829482 0.01870899 0.01828076 0.01827338 0.01827817 0.01859473
 [7] 0.01843851 0.01825759 0.01824429 0.01827248 0.01815150 0.01855279
[13] 0.01856019 0.01822607 0.01856922 0.01832078 0.01864868 0.01818216
[19] 0.01818528 0.01841469 0.01838549 0.01859936 0.01861975 0.01834496
[25] 0.01852113 0.01796771 0.01828961 0.01825104 0.01881647 0.01829821
[1] "Positive rate for exposures: "
 [1] 0.8102564 0.8974359 0.9897436 0.9948718 0.6410256 0.6974359 0.6102564
 [8] 0.7282051 0.6974359 0.6769231 0.7025641 0.7230769 0.6461538 0.6666667
[15] 0.6923077 0.7076923 0.6871795 0.7179487 0.6871795 0.6615385 0.6358974
[22] 0.6666667 0.6769231 0.6256410 0.6820513 0.7076923 0.5692308 0.6923077
[29] 0.7230769 0.6769231
[1] "Bonferroni-corrected positive rate for exposures: "
 [1] 0.6512821 0.8307692 0.9743590 0.9948718 0.4358974 0.5333333 0.4461538
 [8] 0.5076923 0.4974359 0.5230769 0.5487179 0.5692308 0.4512821 0.5076923
[15] 0.5333333 0.5230769 0.5333333 0.5589744 0.4974359 0.4974359 0.4974359
[22] 0.4923077 0.5128205 0.4666667 0.4820513 0.5333333 0.4307692 0.4974359
[29] 0.5333333 0.4615385
