[1] "Average Estimates for Betas: "
 [1]  0.0573711942  0.0949798396  0.2074015930  0.3026710770 -0.0106047280
 [6]  0.0021404340 -0.0022563936 -0.0012109786  0.0085878560 -0.0065746754
[11] -0.0031287777 -0.0029205790 -0.0028290515  0.0052133672  0.0023976560
[16]  0.0023838960  0.0041833919  0.0031209083  0.0021505492  0.0020795304
[21] -0.0022667228  0.0130405698  0.0019923386  0.0051823745  0.0079309439
[26]  0.0124173158  0.0043832356  0.0091100307 -0.0024357862 -0.0007531243
[1] "Standard Deviations of Betas: "
 [1] 0.08004797 0.07474621 0.08402234 0.07758827 0.08238896 0.09362091
 [7] 0.07825804 0.08170543 0.08148916 0.08184266 0.08904895 0.08847040
[13] 0.08409897 0.09773259 0.08469590 0.08432458 0.09095521 0.08792637
[19] 0.07655455 0.08338979 0.08302863 0.08188152 0.07804146 0.08703903
[25] 0.08079996 0.09039802 0.08599329 0.09182964 0.09025388 0.08461378
[1] "Average StdErrors for Betas: "
 [1] 0.06364758 0.06481245 0.06319003 0.06349731 0.06399092 0.06419799
 [7] 0.06363840 0.06322103 0.06296821 0.06331631 0.06263541 0.06440463
[13] 0.06427683 0.06318511 0.06417087 0.06350174 0.06465317 0.06286552
[19] 0.06294994 0.06342071 0.06390596 0.06465004 0.06432419 0.06382477
[25] 0.06411656 0.06258102 0.06309090 0.06367039 0.06537780 0.06328591
[1] "Positive rate for exposures: "
 [1] 0.21025641 0.34871795 0.89230769 0.97435897 0.11282051 0.14871795
 [7] 0.10256410 0.12820513 0.11794872 0.12820513 0.16923077 0.14871795
[13] 0.10256410 0.13846154 0.14358974 0.12820513 0.15384615 0.14871795
[19] 0.13846154 0.12820513 0.13846154 0.08717949 0.11282051 0.10256410
[25] 0.14358974 0.14358974 0.13333333 0.16923077 0.14358974 0.15897436
[1] "Bonferroni-corrected positive rate for exposures: "
 [1] 0.04102564 0.07179487 0.54871795 0.88717949 0.03076923 0.03589744
 [7] 0.03589744 0.02051282 0.01025641 0.05128205 0.03076923 0.03076923
[13] 0.03589744 0.03076923 0.02051282 0.03076923 0.03076923 0.03076923
[19] 0.01538462 0.03589744 0.01538462 0.01538462 0.02051282 0.03589744
[25] 0.02051282 0.05641026 0.04102564 0.04615385 0.02051282 0.05128205
