[1] "Average Estimates for Betas: "
 [1] 0.08206826 0.12581020 0.23190989 0.33181796 0.01636044 0.02856199
 [7] 0.02730700 0.02265613 0.03652959 0.02131207 0.02141733 0.02994231
[13] 0.02277949 0.03548579 0.02846653 0.02881004 0.03162038 0.03093967
[19] 0.02614544 0.02736883 0.02502527 0.04253155 0.03298396 0.03479658
[25] 0.03353046 0.04408758 0.02854936 0.03817511 0.02506200 0.02813463
[1] "Standard Deviations of Betas: "
 [1] 0.08951941 0.08095956 0.09022416 0.09062983 0.08686034 0.10173306
 [7] 0.08316290 0.08709614 0.08924357 0.09559822 0.09762075 0.09808377
[13] 0.09439866 0.10051451 0.09185309 0.08633851 0.09385260 0.09289247
[19] 0.08238601 0.08773157 0.08594512 0.09239946 0.08551144 0.09676589
[25] 0.08602658 0.09755068 0.09355860 0.10372850 0.09915006 0.09513398
[1] "Average StdErrors for Betas: "
 [1] 0.06233419 0.06391254 0.06230132 0.06236483 0.06243487 0.06339370
 [7] 0.06287107 0.06216628 0.06218119 0.06218891 0.06193254 0.06327691
[13] 0.06333069 0.06215100 0.06337994 0.06257610 0.06368508 0.06196441
[19] 0.06193832 0.06274706 0.06275602 0.06340985 0.06345513 0.06266760
[25] 0.06313460 0.06125119 0.06232398 0.06234653 0.06416554 0.06236381
[1] "Positive rate for exposures: "
 [1] 0.3076923 0.5282051 0.8923077 0.9897436 0.1487179 0.1948718 0.1282051
 [8] 0.1641026 0.2000000 0.2051282 0.2410256 0.2307692 0.1487179 0.2051282
[15] 0.1743590 0.1692308 0.1692308 0.2307692 0.1794872 0.1692308 0.1589744
[22] 0.2000000 0.1846154 0.1692308 0.2000000 0.2564103 0.1897436 0.1794872
[29] 0.1846154 0.1692308
[1] "Bonferroni-corrected positive rate for exposures: "
 [1] 0.11794872 0.17948718 0.67692308 0.91794872 0.03589744 0.04102564
 [7] 0.05128205 0.03589744 0.03589744 0.04615385 0.05128205 0.05641026
[13] 0.05128205 0.05128205 0.03076923 0.04615385 0.04615385 0.03589744
[19] 0.02564103 0.03589744 0.02564103 0.05641026 0.03076923 0.06153846
[25] 0.04102564 0.07179487 0.06153846 0.07692308 0.05641026 0.05128205
