[1] "Average Estimates for Betas: "
 [1]  0.0558204751  0.0971312195  0.2061644044  0.3008656556  0.0007214292
 [6]  0.0042013843 -0.0026651589 -0.0017580932 -0.0039401652 -0.0041710628
[11] -0.0016755103 -0.0031744101 -0.0002143331  0.0016860327  0.0007473333
[16] -0.0011813663 -0.0053717018 -0.0048914220  0.0069054905 -0.0009903748
[21] -0.0051377020  0.0040155772  0.0003338883  0.0008531790 -0.0100237391
[26]  0.0016071021  0.0014224322 -0.0043193120  0.0042667168 -0.0005848935
[1] "Standard Deviations of Betas: "
 [1] 0.04861060 0.05385280 0.06032452 0.05145204 0.05397988 0.05151902
 [7] 0.04696553 0.05326139 0.05933734 0.04483753 0.05096179 0.05406260
[13] 0.04419437 0.04453500 0.05782889 0.05137174 0.05700883 0.04932046
[19] 0.04854787 0.04660009 0.05802142 0.05305409 0.05919286 0.05315566
[25] 0.06346325 0.04786818 0.04681086 0.04705422 0.05207973 0.06123208
[1] "Average StdErrors for Betas: "
 [1] 0.04565101 0.04962820 0.04678897 0.04498260 0.05022365 0.04551843
 [7] 0.04388911 0.04988519 0.04825290 0.04552640 0.04859421 0.04675994
[13] 0.04928442 0.04864509 0.04946042 0.04594657 0.04909275 0.04907102
[19] 0.04547467 0.04798562 0.04518302 0.04692406 0.05034317 0.04976438
[25] 0.05011959 0.04671275 0.04382674 0.04353807 0.04702542 0.04869825
[1] "Positive rate for exposures: "
 [1] 0.33157895 0.61578947 0.94210526 0.99473684 0.02105263 0.04736842
 [7] 0.03157895 0.03157895 0.05263158 0.02105263 0.03684211 0.03157895
[13] 0.04736842 0.01578947 0.04736842 0.05789474 0.05263158 0.04210526
[19] 0.02631579 0.03684211 0.05789474 0.03157895 0.05263158 0.03157895
[25] 0.05263158 0.02631579 0.05263158 0.03684211 0.04736842 0.05263158
[1] "Q-value positive rate for exposures: "
 [1] 0.105263158 0.363157895 0.868421053 0.978947368 0.005263158 0.015789474
 [7] 0.005263158 0.005263158 0.010526316 0.000000000 0.000000000 0.000000000
[13] 0.000000000 0.000000000 0.005263158 0.010526316 0.005263158 0.000000000
[19] 0.000000000 0.000000000 0.005263158 0.010526316 0.005263158 0.000000000
[25] 0.010526316 0.005263158 0.005263158 0.000000000 0.000000000 0.000000000
[1] "Precision/Recall/F1 based on p-values:"
[1] 0.7345845 0.7210526 0.7277556
[1] "Precision/Recall/F1 based on Q-values:"
[1] 0.9565217 0.5789474 0.7213115
