[1] "Average Estimates for Betas: "
 [1]  0.0558169441  0.0971268906  0.2061504819  0.3008374514  0.0007207700
 [6]  0.0042016252 -0.0026646637 -0.0017576189 -0.0039377213 -0.0041716317
[11] -0.0016769085 -0.0031741645 -0.0002137030  0.0016854715  0.0007475421
[16] -0.0011791719 -0.0053705561 -0.0048918201  0.0069018019 -0.0009927994
[21] -0.0051398299  0.0040153398  0.0003336100  0.0008538299 -0.0100226972
[26]  0.0016093852  0.0014276608 -0.0043202992  0.0042666439 -0.0005843967
[1] "Standard Deviations of Betas: "
 [1] 0.04860706 0.05384705 0.06032193 0.05145346 0.05397530 0.05151802
 [7] 0.04696227 0.05325859 0.05932919 0.04483343 0.05095944 0.05405742
[13] 0.04418871 0.04453326 0.05782203 0.05136651 0.05700171 0.04931122
[19] 0.04853659 0.04659429 0.05801913 0.05304878 0.05918653 0.05314904
[25] 0.06345712 0.04786252 0.04680844 0.04704635 0.05207382 0.06122632
[1] "Average StdErrors for Betas: "
 [1] 0.03723288 0.04095858 0.03843246 0.03706129 0.04120474 0.03734872
 [7] 0.03627500 0.04078326 0.03995108 0.03735680 0.03975797 0.03873060
[13] 0.04051208 0.04009835 0.04028951 0.03785328 0.04031362 0.04035359
[19] 0.03736270 0.03944930 0.03723595 0.03833654 0.04172084 0.04068768
[25] 0.04111111 0.03845369 0.03617611 0.03591243 0.03883079 0.04011874
[1] "Positive rate for exposures: "
 [1] 0.46842105 0.69473684 0.95789474 0.99473684 0.07894737 0.07368421
 [7] 0.07894737 0.07368421 0.11052632 0.07894737 0.10526316 0.09473684
[13] 0.07368421 0.05263158 0.13684211 0.09473684 0.13684211 0.10000000
[19] 0.10000000 0.08947368 0.09473684 0.07894737 0.07894737 0.07368421
[25] 0.10526316 0.06842105 0.08947368 0.12105263 0.08421053 0.10526316
[1] "Q-value positive rate for exposures: "
 [1] 0.22631579 0.53684211 0.92631579 0.98947368 0.02631579 0.03157895
 [7] 0.02105263 0.02631579 0.03684211 0.01578947 0.01052632 0.03157895
[13] 0.01578947 0.01052632 0.04210526 0.03684211 0.02631579 0.01578947
[19] 0.02105263 0.02631579 0.03157895 0.02105263 0.04210526 0.02631579
[25] 0.02631579 0.02631579 0.04210526 0.01578947 0.02631579 0.04210526
[1] "Precision/Recall/F1 based on p-values:"
[1] 0.5670498 0.7789474 0.6563193
[1] "Precision/Recall/F1 based on Q-values:"
[1] 0.7940718 0.6697368 0.7266238
