[1] "Average PIPs: "
 [1] 0.13509423 0.34152679 0.83989029 0.95983112 0.06922775 0.06985753
 [7] 0.06171075 0.07053311 0.06938633 0.06241768 0.06358646 0.06778364
[13] 0.06532220 0.06247020 0.06978024 0.07742011 0.07442031 0.06788105
[19] 0.06107627 0.06217237 0.06336041 0.07150819 0.07106808 0.07184429
[25] 0.07428990 0.06886560 0.06928690 0.06472443 0.06470530 0.07433123
[1] "Percent of time PIP >= 0.1: "
 [1] 0.3789474 0.6473684 0.9368421 0.9947368 0.3052632 0.3157895 0.3052632
 [8] 0.3315789 0.3210526 0.3105263 0.3157895 0.3105263 0.3105263 0.3052632
[15] 0.3157895 0.3210526 0.3315789 0.3157895 0.3052632 0.3157895 0.3157895
[22] 0.3157895 0.3105263 0.3210526 0.3210526 0.3105263 0.3157895 0.3157895
[29] 0.3157895 0.3210526
[1] "Percent of time PIP >= 0.5: "
 [1] 0.068421053 0.273684211 0.821052632 0.957894737 0.005263158 0.010526316
 [7] 0.000000000 0.010526316 0.005263158 0.000000000 0.000000000 0.005263158
[13] 0.000000000 0.000000000 0.005263158 0.015789474 0.015789474 0.005263158
[19] 0.000000000 0.000000000 0.000000000 0.010526316 0.010526316 0.010526316
[25] 0.010526316 0.010526316 0.005263158 0.005263158 0.000000000 0.010526316
[1] "Percent of time PIP >= 0.9: "
 [1] 0.036842105 0.168421053 0.778947368 0.931578947 0.005263158 0.005263158
 [7] 0.000000000 0.005263158 0.000000000 0.000000000 0.000000000 0.000000000
[13] 0.000000000 0.000000000 0.000000000 0.015789474 0.000000000 0.005263158
[19] 0.000000000 0.000000000 0.000000000 0.005263158 0.000000000 0.005263158
[25] 0.005263158 0.000000000 0.005263158 0.000000000 0.000000000 0.005263158
