1.31080046816834e-09 7.06207283829308e-06 1 1 1.32792032925266e-09 5.54585266598906e-11 1.55304769045017e-10 7.94561416661566e-10 6.12786488218831e-11 7.49806883248993e-11 1.22819532322183e-10 6.68874955422893e-11 8.3098750103261e-11 2.06329521246218e-08 2.44147426720076e-08 7.69009711465429e-08 5.61324320358381e-11 3.78797724742697e-07 1.10351472404346e-09 1.04485864405035e-10 1.10371378703178e-10 7.24178050859337e-10 7.30195903742015e-11 5.5384696828753e-11 6.47611075876853e-10 1.11651465850571e-10 1.55879198437958e-10 7.29654114905998e-11 1.44872225327219e-10 8.5343621059053e-11
0 0 1 1 0 0 0 0 0 0 0 0 0 0 0 0 0 0 0 0 0 0 0 1.7430501486615e-14 0 0 0 0 0 0
0 0 0 1 0 0 0 0 0 0 0 0 0 0 0 0 0 0 0 0 0 0 0 0 0 0 0 0 0 0
2.32125429988628e-12 3.36111416476825e-09 1 1 0 4.21884749357559e-13 0 1.22124532708767e-15 0 4.44089209850063e-16 0 4.44089209850063e-16 1.11022302462516e-16 0 0 0 3.33066907387547e-16 2.22044604925031e-15 1.11022302462516e-16 1.11022302462516e-16 0 0 0 1.11022302462516e-16 3.25295346215171e-14 0 0 5.55111512312578e-16 7.51487760908276e-12 0
1.36812783324558e-12 0.99879053984185 0.999999999997416 1 1.21069820835373e-12 1.87536652873632e-10 5.72965213163634e-07 2.2893156903514e-06 1.19415588528682e-12 0.00119270255475812 2.00675388262184e-06 2.18047802036381e-11 0.427422341765905 1.26221255669634e-11 1 1.94209437925918e-05 1.34784727823245e-09 6.81188438989011e-12 3.75155462251087e-12 8.49833159399793e-09 3.54021789661374e-09 2.06415995407383e-11 5.69044811271624e-12 7.4575901010121e-12 1.70130576293559e-11 1.09778852674935e-12 1.41242573192812e-12 4.68847183299204e-12 2.65460198267675e-09 1
0 0 0 1 0 0 0 0 0 0 0 0 1.11022302462516e-16 0 0 0 0 0 0 0 0 0 0 0 0 0 0 0 0 0
3.79378128911867e-09 1 0.993356778461821 1 5.49815892814109e-08 3.21526798630067e-07 8.19606826851782e-10 3.27255444965147e-10 4.41000125306346e-10 4.78316719565441e-10 6.44319597675747e-10 3.60868920301627e-08 4.02690991663235e-10 5.73850078566807e-10 1.13273275204051e-08 1.35346633900468e-09 1.26531884969694e-09 2.75199452004493e-07 1.40214773125535e-09 6.53785470206003e-09 3.12496806209595e-10 4.69394967339554e-09 7.14020065295529e-10 8.35491342776606e-10 5.17343723416275e-10 4.74205452682952e-10 9.93922053993401e-07 9.14125997120152e-10 3.48405748695768e-10 0.999993649468055
0 0 1 1 1.11022302462516e-16 0 0 0 1.11022302462516e-16 0 1.11022302462516e-16 1.11022302462516e-16 0 0 0 0 8.65973959207622e-15 1.11022302462516e-16 0 0 1.4432899320127e-15 0 0 0 2.22044604925031e-16 1.55431223447522e-15 0 0 0 0.999999999999986
5.98020521991316e-10 4.32986979603811e-15 1 1 4.32986979603811e-15 8.73745520379998e-14 0.00185005293735985 3.60822483003176e-14 1.99840144432528e-15 1.99840144432528e-15 2.8510527272374e-13 2.88657986402541e-15 5.11562558980216e-09 2.88657986402541e-15 3.40638628415491e-12 2.66453525910038e-15 2.77555756156289e-15 2.00950367457153e-14 3.21964677141295e-15 2.33146835171283e-15 9.54791801177635e-15 2.1094237467878e-15 2.1094237467878e-15 4.5932146974792e-12 3.3859581805018e-10 2.03888017580311e-11 2.62012633811537e-14 4.66293670342566e-15 2.44249065417534e-15 5.40334443854817e-12
0 1 8.87532947135838e-09 1 0 0 1.11022302462516e-16 0 0 0 0 0 0 0 4.19922022654173e-06 1.11022302462516e-16 0 0 0 0 0 0 0 0 0 0 0 0 0 0
5.55111512312578e-16 2.70908197130826e-06 9.08522823639402e-09 1 2.22044604925031e-16 7.7715611723761e-16 9.99200722162641e-16 2.22044604925031e-16 1.11022302462516e-16 9.82474946065182e-06 1.11022302462516e-16 6.66133814775094e-16 1.96171967559167e-11 2.22044604925031e-16 2.22044604925031e-16 3.41437988993221e-12 6.66133814775094e-16 8.88178419700125e-16 4.44089209850063e-16 1.11022302462516e-16 4.90929519258998e-12 5.58442181386454e-14 3.33066907387547e-16 1.11022302462516e-16 4.44089209850063e-16 2.22044604925031e-16 2.22044604925031e-16 2.55351295663786e-14 2.22044604925031e-16 6.00397509487038e-11
1 9.43689570931383e-15 0.00173975783194058 1 1.09134923320653e-13 3.47355477714473e-12 2.1094237467878e-15 2.1094237467878e-15 3.5527136788005e-15 1.77635683940025e-15 1.65245594985208e-11 2.55351295663786e-14 4.88498130835069e-15 8.31917867927245e-11 3.89299703584811e-12 5.44009282066327e-15 1.99840144432528e-15 3.46389583683049e-13 5.88268622703225e-09 1.66533453693773e-15 8.38218383591993e-14 3.33066907387547e-15 1.88737914186277e-15 2.55351295663786e-15 1.66533453693773e-15 1 1.41431311106999e-12 1.88737914186277e-15 1.80411241501588e-13 2.30704344517108e-13
9.81881242978488e-13 8.26005930321116e-14 1 1.8103485377452e-10 0 0 2.22044604925031e-16 0 0 0 0 0 0 0 0 0 0 0 0 0 0 0 0 2.22044604925031e-16 0 1.88737914186277e-15 0 0 3.33066907387547e-16 0
0 1.26667276667547e-09 1 1 0 0 0 2.22044604925031e-16 0 0 0 0 0 1.33226762955019e-15 0 0 3.77475828372553e-15 0 0 0 0 0 0 0 0 1.11022302462516e-16 0 0 0 0
1 1.21257781593442e-10 7.56845253135907e-10 1.69244139125446e-06 1.3354872763216e-12 1.42330591756945e-13 5.36903854708726e-13 1.0991207943789e-13 2.89324120217316e-13 5.67717983734894e-10 7.72049091324334e-13 4.99522645469597e-12 1.06026298851702e-13 1.86406445834564e-13 1.94066984704477e-13 0.0146572047117437 1.28896893158981e-13 1.45106149318508e-13 1.00364161426114e-13 9.5812247025151e-14 8.18345391451203e-13 1.26747612405609e-10 9.24815779512755e-14 3.60267371490863e-13 9.01554386700809e-11 1.16790854765014e-09 4.05342426290645e-13 3.66418007047287e-12 1.83519865970538e-13 1.24589227823435e-12
5.6621374255883e-15 4.37261338248618e-11 1.0547118733939e-14 1 1 0 0 0 0 0 0 0 0 1.0325074129014e-14 0 0 0 0 0 1.11022302462516e-16 0 0 0 0 5.55111512312578e-16 1.66533453693773e-15 0 0 0 0.999976512429054
2.26811347481259e-10 0.999999998821945 1 1 2.6052271451249e-11 3.09784464747054e-09 2.79236633815572e-11 1.01691877141263e-10 2.60143018238068e-11 7.92602650179219e-11 8.04651900665476e-11 2.7955304737759e-11 2.95063973254628e-11 6.25026808087625e-09 3.83914011692355e-11 2.66289212902393e-11 2.66192623499251e-11 8.197609258076e-11 1.4564728312294e-09 6.12957462564623e-11 3.10005132675428e-10 5.57668995870841e-07 4.31579216808586e-11 2.71868083601134e-11 2.14566142631156e-09 6.83745249308032e-09 4.39331349078032e-10 4.10874667622352e-11 3.32343041975491e-11 3.98456183603457e-08
0 0 1.11022302462516e-16 1 4.0458525418785e-11 0 1 0 2.20867768518929e-12 2.22044604925031e-16 2.85736712068996e-09 3.0422894203852e-09 0.999999644015371 2.81471279617307e-09 0 0 0 0 3.33066907387547e-16 6.16725559510201e-11 0 3.14193115968919e-14 0 2.8421709430404e-14 0 1 1 4.2854608750531e-14 0 0
0 0 1 3.17741788979919e-05 1 0 1 0 0 0 0 0 2.6700863742235e-13 0 0 0 0 0 1.11022302462516e-16 0 0 0 0 0 0 0 0 0 0 0
1.55431223447522e-15 0.00357621205391934 2.09832151654155e-14 1 3.13349346470204e-12 1.38855593689868e-12 1.77635683940025e-15 5.77315972805081e-14 3.99680288865056e-15 2.44249065417534e-15 8.21565038222616e-15 1.33226762955019e-15 4.66293670342566e-15 1.35447209004269e-14 4.55191440096314e-15 3.47310491477515e-09 1.77635683940025e-15 7.21644966006352e-15 1.33226762955019e-15 1.88737914186277e-15 1.4432899320127e-15 5.99520433297585e-15 7.76090303133969e-12 7.37188088351104e-14 3.10862446895044e-15 7.57571783083222e-12 8.88178419700125e-15 2.33146835171283e-15 2.00617300549766e-12 1.03431152531641e-10
0 0 8.88178419700125e-16 1 0 0 1.7945644970041e-12 0 0 1.11022302462516e-16 1.55431223447522e-15 0 0 0 0 0 1.11022302462516e-16 0 2.33146835171283e-15 4.55191440096314e-15 0 0 0 0 3.10307335382731e-13 0 7.99360577730113e-15 0 0 0
0 6.68661201963516e-08 1 1 1.88737914186277e-15 0 0 2.55351295663786e-15 1 0 0 0 0 1.11022302462516e-16 0 7.7937656328686e-14 2.09662800121357e-07 0 0 4.44089209850063e-16 0 1 0 0 0 1.48399070809546e-11 1.19904086659517e-14 0 0 0
1.33226762955019e-15 2.87413426391936e-11 1 1 9.99200722162641e-16 4.44089209850063e-16 4.44089209850063e-16 1.22124532708767e-15 3.33066907387547e-16 7.7715611723761e-16 1.22800325463857e-10 3.33066907387547e-16 1.98729921407903e-14 3.44169137633799e-15 1.52100554373646e-14 6.84452494681409e-13 4.44089209850063e-16 2.68673971959288e-14 3.61821683725339e-13 7.18462389581731e-09 4.02344824124157e-13 3.33066907387547e-16 2.07056594092592e-13 4.44089209850063e-16 2.22044604925031e-16 4.21884749357559e-15 1.1740608485411e-12 7.7715611723761e-16 5.55111512312578e-16 2.22044604925031e-16
1.09798836689379e-11 3.20965476419133e-13 0 1.40663258818563e-10 0 0 0 0 0 0 0 0 0 0 0 1.77119985345087e-10 1 0 0 0 0 0 0 1.38011069239496e-09 0 0 0 0 0 1
3.66373598126302e-15 4.16119216861688e-09 3.61044527608101e-13 1 0 0 0 1.22124532708767e-15 0 0 0 0 0 8.71525074330748e-14 0 0 0 0 0 0 0.99999999999999 3.10862446895044e-15 0 0 0 0 5.20694598549198e-14 1 0 0
0 0.0497743054903458 1.40724335517817e-08 1 1.11022302462516e-16 0 0 0 4.82230255727245e-10 0 0 0 4.74509320724792e-13 0 0 0 0 4.44089209850063e-16 0 0 0 6.64237201686291e-07 2.44249065417534e-15 0 0 0 4.77867256876152e-09 0 0.999999999999994 0
0 0 8.54176729347955e-11 1 0.984541635138566 0 0 0 0.999999832921811 1 0 0 1 0 0 0 0 0 0 1.11022302462516e-16 0 0 0 7.2929192762583e-07 0 0 1 0 0 0
1.09806885806307e-09 2.0478063689211e-12 1 1 3.33066907387547e-16 0 1.4432899320127e-15 2.22044604925031e-16 5.90456572524545e-11 0 0 1 3.33066907387547e-16 7.6305628482487e-13 1.11022302462516e-16 1.11022302462516e-16 1.11022302462516e-16 1 0 1.11022302462516e-16 4.40332345030825e-08 0 0 1.11022302462516e-16 0 3.33066907387547e-16 0 6.86529426485727e-06 1.53545133380062e-05 0
2.22044604925031e-16 7.11652958784725e-14 0 1 0 0 0 3.5527136788005e-15 4.32986979603811e-15 0.000242290017504976 6.66133814775094e-16 1.57873714101697e-13 0 1.57385959376199e-07 1.14115383809121e-10 0 1.11022302462516e-16 1.4432899320127e-15 0 0 0 1.22124532708767e-15 0 0 2.66453525910038e-15 1.11022302462516e-16 0 0 0 0
6.8800520836021e-13 7.01556146509574e-10 1 1 5.74018610421945e-12 0 0 0 0 0 0 0 0 0 0 0 0 0 0 0 3.77475828372553e-15 0 0 2.31806011530278e-05 0 0 0 0 0 0
0 0 1 1 0 0 5.44009282066327e-15 0 2.09654515970215e-12 0 1.55431223447522e-15 1.11022302462516e-16 0 1.22124532708767e-15 0 0 0 0 0 0 0 0 0 0 0 4.40758540776187e-14 0 0 9.45132860863396e-13 0
7.31443794421693e-11 7.3250591505758e-06 1 1 1.27098331859088e-11 1.70158185319735e-08 1.44427125814417e-09 2.70865774254503e-10 1.30271349263467e-11 5.92089710593768e-11 1.36263222927369e-11 1.27191590593156e-11 1.4402601333785e-10 1.44673162338904e-10 1.2678147420786e-10 2.7565727478418e-11 0.029268882012063 2.94554380886325e-11 2.35403918580346e-11 2.30448993221444e-10 5.96110938388961e-11 0.00141428854364745 3.13018500008866e-11 1.56226953595962e-09 1.26972876657305e-11 7.09617697935983e-09 1.29546721017171e-07 1.63054014734598e-11 6.71881833835819e-07 1.69637355273977e-08
1 1 1 1 0 2.04329886344112e-11 0 0 1 9.77130598656117e-11 0 0 1.32116539930394e-14 0 0 1.80967907326135e-10 0 0 0 1 1.30824584498868e-09 0 5.75384184742234e-12 0 0 0 1.48175147363094e-06 0 0 0
0 0 1 0 0 0 0 0 0 0 0 0 0 0 0 0 0 0 0 0 0 7.43849426498855e-15 0 0 0 0 2.88657986402541e-15 0 0 0
0 3.34913208277499e-10 1 1 0 0 0 0 0 0 2.22044604925031e-16 0 0 0 0 0 3.74061337460319e-10 0 0 0 0 0 0 0 5.55111512312578e-16 0 0 0 0 0
9.02008467917881e-11 6.84763357128304e-12 1 4.42978986825437e-14 3.51496609596325e-13 4.439781875476e-13 1.67088565206086e-13 5.41788836017076e-14 1.94200211467432e-12 2.09054995536917e-12 1.77269310341899e-12 4.78506123613442e-14 5.25135490647699e-14 4.58899584998562e-12 5.67768054793305e-13 8.08242361927114e-14 7.46069872548105e-14 5.6399329650958e-14 1.06026298851702e-13 6.85673740008497e-13 4.66293670342566e-14 1.06470388061553e-13 7.78266340262235e-14 5.05151476204446e-14 7.31359417471822e-11 4.44755343664838e-13 4.5852210917019e-14 8.09352584951739e-14 4.34097202628436e-14 3.86102261273891e-12
0 7.99360577730113e-15 2.81917822420041e-11 1 0 0 2.43138842392909e-14 0 3.33066907387547e-16 0 0 0 0 0 0 0 0 0 0 0 0 1.11022302462516e-15 0 0 0 2.33146835171283e-15 0 0 0 0
0 2.25375273998907e-14 1 0 0 0 0 0 5.55111512312578e-16 0 0 3.33066907387547e-16 0 0 0 0 0.999974541328032 1 0 0 0 0 0 0 0 0 0 0 0.99999999999999 0
1 0 0.999999903525827 1 0 0 0 0 0 0 0 0 0 0 0 0 0.000981888317473367 0 0 0 1.66533453693773e-15 0 0 0 0 2.99760216648792e-15 0 0 0 0
2.94535840161814e-10 0.999999999999158 6.64510561021459e-08 1 4.86277684785819e-14 9.78106484694763e-14 2.68034142658635e-06 1.30566668588017e-11 9.07052211118753e-14 1.10467190950203e-13 8.33777491493493e-14 8.64863736182997e-14 1.18682841332429e-13 4.16333634234434e-14 4.40758540776187e-14 9.52571355128384e-14 3.8968828164343e-14 4.46309655899313e-14 6.79212908138993e-09 1.48325796089921e-13 3.45279360658424e-14 1.80855330711438e-13 3.98570065840431e-14 4.2410519540681e-14 5.75095526755831e-14 4.05231403988182e-14 3.48610029732299e-14 4.04121180963557e-14 5.07038855346309e-13 4.01900734914307e-14
3.33066907387547e-16 6.77236045021345e-15 1 1 0 3.13082892944294e-14 1.44622869235889e-10 0 7.7715611723761e-16 5.88418203051333e-15 1.67643676718399e-14 0 0 0 0 0 0 0 2.22044604925031e-16 0 0 3.21964677141295e-15 1.11022302462516e-16 3.29589955327947e-09 0 1.55431223447522e-15 0 0 0 3.33066907387547e-16
0 0.999999999965895 1 1 0 0 0 0 0 0 0 0 0 3.33066907387547e-16 0 7.4273920347423e-14 0.999999128196933 3.95239396766556e-14 0 0 0 0 1.10456388480173e-09 0 0 0 3.5527136788005e-15 1.99840144432528e-15 0 2.33146835171283e-15
4.44089209850063e-16 6.46371844936766e-13 1 1 1.11022302462516e-16 7.3631101216165e-12 2.22044604925031e-16 1.11022302462516e-16 0 5.23137089203374e-13 0 0 0 3.33066907387547e-16 0 1.11022302462516e-16 1.0099698855015e-12 8.88178419700125e-15 1.11022302462516e-16 1.11022302462516e-16 1.11022302462516e-16 1.11022302462516e-16 4.02011757216769e-13 8.88178419700125e-16 0 5.55111512312578e-16 3.33066907387547e-16 0 2.22044604925031e-16 3.33066907387547e-16
4.16566781069605e-12 9.95870053088765e-14 0 1 1 0 0 0 0 0 0 1 0 1.11022302462516e-16 3.66373598126302e-15 0 0 0 0 0 6.87481183092586e-11 7.06730562960445e-10 0 2.97539770599542e-14 0 0 0 0 0 0
0 1 1 1 1.11022302462516e-16 0 0 5.80556713813962e-11 2.22044604925031e-16 1.11022302462516e-16 0 0 0 0 7.7715611723761e-16 2.33146835171283e-15 0 0 2.54241072639161e-14 0 0 0 0 0 0 0 0 2.22044604925031e-16 2.22044604925031e-16 0
8.24451618086641e-13 3.29809846100204e-10 0.0325914378641506 1 1.30912836127095e-10 4.44988490500009e-12 0.997927587874979 6.28574969852025e-12 3.37461170119013e-10 1 5.18807219407336e-13 0.999999946011525 7.00328683933549e-13 1.87014267405416e-08 9.42357303301833e-13 4.71289673953379e-13 1.15019105351166e-12 5.77649039712469e-13 1.26746391160282e-10 6.52589093874667e-13 9.70890035034699e-13 5.07260899951234e-13 6.14619466432487e-13 3.62773758810775e-08 3.00304794365047e-08 4.74176253817404e-13 2.63422617052811e-12 2.77554645933265e-11 5.37347943918576e-13 5.34572386357013e-13
0 0 1 0.963473683255052 0 1.47604151123915e-12 3.25058868710926e-11 0 2.08828510039893e-11 1.55431223447522e-15 0 0 1.41658684782442e-10 0 0 1.93178806284777e-14 0 0 9.88098491916389e-15 0 0 0 3.44169137633799e-15 0 0 1.40998324127395e-13 7.7715611723761e-16 0 0 3.33066907387547e-16
0.999999995372871 5.08626207817997e-09 1 1 6.53691945018409e-09 1.20897844069212e-07 2.91991653078583e-10 1.66039404447815e-10 3.30167004847226e-10 2.24534180137681e-09 1.04368580444714e-09 2.5864177466417e-10 5.25799681572181e-09 4.88680302890288e-08 5.63558422150834e-10 3.62987828683714e-09 1.21954468745855e-09 4.60027682613884e-10 1.46723411198479e-10 2.47896370098033e-10 1.29588428876559e-09 4.99158270272915e-10 5.70395231047627e-09 4.52470949596773e-10 2.99600566577851e-10 9.92544824107711e-10 2.52893447960645e-07 2.81398571111424e-10 1.12602595581102e-07 1.53139390057788e-10
1.7342183245006e-10 0.00801619096849171 1 1 7.22946624787113e-09 3.35344529922565e-09 1.18698495477076e-10 0.999999999999928 1.27156174478671e-10 9.90117765553578e-10 3.88032384002202e-10 5.40673061877328e-11 5.10052555524609e-07 1.43349676573479e-09 5.14001063933733e-11 6.70907745015104e-06 9.64275104209378e-10 1.28466232096613e-08 2.80230816329663e-09 6.37405679349001e-08 4.6532677711042e-09 5.39214228822971e-11 9.76775327288237e-11 8.11548606094448e-11 7.35879135405071e-11 8.3932416572452e-11 6.14476136640008e-10 2.08182593830486e-07 1.69604819078017e-09 1
8.15025824607574e-12 6.97591241438644e-08 3.34139949043077e-09 1 1.56519242011655e-11 2.6886159965045e-11 9.47250278215961e-10 6.69297950395276e-12 4.97800689558403e-11 7.78199726880757e-12 3.11853300283271e-06 7.87524490064584e-11 4.7974180183985e-11 8.31235080767101e-12 1.09146025550899e-11 1.21554988297135e-11 7.55273621422248e-12 8.83459971845468e-12 7.92033105767587e-12 1.23401289187086e-11 7.02893299120433e-12 1.49164014473513e-11 7.49043271852656e-10 6.62114807425951e-12 1.77328152162204e-11 7.21400716940934e-12 6.48692211058233e-12 7.64621699289592e-12 6.54609699779485e-12 0.999999999999999
2.3205881660715e-12 1.71675940130456e-09 1 1 6.00686278495743e-10 2.28583818540073e-12 3.17557091733534e-12 0.999999999992679 2.39042119432042e-12 1.66353597563784e-11 2.42295072894194e-12 2.15946460713212e-09 1 2.07767136828352e-12 4.55100401808295e-11 1 3.09663406028449e-11 4.56690241179558e-12 7.03455818040766e-08 5.72973890555772e-11 1.77301506809613e-11 2.76811817911948e-09 2.09455786048807e-11 4.01900734914307e-12 1.86415483049984e-09 4.6198600500702e-12 3.25558469072007e-11 4.63040716880414e-12 1.11043122474896e-08 2.26818563930919e-12
5.20916643154123e-13 0.999999203007111 1.06570308133769e-11 1 2.96429547574917e-14 1.55209178842597e-13 3.11972669919669e-14 2.4980018054066e-14 3.41948691584548e-14 1 1.50324197534246e-13 2.50910403565285e-14 2.53130849614536e-13 2.93098878501041e-14 8.33777491493493e-14 3.29736238313671e-14 5.17363929475323e-14 1.13242748511766e-13 2.49612552849499e-11 2.47295228739119e-09 0.999999998440553 2.8199664825479e-14 4.03010957938932e-14 7.89368570508486e-14 3.1863400806742e-14 2.60902410786912e-14 1.05724651255912e-10 3.64153152077051e-14 4.56468196574633e-12 7.17315096210314e-13
0 0 1 1 0 0 0 0 0 0 0 0 0 0 0 0 0 0 0 0 0 0 0 0 0 0 0 0 0 0
3.14193115968919e-14 1.69864122767649e-14 3.99458244260131e-13 1 1.79856129989275e-14 2.24329221865105e-10 4.76764183687806e-11 2.48726245257735e-05 7.17204073907851e-14 2.00950367457153e-14 2.33146835171283e-14 4.17443857259059e-14 1.55431223447522e-14 4.65183447317941e-14 1.93178806284777e-14 2.23154827949656e-14 1.63202784619898e-14 2.01970662416784e-11 1.45439216225896e-14 3.76365605347928e-14 3.18645110297666e-12 2.76445533131664e-14 2.23154827949656e-14 8.67972360651947e-13 1.37556632751057e-13 1.52015622312263e-10 2.67563748934663e-14 7.73825448163734e-13 2.53130849614536e-14 1.24362742326412e-11
3.97157862153108e-11 0.999999873759994 1.47805390149358e-09 1 6.4983451952827e-10 1.41385236851477e-10 4.43242109682274e-11 9.71369651381337e-11 1.02671093848983e-10 3.69906327790659e-11 1.60934066073537e-09 2.777906793483e-10 3.82133213960856e-11 3.91321308690351e-10 3.14592674133252e-09 5.41515721153019e-11 1.59081769979252e-09 5.24863486006666e-11 4.81605200164381e-10 1.00714769857291e-10 2.21355505258813e-07 1.29627419909184e-10 3.75720565770621e-11 2.23366989255958e-05 3.56289864056336e-07 1.79088965879259e-10 4.31091828900776e-11 6.56443710500554e-09 4.59784432749188e-11 5.50267609256139e-11
0 0 1 1 1.11022302462516e-16 0 0 0 0 0 0 2.42139641670747e-13 0 0 0 0 0 6.43929354282591e-15 0 0 0 0 0 0 0 0 5.42364586575417e-09 0 0 0
0 0 1 1 1.71129888038024e-10 0 5.55111512312578e-16 0 0 0 0 0 0 0 0 0 0 0 0 0 1 0 0 0 0.999999999983066 0 0 0 1.82520665248376e-13 0
0 0 1 1 0 0.999999999571111 0 0 0 0 0 0 0 0 5.43860334545343e-09 0 0 0 0 0.999941248180771 0 0 1.11022302462516e-16 4.99900121297969e-12 0 0 0 0 0 0
0 0 3.96615528027722e-05 1 0 0 0 0 0 0 0 0 0 0 0 0 0 0 0 0 0 6.21133144917962e-11 0 0 0 0 0 0 8.50704354737886e-08 0
1.30473409853948e-12 1 1 1 0 0 0 0 0 0 0 0 3.33066907387547e-16 1 2.22044604925031e-16 0 0 0 0 0 0 0 0 0 0 0 0 0 0 0
0 0 1 1 0 0 0 0 0 0 0 0 0 0 0 1.0991207943789e-14 8.57980353430321e-13 1.97830640757957e-11 0 0 0 0 0 0 0 0 1 0 0 0
0 3.8699266013964e-11 1.90958360235527e-14 1 0.999999985465746 0 1.11022302462516e-16 1.11022302462516e-16 1.22124532708767e-15 1.11022302462516e-15 1.25051080601679e-10 0 0 0 3.33066907387547e-16 0 0 1.11022302462516e-16 8.2413417201721e-08 0 2.22044604925031e-15 0 0 3.33066907387547e-16 0.00271400990380499 0 0 0 5.88418203051333e-15 0
1 0.999976556875107 1 1 0 1 2.17905615773617e-08 0 4.04121180963557e-14 7.7715611723761e-16 0 0 8.2033713155738e-11 0 0 0 1.11022302462516e-16 0 0 0 0 0 0 0 0 0 0 0 7.7715611723761e-16 0
3.96015442660769e-11 0.999999999995254 4.11892742135933e-14 1 2.66453525910038e-15 7.7715611723761e-16 1.33226762955019e-15 5.84570010053742e-06 8.10462807976364e-15 2.44249065417534e-15 3.33066907387547e-15 1.95843341543878e-13 9.99200722162641e-16 5.55111512312578e-16 7.7715611723761e-16 4.44089209850063e-16 5.55111512312578e-16 1.55431223447522e-15 1.4432899320127e-15 7.7715611723761e-16 2.11164419283705e-13 5.55111512312578e-16 7.43849426498855e-15 4.21884749357559e-15 3.95239396766556e-14 6.89759360739117e-12 5.55111512312578e-16 6.66133814775094e-16 2.61015545510723e-07 4.44089209850063e-16
0 0 1 1 0 0 0 1 0 5.69444491560489e-12 0 0 0 0 0 1.66533453693773e-15 0 0 0 0 0 0 0 0 0 1.11022302462516e-16 0 0 0 0
6.80694611787658e-10 6.74837963288155e-11 1 1 0.99999999999996 1.38637212820925e-10 4.84168982572974e-07 5.9263305374202e-10 4.15874558123974e-08 9.43392469476834e-07 2.28610874675184e-09 4.23911982183611e-08 2.71676015017874e-11 9.38445987586078e-11 1.97950766889221e-10 2.94237967324307e-11 7.12270242786417e-11 4.05809830184012e-11 2.43629671992096e-10 2.96940361188547e-10 3.42933459407391e-11 3.76640940658035e-11 1 1.28981302638387e-07 5.45556000375313e-08 0.999999439839141 6.48426867755347e-11 6.27653484741586e-09 6.61063426221631e-11 3.5994396352379e-10
0.999999996480719 0 1 1 0 0 0 1.14315001908949e-10 0 7.7715611723761e-16 8.65973959207622e-15 0 0 0 0 0 0 0 0 4.86422679912835e-10 0 0 0 0 0 2.22044604925031e-16 2.6500324157297e-10 0 0 0
0 1 1 1 0 0 1 0 0 0 0 0 0 0 0 0 0 9.13098485710861e-10 0 0 0 0 0 0 0 0 0 0 0 0
0 0 0.999999999999999 1 0 0 0 0 0 0 0 0 0 0 0 0 0 0 0 0 0 1.03028696685215e-13 0 0 0 0 0 0 0 0
1.88737914186277e-15 1 1 1 0 0 0 2.75668377014426e-13 0 0 0 0 9.11648534440701e-12 1.11022302462516e-16 0 7.46231965109700e-11 0 0 0 0 0 0 0 0 0 0 0 1.17905685215192e-13 0 7.16005033041256e-10
0 1.25808880868661e-07 1.48888484874377e-08 1 0 0 0 0 0 0 0 5.7065463465733e-14 4.76840789076505e-13 0 0 0 0 0 0 0 0 1.18751541933193e-09 0 0 1.55431223447522e-15 0 0 0 0 0
0 1 0.00076937900720675 1 0 0 3.23912674460303e-10 0 0 0 3.33066907387547e-16 0 0 0 0 0 0 0 0 0 0 0 0 0 0 0 0 0 0 0
3.33066907387547e-16 0 1 1 0 0 0 0 2.44249065417534e-15 0 1.11022302462516e-16 1.77635683940025e-15 0 0 0 1.11022302462516e-16 0 0 0 0 0 0 0 0 0 0 0 0 0 0
7.45047346040195e-09 6.37899377764484e-09 1 1 4.01900734914307e-13 4.41646719195887e-13 8.06132938180326e-13 5.40350988342819e-06 2.09832151654155e-13 6.62248034188906e-13 2.87185830671888e-11 4.11626288610023e-12 2.1049828546893e-13 2.53463916521923e-13 2.74780198594726e-13 2.27151630838307e-13 3.17601500654519e-12 5.02708985550271e-13 2.11719530796017e-13 3.42370576333906e-11 2.23487894857044e-13 3.6529690383702e-10 1.26643140418992e-12 3.05422354074381e-13 2.55906407176099e-13 3.9279690611238e-13 2.91433543964104e-13 3.67049723948298e-11 2.76667577736589e-13 2.33812968986058e-13
0 0 1 1 0 0 0 0 3.69404506983528e-12 0 0 0 0 0 0 0 0 0 0 1.89002147266137e-11 0 0 0 0 0 0 0 0 0 0
5.41344746807226e-13 4.35829150546851e-12 1 1 1.26700669955682e-08 9.71334124244549e-13 5.03819208574896e-13 1.29929400571882e-12 4.79560835486836e-12 1 2.73114864057789e-14 2.32036612146658e-14 2.91755508641245e-12 3.59712259978551e-14 1.52100554373646e-14 1.54321000422897e-14 1.66533453693773e-14 2.63122856836162e-14 1.38777878078145e-14 1.45550238528358e-13 1.42330591756945e-13 2.89768209427166e-14 2.1094237467878e-14 1.40998324127395e-14 1.72306613421824e-13 2.75524048021225e-12 1.45439216225896e-14 1.75415237890775e-14 3.78586051397178e-14 2.37587727269783e-14
0 1 1 1 0 0 0 0 0 0 0 0 0 7.59260585514454e-08 0 0 0 0 0 0 0 0 0 0 0 0 0 0 0 0
0 2.33812968986058e-13 1 1 0 0 0 0 0.999999999999855 0 0 1 0 0 0 1.13242748511766e-14 1.11022302462516e-16 1.11022302462516e-16 0 0 8.88178419700125e-15 0 0 0 0 0 0 0 0 0
0 0 0 1 0 0 0 0 0 0 0 0 0 0 0 0 0 0 0 0 0 0 0 0 0 0 0 0 0 0
2.21350493490036e-10 6.17402684532919e-10 5.26208092466174e-05 1 4.58713844686542e-10 2.98198132853145e-11 4.3996473131358e-11 3.79197784283747e-11 4.90520957185936e-11 3.26153581919897e-09 2.87343371319082e-10 6.93800572548753e-11 2.0669178844912e-05 5.06641486541781e-08 3.52706752693166e-11 3.25072191387221e-11 3.40763639528063e-10 0.999999904200257 4.1375236570218e-11 1.70204184080092e-10 2.81608070196171e-11 0.998627566092554 3.8029801530115e-11 7.28621607493096e-11 4.44732028981321e-11 5.63487034810350e-11 2.93233215487021e-11 1.51080259414016e-10 7.31044447199736e-10 3.17533777050016e-11
2.56933363473877e-11 0.0068837635534037 1 1 7.34967642301854e-14 1.10689235555128e-13 1.57651669496772e-14 2.80886425230165e-14 1.01030295240889e-14 3.97217037040321e-10 1.14352971536391e-14 1.04360964314765e-14 1.31006316905768e-14 1.01030295240889e-14 5.09907853718516e-08 9.88098491916389e-15 3.92508248125978e-12 1.33226762955019e-14 3.04201108747293e-14 5.18474152499948e-14 2.83774115317215e-11 3.530509218308e-14 1.27675647831893e-14 1.12132525487141e-14 3.93930543740595e-09 5.71154235018412e-12 1.53210777398272e-14 1.76192394008012e-13 1.10589315482912e-12 1.01030295240889e-14
1.15352172258554e-13 0.918274656717809 1.83678605658599e-09 1 1.16202969469015e-09 7.36077865326479e-14 7.70494779089859e-14 3.25406368517633e-13 2.43574049818562e-11 2.9433425685621e-07 3.91686683087755e-13 1.16018306073329e-13 5.61439783552942e-13 1.93955962402015e-13 6.65023591750469e-14 2.72028621850495e-10 8.6413777800054e-07 5.3179682879545e-14 5.54001289287953e-14 1.00364161426114e-13 1.0502709812954e-13 1.34670052887031e-13 3.77030107134857e-09 1.99174010617753e-13 5.69544411632705e-14 4.73432404390906e-12 8.04911692853238e-14 9.9475983006414e-14 8.05466804365551e-13 4.03344024846319e-13
1.17143165245803e-05 0.999999999997098 1 1 0 0 0 0 0.999999999998506 0 3.65263375101677e-14 0 0 0 0 3.69799334487553e-08 0 0 0 1.11022302462516e-16 0 1 1.11022302462516e-16 0 0 0 0 0 0 0
8.12606648636915e-11 8.12728007115737e-09 1 1 1.69698169405486e-07 7.33191285462453e-12 3.16724424465065e-12 4.14047685026731e-11 3.93840515755528e-12 1.22016841075379e-11 3.50913742508396e-11 3.05433456304627e-12 3.38407080135994e-12 2.03550398758523e-10 4.83613149526718e-12 5.70532510124622e-12 3.58268970046538e-12 3.79452025356386e-12 8.11920530807697e-11 3.42526007557353e-12 8.8668403397385e-08 3.3664182552684e-12 6.32592866978143e-10 3.39162031792739e-12 3.23796545131927e-12 5.04818409297059e-12 1.10373932216135e-11 5.04329911166224e-12 0.999948063080271 2.94180235727026e-11
2.1094237467878e-15 3.15742172185551e-07 9.68114477473137e-14 1 1.4432899320127e-15 1.28452803949131e-13 5.75994807405777e-12 2.58636556615954e-10 4.92579310673591e-09 2.88657986402541e-15 1 0.999999999999931 3.77475828372553e-15 4.52637927139676e-13 0.999999999999117 1.66533453693773e-15 1 7.39335814792241e-10 1 9.13589204287746e-11 7.43094386024268e-09 4.22994972382185e-14 1.66533453693773e-15 8.77076189453874e-15 9.49547440676213e-10 1.77635683940025e-15 9.97223900311983e-06 1.55431223447522e-15 3.90681976436547e-07 1
0 0.999999999999344 1 1 0 0 0 0 0 0 0 0 0 0 0 0 0 0 0 1 0 0 0 0 2.08387595845849e-07 5.06401254263267e-10 0 0 0 0
0 0 1 0 0 0 0 0 0 0 0 0 0 0 0 0 0 0 0 0 0 0 0 0 0 0.999999492110527 0 0 0 0
0 0 1 1 2.77555756156289e-15 0 4.5057502173762e-10 0 0 7.23865412055602e-14 0 0 3.33066907387547e-16 0 1.98729921407903e-14 1.55431223447522e-15 2.22044604925031e-15 0 0 2.8643754035329e-14 0 1.30534899556167e-08 1.21014309684142e-14 0 0 0 6.42053901156459e-08 7.7715611723761e-16 8.88178419700125e-16 0
0 0 1 1 0 0 0 0 0 2.22044604925031e-16 0 0 0 0 0 0 0 0 0 0 0.999999999942057 0 0 0 0 0 0 1.87627691161651e-14 0 0
0.999741348015804 6.0134841550763e-10 1 1 4.97868426485581e-08 4.23550083894497e-13 9.97979476835553e-13 1.03748121205172e-11 2.71227484915926e-13 2.50799381262823e-13 5.72542013799193e-13 2.15226327240359e-05 9.84878845144976e-13 1.24285552960401e-08 9.18892850698683e-10 2.21700435787398e-12 2.46469511466785e-13 4.75453010295723e-12 2.06535076481273e-05 6.49036380195867e-13 1.28007604516256e-11 6.02629057766535e-13 3.337996545838e-12 6.0107474553206e-13 1.37185187654154e-08 1 8.870681966755e-13 3.08841840990226e-12 3.3528069209865e-11 2.61457522299224e-13
2.25708007839387e-10 3.41496102507222e-08 0.0259562722154174 1 7.76001485291999e-12 4.96869212440743e-12 6.40665298590193e-12 3.5171440894044e-05 5.98165961207542e-12 1.2572369927355e-06 7.22844006872947e-12 2.68973732175937e-12 0.999999999997161 1.86792803447133e-11 4.05842026651726e-12 2.76849654312628e-11 4.14519529812196e-11 5.15931436795292e-07 3.13837844601039e-12 3.21720428075878e-12 4.11413758616419e-09 2.62456723021387e-12 4.09711153892545e-11 1.03929564954086e-09 2.24676277582603e-10 2.70740097008115e-11 4.03710398444446e-12 7.40252303899069e-12 1.97606196472577e-06 1.01958874676455e-09
0 0 1 1 0 1 0 0 0 2.22044604925031e-15 0 3.33066907387547e-16 2.22044604925031e-16 0 8.32667268468867e-14 0 0.0250040073267396 8.88047466673925e-08 0 0 1.34479200553095e-07 5.16084208679324e-06 0 0 0 3.33066907387547e-16 8.87984616770865e-06 0 0 1.44799269241602e-08
9.25846477262127e-09 1 4.22869039784501e-08 1 4.70734562441066e-14 4.48530101948563e-14 3.92286203521053e-12 1.69864122767649e-14 7.27196081129478e-14 3.51385587293862e-13 4.41513492432932e-12 1.89848137210902e-14 9.82547376793264e-14 1.86528570367273e-12 3.01980662698043e-14 0.999999934988552 6.34159391665889e-13 1.99840144432528e-14 7.66831043108596e-13 1.36557432028894e-14 2.38562924970154e-09 1.32116539930394e-14 5.50004486399303e-13 7.11097847272413e-13 3.85247389544929e-14 4.65627536527791e-13 3.52138662673696e-09 2.4757973449141e-14 1.37667655053519e-14 2.46658249380971e-12
1.22124532708767e-15 1 0.999999999987945 1 2.55351295663786e-15 0 0 0 0 0 1.55431223447522e-15 3.5983438451126e-12 1.33226762955019e-15 0 0 0 0 1.11022302462516e-16 1.22124532708767e-15 0 0 5.10702591327572e-15 0 2.28570744220669e-07 4.44089209850063e-16 8.38218383591993e-14 0 1.15463194561016e-14 0 1
0 4.71107152177908e-08 1 1 0 0 0 2.22044604925031e-16 0 0 0 1.67431790654149e-09 1.11022302462516e-16 0 0 1.55431223447522e-15 0 0 0 0 0 0 0 3.62454510849375e-12 0 0 0.999999952893997 5.55111512312578e-16 0 0
9.01141172793274e-09 0.00179487054985039 6.08463692763905e-08 4.09353822272696e-06 1.37872641081671e-08 1.28732156046141e-08 9.13975140015566e-09 1.15912112019778e-06 1.39964852041707e-07 3.35154295427742e-08 9.67808788665536e-09 2.02506913404843e-06 3.95203086922535e-08 0.983208623907775 6.25444423918431e-07 4.57675089338139e-06 9.25884269253885e-09 1.21442333966826e-08 5.69582235820931e-08 1.64980161754258e-08 1.51353454791447e-06 2.64873010191735e-08 2.81444469951708e-08 1.55739673379784e-08 7.81532436322507e-07 2.34423460643285e-08 2.15238206147106e-07 1.22338558172785e-08 1.35830027225836e-08 9.06771857600575e-09
0 0.000254344805068474 1 1 0 0 0 0 0 0 0 0 0 0 0 0 0 0 0 0 0 0 0 0 0 0 0 0 0 0
0 2.33292607293434e-05 1 1 0 1.95399252334028e-14 2.22044604925031e-16 5.62372550749757e-08 1.11022302462516e-16 0 5.33129096425e-13 4.66494620710023e-11 2.22044604925031e-16 2.22044604925031e-16 0 0 2.07611705604904e-14 4.74620343027254e-13 0 1.11022302462516e-16 0 4.44089209850063e-16 9.63340518467248e-13 0 1.11022302462516e-16 1.11022302462516e-16 1.11022302462516e-15 1.11022302462516e-16 0 6.66133814775094e-16
5.92524918019421e-11 3.08620551130456e-05 2.63002564225845e-05 1 1.34224853454157e-11 9.28146448586631e-12 9.29578636288397e-12 6.72875122220695e-06 1.10694786670251e-11 1.20988774554576e-11 9.11892783506119e-12 6.39581720918159e-11 4.38922231893457e-11 9.11271058612328e-12 2.39551711800345e-11 1.16002740746524e-09 5.90457682747569e-11 2.30933605571693e-10 1.07658326697901e-11 9.60298507379775e-12 1.39078856209451e-08 1.76231251813874e-11 2.12115880415809e-11 1.07037712027136e-11 2.18476348123886e-11 2.69264571750583e-08 9.11387409985309e-10 3.40345862603897e-10 3.24062998657837e-11 9.21174247991985e-12
1.11022302462516e-16 0.999999999999973 1 1 0 0 0 0 1.11022302462516e-16 0 0 1.65423230669148e-14 2.1094237467878e-15 2.22044604925031e-16 0 1.01763708570957e-10 0 0 0 1.11022302462516e-16 0 3.33066907387547e-16 0 6.36157793110215e-14 0 6.66133814775094e-16 0 1.78202952394457e-09 0 0
0 0 1 1 4.16333634234434e-14 0 0 0 0 0 1.11022302462516e-16 2.06501482580279e-14 0 1 0 0 0 0 0 0 1.11022302462516e-16 1.94289029309402e-14 0 0 4.97502039564779e-12 1 0 0 0 0
6.85506873487896e-10 1.47775492620461e-07 1 3.50608431176624e-13 1 3.8702374638433e-13 4.65109062375291e-10 2.22044604925031e-15 2.33146835171283e-15 2.1094237467878e-15 1.64313007644523e-14 2.1094237467878e-15 1.61070934368013e-10 4.32986979603811e-15 6.99440505513849e-15 7.7715611723761e-15 2.1094237467878e-15 9.37028232783632e-14 3.5527136788005e-15 0.999999999839428 3.80173670322392e-12 3.5527136788005e-15 1.22793997192616e-11 0.999999999999995 9.30366894635881e-14 3.44169137633799e-15 1.86517468137026e-14 2.4980018054066e-14 2.22044604925031e-15 2.77555756156289e-15
1.11022302462516e-16 7.21003361459083e-08 1 1 0 0 0 1.55431223447522e-14 0 0 6.66133814775094e-16 0 1 0 0 0 1.46549439250521e-14 0 0 0 2.22044604925031e-16 0 3.33066907387547e-16 1 0 1.11022302462516e-14 1.03665631634442e-10 0 2.22044604925031e-16 1.99840144432528e-15
1.99840144432528e-14 4.29614455121907e-10 0.999999999999998 1 2.22044604925031e-16 0 1.11022302462516e-16 5.44009282066327e-15 1.33226762955019e-15 1.11022302462516e-16 5.88418203051333e-15 8.32667268468867e-15 0 0 4.44089209850063e-16 7.7715611723761e-16 2.22044604925031e-16 0 0 2.63608024297923e-11 1.23234755733392e-14 0 5.55111512312578e-16 1.4432899320127e-15 4.10782519111308e-15 0 2.22044604925031e-16 0 0 0
2.18713935851156e-14 0 1 1 0 0 8.07642730471514e-10 0 0 0 0 0 0 0 0 0 0 0 0 0 0 0 0 0 0 0 0 0 0 0
1.58987267795396e-11 5.63092139582722e-09 1 1 1.81111792230126e-11 1.20067289444137e-11 1.32731603486036e-11 3.36171090964399e-11 1.01259001183962e-11 5.08177944169574e-11 5.44272960034675e-09 1.23223653503146e-11 9.86799530977578e-12 1.15729648086926e-11 2.47474596370978e-10 1.01613162328817e-11 1.66834324133447e-11 1.47917011972254e-10 1.19576570867252e-11 1.20229382005732e-11 6.39756025933025e-11 2.19528839551231e-11 4.62510030274643e-11 9.08129127452639e-11 1.00794927959669e-10 3.98598931639071e-11 2.75628762036462e-08 3.33788552353553e-11 3.1004532274892e-11 3.13721271183454e-10
0 1 1 1 0 0 0 0 0 0 0 0 0 0 0 0 0 0 0 0 0 0 1.32116539930394e-14 0 0 0 0 1 0 0
0 0 1 1 5.53879164755244e-12 0 1.11022302462516e-16 0 3.66373598126302e-15 0 0 0 0 0 0 0 0 7.82707232360735e-14 0 0 0 0 0 1.33226762955019e-15 0 0 0 0 6.32827124036339e-15 1
0 0 1 1 0 0 0 0 0 0 0 0 0 0 1.11022302462516e-16 0 0 0 0 0 0.999999997642042 0 0 0 2.4535928844216e-14 0 0.999999999999956 0 0 0
0 1 1 1 0 0 1.11022302462516e-16 3.33066907387547e-16 0 0 0 1.80966353013901e-14 0 0 0 0 0 0 0 0 0 0 0 0 0 0 0 0 2.99760216648792e-15 0
2.59661571703207e-05 0.00313478604848516 1 1 4.06672524544405e-08 4.68272573383999e-07 1.33846781202873e-06 2.70744588970473e-08 6.49030593713462e-08 5.24051660955038e-08 2.94062124650551e-08 1.16234039837515e-07 2.53536212024841e-08 4.87998248477339e-08 4.00712819592641e-08 8.61524523942947e-08 2.49846850985946e-08 2.0325915961461e-07 3.12283412462477e-08 3.19756645605906e-08 2.77047437213795e-08 2.3914903612976e-08 2.64720525500195e-08 3.70594817278302e-07 9.83629855233481e-07 5.6254974345471e-08 3.67378009125119e-08 4.38344242348343e-07 3.41308408202678e-08 2.40123120276436e-08
1.07843178831502e-08 9.99200722162641e-16 1 1 0 1.49321122133728e-09 0 0 0 3.33066907387547e-16 4.44089209850063e-16 0 8.88178419700125e-16 0 0 0 1.11022302462516e-16 5.5190652048509e-10 7.7715611723761e-16 0 3.33066907387547e-16 0 8.88178419700125e-16 1.11022302462516e-16 0 0 0 0 0 0
7.46740833279524e-07 0 1 1 0 0 0 0 0 0 0 0 3.0142555118573e-13 0 0 0 0 0 0 0 0 0 0 0 0 0 0 0 0 0
0 0 0.99999999988385 1 0 1.99947891577068e-09 0 0 0 0 0 0.999999997997373 0 0 0 0 0 0 0 0 0 0 0 0 0 0 0 0 0 0
0 1 0 1 0 1 0 0 0 8.31079649543653e-12 0 0 0 0 0 1 0 0.999999995600426 0 0 0 0 0 0 0 2.22044604925031e-16 0 0 0 0
1.3988810110277e-14 0 1 1 3.33066907387547e-16 2.41993092231496e-11 0 2.22044604925031e-16 0 0 0.999999997276755 0 1.11022302462516e-16 0 0 5.46921397059918e-11 0 3.33066907387547e-16 0 2.1094237467878e-15 1.77635683940025e-15 0 0 0 0 0 0 1.11022302462516e-16 4.21884749357559e-15 1
0 0 0.999967603190994 1 0 0 0 0 0 2.22044604925031e-16 0 0 0 4.21351842305739e-12 0 0 0 0 0 0 3.99911215254178e-11 0 0 0 0 0 3.40838468559923e-14 0 0 0
0 7.83030231854553e-05 1 1 2.08755488451118e-08 0 4.91828799908944e-14 0 0 6.99440505513849e-15 0 0 0 0 0 0 0 1.28660138098979e-09 0 0 0 0 0 0 0 0 0 0 1 0
6.45630215956317e-11 0 1 1 0 0 0 0 0 0 0 0 0 0 1.11022302462516e-16 0 0 0 0 0 0 0 0 0 0 0 1.11022302462516e-16 0 0 0
1 1.64961794557605e-07 1 1 1.87627691161651e-14 1.29435351325924e-11 0 1.05659925253576e-11 0 0 0 5.21804821573824e-15 1.38777878078145e-14 1.03163233511339e-09 0 1.0769163338864e-14 1.14352971536391e-14 4.10782519111308e-15 4.55191440096314e-15 0 0 0.000599920779247975 7.76267938817909e-12 6.77236045021345e-15 6.16720008395077e-11 0 0 1.25455201782643e-14 0 2.88657986402541e-15
6.7168492989822e-14 1.61881841265199e-10 1 1 3.33066907387547e-16 5.55111512312578e-16 3.84137166520304e-14 1.24344978758018e-14 9.5917926934419e-09 3.33066907387547e-16 4.44089209850063e-16 4.44089209850063e-16 2.22044604925031e-15 6.66133814775094e-16 9.99200722162641e-16 3.5100811146549e-12 8.88178419700125e-16 8.88178419700125e-16 4.44089209850063e-16 4.88498130835069e-15 4.9960036108132e-15 4.81836792687318e-14 7.7715611723761e-16 1.83898380967662e-08 0.999999999999125 6.52256026967279e-13 4.44089209850063e-16 6.77236045021345e-15 3.95028454391877e-12 7.105427357601e-15
1 0 6.27147772602754e-08 1 0 0 0 0 4.32748170631214e-10 0 0 0 1.11022302462516e-16 0 0 0 0 0 2.70750089015337e-12 2.1529444893531e-12 0 0 0 2.48298175464789e-07 0 0 0 1 1 0
4.82169859594705e-12 2.67230682027275e-13 1 1 3.45279360658424e-14 9.73665592596262e-14 2.50910403565285e-14 1.79856129989275e-14 1.85407245112401e-14 1.86517468137026e-14 1.99840144432528e-14 1.85407245112401e-14 1.99840144432528e-14 4.29545288227473e-13 1.0231704372643e-11 1.66855418370915e-12 3.3850700020821e-13 1.83186799063151e-14 1.84297022087776e-14 2.12052597703405e-14 2.1538326677728e-14 1.84297022087776e-14 2.65343302885412e-14 2.76445533131664e-14 3.56659146660832e-11 2.29816166097407e-14 2.12052597703405e-14 9.18154441365004e-14 1.82076576038526e-14 1.80966353013901e-14
4.70045983858025e-06 0 1 1 5.85126336272168e-09 0 1.11022302462516e-16 0 0 0 0 3.23319149231338e-12 0 4.44089209850063e-16 0 0 0 1.60427227058335e-13 1.11022302462516e-16 0 3.33066907387547e-16 1.21014309684142e-14 2.84550161211428e-13 3.26371152326033e-11 3.44291262166507e-12 1.9195756095769e-12 1.11022302462516e-16 0 1.4432899320127e-15 0
0 2.08138484225628e-09 1 1 0 0 0 0 0 0 0 0 0 0 1 0 0 0.999999999998198 0 0 1 1.84297022087776e-14 0 0 0 0 0 0 0 0
1.48523507936815e-08 0.989533936765889 1 1 1.4639767731417e-08 2.04613959109423e-09 2.67524058461532e-09 2.36654729146579e-09 2.87254875441789e-09 1.6008839809345e-09 1.68715285076004e-08 1.43768426053015e-08 6.09269067530782e-07 2.83375399479091e-07 1.29236132906385e-09 1.35791566879817e-09 1.39985751879124e-08 2.35799346715027e-09 1.36104279180316e-07 8.80672297309815e-08 2.00898120361614e-09 1.99482153018238e-09 7.1063066542365e-09 1.69705183239444e-09 1.3957026645528e-09 1.52453905055694e-09 1.40450939767334e-09 1.20024048144707e-07 9.40288580331128e-09 7.75394148111452e-07
0.999999998536156 2.33146835171283e-15 0.999999983570366 1 0 0 1.11022302462516e-16 0 2.66453525910038e-15 0 0 0 0 0 2.22044604925031e-16 0 0 1.11022302462516e-16 0 0 0 0 2.39041453298228e-10 1 0 0 0 0 0 7.72493180534184e-13
0 1 2.2251299691689e-09 1 0 0 0 0 0 0 1.11022302462516e-16 0 2.32203145600351e-12 2.78665979180914e-14 0 2.41205270090639e-07 2.22044604925031e-16 2.72137867796118e-12 2.36793917807177e-10 0 0 0.999999925661625 0 1.11022302462516e-16 1.13176135130288e-12 0 0 2.1094237467878e-15 0 4.88498130835069e-15
4.34430269535824e-12 7.41869110254534e-07 1 1 0 0 0 1 0 0 0 0 0 0 0 0 0 0 0 0 3.40838468559923e-14 0 0 0 0 1.23600019108494e-11 9.31221766364843e-12 0 0 0
5.55111512312578e-16 9.32587340685131e-15 1 1 0 0 3.10862446895044e-15 0 4.61928006956214e-09 0 1.11022302462516e-16 0 2.22044604925031e-16 0 0 0 1.54831703014224e-12 0 1.37746891670787e-09 0 1.11022302462516e-16 0 5.88418203051333e-15 0 1.60982338570648e-14 1.11022302462516e-16 0 4.29900559595353e-12 0 1.88737914186277e-15
3.50830475781549e-14 1 1.36557432028894e-14 1 5.44009282066327e-15 1.88737914186277e-15 2.22044604925031e-15 2.88657986402541e-15 1.77635683940025e-15 1.32338584535319e-13 1.77635683940025e-15 2.1094237467878e-15 1.01816140962718e-07 1.77924341926428e-12 2.01516581199712e-12 1.66533453693773e-15 2.55351295663786e-15 1.66533453693773e-15 4.77395900588817e-15 2.77555756156289e-15 2.66453525910038e-15 2.22155627227494e-13 1.66533453693773e-15 2.55351295663786e-15 5.44009282066327e-15 1.81854531433601e-13 1.99840144432528e-15 3.21964677141295e-15 7.43072270381617e-13 1.66533453693773e-15
2.44249065417534e-15 1.32491906335019e-10 1 1 0 0 5.55111512312578e-16 0 0 0 0 0 0 0 0 0 0 0 0 0 0 0 0 0 0 0 0 0 0 0
1.3988810110277e-14 5.14769338266774e-11 1 1 1.47659662275146e-14 4.44089209850063e-16 1.11022302462516e-15 2.00395255944841e-13 3.33066907387547e-16 8.88178419700125e-16 7.7715611723761e-16 3.10862446895044e-15 1.33226762955019e-15 7.7715611723761e-16 7.7715611723761e-16 7.7715611723761e-16 7.7715611723761e-16 1.55431223447522e-15 6.42264019745653e-13 5.55111512312578e-16 1 4.44089209850063e-16 4.82947015711943e-14 4.44089209850063e-16 3.33066907387547e-16 2.69201219160742e-06 5.55111512312578e-16 2.43138842392909e-14 3.33066907387547e-16 1.87627691161651e-14
0.999999999513425 6.66133814775094e-16 1.11022302462516e-16 1 0 0 0 0 0 0 3.12056446905018e-07 0 0 0 0 0 0 0 0 0 0 0 0 0 0 0 0 0 0 4.18676204816393e-12
3.66373598126302e-15 2.56128451781024e-13 1 1 1.86517468137026e-14 1.77635683940025e-15 2.32558416968232e-12 3.40018013744725e-11 8.10462807976364e-15 1.06581410364015e-14 9.2148511043888e-15 1.22124532708767e-15 1.22124532708767e-14 1.11022302462516e-14 7.43849426498855e-15 6.55031584528842e-15 2.88657986402541e-15 1.36557432028894e-14 1.11022302462516e-15 1.28785870856518e-14 1.53321799700734e-13 3.20343751525343e-12 4.45165304618911e-09 9.99200722162641e-16 2.77555756156289e-15 2.22044604925031e-15 1.97666794414797e-05 8.88178419700125e-16 7.00550728538474e-14 1.66533453693773e-15
0 0 1 1 0 0 0 0 0 0 0 0 0 0 0 0 0 0 0 0 0 0 0 0 1.11022302462516e-16 0 0 0 0 0
2.22044604925031e-16 1 1 1 0 0 0 0 1.33226762955019e-14 0 0 0 0 0 0 0 0 0 3.28848059893971e-13 0 4.44089209850063e-16 0 2.22377671832419e-13 0 0 0 0 0 0 0
2.22044604925031e-16 7.8159700933611e-14 1 1 8.88178419700125e-16 2.22044604925031e-16 3.33066907387547e-16 1.11022302462516e-16 1.11022302462516e-16 4.55191440096314e-14 1.11022302462516e-16 2.22044604925031e-16 5.10702591327572e-14 2.67563748934663e-14 0.000243749596130827 2.22044604925031e-16 5.12923037376822e-14 3.33066907387547e-16 3.44169137633799e-15 1.11022302462516e-16 1.11022302462516e-16 2.22044604925031e-16 1.33226762955019e-15 1.11022302462516e-16 1.11022302462516e-16 1.11022302462516e-16 5.77315972805081e-15 1.72262204500839e-12 9.99200722162641e-16 6.66133814775094e-16
0 0 0 1 0 0 0 0 0 0 0 0 0 0 0 0 0 0 0 0 0 0 0 0 0 0 0 0 5.41874622950189e-09 0
0 0 1 1 0 0 0 9.78106484694763e-14 4.5958792327383e-12 0 0 7.7715611723761e-16 0 0 0 5.31541477499786e-12 0 0 0 0 1 0 0 0 0 0 0 1.07695296014398e-08 0 0
2.36521913166143e-12 3.55228357840076e-09 1 1 3.26405569239796e-14 8.65973959207622e-15 1.01030295240889e-14 1.06581410364015e-14 5.10036457512797e-13 6.88338275267597e-15 2.56461518688411e-14 1.81632486828676e-13 2.08610906327067e-13 7.54951656745106e-15 1.22921530865128e-06 4.2810199829546e-13 4.07451850037432e-14 3.60822483003176e-14 9.2148511043888e-15 5.75095526755831e-14 4.10782519111308e-14 6.94999613415348e-14 1.47659662275146e-14 2.25375273998907e-13 0.999999997788434 1.97508676080815e-13 0.000242147143296068 9.10382880192628e-15 5.7065463465733e-14 1.40998324127395e-14
0 1.11022302462516e-16 1 1 0 0 0 0 0 0 0 0 0 0 2.22044604925031e-16 0 0 0 0 0 0 0 0 0 1 0 0 0 0 0
0 4.71400696255841e-13 1 1 1.11022302462516e-16 0 0 0 0 0 0 0 0 0 1 0 0 0 0 0 1.11022302462516e-16 0 0 0 1 0 0 0 6.66133814775094e-16 1.11022302462516e-16
1 0 1 1 0 0.991541136474499 1 0 0 0 0 0 0 0 0 0 5.26245713672324e-14 0 0 0 0 0 0 0 0 1 1 0 0 0
0.999999881325711 2.96529811816271e-09 1 1 1.66533453693773e-15 9.2148511043888e-15 8.75811365097512e-07 4.32986979603811e-15 3.44169137633799e-15 1.88737914186277e-15 1.88737914186277e-15 6.88338275267597e-15 2.2243318298365e-12 1.94289029309402e-14 1.55431223447522e-15 9.79216707719388e-14 2.97539770599542e-14 4.32986979603811e-15 2.1094237467878e-15 1.99840144432528e-15 1.66533453693773e-15 2.34290364886647e-12 1.55431223447522e-15 3.19744231092045e-14 1.66533453693773e-15 1.77635683940025e-15 2.22044604925031e-15 2.55351295663786e-15 2.01838545876853e-13 9.32587340685131e-15
2.58681964737661e-14 0 1 1 0 0 0 5.55111512312578e-16 5.21216403370772e-12 0 1.99840144432528e-15 0 0 0 7.7715611723761e-16 0 0 0 0 0 0 0 0 0 0 0 0 0 0 0
5.47328848909956e-12 0.999999999999656 1 1 2.36255459640233e-13 2.80104828220828e-11 1.10023101740353e-13 6.09512440519211e-14 3.19566595408105e-12 0.00371604749672005 5.52891066263328e-13 5.72875080706581e-14 1.01696429055664e-13 1.01108010852613e-12 7.87370169064161e-13 6.59472476627343e-14 1.68176583770219e-11 6.01740879346835e-14 9.5812247025151e-14 1.57129864675198e-12 1.46993528460371e-12 9.32587340685131e-14 1.55431223447522e-13 5.77315972805081e-14 1.0857981180834e-13 2.22266649529956e-13 1.39999123405232e-13 1.56596957623378e-12 2.41806574763359e-13 1.90625293328139e-13
4.14810741311555e-10 0.999999773271727 1 4.3378090008872e-10 8.77121042464069e-10 6.02450853981473e-07 5.45734679668897e-10 1.46210811613479e-06 5.31185095908882e-10 5.36935940154137e-10 8.02219513040825e-10 3.24444782151545e-09 0.000145305995518208 6.29157281828441e-10 1.44327882978246e-09 4.94710383769359e-10 4.74927430715866e-10 6.82529699425061e-10 4.70954941711454e-10 0.00159913173005888 4.85991802356978e-10 1.04727027050444e-09 4.77429847545174e-07 5.93094351408752e-10 6.47955356036789e-10 2.31375971715408e-08 4.29613344898883e-10 1.79158321511608e-09 4.52919812765629e-10 4.87180518149444e-10
1.38389699699815e-09 4.44340409799793e-07 1 1 1.91269222682422e-12 2.10709227843608e-12 7.60635998631187e-12 2.59459120854899e-12 1.85140791586491e-12 2.04297689876398e-11 3.76920716860241e-12 1.59905422236761e-12 1.4755974220293e-12 1.62292401739705e-12 2.5139890169612e-12 5.11214959253437e-10 7.64588392598853e-12 8.81358319659853e-11 1.83908444029157e-12 2.23110419028671e-12 1.19280585408887e-10 1.09457329866558e-08 2.12974082813844e-12 1.73761005584083e-12 1.74560366161813e-12 2.17037499083972e-12 2.77866618603184e-12 2.21578311254689e-12 1.48991929904696e-12 3.49063999927068e-09
1 0.999999999993003 1 1 2.99760216648792e-15 1 0 0 5.9413032271749e-09 0 0 0 1.74271708175411e-12 8.19536047902414e-06 0 9.0234342220441e-10 7.71863239990012e-10 1 0 0 0 0.99785137832137 0 0 1 0 0 0 0 1.64767176125125e-07
1.11022302462516e-16 0 1 1 0 0 0 0 0 0 0 0 0 0 0 0 0 0 0 0 0 0 0 0 0 6.72351063712995e-13 0 0 0 0
5.33124099311166e-08 0.000153051581545771 0.109297343343739 1 7.69395978039711e-08 1.41526773189682e-07 5.32595557656279e-08 1.69893801249543e-07 1.1991876947004e-07 5.39766535911923e-08 4.03609143440065e-07 2.33530106141799e-07 2.06203245811665e-07 6.85269506695008e-08 6.77945661831103e-08 7.19025275985885e-08 9.99825058634052e-06 1.12332381729807e-07 5.60594876075626e-08 6.79135822034826e-06 1.09189227104345e-07 5.31647996737661e-08 2.37228031885195e-07 6.57396099779106e-08 5.95453565344073e-08 7.3714372742506e-06 2.96447900349772e-06 7.75028249355714e-08 5.57643400345142e-08 9.86020022630818e-06
2.26341168030331e-12 1 1 1 3.0382363291892e-12 1.05659925253576e-12 9.65783009121424e-13 8.12239164815765e-13 9.44799793956008e-13 8.01803068384288e-13 8.02469202199063e-13 1.52056145452661e-12 3.74179980333622e-08 2.21356266649764e-12 1.96476168667914e-12 1.42674760894579e-12 9.71445146547012e-13 1.24977805882054e-12 4.93238783150218e-12 9.26259069444768e-13 1.29241062296614e-12 3.856157615445e-10 8.95949980872501e-13 1.83197901293397e-12 8.30246982275185e-12 1.26154642288157e-12 1.18846044117049e-11 8.99058605341452e-13 1.1642908859244e-12 0.0142600523393552
0 0 0 1 0 0 0 0 0 1 0 0 0 0 0 1 0 0 0 0 0 0 2.16604512104368e-13 0 0 0 0 0 0 2.22044604925031e-16
0.99976669338894 4.51860771022439e-14 1 7.93198173809628e-10 0 0.999999999996183 0 0 0 0 0 9.78421121899942e-10 1.11022302462516e-16 0 0 0 0 0 0 0 0 0 0 0 0 1.11022302462516e-16 0 0 0 0
0 4.89086215971213e-10 1 1 0 1.09845688101018e-10 2.66453525910038e-15 0 7.20534742981727e-14 0 6.77490286093985e-11 0 2.71471733981343e-12 0 0 1.11022302462516e-15 3.33066907387547e-16 0 0 0 0 0 1.11022302462516e-16 0 0 0 0 1.41850320378722e-09 2.22044604925031e-16 0
6.30717700289551e-13 6.56585896763318e-13 4.55302462398777e-13 1 2.55351295663786e-15 4.29656310529936e-14 2.33146835171283e-15 3.99680288865056e-15 2.88657986402541e-15 2.87992740766185e-10 2.77555756156289e-15 3.77475828372553e-15 0.999990611351388 1 2.22044604925031e-15 2.99760216648792e-15 1 8.43769498715119e-15 0.999999999713081 6.38378239159465e-14 5.10702591327572e-15 6.54871668004375e-09 2.33146835171283e-15 2.07278638697517e-13 0.99904388664164 7.43849426498855e-15 2.12829753820643e-13 4.9960036108132e-15 1.223844681153e-08 4.43049796849948e-09
3.11490389037772e-10 4.21884749357559e-15 1 1 0 0 0 6.92224055853785e-13 0 0 0 0 0 1.3330524462063e-09 0 5.28099786123448e-12 0 0 0 0 0 0 0 0 4.9960036108132e-15 0 0 0 0 2.22044604925031e-16
0 6.71577460309436e-10 1 1 0 5.55111512312578e-16 0 0 0 0 0 0 7.45902006826782e-10 0 2.22044604925031e-16 0 0 0 0 0 0 1.11022302462516e-16 7.53210160908679e-10 0 0 3.19744231092045e-14 0 0 0 0
0.990385758558808 3.58210354530764e-05 1 1 0 1.49380507963315e-12 2.22044604925031e-16 1.88737914186277e-15 3.30846461338297e-14 3.58602036953926e-14 8.62643290133747e-14 2.22044604925031e-16 0 1.11022302462516e-16 5.55111512312578e-16 0 2.44249065417534e-15 2.22044604925031e-16 1.17905685215192e-13 1.11022302462516e-16 0 1.11022302462516e-16 2.41473507855972e-13 7.7715611723761e-16 0 0 0 0 5.35571587079176e-13 2.22044604925031e-16
3.97504251736791e-12 0.999999829284536 1 1 0 8.88178419700125e-16 0 1.11022302462516e-16 0 2.12052597703405e-14 1 4.58473703446316e-10 0 0 0 1.11022302462516e-16 3.33066907387547e-16 5.49560397189452e-14 1 0 0 0 1.11022302462516e-16 0 0 1.11022302462516e-16 0 1.82076576038526e-14 0 2.1094237467878e-15
1.11022302462516e-16 1 1 1 9.99200722162641e-16 2.22044604925031e-16 1 1.14950271523639e-11 6.48626629374816e-05 2.22044604925031e-16 6.10622663543836e-15 1 4.44089209850063e-16 4.10782519111308e-15 5.55111512312578e-16 4.44089209850063e-16 5.55111512312578e-16 2.22044604925031e-16 1 4.44089209850063e-16 3.33066907387547e-16 1.11022302462516e-16 1.63136171238421e-12 1.66533453693773e-15 1.36557432028894e-13 1.14086740055086e-10 2.03392858111329e-13 1.72972747236599e-13 2.22044604925031e-14 3.33066907387547e-16
2.35145236615608e-12 0 1 1 0 0 0 0 0 0 0 0 0 1 0 0 0 0 0 0 0 0 0 0 2.22044604925031e-16 0 0 0 0 0
3.19692827766005e-10 0 1 1 0 0 0 3.33066907387547e-16 0 0 0 0 0 0 0 0 0 8.82394157741828e-11 0 0 7.15316694765988e-13 0 0 1.55431223447522e-15 0 0 0 0 0 7.35189686906779e-13
3.35287353436797e-14 1.0769163338864e-14 0.999999999999874 6.90284367588223e-06 7.98250354705488e-14 5.35412825186654e-11 1.15463194561016e-14 1.0769163338864e-14 2.24820162486594e-13 1.3502976514701e-11 4.68041161383326e-11 1.12132525487141e-14 4.54292159446368e-12 0.00115817476527613 6.25055562863963e-14 1.07580611086178e-13 1.4308554341369e-12 1.14352971536391e-14 2.93937096884633e-11 2.02060590481778e-14 5.81978909508507e-13 2.53130849614536e-14 5.21804821573824e-14 2.44249065417534e-14 1.57011070811564e-11 1.08801856413265e-14 1.37412303757856e-12 1.3988810110277e-14 7.66053886991358e-14 1.50990331349021e-14
3.17943863614722e-06 0 1 1 0 0 0 0 0 0 0 0 0.000244940600618415 0 0 0 0 0 0 0 0 0 0 0 0 4.44089209850063e-16 0 0 0 0
1.11022302462516e-16 2.22044604925031e-16 0.999999999969349 1 2.9876101592663e-13 0 4.44089209850063e-16 0 0 0 3.12528409818214e-08 4.15495601759908e-05 0 0 1.11022302462516e-16 1.11022302462516e-16 1.22124532708767e-15 3.33066907387547e-16 1.33226762955019e-15 1.11022302462516e-16 0 0 0 0 2.22044604925031e-16 3.33066907387547e-16 1.30451205393456e-13 1.77635683940025e-15 0 1.11022302462516e-16
5.23180387901334e-11 1 0.999999998995113 1 7.50089768075668e-10 6.19460038819852e-12 3.30350191646289e-11 2.99404945280912e-11 1.68627334318217e-11 3.58980623005323e-11 8.564149389656e-12 1.12714206634834e-07 2.16857254375924e-09 1.7611564429032e-09 0.874376359874322 0.99980761647085 1 2.47943221509672e-10 3.13607516275738e-05 1.47933932614919e-06 1.51529899738989e-11 4.12223610801732e-09 5.02267416546687e-09 1 5.21394916130902e-09 9.51005940663663e-12 6.15729689457112e-12 6.10533845701866e-12 0.000915000874919025 0.998479130201868
1.15073506279373e-11 1.43697387322561e-10 1 1 1.86106685617915e-12 1.61815005839117e-12 0.000177295936119815 6.56719123526273e-12 3.88244991711417e-13 4.07007760827582e-13 4.34763336443211e-13 4.04454247870945e-13 6.22899731794746e-10 7.01327884655711e-13 2.53763676738572e-12 3.91131571575443e-13 4.12447853648246e-13 4.56634730028327e-13 5.61661828157867e-13 2.08411066182634e-12 1.70874425720058e-12 1.20492504862568e-12 1.21993526391861e-11 2.04432026862378e-11 8.37607871950752e-10 1.55730983664171e-12 1 2.90654944556934e-10 6.84119427774021e-13 7.62279128707632e-13
2.41398934175407e-09 0.999999999940996 1 1 6.64047483667218e-10 1.11166986727085e-09 1.80617565348484e-09 7.62084173544508e-10 6.28198826291282e-10 6.17235373923108e-10 6.49014064713072e-10 1.14212606039388e-09 1.63143032416713e-09 8.01127386651501e-10 7.14652892419565e-10 6.70702937632939e-10 6.56183996028403e-09 9.39678002076505e-10 7.3805217493117e-10 7.37170002818033e-09 6.40321573541769e-10 6.37087826937943e-10 1.32214883485915e-09 3.33915783912175e-09 6.59848065076574e-10 2.3209936195201e-09 6.69682642673308e-10 9.36111188565292e-10 1.95764616739424e-08 6.32727237270814e-09
4.75175454539567e-14 4.91269025459928e-10 1 1 1.53632662147629e-12 3.12305736827057e-12 1.50990331349021e-14 4.14113188185183e-14 4.10132572348232e-09 2.65343302885412e-14 1.89737114908439e-13 1.19904086659517e-14 1.08801856413265e-14 4.01900734914307e-14 4.82767514853322e-09 1.35574544700701e-05 1.31006316905768e-14 1.0769163338864e-14 1.13242748511766e-14 1.40998324127395e-14 1.34037225762995e-12 1.00586206031039e-13 2.22044604925031e-14 1.4210854715202e-14 1.15352172258554e-13 9.72019772449428e-08 1.32818530174106e-07 1.08801856413265e-14 2.35642483303877e-09 1.54321000422897e-14
9.57518508926114e-11 0 1 1 1.18793863634892e-14 0 2.1094237467878e-15 0 3.49720252756924e-14 0 0 0 0 0 7.37467276135106e-09 1.11022302462516e-16 0.999999998040766 0 8.54871728961371e-15 0 0 1.4432899320127e-15 0 0 0 2.22044604925031e-16 0 0 0 0
1.33226762955019e-15 1.03523566385988e-08 1 1 1.0991207943789e-14 0 1.11022302462516e-16 3.73089337202259e-11 3.33066907387547e-15 0 0 0 0 5.80646641878957e-14 0 0 0 1.11022302462516e-16 0 0 1.11022302462516e-16 0 3.1105118480923e-12 0 0 2.22044604925031e-16 0 0 0 0
0 0 1 1 0 0 0 0 3.56238372134499e-11 0 4.55191440096314e-15 0 0 7.87259146761699e-13 2.88657986402541e-15 0 0 0 0 8.13914237671742e-05 1.11022302462516e-16 0 0 0 0 1.88212629703699e-07 5.55111512312578e-16 0.0019656704789669 2.22044604925031e-13 0
1.15273154355222e-08 1.40801148518221e-10 1 1 1.0529355165545e-12 1.77837855552809e-10 2.45765630069172e-11 1.06237241226381e-12 1.96631599891361e-12 9.97646409928166e-13 1.14308562615406e-12 9.40358901857508e-13 1.12310161171081e-12 4.11382039544606e-12 6.72814026714263e-11 9.52271594911736e-12 5.90977156100791e-10 1.90353621865036e-07 1.97802885182341e-11 9.78550573904613e-13 1.31095134747738e-12 7.46691125430576e-06 1.69775304925679e-12 9.37250277388557e-13 3.00133029540461e-10 1.08535402887355e-12 6.09971329001979e-08 9.89319737243477e-13 8.897327319346e-13 1.91224813761437e-12
2.18385086681039e-08 0 1 1 1.11022302462516e-16 1.7963408538435e-13 2.46258569092106e-12 1 5.74170266887108e-10 0 0 0 1.11022302462516e-16 0 1.0769163338864e-14 0 1 1.11022302462516e-16 0 1.11022302462516e-16 0 9.25562961273663e-07 2.23412839339687e-08 1.58905022251687e-07 1 1.11022302462516e-16 0 0 0 1.55431223447522e-14
1.25583987653499e-11 1.38806455218798e-09 1 1 2.55765408851971e-11 1.44644296540264e-11 4.10748102197545e-11 1.46832613845405e-08 1.73169256711958e-11 3.03102332122052e-09 1.655517944954e-09 2.23999707671396e-11 1.39777078800307e-11 2.12320849790615e-09 5.07031083785137e-11 5.23519561035357e-10 1.10664810648586e-11 1.71292979800342e-11 2.06619166220889e-11 8.57352244754139e-09 1.103047653217e-10 2.49529286122652e-11 1.26950672196813e-11 5.02855646011824e-10 1.97231453391566e-10 2.4047885904821e-10 1.08509867757789e-11 1.3739898108156e-11 8.07210458475538e-08 4.24551148681118e-08
0.999856502884438 1.22124532708767e-15 1 1 0 0 0 1.41345823934103e-11 0 0 0 0 0 0 0 0 0 0 0 0 0 0 0 0 0 0 0 1.05219022383807e-09 0 0
4.04787314778332e-13 2.44582132324922e-13 1 1 0 0.967088680907486 1.11022302462516e-15 0 0 0 0 0 0 0 0 0 0 3.2852609521683e-12 0 0 0 7.62011564958698e-11 0 0 1.11022302462516e-16 0 0 0 0 0
5.17386133935815e-12 4.09305922488556e-12 3.37471095512853e-09 1 8.06207323122976e-11 4.60365079391067e-12 1.05490417512399e-08 5.14709386223444e-11 3.60685925571147e-11 5.24646992516864e-12 2.31076669254815e-06 2.30935465241888e-05 4.80904205346633e-12 1.52914306772445e-08 5.91027227159202e-12 8.41807956675211e-10 2.19328999406798e-11 1 4.71489514097811e-12 4.2331398963924e-07 3.50857121134140e-11 8.11755773710843e-10 4.70401495533679e-12 3.47400996858482e-11 2.23131513266139e-11 3.74007158576717e-10 1 9.33897403854189e-12 5.33562083404604e-12 3.57971319253636e-10
0 6.79456491070596e-13 1 1 0 0 0 0 0 0 0 0 0 0 0 0 0 0 8.73966454761899e-11 0 0 0 0 0 0 0 1 5.55111512312578e-16 0 0
0 0 0 1 1 3.21964677141295e-15 1 7.54951656745106e-15 4.3823167317214e-11 4.60642635147224e-12 3.31956684362922e-13 3.33066907387547e-16 0 0 1 0 0 0 0 0 0 0 1 0 0.999999998099151 0 0.999999999999998 0 0 0
1.11022302462516e-16 1 0.999999999999505 1 0 0 2.2650084841036e-07 2.2049362335963e-11 0 0 0 8.91509088774001e-14 0 0 4.44089209850063e-16 5.55111512312578e-16 9.05941988094128e-14 7.7715611723761e-16 2.25291628797031e-07 0 0 0 0 0 0 0 0 0 7.85482789922298e-13 6.77236045021345e-15
6.10622663543836e-15 0 1 1 0 0 0 0 0 0 0 0 0 0 0 0 1.06581410364015e-14 0 3.29634564089076e-09 0 0 0 0 0 0 0 5.24025267623074e-14 0 0 0
0 4.28189128598433e-09 0 1 2.22044604925031e-16 0 0 0 0 0 0 0 0 0 0 0 0 0 0 0 0 0 0 0 0 1.0506486658568e-05 0 0.999999992442843 0 1
0 5.55111512312578e-16 1 1 0 1 0 0 0 0 1 0 0 0 0 1 2.37138878478316e-06 0 0 0 0 1.22124532708767e-15 0 0 0 0 0 1.11022302462516e-16 0 0
0 6.13929501680488e-08 0 1 0 0 0 0 1.65423230669148e-14 0 0 0.989995308661027 0 0 0 0 0 0 1 0 0 0 0 0 0 0 0 0 0 0
1.54739110413971e-10 5.16225950875082e-11 1 1 1.11022302462516e-16 2.22044604925031e-16 1 6.66133814775094e-16 1 3.5527136788005e-15 1.08268949361445e-12 5.55111512312578e-16 2.22044604925031e-16 1.11022302462516e-16 1.11022302462516e-16 2.78499445727221e-10 2.88657986402541e-15 2.22044604925031e-16 1.61787250263501e-10 2.22044604925031e-16 1.11022302462516e-16 1.11022302462516e-16 1.11022302462516e-16 1.11022302462516e-16 1.77635683940025e-15 2.22044604925031e-16 1.33226762955019e-15 4.44089209850063e-16 6.66133814775094e-16 4.55191440096314e-15
1.11022302462516e-16 1 1 1 4.86277684785819e-14 0 0 0 0 0.999999999999943 0 0 0 0 0 3.03769387421937e-09 0 0 0 0 0 0 0 0 0 0 0 0 0 0
0 1.33226762955019e-15 0.999999999999666 1 0 0 0 0.999999999968366 6.49691411780395e-12 0 0 0.999999999999999 0 0 0 0 0 0 0 0 0 0 0 0 0 1.7430501486615e-14 0 0 0 0
0 7.96362975563625e-13 8.88178419700125e-16 1 0 0 0 0 0 1.4432899320127e-15 0 0 0 0 0 0 2.8378586702793e-08 0.999999999998809 0 9.99200722162641e-16 0 0 0 0 3.33066907387547e-16 0 0 0 0 0
0 0 1 0 1.09579012530503e-13 2.22044604925031e-15 0 9.99200722162641e-16 1.26565424807268e-14 0 0 0 0 0 1.4432899320127e-14 0 0 0 8.88178419700125e-16 0 0 0 4.82947015711943e-14 2.44249065417534e-15 1 0 0 0 0 0
1.07812647698324e-11 1.38777878078145e-14 1 1 0 2.22044604925031e-16 4.44089209850063e-16 2.55351295663786e-15 4.32986979603811e-15 0 0 1.11022302462516e-15 0 4.44089209850063e-16 0 0 1.11022302462516e-16 1.79011250267536e-11 0 0 0 3.66373598126302e-15 1.0547118733939e-14 0 1.11022302462516e-16 1.11022302462516e-16 0 1.74626979543291e-12 0 2.22044604925031e-16
3.94060717390232e-09 1 1 1 5.5174420587889e-11 2.61906052401173e-11 8.91679341474827e-09 4.3256176418538e-11 1.00050090434678e-09 8.17084178095229e-11 2.18234319504518e-11 3.49634765584028e-11 2.30886421093146e-11 0.999999999995063 4.39152048059555e-11 4.98218133415662e-11 2.53265186600515e-11 1.06277545852684e-06 2.16648921025353e-11 2.96445312741866e-10 2.65586441727805e-11 2.02316607911257e-10 2.10941264455755e-11 2.43328801552423e-10 1 5.18465270715751e-11 1.07530102599895e-08 9.44645139888678e-10 2.60538521867915e-08 1.12481357561478e-10
7.7715611723761e-16 2.77628808831309e-10 1 1 7.18006487598899e-09 0 5.55111512312578e-16 3.10862446895044e-15 1.83186799063151e-14 5.21124254859728e-11 4.06714062428648e-09 0 1.11022302462516e-16 0 0 0 0 0 7.7715611723761e-16 1.46549439250521e-14 0 0 2.03559391565022e-12 1.01030295240889e-14 0 1 0 0 0 2.22044604925031e-16
0 4.27682889103664e-10 1 1 0 0 0 1.11022302462516e-16 0 4.77395900588817e-15 0 0 0 0 2.22044604925031e-16 0 0 0 0 0 0 5.88418203051333e-15 0 0 0 0.999993327412804 0 1.0991207943789e-14 0 0
0 0 1 1 5.55111512312578e-16 0 0 0 0 0 0 5.6621374255883e-15 0 1.11022302462516e-16 0 0 0 0 0 0.999999839704136 0 1 9.0377884842674e-08 0 0 4.52020620933524e-09 0 0 0 0
