[1] "Average Estimates for Betas: "
 [1]  0.0560569807  0.0946579967  0.1844097274  0.3046965109  0.0161591104
 [6] -0.0022879783  0.0063493478 -0.0046781386  0.0037981840 -0.0019268278
[11] -0.0035807923 -0.0195257635 -0.0053429574 -0.0044672583  0.0118576103
[16] -0.0018688920  0.0053407004 -0.0154586942  0.0020629538  0.0039562934
[21]  0.0044559872 -0.0017990476  0.0081627743  0.0107745884  0.0013565741
[26] -0.0019912292  0.0007071335  0.0049549726  0.0035175097  0.0005248809
[1] "Standard Deviations of Betas: "
 [1] 0.11950895 0.06736120 0.18336684 0.08662073 0.07184482 0.06832022
 [7] 0.08581632 0.06488721 0.06559687 0.07687810 0.07036322 0.38036906
[13] 0.06476277 0.07039163 0.07233169 0.06842404 0.08697085 0.12759188
[19] 0.06941455 0.06688409 0.06728970 0.06286847 0.06909423 0.07742445
[25] 0.07500208 0.06896238 0.06868718 0.07743294 0.07647897 0.07969414
[1] "Average StdErrors for Betas: "
 [1] 0.02000685 0.01608973 0.02592171 0.01686465 0.01654642 0.01672555
 [7] 0.01638448 0.01604750 0.01575839 0.01629423 0.01663195 0.03431294
[13] 0.01610674 0.01597966 0.01652235 0.01590775 0.01858249 0.02262952
[19] 0.01846756 0.01595768 0.01638646 0.02057759 0.01614155 0.01622641
[25] 0.01598238 0.01610509 0.01645017 0.01630862 0.01647747 0.01639029
[1] "Positive rate for exposures: "
 [1] 0.7309645 0.8730964 0.9796954 0.9949239 0.6345178 0.6446701 0.7309645
 [8] 0.5939086 0.6446701 0.6345178 0.6395939 0.6903553 0.6548223 0.6903553
[15] 0.6700508 0.6294416 0.6345178 0.6345178 0.5736041 0.6243655 0.6548223
[22] 0.5431472 0.6395939 0.6852792 0.6395939 0.6598985 0.7005076 0.6548223
[29] 0.6598985 0.6700508
[1] "Bonferroni-corrected positive rate for exposures: "
 [1] 0.5989848 0.7664975 0.9746193 0.9949239 0.4771574 0.4416244 0.5685279
 [8] 0.4263959 0.4568528 0.4467005 0.4162437 0.4822335 0.4467005 0.5126904
[15] 0.5126904 0.4619289 0.5177665 0.5025381 0.3908629 0.4670051 0.5228426
[22] 0.4060914 0.5076142 0.5279188 0.4517766 0.4974619 0.5025381 0.4416244
[29] 0.4517766 0.4720812
