[1] "Average Estimates for Betas: "
 [1]  0.0495080389  0.0985486348  0.2036948120  0.3015901289  0.0109457549
 [6] -0.0122256734  0.0008210709  0.0001972889  0.0064068818 -0.0001290676
[11] -0.0006866190  0.0050577405 -0.0026661050  0.0014414802  0.0166407136
[16]  0.0016841975  0.0035013672 -0.0003409630 -0.0073499217  0.0019588090
[21]  0.0040658409 -0.0069695945  0.0055400415  0.0197601006  0.0062505354
[26] -0.0119094676  0.0022159625  0.0040491960 -0.0090341568  0.0017647706
[1] "Standard Deviations of Betas: "
 [1] 0.07178130 0.06923746 0.06616372 0.08640200 0.08367366 0.07295520
 [7] 0.08222277 0.07140176 0.06466907 0.07080652 0.05329770 0.06886672
[13] 0.05222185 0.08053152 0.06865878 0.09001173 0.09046200 0.07164518
[19] 0.06109682 0.06854207 0.09501411 0.06848199 0.08342232 0.07744131
[25] 0.12451912 0.12339425 0.07794873 0.07124190 0.08505238 0.08688159
[1] "Average StdErrors for Betas: "
 [1] 0.04841921 0.04892096 0.04861681 0.04797263 0.05014461 0.04919126
 [7] 0.05039541 0.04771050 0.04411843 0.04754570 0.04682408 0.04738702
[13] 0.04323734 0.04947496 0.04896132 0.04608558 0.05026283 0.04897659
[19] 0.04542886 0.04769951 0.04940984 0.04811526 0.04729956 0.04685504
[25] 0.04716608 0.04910280 0.04999714 0.04740569 0.04901153 0.04732241
[1] "Positive rate for exposures: "
 [1] 0.36764706 0.61764706 0.91176471 0.95588235 0.19117647 0.15441176
 [7] 0.19117647 0.16911765 0.11764706 0.16176471 0.10294118 0.14705882
[13] 0.06617647 0.13235294 0.10294118 0.13970588 0.13970588 0.13970588
[19] 0.13970588 0.13970588 0.13970588 0.15441176 0.13970588 0.16176471
[25] 0.19117647 0.16911765 0.11764706 0.13970588 0.20588235 0.19852941
[1] "Bonferroni-corrected positive rate for exposures: "
 [1] 0.102941176 0.308823529 0.794117647 0.933823529 0.014705882 0.014705882
 [7] 0.029411765 0.022058824 0.022058824 0.036764706 0.000000000 0.000000000
[13] 0.014705882 0.036764706 0.022058824 0.036764706 0.022058824 0.007352941
[19] 0.007352941 0.014705882 0.022058824 0.044117647 0.036764706 0.022058824
[25] 0.029411765 0.036764706 0.029411765 0.014705882 0.014705882 0.029411765
