[1] "Average PIPs: "
 [1] 0.14229460 0.25893173 0.72083245 0.92385832 0.16243834 0.14208903
 [7] 0.09645774 0.09192468 0.09644290 0.11675431 0.06599076 0.13197971
[13] 0.07206731 0.10152491 0.10596228 0.11167418 0.11680189 0.08123567
[19] 0.08119965 0.08629489 0.10660294 0.12691406 0.12182550 0.11675176
[25] 0.16746164 0.13197977 0.14232033 0.10151398 0.09645353 0.13715293
[1] "Percent of time PIP >= 0.1: "
 [1] 0.14213198 0.25888325 0.72081218 0.92385787 0.16243655 0.14213198
 [7] 0.09644670 0.09644670 0.09644670 0.11675127 0.06598985 0.13197970
[13] 0.07614213 0.10152284 0.10659898 0.11167513 0.11675127 0.08121827
[19] 0.08121827 0.08629442 0.10659898 0.12690355 0.12182741 0.11675127
[25] 0.16751269 0.13197970 0.14213198 0.10152284 0.09644670 0.13705584
[1] "Percent of time PIP >= 0.5: "
 [1] 0.14213198 0.25888325 0.72081218 0.92385787 0.16243655 0.14213198
 [7] 0.09644670 0.09137056 0.09644670 0.11675127 0.06598985 0.13197970
[13] 0.07106599 0.10152284 0.10659898 0.11167513 0.11675127 0.08121827
[19] 0.08121827 0.08629442 0.10659898 0.12690355 0.12182741 0.11675127
[25] 0.16751269 0.13197970 0.14213198 0.10152284 0.09644670 0.13705584
[1] "Percent of time PIP >= 0.9: "
 [1] 0.14213198 0.25888325 0.72081218 0.92385787 0.16243655 0.14213198
 [7] 0.09644670 0.09137056 0.09644670 0.11675127 0.06598985 0.13197970
[13] 0.07106599 0.10152284 0.10152284 0.11167513 0.11675127 0.08121827
[19] 0.08121827 0.08629442 0.10659898 0.12690355 0.12182741 0.11675127
[25] 0.16751269 0.13197970 0.14213198 0.10152284 0.09644670 0.13705584
