[1] "Average Estimates for Betas: "
 [1]  0.0495572200  0.0923919830  0.1965133363  0.3018475018  0.0110868261
 [6] -0.0052097566  0.0013940567 -0.0053295744  0.0103547528 -0.0012561783
[11]  0.0003097146 -0.0051277799 -0.0029539023 -0.0076265076  0.0141239796
[16] -0.0036116260  0.0074039555 -0.0130697257 -0.0082087280  0.0080560082
[21]  0.0013618930 -0.0052360457  0.0070372373  0.0141220833  0.0019790085
[26] -0.0060785832  0.0063238561  0.0121812962 -0.0016950254 -0.0041731135
[1] "Standard Deviations of Betas: "
 [1] 0.08144703 0.07377983 0.08690104 0.08655022 0.08509000 0.08105562
 [7] 0.09211042 0.07495054 0.07306861 0.08307790 0.07742555 0.08545632
[13] 0.07020947 0.08105636 0.08344244 0.08230772 0.09222186 0.07821075
[19] 0.07007060 0.07510822 0.08205706 0.08405296 0.07952859 0.09368428
[25] 0.08707284 0.08721841 0.09141187 0.08469769 0.09259209 0.09386308
[1] "Average StdErrors for Betas: "
 [1] 0.01318460 0.01308560 0.01342466 0.01316538 0.01321534 0.01352972
 [7] 0.01333220 0.01303041 0.01291239 0.01324522 0.01339303 0.01333670
[13] 0.01292866 0.01294714 0.01330401 0.01281253 0.01320825 0.01310950
[19] 0.01309174 0.01300808 0.01321797 0.01304445 0.01309674 0.01307022
[25] 0.01296787 0.01306105 0.01331823 0.01307013 0.01329878 0.01344090
[1] "Positive rate for exposures: "
 [1] 0.7766497 0.8934010 1.0000000 0.9949239 0.7411168 0.7868020 0.7461929
 [8] 0.7461929 0.7461929 0.6903553 0.7005076 0.7055838 0.7005076 0.7563452
[15] 0.7664975 0.6954315 0.7868020 0.7664975 0.7208122 0.7258883 0.7461929
[22] 0.6598985 0.7664975 0.7868020 0.7360406 0.7817259 0.7969543 0.6649746
[29] 0.7106599 0.7411168
[1] "Bonferroni-corrected positive rate for exposures: "
 [1] 0.6649746 0.7868020 0.9949239 0.9949239 0.5583756 0.6598985 0.6243655
 [8] 0.6091371 0.5583756 0.5583756 0.5126904 0.5583756 0.4923858 0.5888325
[15] 0.6294416 0.5939086 0.6700508 0.6345178 0.5634518 0.5888325 0.5634518
[22] 0.5532995 0.6598985 0.6700508 0.6091371 0.6192893 0.6243655 0.5634518
[29] 0.5532995 0.5939086
