[1] "Average Estimates for Betas: "
 [1]  0.0487999973  0.0994425947  0.2057262051  0.2983995423  0.0040999766
 [6] -0.0105026986  0.0024386494 -0.0024438789  0.0087023089  0.0018616979
[11] -0.0019804112  0.0026149600  0.0002237139  0.0060169562  0.0119192074
[16] -0.0038123301 -0.0051338447 -0.0029204442 -0.0087595595 -0.0028978255
[21] -0.0015160069 -0.0080138861  0.0080963783  0.0113474400  0.0045167827
[26] -0.0048845809  0.0030583410  0.0044880648  0.0014846651 -0.0045162354
[1] "Standard Deviations of Betas: "
 [1] 0.06314369 0.06176926 0.06035616 0.06386899 0.06829254 0.06952213
 [7] 0.07786704 0.06487118 0.05250057 0.07048175 0.05146639 0.06207795
[13] 0.04960079 0.05992667 0.05867905 0.06571577 0.07964387 0.06601181
[19] 0.05357898 0.06046146 0.06404427 0.06511120 0.07087183 0.06194366
[25] 0.06490991 0.06664901 0.06957685 0.05784458 0.07260754 0.07128803
[1] "Average StdErrors for Betas: "
 [1] 0.04800133 0.04880134 0.04799160 0.04667236 0.04720469 0.05111587
 [7] 0.04789596 0.04658087 0.04417995 0.04681346 0.04549185 0.04826031
[13] 0.04294809 0.04502522 0.04623173 0.04470438 0.04697213 0.04938173
[19] 0.04384319 0.04655579 0.04697894 0.04686385 0.04526516 0.04577903
[25] 0.04790076 0.04395661 0.04844183 0.04528533 0.04410962 0.04516858
[1] "Positive rate for exposures: "
 [1] 0.27941176 0.62500000 0.93382353 0.97058824 0.13970588 0.08823529
 [7] 0.14705882 0.11764706 0.08088235 0.16176471 0.08088235 0.11764706
[13] 0.05147059 0.07352941 0.08088235 0.14705882 0.10294118 0.08823529
[19] 0.12500000 0.12500000 0.10294118 0.14705882 0.09558824 0.14705882
[25] 0.13970588 0.13235294 0.13970588 0.12500000 0.15441176 0.14705882
[1] "Bonferroni-corrected positive rate for exposures: "
 [1] 0.080882353 0.294117647 0.794117647 0.933823529 0.007352941 0.014705882
 [7] 0.022058824 0.022058824 0.007352941 0.022058824 0.000000000 0.000000000
[13] 0.000000000 0.007352941 0.022058824 0.036764706 0.029411765 0.007352941
[19] 0.007352941 0.007352941 0.014705882 0.022058824 0.014705882 0.007352941
[25] 0.022058824 0.014705882 0.014705882 0.014705882 0.029411765 0.036764706
