[1] "Average Estimates for Betas: "
 [1]  0.051794100  0.093467421  0.195884718  0.302816232  0.015498937
 [6] -0.003696381  0.006595740 -0.005339080  0.004694595 -0.001243639
[11] -0.002029891 -0.015659105 -0.003022819 -0.003885020  0.010950749
[16] -0.001892345  0.007483582 -0.012183879 -0.001174232  0.003057651
[21]  0.004312524 -0.005991891  0.008396747  0.012749424  0.002088377
[26] -0.001491170  0.002285657  0.005333365  0.002655839 -0.001068607
[1] "Standard Deviations of Betas: "
 [1] 0.07363103 0.06675985 0.08184323 0.07893860 0.07196220 0.06837125
 [7] 0.08524131 0.06469796 0.06472023 0.07544460 0.07070748 0.10801128
[13] 0.06385305 0.06992047 0.07386274 0.06815519 0.08769739 0.09144294
[19] 0.06823753 0.06771684 0.06626848 0.07240064 0.06944191 0.07871228
[25] 0.07456431 0.06700224 0.06955896 0.07763885 0.07706964 0.08123013
[1] "Average StdErrors for Betas: "
 [1] 0.06697095 0.06403141 0.06700302 0.06550038 0.06489834 0.06626039
 [7] 0.06515321 0.06375376 0.06282995 0.06506439 0.06545450 0.06933774
[13] 0.06316467 0.06359198 0.06540764 0.06316024 0.06850137 0.06509203
[19] 0.06503794 0.06398099 0.06519886 0.06545146 0.06404926 0.06429141
[25] 0.06348102 0.06392550 0.06534318 0.06422750 0.06548172 0.06556428
[1] "Positive rate for exposures: "
 [1] 0.14720812 0.31979695 0.84263959 0.98477157 0.07106599 0.05076142
 [7] 0.12182741 0.08121827 0.07106599 0.06598985 0.07614213 0.07106599
[13] 0.05076142 0.06598985 0.08121827 0.06091371 0.08121827 0.07614213
[19] 0.05076142 0.04568528 0.06598985 0.03045685 0.05583756 0.08121827
[25] 0.09644670 0.04568528 0.05583756 0.07614213 0.08121827 0.09137056
[1] "Bonferroni-corrected positive rate for exposures: "
 [1] 0.015228426 0.055837563 0.477157360 0.888324873 0.020304569 0.005076142
 [7] 0.020304569 0.005076142 0.005076142 0.015228426 0.005076142 0.000000000
[13] 0.000000000 0.000000000 0.005076142 0.005076142 0.010152284 0.010152284
[19] 0.015228426 0.005076142 0.000000000 0.000000000 0.005076142 0.005076142
[25] 0.010152284 0.000000000 0.000000000 0.025380711 0.005076142 0.010152284
