[1] "Average Estimates for Betas: "
 [1]  0.061888385  0.102040631  0.192117799  0.299988282  0.001396464
 [6]  0.016776824  0.024029955  0.003101401  0.020696496 -0.018708657
[11]  0.001381264 -0.009374688  0.001398941  0.011340240  0.018136980
[16] -0.013422891 -0.017460663  0.001053192  0.014555103 -0.001425967
[21]  0.027288037  0.001218896  0.006081676  0.005494889  0.001380856
[26] -0.017075742 -0.004165512  0.008094498 -0.008340623  0.010957811
[1] "Standard Deviations of Betas: "
 [1] 0.2529756 0.2587253 0.2075292 0.2134220 0.2097952 0.2211116 0.2569560
 [8] 0.2527172 0.2235027 0.2305002 0.1950594 0.1946218 0.2417427 0.2130645
[15] 0.2192670 0.2257623 0.2629214 0.2123915 0.2599278 0.2036834 0.2005914
[22] 0.2324720 0.2407124 0.1983908 0.2368621 0.2732395 0.2116232 0.2187504
[29] 0.2524147 0.2263695
[1] "Average StdErrors for Betas: "
 [1] 0.1737060 0.1669083 0.1571681 0.1710437 0.1489106 0.1630005 0.1664534
 [8] 0.1671711 0.1801250 0.1657723 0.1645563 0.1462638 0.1631365 0.1538335
[15] 0.1544940 0.1685794 0.1654672 0.1636982 0.1655623 0.1590850 0.1645776
[22] 0.1714252 0.1678754 0.1615407 0.1717611 0.1757248 0.1619750 0.1593396
[29] 0.1486962 0.1483991
[1] "Positive rate for exposures: "
 [1] 0.12953368 0.21761658 0.43005181 0.52849741 0.07772021 0.07772021
 [7] 0.08290155 0.08808290 0.06217617 0.06735751 0.06735751 0.11917098
[13] 0.10880829 0.09326425 0.09326425 0.08290155 0.11398964 0.07772021
[19] 0.07772021 0.09844560 0.08290155 0.07772021 0.07772021 0.08290155
[25] 0.07772021 0.09844560 0.04663212 0.06217617 0.12435233 0.09326425
[1] "Q-value positive rate for exposures: "
 [1] 0.051813472 0.098445596 0.202072539 0.362694301 0.046632124 0.041450777
 [7] 0.041450777 0.036269430 0.005181347 0.031088083 0.005181347 0.056994819
[13] 0.031088083 0.025906736 0.051813472 0.015544041 0.036269430 0.015544041
[19] 0.031088083 0.036269430 0.031088083 0.051813472 0.025906736 0.036269430
[25] 0.010362694 0.036269430 0.015544041 0.025906736 0.041450777 0.046632124
[1] "Precision/Recall/F1 based on p-values:"
[1] 0.3711340 0.3264249 0.3473467
[1] "Precision/Recall/F1 based on Q-values:"
[1] 0.4630872 0.1787565 0.2579439
