[1] "Average Estimates for Betas: "
 [1]  0.0593242249  0.0891273825  0.2034626743  0.2939484087  0.0052291691
 [6]  0.0150628008  0.0163975953 -0.0008456372  0.0251054681 -0.0029376392
[11] -0.0236646470 -0.0075598259 -0.0160935646  0.0138022879  0.0149497558
[16] -0.0007106877 -0.0060078926 -0.0089030037  0.0128057292  0.0002361161
[21]  0.0106780455  0.0097552561  0.0191538253 -0.0050756470 -0.0266724612
[26]  0.0114531883 -0.0068343135  0.0089540683 -0.0114899006  0.0048535513
[1] "Standard Deviations of Betas: "
 [1] 0.1601001 0.1589208 0.1554807 0.1477823 0.1540574 0.1489064 0.1711359
 [8] 0.1596626 0.1581801 0.1750772 0.1318156 0.1694223 0.1700182 0.1323375
[15] 0.1757689 0.1797152 0.1906778 0.1794765 0.1438865 0.1964452 0.1706635
[22] 0.2003150 0.1804005 0.1512890 0.1544613 0.1770051 0.1385814 0.1570152
[29] 0.1806071 0.1830539
[1] "Average StdErrors for Betas: "
 [1] 0.04552722 0.04547976 0.04267319 0.04315444 0.04278455 0.04467140
 [7] 0.04759744 0.04617380 0.04592498 0.04396805 0.04282326 0.04519166
[13] 0.04600894 0.04383514 0.04481281 0.04627230 0.04465365 0.04484620
[19] 0.04311443 0.04451456 0.04446835 0.04723857 0.04383106 0.04548052
[25] 0.04513805 0.04317510 0.04355564 0.04381854 0.04444645 0.04395217
[1] "Positive rate for exposures: "
 [1] 0.5544041 0.6528497 0.8601036 0.9170984 0.4041451 0.3575130 0.4715026
 [8] 0.4507772 0.4196891 0.4507772 0.4041451 0.4455959 0.4196891 0.3989637
[15] 0.5129534 0.4248705 0.4404145 0.4041451 0.4352332 0.4196891 0.4145078
[22] 0.4818653 0.4922280 0.4248705 0.4818653 0.4196891 0.3989637 0.4404145
[29] 0.4248705 0.4559585
[1] "Q-value positive rate for exposures: "
 [1] 0.5025907 0.5906736 0.8238342 0.9015544 0.3523316 0.2953368 0.4145078
 [8] 0.3626943 0.3575130 0.3730570 0.3471503 0.3678756 0.3523316 0.3471503
[15] 0.4196891 0.3471503 0.4145078 0.3575130 0.3523316 0.3523316 0.3212435
[22] 0.4300518 0.4196891 0.3419689 0.3834197 0.3834197 0.3160622 0.3834197
[29] 0.3834197 0.3937824
[1] "Precision/Recall/F1 based on p-values:"
[1] 0.2089985 0.7461140 0.3265306
[1] "Precision/Recall/F1 based on Q-values:"
[1] 0.2275199 0.7046632 0.3439772
