0.0283944205392864 0.936995872927865 1 1 6.81867028694549e-05 7.33208023028231e-05 7.09499437260286e-05 0.000168015417942424 0.000103719832748927 6.80842234191958e-05 6.82045860477265e-05 6.91949269642222e-05 0.000111454654456611 6.82536478160412e-05 6.82072112253573e-05 0.000122122652110868 0.00010926863977978 6.81828579552901e-05 0.000377447787300422 0.000112982395572669 9.88866767390739e-05 8.9138254170007e-05 7.15505867501243e-05 6.86455816847342e-05 6.84552885737988e-05 8.97329982176842e-05 0.000103175351577889 8.75097929051716e-05 6.8710531455074e-05 7.63472590884495e-05
0 0 1 1 0 0 0 0 0 0 0 0 0 0 0 0 0 0 0 0 0 0 0 0 0 0 0 0 0 0
4.81560680221094e-10 0.99999996493895 1 1 2.23994156556273e-11 4.71640504429161e-11 2.33869590360314e-11 4.19110302019021e-11 2.23250307129774e-11 1.00115471468598e-10 3.26874971534608e-10 2.40074626844944e-11 5.65892888104713e-11 9.45468148216833e-11 3.06751291034857e-11 7.33576532851998e-11 2.27849961120796e-11 1.24729782058353e-10 2.30648833365876e-11 2.49678056007951e-11 2.40669706386143e-11 2.2727708604009e-11 4.62990756844306e-11 6.25540730325724e-11 5.9054428014349e-11 2.94606561368482e-11 2.2286283929418e-11 3.39717143305052e-11 2.44650966152449e-11 8.34097235724585e-11
0.988987506843163 0.999785092110367 0.999999999999999 1 0.00145824815801165 0.000794197193319635 0.000957058302300196 0.00083249427259835 0.00306532050678765 0.00223781607240836 0.00374053230382665 0.00105171284718453 0.0331498495366875 0.00157871375271923 0.000988781407993855 0.00330057484213719 0.0206687413428982 0.00094546117430061 0.000820660347580104 0.0011950390115717 0.000875160332019287 0.00638524851729483 0.00251927189180168 0.052905741629809 0.00109239828564034 0.00143364631507203 0.000757024853243138 0.000893314740589068 0.00229799787839313 0.000777924146970532
1.68412395140649e-09 0.999997484103549 0.999999999998118 1 2.21134162092795e-08 6.71743127789171e-09 2.21330243022066e-09 1.66265601286852e-09 2.13531337056594e-09 1.65340841018491e-09 1.6556667148393e-09 2.97515667657677e-09 7.02210753100729e-07 2.55543475269349e-09 3.8060095075565e-09 1.77405801160546e-09 3.22666626750845e-09 1.59177448999515e-09 1.67509295323498e-09 1.74569536603997e-09 1.59496293949957e-09 2.50647202992837e-08 1.61944613275011e-09 3.42345451986859e-09 1.89405502393214e-09 1.63131130825889e-09 4.08488576297827e-09 5.78214987001502e-09 1.59282176337427e-09 1.79614112472137e-09
0 1.11022302462516e-16 0.999999999999998 1 0 0 0 0 0 0 0 0 0 0 0 0 0 0 0 0 0 0 0 0 0 0 0 0 0 0
0.962438138596582 0.99910617020884 1 1 7.077361660357e-05 6.18067716233739e-05 6.27183148973476e-05 0.000121848789383261 4.98915148819945e-05 0.000331195275855123 8.8192128000486e-05 5.72665078034662e-05 5.00261330524943e-05 8.37627085616965e-05 4.99714722426159e-05 6.41726697809819e-05 7.60400188708488e-05 5.09221107014568e-05 5.00087904681257e-05 4.90351034072578e-05 9.06963403922711e-05 5.13215646865683e-05 0.000129234316136984 0.000110984377488355 6.97315583094715e-05 0.000131156657609433 0.000120425782234923 4.93683885460783e-05 5.64634858435387e-05 0.000149252078891049
0 0 1 1 0 0 0 0 0 0 0 0 0 0 0 0 0 0 0 0 9.68114477473137e-14 0 0 0 0 0 0 0 0 0
0.444595808559948 0.999998208724618 1 1 0.00251561021938318 0.00811825221629914 0.00215664406431593 0.00079487959833402 0.000826930287763927 0.000779225875000233 0.0469706880937112 0.00135274767296323 0.00132089738586416 0.0124327711826226 0.000772844277796225 0.000775737468310389 0.000865846542418836 0.000794097501862656 0.00141765790977255 0.0011351350565838 0.000792378759778334 0.00105972949079214 0.000934010446384526 0.0032381439411141 0.000863294892724298 0.000942305984668601 1 0.000778066008343958 0.000921931337645066 0.000793211689730788
0.00121247370275301 0.997224395987985 1 1 2.73763115476999e-06 1.12231696552945e-05 2.71270261797962e-06 4.40030213766374e-06 3.37723823773395e-06 3.77914563454151e-06 2.73156865060464e-06 6.54585179993283e-06 3.30285103389283e-06 2.98354387306965e-06 5.57008385337898e-06 3.3950402611449e-06 4.1464681718173e-06 3.11295613930618e-06 2.69126804908204e-06 2.22959804313527e-05 2.82644111793129e-06 3.57463073591413e-05 4.04356007599471e-06 2.69278860953737e-06 4.79117077989422e-06 4.94146503604576e-06 2.74742605610445e-06 2.72682499302679e-06 2.72065303019708e-06 2.68951579329713e-06
0.999517074999018 0.99999026122736 1 1 3.63400123326585e-07 3.74396733615612e-08 3.38551362499828e-08 3.59440208708151e-07 1.86101005174022e-05 4.47202387343637e-08 3.48755389012467e-08 3.13580631683408e-07 4.81212973912903e-08 3.95427459665143e-08 5.55450980765926e-08 5.15953696433868e-08 1.16202320321612e-07 3.54382465594938e-08 5.40245170821407e-08 3.55665671358807e-08 3.46513465698806e-08 7.43981589668152e-08 5.34857878431438e-07 3.50949438399084e-08 8.62633753317965e-08 3.38111415532083e-08 3.32564357163889e-08 3.78099018760736e-08 1.54179108073915e-05 3.47127588895546e-07
3.52163924324245e-05 0.99941266975468 1 1 3.4948221907527e-06 0.00127845773967206 0.000125762971158294 0.0292268508381985 2.69231011085225e-06 2.85490933804589e-06 4.85629770619056e-06 2.50238721732909e-06 1.87626899916804e-06 0.0070195688276069 1.78570095987762e-06 1.78682070628433e-06 1.92892064510009e-06 2.76615681227277e-06 1.2174115684549e-05 2.44921640579765e-06 2.04378831188956e-05 3.21244837750978e-05 0.000242926817648481 1.99933793065821e-06 0.0801047279755323 1.9485295837951e-06 3.34577685279225e-06 2.01111001024712e-05 1.76923365845516e-05 1.88328059569365e-06
5.12381518658067e-07 0.999968430260166 1 1 5.17794270793459e-08 4.96649443793018e-08 2.46568209072429e-07 4.80169126682028e-08 5.12967532895203e-08 1.59643446462354e-07 4.81148487718741e-08 1.77335686579738e-07 1.7913079700671e-06 1.68233894148884e-07 4.80177799744297e-08 5.21319477586601e-08 6.17574511529995e-08 5.14091689551854e-07 6.40503897697542e-08 5.02212590403062e-08 8.36539360005162e-08 5.23991748879737e-08 5.89455885213752e-08 5.42437721406941e-08 5.93465413478711e-08 5.43186466916978e-08 5.38275204409189e-08 5.03574987265054e-08 2.20600578582086e-07 4.8000977859175e-08
9.11592691232865e-06 0.999990714009588 1 1 7.73818564780981e-10 3.36816685653218e-10 3.33468364033251e-10 1.31538779868379e-10 9.94828608380516e-09 1.55048862637841e-10 4.33222568929637e-10 2.89366974826066e-10 1.67127423011948e-10 9.0452734191615e-10 1.30470634296387e-10 2.17758366893861e-10 1.28600241566801e-10 1.44123968315313e-09 1.71561320705393e-10 4.46861792013920e-09 8.42423971691986e-08 5.27232812963518e-10 1.28165922319567e-10 1.35485511698619e-10 1.84035897632384e-10 1.32633237726054e-10 1.36440406750538e-08 1.24965704451085e-10 1.70619740558209e-10 5.89901461012232e-10
2.45684735822316e-06 0.999991564564259 1 1 5.31067013698205e-08 2.37057953267339e-08 1.04169234349527e-08 9.96821969412309e-09 1.53196331176275e-08 4.21580169662761e-08 1.5996137303631e-08 1.03469922629884e-08 1.00078770826073e-08 9.74616987114985e-09 9.73120461988941e-09 3.37717287468564e-08 1.11652758150171e-08 1.11168612093593e-08 9.80387682147921e-09 2.19235699039366e-07 1.53617706333264e-08 1.48102806685202e-08 1.03482706848013e-08 1.03180132215996e-08 1.19138751086822e-08 9.715388160636e-09 9.81658854204426e-09 1.20537099190798e-08 9.73190250608269e-09 1.00036287031813e-08
9.23793486151681e-10 4.64319471760177e-10 1 1 2.3383758978035e-06 5.11378495104964e-10 1.37499036678701e-06 4.32365698799231e-10 5.81263703836044e-10 4.27682778081362e-10 4.20269369316717e-06 1.01890840209506e-09 1.01341368630159e-09 5.13360021159315e-10 7.78072104523631e-08 1.34537022633552e-08 5.95488658383658e-10 8.48386965457415e-07 4.7544790326981e-10 4.52817339180456e-10 7.49067138616777e-06 4.56407911464396e-10 4.54394899485067e-09 4.450962931557e-10 4.51880867724519e-07 1.93217121543521e-05 4.77422434919106e-10 4.66456206993371e-10 4.85672613237398e-10 4.03992899133954e-08
0 1.11022302462516e-16 0.999999999998033 1 1.49880108324396e-14 0 1.11022302462516e-16 0 0 7.87148124459236e-14 5.55111512312578e-16 5.44009282066327e-15 0 0 0 0 1.11022302462516e-16 1.11022302462516e-16 0 1.0547118733939e-14 0 0 5.99520433297585e-15 0 0 0 0 0 0 9.99200722162641e-16
3.44169137633799e-15 0.99999999953919 1 1 5.21804821573824e-15 1.77635683940025e-15 5.00710584105946e-14 1.69853020537403e-12 2.03170813506404e-14 9.99200722162641e-16 2.1094237467878e-15 1.14352971536391e-14 9.99200722162641e-16 1.11022302462516e-15 8.88178419700125e-16 1.55431223447522e-15 2.8421709430404e-14 9.99200722162641e-16 1.66533453693773e-15 1.55431223447522e-15 2.22044604925031e-15 5.21804821573824e-15 8.88178419700125e-16 7.7715611723761e-16 1.22124532708767e-15 1.04360964314765e-14 9.99200722162641e-16 1.66533453693773e-15 9.99200722162641e-16 7.7715611723761e-16
2.8620129599588e-09 0.999999986661527 1 1 2.54396503862608e-12 2.25297558387183e-12 2.21056506433115e-12 1.89126492244895e-12 3.12428238835594e-09 3.17856851950182e-12 0.00632370346534172 1.84674497916149e-12 8.46478442895204e-12 4.23083790224155e-12 3.37685435169988e-12 1.67443836573966e-11 3.32656124868436e-12 2.3928636849746e-12 3.21892079657715e-09 2.55430121498534e-11 2.16346940362655e-11 5.26145793600108e-12 1.76662018347429e-10 4.51394477352096e-12 3.1857538829172e-09 3.13298276211071e-11 2.48749755238364e-08 1.84319226548268e-12 2.2912782782214e-12 2.03703720558224e-12
0.000110679832604488 0.996538229136449 1 1 9.70595212923531e-06 8.5464816498293e-06 7.98919627664763e-06 2.61929881685274e-05 8.4270393819752e-06 7.74729006303154e-06 7.3944983181029e-06 8.00509466203358e-06 7.66456882450584e-06 2.67285118378258e-05 9.50962876589134e-06 7.21701789474505e-06 1.52758112745843e-05 9.99054220707229e-06 1.52305659880669e-05 1.34526773933885e-05 7.24421776054918e-06 7.24375376981445e-06 7.7202217351191e-06 9.61699200197064e-06 8.00756343866116e-06 1.40777314433516e-05 8.47522351343777e-06 7.23474063091256e-06 7.99449737165503e-06 8.11762715247077e-06
2.89938073549934e-10 0.999999794360418 1 1 2.44412490246759e-10 1.80998549481615e-11 2.79095635491444e-11 1.7240742167246e-10 1.09318110119716e-10 2.85261148036398e-10 3.22714943656877e-09 1.80250925296832e-10 1.75460863460764e-06 3.80723230719582e-11 5.5592896952561e-09 2.0186408100642e-11 4.26847446277634e-11 3.98584102279109e-06 2.45635733975291e-11 2.59793297985311e-11 1.77749837071417e-09 8.41939018725313e-07 1.67258429328854e-11 2.50720555428074e-11 1.70885527950304e-11 1.63847587053567e-07 2.59221533127629e-11 1.89652737958568e-11 2.88447044027862e-11 2.00749417089696e-11
6.07731476254258e-09 0.999975899310357 1 1 1.89899629354784e-09 6.35657759762154e-09 1.8870922602332e-09 5.87580660793563e-08 9.09798603121459e-09 3.71052139014338e-08 2.68989686080801e-09 2.415798561195e-09 2.31476460221813e-09 6.72619393515816e-09 5.52581291834997e-09 9.9327191072085e-07 7.33917637774084e-09 2.86957890782702e-09 2.18969886667253e-09 5.52935564002155e-09 3.43651385126265e-09 3.07283309908257e-09 3.64506813621546e-09 3.57642793158419e-09 2.21394214072745e-09 3.72072839205373e-09 1.98778771220987e-09 2.60969656995513e-09 2.52223264496365e-09 3.81457510023608e-09
2.48182351003656e-07 0.999996614226775 1 1 3.41232697653737e-08 4.08163924880967e-09 6.55072521782429e-08 3.12156056558877e-08 2.45548085198166e-08 4.16817091952737e-09 4.46592729463902e-09 4.09703924120208e-08 6.99711488749699e-09 0.000231870797896105 5.52731930381078e-06 5.94845062096283e-09 4.0829931657882e-09 6.97190349896459e-09 4.05913302969907e-09 7.509888599877e-09 5.46129674816598e-09 1.21719406775966e-08 4.28272939334562e-09 4.59064197766423e-09 2.67186750058102e-07 4.60701254922924e-09 4.78600481468305e-09 4.44631742535506e-09 2.43507124464415e-08 4.1305082687515e-09
6.15480002741364e-07 0.999634244673738 1 1 4.98258922898565e-07 4.51181373817278e-07 4.32825139395909e-07 6.30314924920938e-07 4.94563138442317e-07 6.60490196091601e-07 7.86089469295703e-07 4.42421370761004e-07 4.43814334616377e-07 4.39202123891924e-07 6.00632939939949e-07 5.4118356651589e-07 4.35493717976243e-07 5.00447970730455e-07 6.75301030539366e-07 4.58346469334181e-07 4.34101311452828e-07 4.36622417776533e-07 4.42391014487953e-07 4.57579361845539e-07 4.32984529674663e-07 4.7710488060293e-07 4.43229359103903e-07 4.5887528254962e-07 7.19035829988002e-07 4.34171314789289e-07
0 0 1 1 0 0 0 0 0 0 0 0 0 0 0 0 0 0 0 0 0 0 0 0 0 0 0 0 0 0
0.000384237822740663 0.975298875312935 1 1 0.000106567140390035 5.14831402129712e-05 5.21143639821142e-05 9.37969084467971e-05 6.16835336775257e-05 4.58030495983364e-05 5.23186507801476e-05 3.63613829114096e-05 3.78144152342053e-05 4.03029675408728e-05 0.000145681687335308 5.89907285266644e-05 3.45714273036757e-05 3.55688002949828e-05 0.0001583194496525 7.44700084155392e-05 3.58814932390761e-05 0.000115366482219881 7.86019906836577e-05 3.41872674028965e-05 7.59127676561722e-05 3.43167797646204e-05 3.74020095675887e-05 0.00172086395432336 4.78889244135416e-05 7.35953367252407e-05
4.89856977203829e-07 0.999572916670662 1 1 7.84862993485902e-07 4.00544580059226e-06 7.86327580382107e-07 7.08920753877962e-07 5.92825389000851e-07 5.03498006176883e-07 4.94546685714248e-07 1.05704421604624e-06 1.84086857701882e-06 1.07932528979893e-05 5.15229122255434e-07 4.90568485389531e-07 6.17021331250633e-07 6.59766923538641e-07 1.15836328151708e-06 2.97284439387813e-06 1.08259974274105e-06 4.04491444783162e-06 5.24415859737282e-07 7.10814063276111e-07 4.89486939092565e-07 4.85990880760845e-07 8.11630435304522e-07 8.94271780293998e-07 4.01108883574253e-06 4.85768115843221e-07
5.61404449039848e-07 0.996315839585697 0.999999999997506 1 3.46357670844011e-06 5.49213148071104e-07 5.47904665748611e-07 1.31787994128718e-06 5.87266788976137e-07 6.62150587138477e-07 1.37880632933296e-06 5.10854521795778e-07 5.22856548501593e-07 7.3961281421564e-07 2.31355870117245e-06 1.12900408999472e-06 5.59816472400776e-07 1 5.28364195395703e-07 1.08227460391408e-05 2.36794386476724e-06 1.47132402483763e-06 3.1487058388513e-05 1.22750351772005e-06 7.2226464731262e-07 6.80460033084529e-05 5.12418940612491e-07 5.16218759738507e-07 7.2560933528365e-07 5.16392626992435e-07
2.86007947967182e-05 0.999999999840678 1 1 7.99667323791997e-06 1.00072552688957e-07 5.38947386719002e-09 5.41797817721346e-09 2.55641664962392e-05 7.96084675958042e-09 2.85378647935097e-07 6.38751962434014e-09 6.73002398254852e-09 1.26479803297386e-08 8.44060448719208e-05 3.05182513901103e-05 6.45447484348693e-09 8.58397513514575e-05 5.5139973698104e-09 1.55624542141908e-08 1.91881670774663e-07 2.80292659369241e-05 7.21880355492033e-09 1.27134515137683e-08 3.53352632709303e-08 5.53743972897536e-09 9.33170929418026e-09 6.24377116675845e-09 5.31757760047213e-09 5.33773270028348e-09
0.999785023617657 0.998233011990015 1 1 2.99866862074616e-06 5.0523096021271e-06 6.22720688832068e-05 4.56643439183946e-06 6.86139638705896e-06 3.25732279915503e-06 1.60675083891171e-05 8.73436305515174e-06 3.29665749165819e-06 3.27628952567771e-06 3.05367928976619e-06 3.42890901716686e-06 1.55144842697297e-05 4.41267140138812e-06 4.18534518398239e-06 5.26524374522275e-06 6.83912918553187e-06 3.87261382417403e-06 3.06409264216878e-06 4.72877584978271e-06 3.35878208923557e-06 4.41339276557873e-06 3.97529448525891e-06 1.55171333574566e-05 2.963511276044e-06 3.34295073411983e-06
2.99841913520282e-08 5.55111512312578e-16 0.999999999999996 1 0 0 0 0 0 0 0 0 0 0 2.22044604925031e-15 0 1.34892097491957e-13 1.11022302462516e-16 1.75415237890775e-14 0 0 0 0 0 0 1.47892809110317e-12 1.21701066049251e-05 1.11022302462516e-16 0 0
0.205747911244954 0.999999932882329 0.999999999999928 1 0.000300429414455627 0.00022399637645909 0.306097655202054 0.000174631576831841 0.000265909485964277 0.000189090619587273 0.00444697293108975 0.00024088763474861 0.000132801447064734 0.000219855446218609 0.000157759749282338 0.00302448164104641 0.000340840672359843 0.00014787295532559 0.000169852759580924 0.000171529365722067 0.00013883155486949 0.000347780099994033 0.00279718516068139 0.000263792432478649 0.0002515941178306 0.000157093854062818 0.000308918689078674 0.000131927041537305 0.222595317135081 0.000130162376253629
0.992450746853981 0.999997691105943 1 1 2.47113820750489e-06 2.32962034762974e-06 4.78340345366757e-06 4.63836577668797e-06 2.63562200675249e-06 1.60279826670884e-05 1.56618096169847e-06 2.04455295160777e-06 2.1367277418527e-06 0.000331219078392841 2.612135708846e-06 4.24032926449325e-06 5.59843486402922e-06 1.58641743897014e-06 2.23894580309025e-06 4.31123587174564e-06 2.56362484030159e-06 7.76034638849676e-06 2.52246882648244e-06 1.66636897869221e-06 1.56925300143218e-06 1.68817251844366e-06 2.38666070392357e-05 0.00210909561674233 1.95604848063358e-06 2.33599358500092e-05
1.21384318152451e-08 0.999997136604551 1 1 1.04448061311047e-08 3.06878833455926e-09 5.98716676236677e-09 3.18576576230356e-09 3.10171499595668e-09 3.30706617646115e-09 3.10155079397134e-09 3.24277504848425e-09 3.13485548630865e-09 1.32608278802238e-08 2.5203134468299e-08 3.06024461327326e-09 3.71376962515768e-09 5.04080255314676e-09 3.58059937255462e-09 3.09635195261393e-09 4.85524009885552e-09 3.51299955791973e-09 3.04538572137858e-09 3.95596899682715e-09 2.99236631029487e-08 7.4728241372668e-09 2.15538785597325e-07 3.07068204197236e-09 5.83240611362612e-09 3.1994553673087e-09
2.40714824198962e-05 0.999940009541043 1 1 4.31668830680465e-08 4.45083426781068e-08 4.0566006428433e-06 6.50907913124499e-08 4.71375353194858e-08 6.93618473768254e-08 4.45614067867695e-08 4.41799732353587e-08 4.2923645637849e-08 1.78169225928393e-07 4.48702813793389e-08 4.33610292116526e-08 4.38401543956246e-08 1.31764225308473e-07 5.73316780716482e-08 5.32524270235868e-08 4.57232162132115e-08 6.00875480483154e-08 1.25816601470596e-07 6.93051911415665e-08 9.55425197846083e-08 4.29295844428523e-08 4.37574054767964e-08 5.60902619906045e-08 7.13436052457439e-08 4.33587629133925e-08
0.00136922908469406 0.000306199794977924 1 1 0.000263558421524479 0.00022239783412481 0.000215887946191651 0.000215805094000765 0.000218179916953276 0.000719531302788012 0.000215918618855837 0.000239149550861684 0.00117079946421683 0.000290194134293542 0.0153763172097048 0.000356015125028253 0.00021771689079475 0.000661892123034136 0.000221903693333303 0.000222348075360368 0.000216352302588985 0.000237121446646449 0.00047440984747682 0.000217593284843165 0.000249911056228402 0.000364339328261853 0.00163072397283659 0.000216587932184042 0.000225988493096074 0.000253998250588028
0.135186071312667 0.999999817146802 0.0479069476608524 0.467894286154775 0.0341469383484895 0.999669907042699 0.0398962532027275 0.496740855444862 0.0405327622920196 0.0347933175813664 0.0504371473341162 0.0338443377740818 0.100123248004698 0.0339239387785534 0.0353924194668039 0.267453964634612 0.114981692362708 0.0574287545867188 0.0345815480603237 0.150824288425082 0.0533076029552576 0.342711283559092 0.0387956303854057 0.0337474501541314 0.0336778021721845 0.999999999999955 0.034366456332129 0.0354618918708918 0.0462954056061771 0.0569950055974506
1.25455201782643e-14 0.000229779496890736 0.999999999894055 1 8.98170426921752e-14 5.55111512312578e-15 5.6621374255883e-15 5.55111512312578e-15 6.66133814775094e-15 5.6621374255883e-15 1.16573417585641e-14 6.21724893790088e-15 6.43929354282591e-15 8.43769498715119e-15 2.27595720048157e-14 1.17683640610267e-14 6.32827124036339e-15 5.55111512312578e-15 1.38777878078145e-14 6.99440505513849e-15 6.77236045021345e-15 6.46149800331841e-14 9.13764286458729e-10 8.54871728961371e-15 1.3988810110277e-14 4.03010957938932e-14 9.43689570931383e-15 1.55089812503562e-06 9.65319268964038e-10 7.54951656745106e-15
2.15090649069438e-07 3.53772766636951e-09 1 1 7.32365723621342e-10 1.77646356513961e-08 8.16778866763457e-10 8.87670714710964e-10 0.000241589527877784 1.23060783785434e-09 6.10048011218112e-07 2.31661279048723e-09 6.77986051744739e-08 2.01849781333863e-09 7.2724803956703e-10 7.73901942530131e-10 1.38329358079226e-07 6.26017382376887e-09 1.5856137514092e-09 7.21293025307546e-10 7.8629802668928e-10 7.68495045377904e-10 9.98918503469781e-10 8.92592999512942e-10 3.66807028084892e-08 0.000262309875639355 1.27524342197205e-08 1.11766340626929e-09 8.36922198210743e-10 9.43120803675868e-10
1.40310207896732e-10 2.77012857097247e-11 0.999999995746408 1 6.96498414498592e-12 6.67385036123846e-11 2.24441576435197e-11 6.85607126627019e-12 6.83153533742598e-12 1.20746745935207e-11 2.23916440944549e-11 1.58389967808148e-11 7.98150434633271e-12 2.93890467517599e-11 6.89703849587886e-12 7.21400716940934e-12 7.61701812734827e-12 7.39197592025675e-12 6.87994106129963e-12 2.39359643217085e-11 4.78056483288469e-11 1.58290047735932e-11 1.31283872661925e-11 7.50566275797837e-12 6.86017909146130e-12 1.66805458334807e-11 8.77564687584709e-12 1.75823910986139e-10 1.83218995530865e-11 2.00683913931243e-11
0 0 1 1 0 0 0 0 0 0 0 0 0 0 0 0 0 0 0 0 0 0 0 0 0 0 0 0 0 0
0 0.999999999999993 1 1 0 0 2.55351295663786e-15 0 0 0 0 0 0 0 0 0 0 0 0 0 0 0 0 4.66293670342566e-15 0 0 0 0 0 0
6.87197188042887e-10 2.22832896579206e-09 0.999999999999947 1 4.66012328725895e-09 1.64965818783003e-11 1.70641278884887e-13 3.15525383598469e-13 4.95270491285282e-13 1.74964072652273e-06 1.25899290992493e-12 8.23327117593919e-09 8.1761264425495e-12 1.69975145070111e-13 5.9975691080183e-11 7.34190486184616e-13 1.70197189675036e-13 1.95621296938953e-13 1.71862524211974e-13 1.74749104076e-13 5.70766989227423e-10 3.58824081558851e-13 4.31543689671798e-13 1.81077375316363e-13 4.39093645887567e-08 2.95985458365067e-13 2.02393657389166e-13 3.63820085169664e-13 1.73305814143987e-13 1.20958798532911e-11
4.21615385937102e-08 0.999999999924045 1 1 1.28144528321883e-08 1.39404425780754e-08 2.99498598144154e-08 3.13750897373843e-07 1.4538039326828e-06 1.60888704581197e-08 3.89363594699432e-08 2.40421350605757e-08 4.92419509390274e-07 2.29360384018662e-08 1.40705135320829e-08 1.37985716186506e-08 1.71065498100198e-07 1.16126573912467e-08 1.26608343808954e-08 1.35139610635271e-06 4.66342855443003e-08 0.00267866758654489 2.22371445146585e-07 8.29726699569378e-08 3.34403263968497e-08 1.20750062171382e-08 1.00570609395945e-07 3.15240099579839e-08 1.5047066803664e-07 4.69138198289087e-08
9.54277233822243e-06 0.999922203783747 1 1 1.45348816871227e-07 1.04962084579441e-07 8.64478347795128e-08 8.58662285718736e-08 3.49626901929856e-06 9.19621472306176e-08 1.71923503655691e-07 8.59615052473117e-08 7.76435839955347e-07 4.2373388786654e-07 1.26516692344758e-07 1.10907771744273e-07 1.03614467783508e-07 1.70807631372227e-07 2.04391169433826e-07 1.14875579696472e-05 3.48650610493273e-07 3.26790758975459e-06 5.38487194057247e-07 3.1207383810461e-07 1.03032326670416e-07 1.15672598055561e-07 1.08701101564357e-07 8.81498207760956e-08 1.82916503832509e-07 2.98337102466739e-07
4.55938730992145e-07 0.999871469645886 1 1 2.40203407941841e-07 2.55978037766447e-07 2.59644105882195e-07 3.11107964945379e-07 2.36445874102209e-07 2.78607724002455e-07 8.39178233569271e-07 2.3646228886065e-07 2.36408697618096e-07 2.54586097869769e-07 3.10422302973734e-07 1.22115043010851e-06 2.85672908661994e-07 3.83497495204388e-07 3.34731505846619e-07 2.94920016852274e-07 2.59023941184822e-07 2.99341168186196e-07 2.42287599871993e-07 2.85987805548338e-07 2.55310475871795e-07 2.36171568968047e-07 2.64094076385391e-07 2.73657817961848e-07 2.41691150426604e-07 2.4022779221422e-07
2.73968625563725e-11 0.99999861846704 1 1 3.05711012060783e-12 2.44038123042856e-12 5.37435651537521e-11 2.22277751760203e-12 2.72615263696707e-12 4.72011318919385e-12 1.66742863960678e-09 2.75368616797778e-12 4.77786699093485e-11 2.20934381900406e-12 2.89336332670587e-11 2.26696439398211e-12 2.28472796237611e-12 3.12527781431982e-12 5.31054089591976e-11 1.42401646030521e-11 2.24764651335363e-12 2.38047381806439e-09 9.39925914877904e-12 1.62967417338677e-11 3.4502400936276e-12 7.31159577327389e-11 2.34945396471176e-12 5.20805620851661e-12 3.24977156296313e-10 1.04286579372115e-11
0.000219853721114771 0.997325683950786 1 1 5.02868406815349e-06 5.62988479935189e-06 4.51353400188204e-06 5.71628504697497e-06 6.21598073513585e-06 4.65845799613174e-06 5.22537769498399e-06 4.5398702112065e-06 7.96851054929437e-06 4.99643743923084e-06 4.48171490718963e-06 4.87250003844419e-06 6.32951581125418e-06 4.83659025141137e-06 4.4179902031205e-06 5.34135819230119e-06 5.7898055885186e-06 5.81036351976483e-06 4.42111579468385e-06 6.11095734548428e-06 4.41516422056143e-06 5.50876508154108e-06 8.86482774253849e-06 6.02478420674846e-06 6.14963721157213e-06 4.45793189152166e-06
7.88480392088786e-13 4.02866051629758e-09 0.999999995965819 1 3.31956684362922e-14 4.77395900588817e-15 2.74225087082414e-14 7.32747196252603e-15 3.03090885722668e-14 4.66293670342566e-15 4.66293670342566e-15 7.32747196252603e-15 1.02140518265514e-14 5.44009282066327e-15 7.99360577730113e-15 4.88498130835069e-15 5.6621374255883e-15 4.9960036108132e-15 1.58317803311547e-13 4.66293670342566e-15 4.55191440096314e-15 6.32827124036339e-15 2.89768209427166e-14 1.01030295240889e-14 5.44009282066327e-15 1.7874590696465e-14 6.43929354282591e-15 5.99520433297585e-15 4.55191440096314e-15 4.55191440096314e-15
2.35810382331891e-09 0.99999702692447 1 1 9.43689570931383e-15 4.88498130835069e-15 5.10702591327572e-15 6.75310918296645e-10 9.88098491916389e-15 1.77635683940025e-14 4.77395900588817e-15 3.31290561650377e-09 2.14465722958579e-09 3.80154796530974e-11 6.21724893790088e-15 5.32907051820075e-15 5.21804821573824e-15 5.32907051820075e-15 5.4961257767161e-11 1.00380814771484e-11 4.86755080686407e-12 1.10145226273062e-12 5.99520433297585e-15 2.83126189160043e-10 5.32907051820075e-15 5.77315972805081e-15 5.10702591327572e-15 7.39408534400354e-14 1.11022302462516e-14 4.88498130835069e-15
2.22044604925031e-16 5.14521925065736e-09 1 1 7.61291030215716e-12 2.36910491224762e-12 7.7715611723761e-16 3.33066907387547e-16 1.11022302462516e-16 1.52100554373646e-14 1.99840144432528e-15 3.74145159298678e-14 1.11022302462516e-16 3.77475828372553e-15 1.11022302462516e-16 4.9960036108132e-15 1.11022302462516e-16 1.11022302462516e-16 4.44089209850063e-16 4.44089209850063e-16 6.98663349396611e-13 2.1094237467878e-15 1.88737914186277e-15 1.11022302462516e-16 1.05948583239979e-12 1.11022302462516e-16 1.22124532708767e-15 5.72825342715078e-10 3.33066907387547e-16 1.11022302462516e-16
5.49327120902277e-07 0.999964063417231 0.999999999999377 1 3.98533678169777e-07 3.64829997323568e-08 4.21456274324328e-08 9.06554489255029e-08 4.97125891563144e-08 2.63668903377479e-08 3.61626529832293e-08 2.72352541408338e-07 4.50225677295357e-07 1.58502922009696e-07 2.67146237353799e-08 1.04398239386683e-07 3.33799644591792e-08 3.29267078047479e-08 3.44122612694342e-06 2.77117750968614e-08 4.96979705166822e-08 6.00840673881109e-08 1.0282281415197e-07 2.90631705035516e-07 1 2.64029180740977e-08 5.77880382435225e-08 3.02992821943349e-08 3.37084847812363e-08 3.35355108127544e-08
8.56199314144268e-05 0.999797303639765 1 1 3.58229205785765e-05 2.08521809819118e-08 1.93333838938159e-08 4.10294295982716e-07 4.16646355860806e-07 0.000718322746023348 2.55781513747166e-08 4.05041903350778e-08 3.11141488129607e-08 3.90669100402974e-08 0.00233786823043369 3.73362692984713e-08 3.87928784650882e-08 1.89393437599605e-08 0.00571723185077655 1.96154151810291e-08 1.98758111080721e-08 3.01417079073829e-08 8.7368781687136e-07 5.53537239378343e-08 1.86878201802188e-08 2.73991548338515e-08 3.01508948918894e-08 2.92642667876208e-08 1.90293137913855e-08 0.0130104363159183
0.000708487550764914 0.99999800970871 1 1 0.000195306017362507 0.00035487183341909 0.000382804554935334 0.000419431444971363 0.000194382206155308 0.000924529763289383 0.000832820122870226 0.000195424585249793 0.000193737967768448 0.00121083983885872 0.00316951815782407 0.000195915589122353 0.000291838534257849 0.000285449397615656 0.0139939112113742 0.214740801779982 0.00183684999241707 0.000210083904178981 0.00063788112193619 0.000200281321014906 0.000493899801649045 0.000325143672516681 0.000206449199910641 0.000193170830507294 0.00166775453191037 0.000416499114621827
2.98562990219686e-07 0.99998935089995 1 1 4.17486542003687e-08 9.96416116283427e-08 2.69819790954529e-08 2.18887751257668e-08 1.8676386326355e-08 2.14720518032507e-08 1.70502518770377e-08 1.67313647381206e-08 1.58996018573276e-08 2.17948505909504e-08 3.90746544010057e-08 2.02333344523353e-08 1.62108829693253e-08 1.89729145727568e-08 1.8829817594046e-08 2.00796697047423e-08 1.58493497215417e-08 1.72565924883017e-08 3.99270020379205e-08 2.35765877931726e-08 2.16137406860994e-08 1.71884072530659e-08 1.79668568911495e-08 1.77973630277606e-08 1.69869760480168e-08 6.06097156907737e-08
3.0957352792349e-08 0.999999208087251 1 1 2.72053768402003e-09 6.96352975282366e-10 6.73569866549428e-10 6.7949457172034e-10 6.79031275652164e-10 2.19250106958668e-09 5.11134212732856e-09 6.09543193696993e-10 5.39005062805131e-10 1.81743522453814e-08 9.41934863440963e-10 8.72380612193524e-10 5.16857556753791e-10 6.33547658779321e-10 5.06957809065511e-10 3.81849241115617e-09 5.0619308744615e-10 6.22407680950232e-10 1.00323160889815e-09 5.10180342416788e-10 7.56116169675636e-10 7.54685203219196e-10 4.10830003350071e-09 5.08868169823984e-10 5.05438912945522e-10 5.21910292761163e-10
0 0 1 1 0 0 0 0 0 0 0 0 0 0 0 0 0 0 0 0 0 0 0 0 0 0 0 0 0 0
0.351614525826079 0.104284835585311 1 1 0.162230716278463 0.0635652699820084 0.0755942867508064 0.0938875634738566 0.0686479797679387 0.0618077359349334 0.056772560563825 0.0589394476907488 0.0623603811762 0.0786518070353134 0.101115015131499 0.0667458358982794 0.0614685748068222 0.0650335908543481 0.0607246074832519 0.156332544803962 0.0600548747582159 0.0816213313809423 0.999377404319086 0.0615913373333615 0.0660497987151708 0.0567599980823812 0.0582151078562391 0.0633372441866578 0.0677379311171185 0.0765063282386436
7.88915923626288e-05 0.999999999983353 0.999999999660191 1 1.34302569065881e-11 8.02834465574165e-11 9.45070910418622e-10 1.10732534253088e-11 2.06636883159916e-08 2.47332820890733e-10 6.24954532568722e-11 1.63419833221212e-10 3.40974042789544e-06 1.50029988432721e-11 2.9138919055427e-08 1.10366160654962e-11 1.23651089367627e-11 1.10186304524973e-11 4.46684825794463e-08 1.37472255801185e-11 3.5298124645422e-08 1.57079694995677e-06 3.40807382315234e-11 1.20081722343457e-11 1.09851017171536e-11 2.09383368543481e-05 1.09878772747152e-11 1.19826371047793e-11 9.76823177900599e-10 1.17267306976032e-11
1.30362831640696e-10 0.999999958933894 1 1 8.64845972614603e-11 5.39621680673008e-11 2.76043521374447e-10 5.49961187701342e-11 6.04424288397354e-11 6.10521633248595e-11 4.00897870456163e-10 2.15754525356715e-10 4.50403048191106e-11 4.53369564112904e-11 1.39043332403332e-10 6.38943342678999e-11 4.50539605623135e-11 2.29201990720185e-10 4.85705919928137e-11 1.56317847554988e-10 1.72321157343447e-10 4.63500349212609e-11 4.59480231640441e-11 7.90758569735317e-11 4.50983694832985e-11 6.5554228712017e-11 5.22089038668128e-11 4.49614789843622e-11 1.27561294860357e-10 1.02263308932038e-10
0.79183500859269 0.99999999999459 0.999999999999898 1 0.000499903960319514 0.000368330066010336 0.000326451830331975 0.000414795656887623 0.0009505121568818 0.000233497080562084 0.000288368057953847 0.000507982130524387 0.000686381701565875 0.000377697615186134 0.000507519789261668 0.00220075028210076 0.000241359613028402 0.000473409385079337 0.000291774245525955 0.00761994476984951 0.00029558140402719 0.000237771899717187 0.000570109727693668 0.000234627848798796 0.000282222110563168 0.00074345194301273 0.0003133621764696 0.000272103662474099 0.000373539442948823 0.000238929154421252
8.24475056948604e-06 0.99920208740144 1 1 6.63511510201609e-06 2.39482056663132e-06 2.78957325172691e-06 2.45963993383835e-06 1.51161232531116e-06 3.47928419153209e-06 1.46855238114529e-06 1.47010562563388e-05 1.46946672952009e-06 1.4672181489761e-06 6.85310880355061e-06 1.66216473840297e-06 1.56473882861885e-06 8.60658874146658e-06 2.92576287785895e-06 1.50182159641687e-06 4.42908624742611e-06 1.44796174150752e-06 1.56440154142068e-06 2.95253904986081e-05 5.95605655373532e-06 1.6711413666215e-06 3.0609997316855e-06 2.19775493048857e-06 1.62389898428206e-06 1.61070796667051e-06
4.04076899029882e-06 0.999391721142439 1 1 1.92041517876884e-06 1.07836590990118e-06 3.90774089398249e-06 1.07836894613911e-06 2.27965740851044e-06 1.10561099397888e-06 2.30879065299394e-06 1.68084818930048e-06 1.96531713769765e-06 1.31547533732679e-06 2.28154493708832e-06 1.16244365266915e-06 2.99843373452457e-06 1.34222666459127e-06 1.08628880968187e-06 1.16275405848132e-06 1 1.09934068748263e-06 1.86483545483451e-06 1.17849011815885e-06 1.77454839322966e-06 1.13715857119612e-06 1.07889622302793e-06 1.25453865884584e-06 1.14644528148578e-06 1.68379681453334e-06
6.89772650108722e-08 1 0.999999999999996 1 1.71084257871712e-11 5.48450174164827e-14 1.17683640610267e-14 1.31006316905768e-14 1.26565424807268e-14 2.86570767116245e-12 1.88737914186277e-14 1.76985669453344e-08 1.73194791841524e-14 2.30659935596123e-12 4.04121180963557e-14 4.99840767231863e-06 2.0604661310486e-09 1.22124532708767e-14 1.22390986234677e-12 4.55058213333359e-12 3.51940698806175e-14 1.18793863634892e-14 1.56541446472147e-14 9.96980276113391e-14 1.765254609154e-14 2.12211450967281e-07 1.24344978758018e-14 1.33226762955019e-14 1.22124532708767e-14 1.74082970261225e-13
3.2867481303267e-07 0.763161665648576 1 1 1.11022302462516e-15 0 0 0 0 0 0 0 0 0 0 0 0 5.77315972805081e-15 0 0 0 0 2.00474081779589e-11 0 1.11022302462516e-16 0 0 0 1.77524661637563e-13 0
6.27733041882461e-05 0.999427124198603 1 0.999999999999999 1.85600343882708e-06 1.15205848538746e-06 1.05350601498078e-06 1.3386071479049e-06 9.94570649281989e-07 2.3498516517062e-06 9.59841013448148e-07 1.75633535060005e-06 1.52318128432416e-06 1.41364322470139e-06 1.79993530968758e-06 5.3031435491846e-06 1.21962455756908e-06 1.1979933182138e-06 9.45718985567723e-07 5.27981403086741e-06 2.3702874170084e-06 9.53492439226267e-07 1.1503275602065e-06 9.51609351096394e-07 9.57138953761039e-07 9.78393734252236e-07 1.25981685239474e-06 1.07079680633504e-06 1.01157351484193e-06 1.70032660917752e-06
5.72608610527325e-07 1.92746101645991e-06 0.999992028413443 1 6.0110089128429e-09 6.01231886498965e-09 6.23983875680523e-09 6.0507648891317e-09 6.91641266481469e-09 8.13586131798161e-09 6.03592942294284e-09 6.2000953260366e-09 7.96805654790234e-09 1.13110003585604e-08 6.0164326853851e-09 7.62985818969497e-09 6.08278361013959e-09 6.25527496467271e-09 6.41506192611274e-09 6.18366668980741e-09 8.01746724565788e-09 6.16438300404809e-09 7.11813108456028e-09 6.31040575349573e-09 6.1990854671734e-09 7.35871097390373e-09 6.17413198344963e-09 6.90712309570074e-09 6.48587716867155e-09 6.16052076019002e-09
0 0.999921848863114 1 1 0 0 0 0 0 0 0 0 0 0 0 0 0 0 0 0 0 0 0 0 0 0 0 0 0 0
2.41121450772486e-06 0.999999969534693 1 1 1.08801856413265e-14 8.21565038222616e-15 1.30613631021959e-10 1.0769163338864e-14 4.82947015711943e-14 3.38840067115598e-13 1.0325074129014e-14 8.77076189453874e-15 1.0547118733939e-14 1.14352971536391e-14 5.20694598549198e-13 8.88178419700125e-15 1.04360964314765e-14 5.96273030950556e-11 9.26724030847481e-10 3.80806497446429e-14 8.32667268468867e-15 8.82627304576999e-14 8.43769498715119e-15 1.12132525487141e-14 8.21565038222616e-15 8.99280649946377e-15 9.10382880192628e-15 1.7107426586449e-12 8.32667268468867e-15 2.27595720048157e-14
3.39647932001697e-08 0.99998745779554 0.999999999999999 1 1.83067081493959e-08 2.34532269161036e-08 4.38009641889892e-08 1.30711306223219e-08 1.66677770474521e-08 1.26092609686879e-08 5.36285751362442e-08 1.17678110589381e-08 7.39460501719691e-08 1.46303185122321e-08 3.81772149449233e-08 1.32471695835079e-08 1.26460867333478e-08 1.73490611876659e-08 1.48284461209958e-06 6.71153967957139e-08 1.18530438797393e-08 1.19213741101021e-08 2.67927539043811e-08 1.39846598745663e-08 4.01154177653851e-08 2.12022066570228e-08 2.76170027957434e-08 6.20156920261294e-08 1.17691912882023e-08 3.21422063409571e-08
0.994272170930844 0.999999056743911 1 1 1.04720364343391e-05 1.65591110781182e-05 2.10903814205077e-05 1.62186132898201e-05 8.56218457279123e-06 1.34130233807594e-05 8.93052175876541e-06 2.77103321523198e-05 1.32613535337445e-05 8.9880004412457e-06 9.30296401580044e-06 3.8315251606913e-05 8.77400930265892e-06 9.99520514732843e-06 1.10197967492232e-05 1.50672167925636e-05 8.65127739069216e-06 8.56032692742037e-06 1.21780785159453e-05 2.5463828294825e-05 1.19632654881352e-05 1.19790845087842e-05 1.3485648205247e-05 1.29544571766393e-05 9.2015394907996e-06 3.25734242004883e-05
0.00128695367798537 0.991507540794373 1 1 1.91413555308273e-05 1.56127657749972e-05 1.40355970917883e-05 1.41547692710242e-05 1.6949481480899e-05 1.46670717393604e-05 1.40669588590825e-05 1.7262908986404e-05 1.80823756859017e-05 1.58012602680113e-05 1.57470175404795e-05 1.36821495007045e-05 7.0865373025697e-05 1.36791489238064e-05 1.51118439235542e-05 1.58737181803481e-05 2.06678142858907e-05 1.61524179986827e-05 1.76972609149395e-05 1.55360154519002e-05 1.86996420823426e-05 1.44300565372291e-05 5.25538302872386e-05 1.38682538822765e-05 2.0595532636003e-05 1.43335357349894e-05
6.29162849008491e-06 0.999803153502081 1 1 3.03525778178049e-07 4.07826719950322e-07 3.83851836871507e-07 9.13526172263701e-07 5.23292290499633e-07 4.20267580958367e-07 4.48709913669632e-07 3.36374739950962e-07 3.05514320508848e-07 4.90684059495372e-07 2.94138763567986e-07 3.07128308119076e-07 2.97295775109063e-07 3.17323480492071e-07 7.0412502817252e-07 2.98859163083698e-07 3.16125766008923e-07 4.44458003734383e-07 4.45968181050915e-07 3.26703276765095e-07 5.09528129466474e-07 2.95234460545579e-07 5.95419546445264e-07 5.93097397638687e-07 3.16849967374466e-07 4.46997742442612e-06
4.36219901311929e-08 0.999999990710021 1 1 3.7336800318144e-13 1.27310051389884e-10 3.21187521024058e-13 6.3478111655968e-12 3.70814490224802e-13 9.95759030786303e-13 2.98983060531555e-13 3.52384788016025e-13 1.17328369242387e-12 1.01096908622367e-12 2.95097279945367e-13 7.43516359591467e-13 9.39803790345195e-13 4.34652314140749e-13 2.98416846788996e-12 3.44835271448574e-13 3.33399974294935e-13 2.95874436062604e-13 4.19420054242892e-12 5.71542813077031e-13 2.43205455774387e-12 5.1725290717286e-13 4.70512517836141e-13 3.2218672174622e-13 3.08187253494907e-10 3.14859249783694e-13
1.08959846500944e-05 0.997619915837267 1 1 5.32457838020584e-06 6.3578240998563e-06 5.87062210843925e-06 5.17282873679914e-06 5.36461662759002e-06 5.1757356321902e-06 5.20070304399489e-06 5.12262184937384e-06 5.53033011974069e-06 8.31873619566714e-06 5.11497490618407e-06 5.25091177794312e-06 6.01447857073723e-06 6.84272394668728e-06 5.11327910790449e-06 5.23263267393492e-06 5.37404194733693e-06 5.63292990318764e-06 5.64902967092884e-06 5.19786699704206e-06 6.26208870124767e-06 5.39708720037613e-06 5.12667400764943e-06 1.12824324736138e-05 7.35155368958296e-06 5.54248858941619e-06
0.998537494803443 0.999999999569256 1 1 3.43082941556272e-06 2.66231230161562e-06 4.50118466088778e-06 2.39833897708319e-06 2.30498830067205e-06 2.37972137795417e-06 3.38553453338442e-06 1.10024257214958e-05 7.07267570798642e-06 5.40819676719817e-06 2.30351371099946e-06 9.80146710405361e-06 3.47771566766575e-06 2.76188025483126e-06 2.30365696074486e-06 4.40212668173512e-06 2.35217604005467e-06 2.7205442713063e-06 3.19860564523822e-06 2.76829909362508e-06 2.33350562173218e-06 2.33717613573603e-06 2.30515338806025e-06 1.35615676837286e-05 2.77192493347567e-06 2.75130564297843e-06
2.68992981111715e-07 0.999982163153052 1 1 3.09656116304069e-08 3.65968932936056e-08 3.0906036363465e-07 3.11597156965604e-08 3.10169409045713e-08 3.91519564546527e-08 9.09055845044193e-08 4.24761992245948e-08 3.16507883235673e-08 3.18252294961852e-07 5.60131636628824e-08 3.09784808916191e-08 5.09076751864512e-08 3.15157198116367e-08 1.27389020665447e-07 6.04075959254047e-08 3.59582404962921e-08 4.48182436718625e-08 3.16050708937254e-08 3.94258611313703e-08 3.42028644295667e-08 3.39875996235861e-08 3.23205451291386e-08 3.10154849580968e-08 3.15906333314686e-08 3.30536978898621e-08
0 0 1 1 0 0 0 0 0 0 0 0 0 0 0 0 0 0 0 0 0 0 0 0 0 0 0 0 0 0
0 0.999999999999661 1 1 0 2.44249065417534e-15 0 0 0 0 0 0 0 0 1.40998324127395e-14 0 2.44249065417534e-15 0 0 0 0 0 0 0 1.11022302462516e-16 0 0 0 0 0
1.59677826516713e-11 4.571583941404e-07 0.99999951576232 1 7.03004321422895e-12 8.45445935482303e-12 6.13153972039981e-12 6.21003248824081e-12 9.20052922737113e-12 5.40489875078265e-12 4.38205027819549e-12 4.77007322530199e-12 6.77224942791099e-12 9.4805274741816e-12 1.21950227693901e-11 5.30631094619594e-12 2.47819542664729e-11 5.29387644832013e-12 4.37860858681915e-12 3.8512748545827e-11 5.89284177010541e-12 4.42268444089677e-12 6.61082300013049e-12 1.11046727369057e-11 7.35611571656136e-12 4.65305571850649e-12 1.01224584270199e-11 5.27777821446307e-12 6.64657218152342e-12 4.413136522885e-12
0 0 1 1 0 0 0 0 0 0 0 0 0 0 0 0 0 0 0 0 0 0 0 0 0 0 0 0 0 0
0.000339841410497699 0.992770851609865 1 1 2.97718180120032e-06 1.26248593801392e-08 8.63068927436927e-09 1.47925802718163e-08 8.92542976160815e-06 2.78084817395552e-08 8.64150473400827e-09 1.82854300589952e-08 8.76934114213412e-09 1.49193879472875e-08 8.60985635897649e-07 1.25146352170091e-08 2.19171059079315e-08 1.93376792356759e-08 7.37427503505472e-08 2.55531922288554e-08 8.77032180213178e-09 8.61086157932789e-09 1.15099244690775e-07 1.00721261331316e-08 4.27034106997848e-06 9.31981702922968e-09 1.33287266779192e-08 0.00900922432437501 1.7915698258264e-08 9.44045663864301e-09
0 1.67710290099876e-11 0.999999999999991 1 0 0 0 0 0 0 0 0 0 0 0 0 0 0 0 0 0 0 0 0 0 0 0 0 0 0
0 0 1 1 0 0 0 0 0 0 0 0 0 0 0 0 0 0 0 0 0 5.16253706450698e-13 0 0 0 0 0 0 0 0
7.17145343109848e-10 3.72752251287523e-09 1 1 1.60312763064496e-10 4.39594591172821e-07 1.5272783038256e-10 1.93840277162849e-10 8.51733472639893e-09 1.5302226152869e-10 1.6481915832145e-10 3.58583368864629e-06 1.55176538285673e-10 2.25807039733184e-10 0.000135301216921069 1.9498228109871e-07 3.05577119164013e-10 0.00309485506496276 6.67983446334119e-10 1.64894875531729e-10 2.32805330568908e-10 2.68891575672114e-10 1.6823076265382e-10 1 6.57710860546556e-05 2.33336239219284e-10 5.91638738001166e-10 2.34569252910433e-10 0.000133539385729908 2.41468178785453e-10
0.00282185987317451 0.0624318870367443 1 1 0.00101688698453328 0.000973757457732649 0.0010339980601084 0.0029157384870272 0.00108430697696471 0.00132103579036091 0.000958807469756517 0.00250478958419187 0.00256560412697959 0.000974276791418371 0.00111156581088678 0.00482421513482012 0.00310472610182366 0.00101340517481341 0.00140726916960721 0.00117110485030125 0.000969202542966507 0.00204484762538637 0.00176201399276288 0.00226209160378721 0.00138148869723098 0.00105622791375837 0.00118894323861918 0.00411540959605805 0.00185323104743051 0.00199208411562801
1.81939583253632e-05 0.995820868074033 1 1 9.20945945848128e-06 9.06168654291051e-06 9.90050985172353e-06 8.85559131502678e-06 8.95851556836913e-06 8.66927453857524e-06 1.14437871746587e-05 1.40008770999067e-05 9.11035810735594e-06 1.20642751157973e-05 1.00991138048956e-05 9.62117759650827e-06 1.14683827164841e-05 1.00315611368806e-05 8.76321378318057e-06 8.66261410226166e-06 9.50316528791628e-06 8.73071569384987e-06 1.75082206174126e-05 9.34100310534536e-06 1.06991681527724e-05 8.71538104152414e-06 1.05202080581401e-05 8.64512670084583e-06 1.10671172280918e-05 9.33451661233597e-06
8.19393219941844e-10 0.999999708708146 1 1 5.14938758300332e-10 4.71645278388166e-10 4.83467377243585e-10 4.85245732484429e-10 4.78841633011484e-10 4.73329042627313e-10 8.41260616724071e-10 4.8692516685378e-10 7.65866370322499e-10 5.93167848172982e-10 8.33765723129432e-10 5.605993447233e-10 6.57927157199367e-10 8.45548076000568e-10 4.98695973405461e-10 5.02563435311743e-10 4.72111683080811e-10 7.99036614651527e-10 7.67657604150429e-10 8.75377992315407e-10 4.85988693732509e-10 5.05957720164929e-10 6.92477741814912e-10 4.74823624863063e-10 4.79849493473239e-10 4.72155980979494e-10
1.11022302462516e-15 4.39648317751562e-14 0.99999999999984 1 0 5.29080113054192e-11 1.33226762955019e-15 0 6.66133814775094e-16 0 0 0 0 4.52183845922605e-11 1.11022302462516e-16 4.44089209850063e-16 0 0 7.7715611723761e-16 6.66133814775094e-16 0 0 1.11022302462516e-16 7.00195457170594e-12 1.11022302462516e-16 2.6523228058295e-13 6.66133814775094e-16 5.55111512312578e-16 3.33066907387547e-16 0
6.5231318818304e-05 0.999850220913049 1 1 2.06270133085162e-07 1.06935937438379e-07 1.16429174523702e-07 1.91626485235297e-07 2.16451158552289e-07 1.84841142281122e-07 1.292143695375e-07 8.58480362464498e-07 6.25701326006922e-06 1.09270935744199e-07 1.37569969527185e-07 1.07504806168279e-07 1.06886591466626e-07 4.8041977362967e-07 1.18587027975181e-07 1.82245137314574e-07 1.85571018551656e-07 2.07099380533649e-07 2.86961330253632e-07 1.07802885507269e-07 2.38243289540918e-07 1.06859185500241e-07 1.1461398252699e-07 1.64189320250863e-07 1.08222683259385e-07 1.31370885503301e-07
1.24233956455555e-13 8.41188230182865e-11 1 1 1.22013510406305e-13 3.54161144855425e-14 3.39728245535298e-14 1.01807451358127e-13 9.34807786734382e-14 3.878519727607e-11 7.39608485567089e-10 1 5.08149078370934e-13 1.91735516352765e-13 6.7612582199672e-14 5.12923037376822e-14 1.50990331349021e-13 2.62012633811537e-14 7.36960930058927e-08 1.72417635724287e-13 1.70635727769763e-11 1.77248644650518e-08 1.79523063081888e-13 1.56985535681997e-13 2.57571741713036e-14 2.63122856836162e-14 3.3623794281179e-05 0.0234007811783766 1.55098156540134e-13 4.27435864480685e-14
0.00956175412237781 0.986318591758249 0.000547736546461119 1 2.66894941125528e-06 6.04133843173926e-06 2.71958568553998e-06 3.40772757345675e-06 2.59454005124837e-06 3.20013309951239e-06 5.44153781012469e-06 3.67579664317663e-06 2.58741020242592e-06 2.63053077165232e-06 2.62605036682739e-06 3.64417117759697e-06 4.08398539586408e-06 3.35323658759989e-05 2.60062147805495e-06 1.65217924982253e-05 4.66157975032022e-06 3.84953320697878e-06 2.62928466532308e-06 8.53507364362294e-06 2.60688309505763e-06 2.93035255483076e-06 2.65120590781098e-06 5.60286521711362e-06 2.58680825349078e-06 3.74665609237379e-06
1.26606452988121e-07 0.999944986609682 1 1 1.01971456500927e-07 9.91300132313633e-07 8.38924723023382e-08 8.13970461033264e-08 9.17087523699678e-08 1.6063008967393e-07 1.02678583413507e-07 8.8556560529085e-08 2.12525448350931e-07 1.40565001638393e-07 7.86780692818567e-08 7.85640501543838e-08 1.16513853898326e-07 6.94213815655154e-07 8.49318518847397e-08 8.35023166168014e-08 7.88840693877191e-08 1.37311946923901e-07 9.99034844850755e-08 8.02531546773011e-08 1.39941774945918e-07 9.64542468118168e-08 9.38825914786889e-08 4.91125825110572e-05 1.36055890553877e-07 1.30747319637692e-07
0.00518258925208237 0.98307930822967 1 1 2.86821714531316e-05 2.032239032701e-05 2.0198571446417e-05 2.24072955279375e-05 2.15681780765253e-05 2.54897665629139e-05 6.90186420879702e-05 2.47856653345924e-05 2.79427545127886e-05 4.70904270338801e-05 2.01966696684597e-05 2.5092818416339e-05 9.23861404868997e-05 2.0820508388586e-05 2.03990313119018e-05 2.0774358029052e-05 2.26719841114331e-05 2.04943825427018e-05 2.10607369482974e-05 3.32203774037199e-05 2.04057883921305e-05 2.04541192028174e-05 5.98454631463019e-05 2.03654354933303e-05 2.57332163214885e-05 2.27946336094353e-05
0.754306629742867 0.954101672084896 1 1 0.000946373680313584 0.000959748076969413 0.000999564871843384 0.00112182387306992 0.000926810581503457 0.00155012544711419 0.000984651421495397 0.000991042633149308 0.00131249953869206 0.000925400138034882 0.00110506444589542 0.00094892909725719 0.0779726583352 0.00179816545535605 1 0.000956430228233662 0.000990842814827197 0.00164237477142271 0.00153147372917473 0.000921980515999898 0.00340944331662718 0.000891081262332061 0.00110558369269964 0.00108945707089814 0.00122352629421041 0.00117460692461446
3.96349619791181e-14 0.888559461738019 1 1 1.05804254246777e-13 9.10382880192628e-15 1.80555570494789e-12 8.54871728961371e-15 6.14036664425832e-06 1.14352971536391e-14 5.10702591327572e-15 3.01961566862019e-10 6.43929354282591e-15 7.66053886991358e-15 4.9960036108132e-15 6.55031584528842e-15 6.10622663543836e-15 6.27276008913213e-14 4.77395900588817e-15 3.8616044686357e-06 9.10382880192628e-15 4.88498130835069e-15 6.42137454320846e-11 4.88498130835069e-15 2.80886425230165e-14 8.8928864272475e-14 1.71862524211974e-13 5.57331958361829e-14 4.88498130835069e-15 7.32747196252603e-15
0 0 0.999999999999998 1 9.45687972375708e-13 0 0 0 0 3.8650728251266e-06 0 0 0 0 0 0 0 0 0 0 0 0 0 0 0 0 0 0 0 0
0.999983860418972 0.163905764465494 1 1 0.00935473697896316 0.00849448601937663 0.00928683887673087 0.00846602112097417 0.0128697738381685 0.0173544944163292 0.00847484433302814 0.00870612388528236 0.0113204041099818 0.0146877524703354 0.0312846387579347 0.012371526748351 0.00948584686019938 0.00877273472695617 0.0103832788298112 0.010223016851906 0.00842913378919052 0.0102684988930658 0.0126697158396981 0.00850320100116364 0.00851553092999946 0.0093980175782844 0.00842723668964107 0.00864545735076383 0.00933304233831755 0.00953633027627454
2.53832509432561e-05 0.992514686085357 0.999999999996939 0.999999999999991 1.48729790389046e-05 1.5400121858411e-05 1.73710182854725e-05 1.48438811270468e-05 1.53327045291363e-05 1.82650678733909e-05 0.00118204922517573 1.73845615982771e-05 1.48839464558792e-05 1.55927025217162e-05 2.01127351516783e-05 0.0003677017179472 1.59597718727422e-05 1.5126452032832e-05 3.47540306826488e-05 3.63168876781339e-05 2.31930039349404e-05 5.36450412658152e-05 2.15630849180748e-05 1.48398427739505e-05 1.52163770786862e-05 1.64022576571998e-05 1.48322881378116e-05 1.49286242313584e-05 1.53971943888109e-05 1.62662883668174e-05
1.02592607076346e-07 0.99997456895958 0.999999999997346 1 3.69722162885111e-08 4.87594463693952e-08 5.92339696181554e-08 4.02495304863137e-08 4.51254272837431e-08 1.37446330983337e-07 5.28274347599833e-08 3.5610779436368e-08 5.17190721360805e-08 3.73362171179892e-08 7.94710833806889e-08 5.7208498827066e-08 8.46302928847464e-08 3.83979629203779e-08 3.55880898084138e-08 5.97616419684144e-08 4.43730605592663e-08 3.9484782443644e-08 3.67814347868034e-08 6.02224766721449e-08 9.26047915017492e-08 5.62398193570957e-08 4.18702847948538e-08 5.97705477334287e-08 4.66136748089596e-08 7.82872798810175e-08
9.5009237144339e-08 0.999999370669631 1 1 9.35713262428806e-09 5.12395155194412e-08 6.80684286713529e-10 1.09376142587436e-08 7.25258075817692e-10 7.03810010271866e-10 1.00484001119838e-08 6.49629350313319e-10 1.98499205961156e-09 1.13844640381444e-08 6.72567113113587e-10 6.66375066238345e-10 1.52024004496099e-09 1.08100606244221e-09 6.49243769856866e-10 6.69954425269736e-09 1.34574129617704e-09 6.53911813586205e-10 7.37380156934364e-10 7.6915895874663e-10 9.51550993555372e-09 8.9221463550615e-10 9.01141605780253e-10 1.57859714189357e-09 7.46189776634765e-10 1.0117774396079e-09
4.10242845250153e-08 0.999931239668518 1 1 6.42729640321082e-06 1.41620454252589e-08 8.89370121992528e-09 9.06389120824969e-06 1.27211229883351e-07 7.83342080090677e-09 1.04788162591518e-07 6.92428236970244e-09 6.92232682286686e-09 6.4680620859292e-09 6.4821464862419e-09 1.29634019074842e-08 2.35127849523842e-07 6.60058097068372e-09 7.04683067453971e-09 3.25117320842949e-08 6.82874001789457e-09 1.41276311760308e-08 6.68962090166758e-08 7.58846541160096e-09 5.91842524544361e-07 4.53957659241055e-07 7.06803349181939e-09 2.61174865512359e-07 1.32406455799483e-08 6.80276457387663e-09
0.000308235510972921 0.9999949579401 0.999999999885956 1 9.83594623468198e-05 0.0115386449501322 0.000126206917753668 9.24068806185119e-05 0.000349103727909084 0.000171234401978415 0.420499632215016 7.60275864958304e-05 0.000119490121897825 7.34216904175744e-05 7.43738802920779e-05 0.0002100886326456 8.37818715435645e-05 0.000265343320141054 0.00618180417331338 0.000134378251111178 7.4079662203741e-05 0.33021612690033 0.000289280484621068 7.29277594863076e-05 7.99942738627379e-05 0.000313924664742005 0.000838754369925421 0.0168204677488041 0.00681641056257598 8.73202577005294e-05
2.22553331448161e-05 0.998411746644802 1 1 2.39775561627908e-06 2.91878522029609e-06 5.72350313310377e-06 2.2764403392328e-06 3.69380171416633e-06 3.90691115403907e-06 2.36890383342736e-06 2.57940326808814e-06 3.00121200214054e-06 4.42498111652423e-06 2.38768495430808e-06 3.060332319893e-06 2.29246749761103e-06 2.41118767074777e-06 2.55160743622973e-06 5.78243763871278e-06 2.36522393337601e-06 4.28458387902175e-06 2.33837673579984e-06 2.2740171572444e-06 4.53698672320257e-06 2.42953367357579e-06 4.86073223671113e-06 2.44467919563451e-06 2.39565440662837e-06 3.17957701523319e-06
3.15148222185258e-07 0.999965737645019 1 1 6.34751640138376e-08 5.95116876889179e-08 6.28784081468936e-08 8.29392154955144e-08 0.000955033887499845 6.30627258191296e-08 6.88300344497961e-08 6.64527163296569e-08 1.07925899772709e-07 1.15640091169489e-07 8.93785216948828e-08 7.33931027063761e-08 6.82768308557513e-08 2.42103311509645e-07 5.92760445172757e-08 9.89658152095174e-08 5.8930802127044e-08 8.7483940425237e-08 5.9190330636838e-08 6.71846445143842e-08 1.07925437253797e-07 8.88591334957667e-08 8.48836506639472e-08 1.00495225474617e-07 7.31970719591857e-08 6.74695336266851e-08
1.02730431528197e-06 0.999924719148338 1 1 9.53894488953111e-08 8.79560470012919e-08 5.04186958849573e-08 9.02071689568018e-08 3.65513695421704e-07 5.29459220910411e-08 5.03553521102873e-08 5.75866374585843e-08 4.63746354872896e-07 7.42260696240393e-08 5.0131715112478e-08 5.58593852284517e-08 5.67567118858747e-08 6.12760197027384e-08 1.2965780971097e-07 1.39011877897666e-07 1.07699772655678e-07 6.95357729751933e-06 8.35158462386687e-08 8.72704579713002e-08 7.98074308860919e-08 6.16881616899434e-08 1.30575281331868e-06 0.0114797954969754 1.75941322844153e-07 4.79202501235676e-07
0 0 1 1 0 2.22044604925031e-16 0 0 0 0 5.55111512312578e-15 0 0 7.7715611723761e-15 0 0 0 0 0 0 0 1.37001521238744e-13 0 2.52020626589911e-14 3.10862446895044e-15 0 0 0 0 0
7.7223782923852e-12 0.999999999589238 1 1 3.81361608958741e-13 5.8297811023067e-13 4.11892742135933e-13 3.46500605985511e-13 3.60600438398251e-13 3.63931107472126e-13 6.94777568810423e-13 7.10431713457638e-13 3.48276962824912e-13 1.30284671939762e-12 1.1571854585668e-12 3.64486218984439e-13 5.88418203051333e-13 4.14557277395033e-13 5.38902256153051e-13 4.12336831345783e-13 6.00519634019747e-13 5.01931829433033e-13 3.60822483003176e-13 4.06230604710345e-13 5.03264097062583e-13 4.47308856621476e-13 3.54494211762812e-13 3.61266572213026e-13 5.59663426713541e-13 3.98459043537969e-13
3.33112834505211e-06 0.00113570523500328 0.00044522663284996 1 1.92646560404075e-06 2.94882372914307e-05 2.59247158163056e-06 6.70322340534657e-06 1.59143183336985e-05 5.05668419303884e-05 1.90719362225256e-06 9.01170447786814e-06 1.59246461350904e-06 1.75054973057254e-05 1.62831540095887e-06 1.6849404721464e-06 2.31655783311524e-06 1.74424922305683e-06 2.17545951464171e-06 2.1919615479371e-06 0.0053023325009236 1.53482023946827e-05 1.72332589232216e-06 2.13117755709646e-06 1.75923891276852e-06 2.00274576983572e-05 1.1449401108754e-05 1.7026459055991e-06 2.08264250323165e-06 1.7504181147876e-06
0.00904237369449568 0.958959122743802 1 1 8.3464099416064e-05 9.0266466152733e-05 7.59902155982317e-05 5.44531246362556e-05 5.72932492478584e-05 0.000181450785326609 9.4810024234282e-05 7.25228331371897e-05 0.00010301409696456 0.00010572873447412 7.36021902077999e-05 7.65072111950094e-05 6.17946935783653e-05 0.00013537932366714 0.000301874884903408 0.000112208210400033 5.41074389238672e-05 5.75370687464494e-05 7.62454510613297e-05 7.7254409689087e-05 6.08299066393592e-05 5.3835870741481e-05 5.3938707927581e-05 0.000112981885157515 7.88968476330698e-05 9.67877694445507e-05
3.27454071374911e-05 0.891530705348198 1 1 4.58698271003088e-05 0.000301502714365909 5.17736369521904e-05 4.04397109494692e-05 3.44568433832126e-05 6.60764050728346e-05 3.1327532808656e-05 4.94300445624818e-05 3.96922917447196e-05 4.45562538462507e-05 5.08889991822636e-05 9.16870120827307e-05 5.22655935319971e-05 3.20420566206625e-05 5.28207391924385e-05 3.17181940530098e-05 4.67697455572846e-05 0.000100172009349753 8.65426475186171e-05 3.13419296162909e-05 3.15575127844969e-05 3.27975634807354e-05 0.000440093980984879 3.13351700167441e-05 3.13624426311332e-05 9.14921811027147e-05
0 0 1 1 0 0 0 0 0 0 0 0 0 0 0 0 0 0 0 0 0 0 0 0 0 0 0 0 0 0
9.99200722162641e-15 3.24185123190546e-13 1 1 5.55111512312578e-16 2.22044604925031e-16 2.22044604925031e-16 2.22044604925031e-16 2.22044604925031e-16 1.11022302462516e-16 1.11022302462516e-16 1.11022302462516e-16 1.11022302462516e-16 3.41549011295683e-12 4.44089209850063e-16 1.11022302462516e-16 1.11022302462516e-16 2.4980018054066e-14 1.11022302462516e-16 5.77315972805081e-15 6.77236045021345e-15 2.22044604925031e-16 1.11022302462516e-16 1.28785870856518e-14 2.22044604925031e-16 1.11022302462516e-16 1.77635683940025e-15 1.11022302462516e-16 2.22044604925031e-16 6.66133814775094e-16
0 0 1 1 0 0 0 0 0 0 0 0 0 0 0 0 0 0 0 0 0 0 0 0 0 0 0 0 0 0
0.985010038824155 0.00690377456685642 1 1 4.26395353758657e-06 7.04277690688482e-06 6.66140372873603e-06 4.42854506499391e-06 1.37116919763924e-05 5.32759791282977e-06 9.70729714189211e-06 0.000776974772044303 0.00636292614058309 1.07986675246252e-05 3.02409806917092e-05 1.04308997580516e-05 0.000161478692226269 8.2875254034942e-06 5.01822500598159e-06 2.56043579789367e-05 4.10813129225751e-06 4.9011730064441e-06 0.0111120386726229 0.000260291260287149 1.03917004182774e-05 3.54291172351973e-05 1.90612079977726e-05 1.9127351458037e-05 0.000320094452042397 4.43041135311795e-06
1.60622826150814e-07 0.999993193488206 1 1 4.23394008741695e-09 1.03725661393383e-08 2.19694366032641e-08 1.89491573543421e-08 2.82070716783878e-08 9.35972410687214e-09 8.34997171406116e-09 2.4644179721256e-05 7.63921292890046e-09 4.39626923753877e-09 4.89997487029825e-09 1.29353792122089e-08 7.76763542376102e-09 6.16399220554342e-09 4.13730638637588e-09 4.54908921643238e-09 5.95595195385101e-09 5.77130931933567e-09 4.14501533096967e-09 8.31799551459511e-09 2.74386126042359e-08 1.02385480094114e-08 5.21112131224299e-09 4.49672599156514e-09 6.17941875447059e-09 4.16961642990543e-09
0.000310301701817783 0.98711835953905 1 1 2.46391562740422e-05 2.88554641595384e-05 2.67054877182149e-05 2.70412592021652e-05 2.58428673824973e-05 3.69675602164277e-05 2.58752368864634e-05 9.49143538566677e-05 2.8723678638376e-05 2.81500400672874e-05 3.11947938551604e-05 3.15919757075678e-05 2.46111613793065e-05 5.29048919940545e-05 2.84663267853258e-05 5.52872441614838e-05 8.3206397722746e-05 2.75421409283716e-05 5.86223615142156e-05 2.85084628250942e-05 2.46455974586279e-05 2.53644553916965e-05 2.53493163835383e-05 2.61465110843462e-05 2.50581181289178e-05 4.76445421461191e-05
9.96809055298087e-08 0.999997860028867 1 1 1.19262855147184e-09 2.95781577008825e-09 4.19004053675565e-10 3.85789289403249e-10 2.28958230152898e-09 7.10033995154902e-07 3.99086319546882e-10 6.78351714800129e-08 2.12992756765118e-09 6.15374196044627e-10 5.36929833927502e-10 8.96369762526383e-07 5.76576675292984e-10 0.000218580048014894 4.64016935985967e-10 6.31078189705647e-10 0.000213625721813604 7.78365705222939e-10 0.000108993233168042 2.93939039774926e-09 1.12189846301902e-09 1.60221813594319e-09 4.02940680821473e-10 5.68010083412673e-10 4.62725080474513e-10 3.91537358090943e-10
1.79856129989275e-14 1.59596780235916e-11 0.999999999981182 1 1.06581410364015e-14 4.21884749357559e-15 2.77555756156289e-15 4.9960036108132e-15 4.10782519111308e-15 3.5527136788005e-15 9.76996261670138e-15 2.77555756156289e-15 6.10622663543836e-15 3.77475828372553e-15 2.77555756156289e-15 3.77475828372553e-15 3.44169137633799e-15 2.77555756156289e-15 1.54321000422897e-14 2.99760216648792e-15 3.49720252756924e-14 7.21644966006352e-15 3.21964677141295e-15 2.67563748934663e-14 4.88498130835069e-15 3.88578058618805e-15 1.02140518265514e-14 4.77395900588817e-15 8.21565038222616e-15 3.2085445411667e-14
0.000754401143133188 0.985385872357438 1 1 1.91876339842301e-05 3.74963162066422e-05 1.90282050950286e-05 3.40479427280993e-05 2.36183286504987e-05 3.09157232432078e-05 1.88073715086112e-05 2.78942915128422e-05 1.93992299560852e-05 2.03322200029721e-05 3.65780107380864e-05 1.87626045932143e-05 2.37609426014807e-05 2.02582107089455e-05 1.88554684918962e-05 2.25446921692241e-05 2.5962276355207e-05 1.87815767773714e-05 2.08778478605343e-05 3.79192778249271e-05 2.16895274470774e-05 2.99812980902869e-05 2.10322365193916e-05 4.3824173625473e-05 2.18597439496371e-05 2.13401360321663e-05
6.63253896249216e-10 0.999999999699416 0.999999999999916 1 1.3899992268307e-13 1.50879309046559e-13 1.85851334322251e-13 2.72115663335626e-13 4.08784117666983e-13 1.26121335597418e-13 4.42867964522975e-13 2.02726724296554e-13 6.0373928079116e-13 1.59650070941098e-13 1.2623235789988e-13 9.22151244253655e-13 1.77876546825217e-09 1.26121335597418e-13 2.58904009342587e-13 1.30340183090993e-13 2.98427949019242e-13 1.39999123405232e-13 1.2578826869003e-13 1.79523063081888e-13 1.68975944347949e-13 1.26454402504805e-13 3.0009328355618e-13 1.67865721323324e-13 3.01092484278342e-13 2.05280237253191e-13
0.000461135691998349 0.999999999992027 1 1 1.14314072618971e-06 4.06474679774949e-05 7.76643915123554e-06 1.24055535111189e-06 2.05120446383766e-06 2.35846246754434e-06 4.63069500722391e-06 9.78083378988526e-06 1.35614401703954e-05 1.47336885159e-06 9.23949605013963e-06 1.4429290756679e-06 2.60509978466938e-06 2.6232784734459e-05 1.77388532052181e-06 1.65226680171049e-06 1.92263111953306e-06 1.07432009155417e-06 1.1042131964345e-06 1.0998109970517e-06 1.91795391879523e-06 3.65837198446073e-06 1.17781459730848e-05 1.0912614096803e-06 1.7308184810938e-06 2.96889968331993e-06
1.19853404922932e-06 0.99991823387238 1 1 1.92259376530224e-07 1.41739530667984e-07 1.42798837188263e-06 1.1291202273167e-07 1.48307999547903e-07 1.29468305187785e-07 5.96938946051395e-07 1.2842408181335e-07 1.08691276423656e-07 1.52649476614641e-07 4.80323157248108e-07 6.02902153978846e-07 1.13890291197905e-07 5.21692070210023e-07 1.1987424552995e-07 1.09979220286327e-07 2.03368395346182e-07 3.22664073570955e-07 2.01288316126202e-07 1.4258510505627e-07 1.12564975673912e-07 1.10102757910902e-07 1.22362652676955e-07 2.55733137999314e-07 1.10926707930226e-07 1.08755690564344e-07
0 0 1 1 0 0 0 0 0 0 0 0 0 0 0 0 0 0 0 0 0 0 0 0 0 0 0 0 0 0
0.997830289186574 0.00524472841705748 1 1 6.58755144755663e-05 7.17461109914774e-05 0.000148778079388845 0.000120552630394233 6.92845535673614e-05 6.13837927404548e-05 0.00743810298251035 0.000133997241912764 7.82532108800638e-05 0.0102159532020971 0.00024013714850335 9.3394435757177e-05 6.13021063685659e-05 0.977051261031506 6.3158549103437e-05 8.67329810210204e-05 0.00010023322977426 7.39948524939305e-05 0.000134196322780444 0.000110036286756543 6.14868123623991e-05 0.000115053851265201 6.66357639940163e-05 0.000221807279879194 0.00035381429982706 0.791324830639365
3.23047653602027e-05 0.994890160216085 1 1 7.40328076431762e-06 6.70755089693387e-06 7.12895871479713e-06 6.70216153852987e-06 1.03877945144548e-05 9.65011758879974e-06 8.45278538696981e-06 1.04260651615506e-05 6.76435249324925e-06 1.01611372679278e-05 6.70519125611779e-06 7.66543616048665e-06 8.28281928622054e-06 1.06631849813299e-05 7.48171178299728e-06 6.7064509926551e-06 5.2868303195841e-05 8.5698074406837e-06 1.16920571526791e-05 6.77409980187615e-06 6.82617022418341e-06 2.03586023822533e-05 6.7902924554275e-06 7.32190419416856e-06 6.72872737350616e-06 1.14943521006827e-05
3.57027069064486e-06 0.155037373598211 1 1 9.70461266902589e-10 5.8120042112364e-10 5.81417136658047e-10 1.67017155661142e-09 6.98870878945712e-08 2.06416208570204e-08 5.82056847164836e-10 6.1196681055975e-10 4.31382118915025e-09 1.08319386793454e-09 2.75216993639305e-09 5.81975578839433e-10 5.82620729439043e-10 1.19357856931401e-09 1.47027592323212e-08 3.48751949541537e-09 1.62376009305021e-08 3.57572249587434e-09 5.80964720775512e-10 5.9114568795593e-10 1.88857754990224e-08 1.03182939970026e-09 5.82329184872776e-10 5.9712668143419e-10 2.66996147413323e-09 2.06338579555876e-09
2.38364883387021e-13 7.51065876158918e-13 0.999999987426953 1 3.9190872769268e-14 3.33066907387547e-14 1.14797060746241e-13 1.01030295240889e-13 3.71924713249427e-14 3.37507799486048e-14 3.64153152077051e-14 3.08642000845794e-14 3.44169137633799e-14 3.26405569239796e-14 4.08562073062058e-14 3.19744231092045e-14 3.08642000845794e-14 4.6074255521944e-14 3.65263375101677e-14 3.10862446895044e-14 3.17523785042795e-14 1.66866520601161e-13 3.1641356201817e-14 4.2632564145606e-14 3.86357612569554e-14 5.65103519534205e-14 6.47260023356466e-13 3.31956684362922e-14 1.28452803949131e-13 6.31050767196939e-13
0.000228448581317875 0.961583641194411 1 1 6.42386028313346e-05 7.30301830521585e-05 6.04883679322654e-05 5.90986263422355e-05 5.84629912779855e-05 0.000100910823928824 6.14597884865953e-05 8.82588863034828e-05 7.64275440887641e-05 5.99321311628431e-05 0.000179044252422544 0.000139277935674698 0.000208175105985808 0.000513031458610924 0.000246247427718171 0.000178006274818232 5.84487734132111e-05 7.83090085180183e-05 5.84267224528201e-05 0.000384395058336429 7.35331767877101e-05 5.98844559691614e-05 6.89597247729434e-05 9.83020278099156e-05 5.94702891705268e-05 5.9236302131449e-05
4.63875154688154e-05 0.999999562439164 1 1 6.40484030578481e-06 0.000174694579264112 7.03380714066615e-05 5.43387434259746e-06 1.47154003765637e-05 5.95329978703152e-06 5.34229822257704e-06 6.53597659872052e-06 5.38008873396389e-06 0.000299419225006203 6.25142434917958e-06 8.31738280626659e-06 5.34591972900511e-06 0.00253503244870634 6.09328110989793e-06 5.6938493502634e-05 1.09457565893312e-05 2.70238256355748e-05 5.5410986998794e-06 9.53207620768559e-06 1.70929345133519e-05 5.11052171294768e-05 5.66856781958336e-06 7.96708602746055e-06 6.28900968102641e-06 5.6772013232731e-06
1.53587460527405e-08 0.999998995327767 1 1 9.6884411604492e-10 1.31690602866996e-09 7.7948070220657e-10 8.57453663627439e-10 4.05928457514193e-09 1.86865799500779e-08 8.60874149744006e-10 7.71034347479826e-10 1.34670596896314e-09 7.71360086915251e-10 2.27683261133649e-09 8.44948777611876e-10 8.20532641832017e-10 1.38503231106313e-09 1.33736244301019e-09 8.2326179207115e-10 1.63842206468701e-09 7.76628872323215e-10 8.95393093003349e-10 7.99247112936996e-10 7.83649922730945e-10 1.41676370635224e-09 9.57660506450964e-10 9.70505675823574e-10 1.71921998859403e-09 8.17365175542761e-10
0 0.999999999863071 1 1 1.88737914186277e-15 0 0 0 0 0 0 0 0 0 0 0 0 0 0 0 0 0 0 0 0 0 0 0 0 0
0.92016454318023 0.999690758360437 1 1 0.000173722510483421 0.000168901166612501 0.000253495787982949 0.000480345123878845 0.000194996764174449 0.000238789497704617 0.0001583882948758 0.00017509507109903 0.00026412178041979 0.000235454898136811 0.000219199291164207 0.000168624081692048 0.00015817467897028 0.000267240445931738 0.000165641987750931 0.000157507643231858 0.000331760945980752 0.00016673256358346 0.00015729947263321 0.000194071246268912 0.00016286056770598 0.000175272163841056 0.000161824331410432 0.000160697580528835 0.000164144147342893 0.000424870236630071
1.15248298793169e-07 0.999974432203322 1 1 4.82942622559435e-08 3.16533242950001e-08 3.03365886855644e-08 2.03571679513459e-08 2.5809365644669e-08 2.18772255866639e-08 2.07407585550712e-08 1.10547224041468e-07 2.35603255793748e-08 1.36807653094984e-07 2.2329084026218e-08 7.04041032140168e-08 5.795149743415e-07 2.21110095788291e-08 2.11419722839779e-08 3.62630894201743e-08 5.72946541321784e-08 1.1921814635496e-07 5.89534873141062e-08 2.24130050074933e-08 2.51011290641756e-08 2.06048905715406e-08 3.16944676059805e-08 2.12740087768282e-08 2.81587257955351e-08 2.02541616811658e-08
2.46265119407951e-10 8.15104617135631e-09 1 1 1.7521438744339e-09 1.45812140139867e-10 3.20272741949346e-06 5.54954232567795e-08 1.72478652521457e-05 2.51014986574205e-10 2.08809830204437e-07 9.78101488691152e-10 1.67122204963732e-10 7.129267177719e-07 1.43229317295379e-10 1.67980604959261e-06 1.49031453844373e-10 4.45403602888916e-10 2.04761874122994e-10 2.20064417022492e-07 1.59180779668588e-10 1.52717283263826e-10 1.48196011018342e-10 2.73169376008298e-10 1.78095649339127e-10 1.46756384822311e-10 2.67219690819331e-10 2.45517273178564e-10 1.43276834840833e-10 1.51743029253026e-09
4.10902773976263e-05 4.70321559475906e-11 0.999999999939043 1 5.21804821573824e-15 4.9960036108132e-15 1.73960845728516e-12 9.2148511043888e-15 4.66293670342566e-15 4.9960036108132e-15 2.73158162755749e-11 5.10702591327572e-15 5.88418203051333e-15 3.07531777821168e-14 5.55111512312578e-15 4.55191440096314e-15 1.0547118733939e-14 6.43929354282591e-15 5.99520433297585e-15 4.55191440096314e-15 4.13722334169364e-09 1.98729921407903e-14 5.55111512312578e-15 5.29165877782845e-09 3.10398872049866e-07 6.88338275267597e-15 3.36353167540437e-12 4.44089209850063e-15 1.89848137210902e-14 9.2148511043888e-15
6.16251271562396e-05 0.999999265901667 1 1 0.135776303631687 2.08703955441036e-05 1.08769045435997e-05 1.32323595365413e-05 1.091872907244e-05 1.79703664674458e-05 1.09948377210456e-05 0.00251793605357964 3.42748916835056e-05 1.83078743415388e-05 1.56377024629339e-05 1.10419694669961e-05 2.15119246286255e-05 1.0876701321938e-05 1.50458404436504e-05 1.20350471928266e-05 0.0963607562703411 1.46496269725072e-05 1.08643570952971e-05 1.21152067684704e-05 2.03483895155898e-05 2.5527110187995e-05 0.00189670939244391 1.11392230107699e-05 0.0020275159425156 1.658366897761e-05
1.96369882410341e-06 0.999988542689382 1 1 1.67088392655224e-06 4.62238037945983e-06 1.76927092487844e-06 4.86476847028072e-06 1.04108175669193e-06 1.24463771233874e-06 1.21998128355116e-06 6.68388649649465e-07 7.65304484340312e-07 7.26174205656349e-07 1.14037669152189e-06 7.98437098548099e-07 7.02133031049712e-07 1.1975830505051e-06 1.09114565716162e-06 1.09030727857284e-06 1.7964477569965e-06 5.84829910132978e-06 2.53669054661732e-06 6.72914627575238e-07 7.03575096183684e-07 1.32240779426862e-06 3.4098853789466e-06 6.65678343336751e-07 1.02069856300346e-06 1.2808664577868e-06
0.000294421663527777 0.997076237022081 1 1 7.99400656714688e-06 6.78822308364246e-08 4.82013964298034e-08 9.19981739677667e-08 3.43248071410507e-07 5.2508893677583e-08 7.00736136893809e-08 5.07263873128494e-08 5.02832701032574e-08 4.80957076387512e-08 5.42493983068937e-08 6.74505885589483e-08 9.08244441544248e-07 4.17663935270429e-06 2.49117583672742e-07 9.00359902815673e-05 0.000185490340242622 6.62955896846285e-08 6.35505306600948e-07 5.04653723254478e-08 6.16996332913899e-08 1.6970113847492e-07 4.94086509483793e-08 5.01316735901369e-08 3.43371282429672e-06 9.18265786742367e-08
0.000605437925137009 0.975528203301733 1 1 3.42894243858805e-05 4.10886556718726e-05 3.38404241713164e-05 6.92606598347023e-05 3.29103321939916e-05 3.24465366084992e-05 3.62356195223734e-05 0.000115915696784819 3.24571231442583e-05 8.84241015047804e-05 4.56774012349559e-05 3.25681032020686e-05 5.4048871636958e-05 4.93990757661766e-05 5.54961695045098e-05 3.54949292270534e-05 5.99027967368437e-05 4.82642132798583e-05 3.84708145942936e-05 6.23748253174572e-05 3.94762433046925e-05 0.000102286969074217 3.27371082271544e-05 3.44305577324455e-05 3.31823200182546e-05 3.25967705600005e-05
6.74682532064708e-13 4.94493335168045e-13 0.999999999461652 1 2.70783395706076e-13 2.66231481305113e-13 2.73114864057789e-13 8.72968364262761e-13 5.78315173527244e-13 5.46007683510652e-13 2.94431146130592e-13 3.0275781881528e-13 2.95985458365067e-13 2.71893618730701e-13 3.8968828164343e-13 3.0231372960543e-13 3.19855253394508e-13 1.47848400189332e-12 4.2410519540681e-13 3.3628655415896e-13 7.46847028665343e-13 4.19775325610772e-13 2.98872038229092e-13 3.74367203903603e-13 2.68673971959288e-13 2.674527266322e-13 2.97206703692154e-13 2.66675570514963e-13 5.87752069236558e-13 4.98601160359158e-13
0 0 1 1 0 0 0 0 0 0 0 0 0 0 0 0 0 0 0 0 0 0 0 0 0 0 0 0 0 0
0 2.41362485553509e-13 1 1 0 0 0 0 0 0 0 0 0 0 0 0 0 0 0 0 0 0 0 0 0 0 0 0 0 0
2.86633164314765e-07 0.999800516859978 1 1 8.42813929757824e-10 1.63329150204561e-09 1.10128262065246e-09 8.54006865225188e-10 5.2655435567317e-09 8.46353209738027e-10 1.62863933450552e-09 1.15127263278225e-09 1.00441732708845e-09 1.00962094240487e-09 1.11934350677245e-09 9.47967371267566e-10 1.37879685446762e-09 1.50659140718545e-09 9.70139302225448e-10 8.49197046015604e-10 1.32917743478345e-09 2.54036491842413e-09 1.14023379627071e-09 9.80067593747691e-09 1.23001453466998e-09 3.21653981227854e-09 1.26063215422079e-09 1.32267083952087e-08 9.82641856772659e-10 9.31537180726139e-10
0 0 1 1 0 0 0 0 0 0 0 0 0 0 0 0 0 2.1094237467878e-15 0 0 1 0 0 0 0 0 0 0 0 0
3.01147995429574e-12 8.59188276081113e-11 1 1 3.00204305858642e-13 4.35653735308961e-11 2.17315054840128e-12 3.06532577099006e-13 3.15525383598469e-13 2.9964919434633e-13 6.93713975152832e-11 4.4619863359685e-13 4.14890344302421e-13 6.0107474553206e-13 4.82140993796065e-11 4.61852778244065e-13 3.12749826036907e-13 2.81075163144351e-12 3.77919917582403e-13 3.08086889333481e-13 4.21773727055097e-13 3.12305736827057e-13 1.93339344534138e-10 3.45612427565811e-13 1.15574216863479e-11 3.07975867031018e-13 3.06865644006393e-13 4.74398298422329e-13 3.24407167795471e-13 4.6118664442929e-13
5.05989631416348e-07 0.999737599249368 0.999999999999999 1 5.68146495849575e-07 5.71327312348657e-07 5.56297936937789e-07 7.62397764475509e-07 6.05178489432312e-07 5.10410854026588e-07 5.05021399699324e-07 6.96050263093717e-07 7.41212352717291e-07 6.37616961340903e-07 6.94892333452657e-07 6.57404968795738e-07 1.15036924897005e-06 6.26040346451973e-07 6.4527437556583e-06 6.15230356770802e-07 7.77552742414755e-07 5.10805859832431e-07 5.25561926090212e-07 5.09856936670161e-07 5.14936752571415e-07 1.00107571254782e-06 5.42532296976539e-07 6.05904924122491e-07 9.94940588006088e-06 7.32408829140496e-07
0 0 1 1 0 0 0 0 0 0 0 0 0 0 0 0 0 0 0 0 0 0 0 0 0 0 0 0 0 0
0 0 0.999999999999986 1 0 0 3.46389583683049e-14 0 2.66453525910038e-13 0 2.44249065417534e-15 0 0 0 3.73034936274053e-14 0 0 0 0 0 0 2.70949929159769e-11 0 2.22044604925031e-16 0 1.11022302462516e-16 0 0 0 0
1.67931532013554e-08 0.999993581637194 1 1 8.69382177359768e-09 9.50773415553385e-09 2.37047452777972e-08 8.67843841234617e-09 8.68056171388076e-09 1.04105554177281e-08 8.67871774445916e-09 2.50360571163455e-08 8.72504291038467e-09 1.28325372550364e-08 2.40635340542639e-08 9.48923695176518e-09 8.69483529619686e-09 8.71798977453153e-09 8.80412132087116e-09 9.21409637477666e-09 9.37553945590253e-09 1.71887447608654e-08 2.43987446912897e-08 1.48836247881867e-07 8.67843275020874e-09 9.202623996174e-09 5.89088976488128e-08 1.72967263845081e-08 8.69229310751507e-09 3.56109027266349e-07
3.32421620230505e-08 0.99999996124195 0.999999999999999 1 9.06030805936098e-12 1.05579989195803e-11 9.02478092257297e-12 8.24529333698365e-12 8.33644264730538e-12 2.49275045050013e-11 8.55482351624914e-12 9.67348423586145e-12 8.93185525541185e-12 8.4989792981105e-12 8.20443712967744e-12 9.93083393296956e-12 2.8316571309972e-11 9.30466814708097e-12 8.43303205044776e-12 1.2063683385577e-11 9.21296372524694e-12 1.00107699907426e-11 8.23996426646545e-12 9.54536449881971e-12 1.28367316776234e-11 8.86035689262599e-12 1.16452403275957e-11 1.19317888902515e-11 1.14100950909801e-11 9.37039335013878e-12
6.05936412156893e-11 0.99999999971275 1 1 2.8199664825479e-13 3.26350058088565e-12 1.87072579649339e-13 1.87183601951801e-13 6.96664947952286e-13 1.96287430753728e-13 2.45692355349547e-13 4.37871960912162e-13 2.54529730625563e-12 2.09166017839379e-13 2.03836947321179e-13 1.89182003396127e-13 2.58570942435199e-13 1.94955163124177e-13 9.11049014007403e-13 2.38142838782096e-13 1.88515869581352e-13 2.79110068390764e-13 2.44582132324922e-13 2.16049400592055e-13 1.89737114908439e-13 1.9284573937739e-13 2.83439938186802e-13 1.97175609173428e-13 2.00506278247303e-13 2.01616501271928e-13
0.00120111714776194 0.945097843678508 0.99999999999997 1 0.00010441396370886 0.000135860624368656 0.000104563531333923 0.000131642041061975 0.000126224962257671 0.000133070740234054 0.000106718350958768 0.000103680524898953 0.000105019371167248 0.000147417101660552 0.000107935639698908 0.000267765419324606 0.000114490760677488 0.000185044213672603 0.000105261250706867 0.000118311025190221 0.000195036524391012 0.000103740106111472 0.000109220033105317 0.00010366879945245 0.000116117684870298 0.000125479324775801 0.000106985806983873 0.000116207006506386 0.000125959559274191 0.000112697219675439
1.33636225863043e-07 0.999888105489363 1 1 2.14553407484885e-07 1.55877644825164e-06 5.1807388379288e-08 5.13942287616587e-08 1.37447224268783e-07 3.71992872061355e-08 3.68284788221374e-08 3.71527913556324e-06 1.69612625167126e-07 7.16650611265468e-06 6.78974727552628e-08 4.04837633416477e-08 4.19035605103701e-08 4.24564314815967e-08 4.92511155538722e-05 4.80153166115826e-08 4.7483661780312e-08 3.66688412967164e-08 3.68244923443228e-08 1.98827256325806e-07 3.68825732177669e-08 1.22069933161661e-07 7.33132026198291e-08 4.62951021962255e-08 5.14071973878316e-08 4.70807204333568e-08
0.000361729647032738 0.99762895322002 1 1 3.55706806287603e-06 4.26850633972187e-06 3.94302046702322e-06 3.59447082753928e-06 3.92565112772303e-06 4.09369893028533e-06 2.48830796092392e-05 4.3549591441927e-06 3.74574974959518e-06 4.03559567385692e-06 3.56206176266305e-06 4.24353599171035e-06 4.42749499496298e-06 4.03610013255395e-06 4.29257404488403e-06 4.08288062370143e-06 4.49770217580969e-06 3.57560185948458e-06 3.57927051863882e-06 4.10455270027921e-06 4.23886663369899e-06 3.20743615992436e-05 5.45583510591641e-06 3.60633892892981e-06 5.33435335181576e-06 3.86243428152078e-06
0 0 1 1 0 0 0 0 0 0 0 0 0 0 0 0 0 0 0 0 0 0 0 0 0 0 0 0 0 0
0.000232917426129964 0.982061124599956 1 1 3.18156014681437e-05 3.66091848097438e-05 5.68290762986701e-05 3.13870848267506e-05 3.30097264136242e-05 3.21688911467666e-05 3.1372697479215e-05 3.52398651544128e-05 3.16078922580898e-05 4.42199572393553e-05 4.70402663653724e-05 4.03230281426081e-05 3.46700853792736e-05 3.35893672026577e-05 4.37616487852788e-05 3.33545992444728e-05 0.000137522032970461 3.21614772670342e-05 3.48625089354737e-05 3.68323959513139e-05 3.54367931176824e-05 3.73301942109272e-05 3.18318768128822e-05 6.60027702863442e-05 4.27363558546112e-05 3.80136712304635e-05
0 0 0.999999999999999 1 0 0 0 0 1.11022302462516e-16 0 0 0 0 0 0 0 0 0 0 0 0 0 0 0 0 1.11022302462516e-16 0 0 0 0
0.946624232394874 0.99999999999759 0.999999999997864 1 0.000284154345085996 0.000125397808647398 0.000124689807769141 0.000101093815035869 9.1165589698905e-05 0.00134286608786049 9.63713530547361e-05 0.000170414775968242 0.000124005954412976 0.000450839500504285 0.000133204805076725 0.000138944906777905 8.98009155737567e-05 0.000101345017913812 0.000156765773180023 0.000201315340776498 9.95309135755074e-05 0.000179213240390497 0.000120727631105932 0.000142667022144716 9.07665643324895e-05 0.000142514412215244 9.32776692238457e-05 9.1558242424461e-05 9.78557289886828e-05 0.000123959612850832
1.03997921385712e-11 5.23896481752217e-11 0.999999999989429 1 2.17047779659252e-05 3.72040176443988e-11 3.52307072404301e-11 1.00081054554835e-11 3.27340411443444e-08 5.95399285430176e-11 1.74605885305823e-11 8.26045898350003e-11 1.28079324923647e-10 1.0071610212492e-11 1.4203416220937e-11 5.38612487943624e-11 2.46863640640527e-11 1.10879083692339e-11 1.09793285574256e-11 0.00015218258530747 1.04515285315188e-11 1.05290220986376e-11 1.00945918291018e-11 1.20738974374035e-11 1.00581765138941e-11 3.25458548999791e-11 2.0788849752762e-08 1.09778852674935e-11 1.05843001030337e-10 6.08570971394329e-11
4.13033556256881e-06 0.999891206580671 1 1 1.22797386814533e-07 1.51619615973431e-07 1.87479222035769e-07 1.18285507610949e-07 2.90872538388776e-07 1.50024574763208e-07 1.52711301160124e-07 1.83734405911906e-07 1.04794773525541e-07 2.86072883826094e-07 1.25624950997327e-07 1.25885282087346e-07 1.86021094750188e-07 3.07775503638474e-07 1.05424263985299e-07 1.14817035989923e-07 1.06022972845565e-07 1.05786106874284e-07 1.13389933553698e-07 1.82327051234665e-07 2.91614753122893e-07 2.12682239597584e-07 1.33851688066677e-07 1.12239485705601e-07 1.07214951250434e-07 3.28880857436431e-07
9.48823696944601e-07 0.999556261250406 0.999999999999755 1 9.07006528994003e-07 8.97029123980708e-07 1.28476633454166e-06 9.35362693410546e-07 1.28024817069861e-06 1.24756988906238e-06 3.72662635228505e-06 1.13476601104612e-06 1.0730508606116e-06 9.68841021187217e-07 1.87655415362364e-06 1.61352568184281e-06 1.02223416142966e-06 9.32608543391389e-07 2.48924951040674e-06 9.07565897545481e-07 1.99968080261126e-06 9.35231073917464e-07 8.96243042225464e-07 9.77828160220184e-07 8.96233572578176e-07 9.16779538617796e-07 2.06172538652627e-06 1.03363188186378e-06 1.06061116011968e-06 8.99766219863984e-07
1.11022302462516e-16 0 1 1 0 0 0 0 0 0 0 0 0 0 0 0 0 0 0 0 0 0 0 0 0 0 0 0 0 0
6.42311311249699e-07 0.999999204986558 1 1 2.35023112082899e-11 5.0811688190322e-11 2.11805017968913e-11 1.30575217305307e-10 8.13238587582532e-10 2.35423902594789e-11 2.3016477612714e-11 3.87704313098425e-11 2.15218953769636e-11 2.34321451131336e-11 2.43309816738702e-11 4.64893679108513e-11 1.7995963941253e-08 2.9612534646617e-11 2.92404989110651e-11 2.27190488644169e-11 2.17208473429764e-11 2.85107493169789e-11 5.28610932803986e-09 2.74593681126589e-11 2.1562085450455e-11 8.03683231076491e-10 2.43215447781608e-11 2.46441755891169e-11 2.17652562639614e-11 2.92480484276325e-11
5.85244387285577e-07 0.999911579329153 1 1 1.43541857844376e-07 1.43391873264065e-07 1.50486423988738e-07 1.45473334378643e-07 2.59506634847639e-07 1.43464514712477e-07 2.1251112680698e-07 1.00066821939748e-06 1.43240681538259e-07 1.44133275759017e-07 1.57060147443211e-07 1.55229466725082e-07 2.1226169699684e-07 1.66974487347815e-07 2.31899335623176e-07 1.52757114513236e-07 1.71089757028398e-07 1.6935390712014e-07 1.43716419209738e-07 4.62822241753535e-07 1.7181698219737e-07 1.45565025588823e-07 1.55645404786853e-07 1.45824589625754e-07 2.09934797434919e-07 2.07874098934191e-07
0.000651147257859419 0.000170504052179776 0.0227403955634485 1 4.8486877632925e-06 2.1367536077177e-06 2.22534119265205e-06 2.1406681195435e-06 2.35030529738278e-06 2.15939135828069e-06 7.53009834586482e-06 4.32989210663592e-06 2.17982918016002e-06 6.36873886949996e-06 2.41199756767507e-06 6.69156406529758e-06 2.31920128546115e-06 2.87875275561955e-06 3.32425813465154e-06 2.26055948038262e-06 2.16292746824109e-06 2.98965849354627e-06 8.93363753817766e-06 4.73820196911223e-06 2.6218241119258e-06 7.89186977401268e-06 2.8336163119258e-06 2.29380926308753e-06 2.38706086863605e-06 7.05819402468943e-06
1.75073511243795e-10 2.49413307118473e-07 1 1 2.53130849614536e-14 1.90958360235527e-14 3.0231372960543e-13 1.01807451358127e-13 8.99280649946377e-15 9.10382880192628e-15 8.54871728961371e-15 2.79776202205539e-14 4.36539693282612e-13 9.76996261670138e-15 1.21014309684142e-14 4.09672296086683e-14 1.67643676718399e-14 2.66009436700188e-13 2.02060590481778e-14 1.06581410364015e-14 2.06501482580279e-14 5.67323965583455e-14 2.16493489801906e-14 1.35602640227717e-12 9.76996261670138e-15 3.46167539078124e-13 5.72875080706581e-14 9.54791801177635e-15 8.65973959207622e-15 8.12627133361943e-08
0.209659560373493 1 1 1 0.0287468572526147 0.0318089026061928 0.0433269223019987 0.0279061259974319 0.0275161055552109 0.0281197054682866 0.0298599107429386 0.0314462890520464 0.0723519557888476 0.0310134525341145 0.0340275090053107 0.0278727529070006 0.0276800900824939 0.0312024386150167 0.0294627548739378 0.0277621739867216 0.0275016262744774 0.027440586373557 0.0309750998673274 0.0354136342070113 0.0291301272202773 0.0275261257938679 0.0280161825744775 0.0275450537044327 0.02975038970342 0.0274590095823122
0.00217325963690651 0.999645574232981 0.999999999999999 1 0.0021915663127362 0.00122607721681334 0.0014796284903601 0.00460817372526523 0.112855689641564 0.00123597068425252 0.0294845648471377 0.00175026394334443 0.00145655108723752 0.00124605661710264 0.0048296320822413 0.00168314794703595 0.00289492996604046 0.00156389706432192 0.0207909262102224 0.00235192241594651 0.00190448023920475 0.00150638064077624 0.00149657794374525 0.0165750557586892 0.00638901977482331 0.00216462093363601 0.0463792490886347 0.0020507287006315 0.00122619014704528 0.00240878541692024
5.16253706450698e-14 0.99999999999977 1 1 1.11022302462516e-16 2.22044604925031e-16 1.11022302462516e-16 1.11022302462516e-16 1.11022302462516e-16 1.11022302462516e-16 1.11022302462516e-16 1.11022302462516e-16 1.11022302462516e-16 1.11022302462516e-16 1.11022302462516e-16 4.44089209850063e-16 2.22044604925031e-16 1.11022302462516e-16 1.11022302462516e-16 1.11022302462516e-16 1.11022302462516e-16 2.22044604925031e-16 1.11022302462516e-16 1.11022302462516e-16 1.11022302462516e-16 1.11022302462516e-16 1.11022302462516e-16 2.22044604925031e-16 1.11022302462516e-16 3.33066907387547e-16
6.66133814775094e-16 1.22124532708767e-15 0.999999999999418 1 0 1.11022302462516e-16 0 0 0 2.77555756156289e-15 0 2.22044604925031e-16 0 1.11022302462516e-16 0 2.22044604925031e-16 2.22044604925031e-16 0 0 1.11022302462516e-16 0 3.33066907387547e-16 0 1.11022302462516e-16 0 0 0 0 3.33066907387547e-16 7.69384556065233e-14
5.10378516116461e-08 6.44817532702291e-13 1 1 0 0 0 0 0 0 0 0 0 1 0 0 0 0 0 0 0 0 0 0 0 0 0 0 0 0
1.58256769133835e-07 0.999997186434308 1 1 4.74114658643998e-09 6.49623776993735e-09 5.87811754826362e-09 6.68865374198191e-09 4.96044161302223e-09 4.80316775242073e-09 1.20433560901745e-08 4.58539428649374e-09 4.5709566132146e-09 4.63504645775714e-09 4.52562720631988e-09 6.45415054734144e-09 5.12944953179328e-09 5.09381137270282e-09 4.58356375077074e-09 4.92088425563253e-09 5.08380082475668e-09 4.62905358489252e-09 1.04026610658892e-08 5.36352995350597e-09 4.59045290668314e-09 5.65383013739762e-08 5.14069720125576e-09 4.77179118441029e-09 5.91642068670239e-09 1.47197506406016e-08
0.00322220506783966 0.996642422429518 1 1 1.64291347637402e-07 4.20960994951258e-07 2.73874667722218e-07 1.29926906144995e-06 2.63960691859744e-07 2.37699137595193e-07 3.60330002613374e-07 4.98876092547285e-07 2.34386288822108e-07 1.62758103772198e-07 1.79036039771319e-07 1.93047946517311e-07 1.03241149795874e-06 3.03226432518677e-07 1.7912640648543e-07 1.90593359206126e-07 2.05570761857565e-07 1.9760449668782e-06 3.23924628231609e-07 1.65240148120027e-07 3.71797305498411e-07 1.27966819174485e-06 4.457453046669e-07 7.82662080145435e-07 1.61683592347917e-06 1.89208841927524e-07
0.520344625650201 0.153006702711082 1 0.266252736418768 0.115071483260911 0.0386348621359522 0.0341047020275447 0.0641048981582248 0.0987685406372618 0.150214061305016 0.034457145735121 0.0685474196269487 0.0457941715836753 0.0562596501346828 0.0433811746467613 0.0885412029211402 0.0509372446852759 0.0357599054269463 0.050388803364632 0.0345982266024347 0.0364798549528037 0.0362364114705256 0.179459591372647 0.0346884444244491 0.0660770478924337 0.0344244692309147 0.0687013551836163 0.0339595539713741 0.0369753407256622 0.0901788243310888
0 1.01807451358127e-13 0.999999999999898 1 0 0 0 0 0 0 0 0 0 0 0 0 0 0 0 0 0 0 0 0 0 0 0 0 0 0
4.21576551445924e-10 0.999993993529884 0.999999999921807 1 1.23755916625612e-09 4.95248175802487e-10 2.36707420331328e-09 2.85958035028955e-10 2.730071724244e-10 6.21536822009716e-10 3.31013105814293e-10 3.06560998808436e-10 2.80369616412202e-10 2.52517307064437e-09 2.51966225661704e-10 4.55079973704642e-10 3.44163286758459e-09 2.54076759631516e-10 4.16610412834473e-10 8.20367218601348e-10 4.98428187611921e-10 1.04415210921971e-08 6.05640759765436e-10 3.33201466418132e-10 1.29531052550647e-09 5.16383480420046e-09 4.44301040403161e-10 7.67864993811429e-10 4.72335078827157e-08 2.51472509482653e-10
1.42411436976353e-07 0.999999105478631 1 1 1.06057196358478e-09 3.13767245518903e-09 1.03506780924079e-09 1.12679676700367e-09 1.66783409305538e-09 3.00050950752251e-09 1.17705067914642e-09 1.55808255186685e-09 1.66810243396043e-09 1.2179373065635e-09 1.09877562604055e-09 1.15579257276011e-09 1.74679182229909e-09 1.10377595952116e-09 2.11518524917409e-09 1.00556107884842e-09 7.80226386165594e-07 1.1917431486097e-09 1.2676253380306e-09 2.39974218274597e-09 1.33220634523923e-09 1.01331976143371e-09 1.02218495889872e-08 1.1602691030177e-09 1.07909015056862e-09 1.08591402536717e-09
2.21959587376475e-08 0.999931144247162 1 1 4.70479966097059e-09 1.0496112978764e-08 6.69973110323241e-09 7.50975626129247e-09 8.30694402154109e-09 1.37607983896615e-08 1.94589035995563e-08 7.41758010569527e-09 4.32077923440133e-08 1.10720433932343e-08 1.33045983119473e-08 5.79086255458883e-06 6.97348525591224e-08 4.65457672405023e-09 7.60796214915871e-09 8.63153903907232e-09 5.69783231707532e-09 7.90393965832692e-08 1.5171740153086e-07 8.42477038132117e-08 2.12005136779325e-08 3.02226934589811e-08 1.0212007128807e-08 1.24382293353875e-08 1.0877884704108e-08 2.77189952102574e-08
8.4275919576271e-12 0.999999999416429 0.999999999994168 1 4.04010158661094e-13 6.25055562863963e-14 1.3207535065618e-10 7.41628980449605e-14 6.22835116814713e-14 3.62598839842576e-13 2.21377360887232e-11 7.22755189030977e-14 5.76205749780456e-14 8.04911692853238e-14 6.06181771445335e-14 8.1823436914874e-14 5.83977310952832e-14 8.59456950053072e-12 9.20374887414255e-14 1.31294974892171e-11 1.29662947045972e-12 6.32827124036339e-14 9.29256671611256e-14 7.50006723393426e-11 1.06867847904368e-11 8.61533067109121e-14 1.24952159730185e-10 6.08402217494586e-14 6.51367848547579e-13 6.26268392001084e-06
0.00330403350130548 0.823196392005085 1 1 0.000305156988973598 0.000356364849151691 0.000783787940755398 0.000304840873694534 0.000353599842322416 0.000311919720539011 0.000309282819922374 0.000330339215015463 0.000349820409062174 0.000302596143280209 0.000943822221347035 0.000393154300858511 0.000404915490887614 0.000583897583770088 0.000310061251218019 0.00039239158023896 0.000391050688554828 0.000418848630813984 0.000329614340450868 0.000305267917755092 0.000300867325338849 0.000390876926260275 0.000298554407655471 0.00166974754521965 0.000299476670016063 0.000339819758232385
8.82501294263704e-10 0.999999816903439 0.999999999999998 1 3.09093417527606e-10 3.69586361514962e-10 6.89205137405224e-10 3.23187698825222e-10 3.68746921886043e-10 3.42671890862789e-09 3.22725512980071e-10 3.09949621524197e-10 6.92525758960727e-09 7.56509854760168e-10 5.56605428414514e-10 3.17293857854395e-10 3.15515280568945e-10 4.16272905034987e-10 4.7743886621987e-10 5.42663247671271e-10 4.56569226869874e-10 6.08413541769437e-10 3.09444136981085e-10 3.84867693270508e-10 3.09820835653341e-10 3.1244429266053e-10 3.58548191137231e-10 1.08246744900953e-09 3.35690253372434e-10 3.91894849904872e-10
2.37805402869551e-06 0.999918491519777 1 1 1.32469627489584e-07 5.47384097160375e-07 3.29772482099422e-07 1.47131545058521e-07 3.29406427357348e-07 1.56535580719819e-07 2.11387566562138e-07 1.90340872396888e-07 1.27835189212e-07 2.25695618638611e-07 1.30720491653413e-07 1.3856414982083e-07 2.75691545259527e-07 1.40338801024598e-07 1.70547706734858e-07 1.23619231295891e-07 1.5896518756886e-07 1.27035819641463e-07 1.24219855290875e-07 1.23612996505429e-07 1.4125630631856e-07 1.38076049149838e-07 1.25155322105996e-07 1.68853830806448e-07 1.52781611695296e-07 1.24847092108915e-07
0.000347339523517398 0.530467315911017 1 1 1.79883216244736e-05 2.55342671831027e-05 1.7967851404066e-05 2.80764349736007e-05 2.20248074414009e-05 4.19245307554661e-05 2.0326877014365e-05 1.87835841198858e-05 1.8719879219975e-05 1.80568090616395e-05 2.04464590688458e-05 1.9731876778617e-05 2.10053294447121e-05 3.39931401269755e-05 1.80184869802424e-05 9.40015654060655e-05 2.45730317476323e-05 0.000271053862199833 1.98972351691529e-05 2.20220742160881e-05 2.34534291334576e-05 1.80091942073579e-05 1.803190046612e-05 2.43601192269072e-05 1.82983912581092e-05 2.81454265701475e-05
0 0 1 1 0 0 0 0 0 0 0 0 0 0 0 0 0 0 0 0 0 0 0 0 0 0 0 0 0 0
1.45906797763828e-05 5.15387933663902e-06 1 1 2.5794317337402e-05 1.7643671575196e-05 1.23415205033339e-06 7.77244288430179e-06 2.86081508314995e-05 0.00368986110719904 1.31810741721416e-06 1.21327087621026e-06 3.51686996152845e-05 1.13529039591498e-06 1.19940897436166e-06 1.63315640000494e-06 1.41959410504544e-06 2.29648880101241e-05 1.51011673366064e-06 3.885493533895e-05 1.33970495075353e-06 1.35289443448094e-06 1.46453882476916e-06 1.20414087911858e-06 1.34411073993146e-06 1.34186085531951e-06 1.28411554123353e-06 2.10023057780617e-05 1.1623628669577e-06 1.19326317793433e-06
0.923353441137315 2.77555756156289e-15 1 1 0 9.13487614855324e-05 0 0 0 0 0 0.999994579295003 0 0 9.99200722162641e-16 3.41003891790592e-11 2.03781436169947e-12 9.21246889884486e-09 0 0 0 6.66133814775094e-16 1.09756895333435e-05 9.49240686054509e-14 8.11811616767688e-05 2.33146835171283e-15 8.54871728961371e-15 0 0 0
1.20312163764957e-06 0.999998580188538 1 1 1.63777991168956e-10 7.77092834525206e-11 9.40751920808225e-11 1.02495234521882e-10 7.96280819059803e-11 1.46459733230131e-10 3.31123239938336e-10 8.97373286790071e-11 3.45016570868495e-10 7.56102958021643e-11 1.51968561068472e-08 7.55107087968554e-11 1.47704071196131e-10 2.54668841570549e-10 1.13057896378166e-10 8.86288820112213e-11 8.82661721490763e-11 3.51446094448704e-10 7.78163089520945e-11 1.73907221956426e-10 1.16468834576722e-10 1.06979203273738e-10 1.13062004203357e-10 7.61439800101016e-11 7.55605578106611e-11 1.06456066184535e-10
3.83137965798142e-13 4.88498130835069e-15 0.999999999999539 1 1.11022302462516e-16 1.11022302462516e-16 1.11022302462516e-16 1.11022302462516e-16 1.11022302462516e-16 1.11022302462516e-16 1.11022302462516e-16 1.11022302462516e-16 2.22044604925031e-16 1.11022302462516e-16 1.11022302462516e-16 1.11022302462516e-16 1.11022302462516e-16 2.22044604925031e-16 1.11022302462516e-16 1.11022302462516e-16 1.11022302462516e-16 1.11022302462516e-16 1.11022302462516e-16 1.11022302462516e-16 1.11022302462516e-16 1.11022302462516e-16 1.11022302462516e-16 1.11022302462516e-16 1.11022302462516e-16 1.11022302462516e-16
6.66133814775094e-16 3.33066907387547e-16 0.999999999999993 1 0 0 0 0 0 0 0 0 0 0 0 0 0 0 0 0 0 0 0 0 0 0 0 0 0 0
1.23463605006258e-07 3.40992274416863e-08 0.99999999999992 1 2.13497094003756e-07 3.95285022491976e-08 2.42896026136918e-06 8.11035434489238e-06 6.92241710777974e-05 1.53899658905665e-07 9.53827994365497e-08 1.32552815612641e-07 3.37732197763785e-08 2.90602919506e-08 5.29335931753749e-08 3.52720967988773e-08 0.00219557039027607 3.76515042477266e-08 2.84876046086069e-08 1.46765571010787e-05 5.34399035023725e-08 2.83772990661291e-08 5.89962627639551e-08 2.84933320271463e-08 2.97832419837718e-08 2.8782140559791e-08 1.32169571176455e-07 3.08903209678135e-08 3.47228309438563e-08 1.58743455788146e-05
2.55351295663786e-15 0 0.999999999999997 1 0 0 0 0 0 0 0 0 0 0 0 0 0 0 0 0 0 0 0 0 0 0 0 0 0 0
0 0.99999999999985 0.999999999999539 1 0 2.43138842392909e-14 0 0 1.59241508868035e-11 0 1.18599405629638e-07 1.31897128149427e-05 1.11022302462516e-16 0 0 4.4069192739471e-12 0 0 5.55111512312578e-16 0 0 0 0 2.22044604925031e-16 0 0 4.82315187788629e-10 0 0.999949121496565 0
0 0 0 1 0 0 0 0 0 0 0 0 0 0 0 0 0 0 0 0 0 0 0 0 0 0 0 0 0 0
1.32877709435597e-06 0.999710177721521 1 1 2.83722155991484e-07 2.62531211214778e-07 3.39820036443506e-07 5.00453949836555e-07 3.23853594719203e-07 9.23158079535469e-07 3.12181136497003e-07 9.27171822984185e-07 4.65808849159366e-07 2.89523341967524e-07 2.50293052617145e-07 3.18634035045839e-07 4.96063789490186e-07 2.93083914471026e-07 3.58813397993707e-07 2.45431400203167e-07 2.69058828772373e-07 2.53264218263993e-07 2.45522088326844e-07 2.6811835196483e-07 2.82709696319827e-07 2.46396657854753e-07 5.91139868388879e-07 2.54679871303232e-07 3.13649493521861e-06 1.82834753836847e-06
2.66675570514963e-13 0.999999948391632 1 1 2.77555756156289e-15 5.10702591327572e-15 1.31006316905768e-14 1.63202784619898e-14 4.77395900588817e-15 2.42028619368284e-14 6.21724893790088e-15 1.32116539930394e-13 8.21565038222616e-15 2.1094237467878e-15 1.43518530393294e-12 3.21964677141295e-15 2.77555756156289e-14 1.99840144432528e-15 1.11022302462516e-15 1.11022302462516e-15 1.55431223447522e-15 8.69304628281498e-14 2.4535928844216e-14 5.10702591327572e-15 1.33226762955019e-15 1.66533453693773e-15 4.55191440096314e-15 1.11022302462516e-15 2.32036612146658e-14 1.11022302462516e-15
2.78522820229554e-05 0.996168559764606 1 1 1.73232708691184e-05 1.39062777801957e-05 6.4905214697264e-06 7.38499377239688e-06 6.53776856551769e-06 7.69757773910751e-06 1.27280475442637e-05 1.19021697947419e-05 6.19289408487766e-06 6.12310924963388e-06 1.01125993571261e-05 8.82752964570521e-06 6.15220729460741e-06 7.06029064978519e-06 9.66463388407668e-06 8.78782585145288e-06 6.73773898218766e-06 6.8870094878104e-06 7.44346239311966e-06 6.19685366209932e-06 6.72942180934832e-06 6.54396930976908e-06 1.71373969761746e-05 6.11109155379541e-06 7.24284009823162e-06 6.37619527710243e-06
1.57790917332257e-05 0.983100489218868 0.999999484871177 1 0.000295901708169399 2.02228989845121e-05 2.22483722800426e-05 1.22603260045429e-05 8.86986459447403e-06 5.77999514588257e-05 3.47904049148307e-05 1.57814374922571e-05 1.02375815161926e-05 1.17150781197006e-05 1.02173738982803e-05 1.29206374960278e-05 9.25051107703023e-06 1.22495841727854e-05 1.51051262690105e-05 1.09613148738807e-05 1.07883010691534e-05 1.53259608736134e-05 1.49501243066341e-05 1.03625591332257e-05 8.70456090240612e-06 8.60790324230809e-06 0.000831810681815259 1.84464883612456e-05 1.48242652752151e-05 2.03668147112923e-05
6.95263478012187e-07 0.999999291103545 1 1 1.39932510023755e-11 1.72760472594291e-10 5.92677018573795e-11 2.24503748924576e-11 7.67763630449281e-12 1.30410127141545e-11 9.17366183017521e-12 7.84106113371763e-12 9.93106707980473e-11 4.47775150291818e-11 8.85963524765998e-10 7.69895258656561e-12 1.30125910047241e-11 7.89635024034396e-12 8.16491319000079e-12 7.65765229004955e-12 2.35602648501754e-11 9.28335186500817e-12 7.65731922314217e-12 8.15292278133484e-12 7.68185515198638e-12 4.94998708688854e-10 5.12868636448616e-11 5.31770183442859e-11 7.89746046336859e-12 9.21049903013227e-11
0.997515745409194 0.999999851696644 1 1 1.09834363826167e-10 1.0545675444007e-11 2.57713850260188e-11 3.91841004088178e-11 1.11064490937451e-11 6.36180529367536e-08 1.07027271711857e-07 4.44997372284206e-11 9.69217289092938e-07 4.46893633210266e-11 6.1598791025741e-06 1.05789821347457e-11 2.22605267552467e-11 3.99757316138505e-09 1.46613832185949e-11 1.03541619722591e-11 1.29740662657696e-11 1.0413669926379e-11 1.12292397602687e-11 1.56750168400777e-11 1.08444364599336e-11 1.61947122379047e-11 1.02778563437766e-10 1.48179282932759e-06 1.10828543192776e-05 1.0859646515371e-11
