[1] "Average PIPs: "
 [1] 0.22045023 0.81183282 0.97619954 0.99048129 0.01399482 0.05003743
 [7] 0.04073416 0.03435007 0.01726369 0.05120889 0.03463933 0.05487104
[13] 0.01192819 0.03698269 0.01665965 0.03429451 0.04036068 0.04129186
[19] 0.04152479 0.03352239 0.06087995 0.05728491 0.02256009 0.02688703
[25] 0.03241345 0.04005354 0.02587907 0.05254600 0.01525079 0.04410366
[1] "Percent of time PIP >= 0.1: "
 [1] 0.370 0.880 0.980 0.990 0.030 0.045 0.045 0.030 0.015 0.055 0.045 0.050
[13] 0.005 0.035 0.010 0.035 0.050 0.050 0.050 0.030 0.075 0.065 0.020 0.025
[25] 0.040 0.045 0.020 0.055 0.005 0.050
[1] "Percent of time PIP >= 0.5: "
 [1] 0.195 0.805 0.975 0.990 0.000 0.040 0.025 0.025 0.005 0.040 0.025 0.045
[13] 0.000 0.025 0.005 0.025 0.025 0.030 0.030 0.025 0.045 0.045 0.010 0.015
[25] 0.020 0.030 0.015 0.040 0.005 0.035
[1] "Percent of time PIP >= 0.9: "
 [1] 0.110 0.760 0.975 0.990 0.000 0.035 0.025 0.015 0.005 0.040 0.015 0.040
[13] 0.000 0.025 0.005 0.015 0.025 0.025 0.025 0.020 0.045 0.040 0.010 0.010
[25] 0.020 0.025 0.015 0.040 0.000 0.030
