[1] "Average PIPs: "
 [1] 0.3871193 0.7955048 0.9355345 0.9676680 0.1699543 0.1956108 0.2448656
 [8] 0.1787318 0.1742511 0.2202620 0.2268127 0.2292115 0.1944158 0.2004584
[15] 0.1824196 0.1839059 0.2033712 0.1961932 0.1788682 0.1955064 0.2378271
[22] 0.1914126 0.2000888 0.1824282 0.1681987 0.2045219 0.2097685 0.1971978
[29] 0.1732382 0.2089304
[1] "Percent of time PIP >= 0.1: "
 [1] 0.650 0.905 0.945 0.975 0.310 0.315 0.325 0.295 0.290 0.290 0.325 0.330
[13] 0.295 0.340 0.320 0.290 0.315 0.300 0.270 0.310 0.355 0.320 0.305 0.275
[25] 0.310 0.345 0.295 0.310 0.265 0.305
[1] "Percent of time PIP >= 0.5: "
 [1] 0.325 0.780 0.930 0.965 0.115 0.150 0.200 0.120 0.120 0.175 0.185 0.185
[13] 0.140 0.145 0.130 0.135 0.150 0.155 0.135 0.140 0.185 0.140 0.150 0.130
[25] 0.115 0.150 0.160 0.150 0.115 0.165
[1] "Percent of time PIP >= 0.9: "
 [1] 0.265 0.735 0.930 0.965 0.090 0.105 0.175 0.105 0.105 0.160 0.165 0.170
[13] 0.125 0.110 0.115 0.120 0.130 0.130 0.115 0.120 0.165 0.120 0.135 0.110
[25] 0.100 0.120 0.145 0.120 0.110 0.140
