[1] "Average Estimates for Betas: "
 [1]  0.0509584972  0.0983062829  0.2012319947  0.2990192512 -0.0006466580
 [6]  0.0003715975 -0.0025637730  0.0039240124  0.0047831629 -0.0006802613
[11] -0.0022873747 -0.0008970809  0.0003982721 -0.0006744649 -0.0029818660
[16] -0.0017087859  0.0019515798 -0.0042463186  0.0021011981  0.0038297149
[21]  0.0030455055 -0.0023273220  0.0042279241  0.0003931707  0.0005943370
[26]  0.0024419564 -0.0028070916  0.0005689403 -0.0023081428  0.0026392106
[1] "Standard Deviations of Betas: "
 [1] 0.03721650 0.03002326 0.03114031 0.02557504 0.03439502 0.05077705
 [7] 0.03786172 0.04225211 0.05792047 0.02626957 0.03085260 0.04074810
[13] 0.03544686 0.03727897 0.03562290 0.03339072 0.03246311 0.03265150
[19] 0.03147117 0.02705854 0.03520927 0.03724096 0.02801647 0.02763309
[25] 0.04153124 0.03677791 0.03111868 0.03755954 0.03806613 0.04519655
[1] "Average StdErrors for Betas: "
 [1] 0.02035266 0.02010220 0.02035040 0.02019535 0.02076031 0.02122798
 [7] 0.02045532 0.02111035 0.02135926 0.02041683 0.02092238 0.02029182
[13] 0.02070312 0.01994440 0.02025247 0.02078255 0.02087107 0.02114621
[19] 0.02045125 0.02041191 0.02016878 0.02081220 0.01977340 0.01997731
[25] 0.02138857 0.02008844 0.02078134 0.02126865 0.02101193 0.02059101
[1] "Positive rate for exposures: "
 [1] 0.725 0.965 0.995 1.000 0.155 0.125 0.145 0.125 0.105 0.100 0.125 0.130
[13] 0.090 0.120 0.120 0.100 0.140 0.130 0.105 0.120 0.115 0.130 0.110 0.105
[25] 0.125 0.135 0.115 0.090 0.150 0.165
[1] "Bonferroni-corrected positive rate for exposures: "
 [1] 0.405 0.880 0.995 1.000 0.045 0.050 0.050 0.040 0.050 0.035 0.045 0.045
[13] 0.040 0.050 0.040 0.030 0.045 0.045 0.040 0.025 0.045 0.045 0.025 0.055
[25] 0.035 0.050 0.040 0.050 0.065 0.070
