[1] "Average Estimates for Betas: "
 [1]  0.074367279  0.060658485  0.192762163  0.302189550 -0.012717099
 [6] -0.005744920  0.022262855  0.008038945 -0.003046954 -0.004156469
[11]  0.044462324 -0.019805476 -0.012365449 -0.035634265 -0.038174403
[16]  0.030548494 -0.003538532 -0.027752363  0.011353017  0.040338552
[21] -0.005233683  0.002074082  0.014865482 -0.006267930  0.007139522
[26] -0.006063617  0.026859615  0.012274467 -0.033631636 -0.001694560
[1] "Standard Deviations of Betas: "
 [1] 0.1797339 0.2560487 0.1752989 0.2991868 0.1644709 0.2163389 0.1330982
 [8] 0.2750604 0.1547488 0.1802576 0.5362431 0.1777369 0.1632365 0.4198482
[15] 0.2643922 0.1499206 0.1572538 0.3467015 0.1687751 0.7845398 0.1460319
[22] 0.1680922 0.3386589 0.1794053 0.1444786 0.1640733 0.1774257 0.1458951
[29] 0.4078919 0.1544828
[1] "Average StdErrors for Betas: "
 [1] 0.1176095 0.1401746 0.1124559 0.1477635 0.1086550 0.1253132 0.1090143
 [8] 0.1484350 0.1115992 0.1227763 0.1550756 0.1192624 0.1225683 0.1493198
[15] 0.1193401 0.1118002 0.1085942 0.1349557 0.1177564 0.1708359 0.1094433
[22] 0.1100501 0.1346822 0.1120779 0.1093952 0.1019054 0.1053905 0.1266315
[29] 0.1760015 0.1144161
[1] "Positive rate for exposures: "
 [1] 0.22777778 0.40000000 0.58333333 0.63888889 0.12777778 0.08888889
 [7] 0.13888889 0.12777778 0.14444444 0.14444444 0.12222222 0.15555556
[13] 0.10000000 0.09444444 0.13888889 0.13888889 0.16666667 0.14444444
[19] 0.11111111 0.13333333 0.13333333 0.16111111 0.14444444 0.12777778
[25] 0.14444444 0.16111111 0.14444444 0.11666667 0.13888889 0.15555556
[1] "Q-value positive rate for exposures: "
 [1] 0.13333333 0.27222222 0.45000000 0.51666667 0.08333333 0.05000000
 [7] 0.03888889 0.03333333 0.06111111 0.06111111 0.02222222 0.07777778
[13] 0.04444444 0.05000000 0.06111111 0.05555556 0.03333333 0.05555556
[19] 0.05555556 0.06111111 0.03333333 0.06111111 0.06666667 0.07222222
[25] 0.08333333 0.06111111 0.07222222 0.03333333 0.05555556 0.08333333
[1] "Precision/Recall/F1 based on p-values:"
[1] 0.3454357 0.4625000 0.3954869
[1] "Precision/Recall/F1 based on Q-values:"
[1] 0.4833659 0.3430556 0.4012998
