[1] "Average PIPs: "
 [1] 0.15405832 0.32931982 0.77886127 0.88015260 0.07590899 0.07830559
 [7] 0.06973410 0.08704507 0.07013056 0.07185399 0.06895849 0.07528103
[13] 0.06951330 0.08599677 0.06550073 0.06828475 0.07940305 0.06895819
[19] 0.07992940 0.06410591 0.06621321 0.08546285 0.08170510 0.06608026
[25] 0.06583709 0.07712982 0.06950712 0.06815771 0.07205889 0.07341790
[1] "Percent of time PIP >= 0.1: "
 [1] 0.4564103 0.6153846 0.9230769 0.9538462 0.3333333 0.3487179 0.3230769
 [8] 0.3282051 0.3282051 0.3282051 0.3128205 0.3333333 0.3384615 0.3538462
[15] 0.3282051 0.3435897 0.3282051 0.3179487 0.3435897 0.3230769 0.3179487
[22] 0.3333333 0.3538462 0.3384615 0.3333333 0.3333333 0.3384615 0.3384615
[29] 0.3384615 0.3333333
[1] "Percent of time PIP >= 0.5: "
 [1] 0.076923077 0.246153846 0.743589744 0.866666667 0.010256410 0.015384615
 [7] 0.005128205 0.030769231 0.000000000 0.005128205 0.005128205 0.005128205
[13] 0.005128205 0.015384615 0.000000000 0.005128205 0.015384615 0.005128205
[19] 0.010256410 0.000000000 0.000000000 0.020512821 0.015384615 0.000000000
[25] 0.000000000 0.015384615 0.000000000 0.005128205 0.010256410 0.005128205
[1] "Percent of time PIP >= 0.9: "
 [1] 0.066666667 0.194871795 0.682051282 0.846153846 0.005128205 0.005128205
 [7] 0.000000000 0.015384615 0.000000000 0.000000000 0.000000000 0.005128205
[13] 0.005128205 0.015384615 0.000000000 0.000000000 0.010256410 0.000000000
[19] 0.005128205 0.000000000 0.000000000 0.020512821 0.010256410 0.000000000
[25] 0.000000000 0.005128205 0.000000000 0.000000000 0.000000000 0.005128205
