[1] "Average PIPs: "
 [1] 0.2135177 0.5589034 0.8701155 0.8959827 0.1341120 0.1708697 0.1461775
 [8] 0.1313127 0.1341421 0.1358439 0.1493320 0.1581557 0.1632352 0.1170978
[15] 0.1484179 0.1425945 0.1529392 0.1432570 0.1552978 0.1125081 0.1575604
[22] 0.1561528 0.1263460 0.1283328 0.1067808 0.1156266 0.1208627 0.1259243
[29] 0.1383531 0.1253891
[1] "Percent of time PIP >= 0.1: "
 [1] 0.3959391 0.7055838 0.9187817 0.9137056 0.2436548 0.2842640 0.2081218
 [8] 0.1878173 0.2385787 0.2385787 0.2741117 0.2436548 0.2487310 0.1776650
[15] 0.2335025 0.2284264 0.2741117 0.2690355 0.2741117 0.1624365 0.2842640
[22] 0.2385787 0.1776650 0.2182741 0.1573604 0.1522843 0.1776650 0.1878173
[29] 0.2284264 0.2081218
[1] "Percent of time PIP >= 0.5: "
 [1] 0.14213198 0.50253807 0.85279188 0.88832487 0.08121827 0.12182741
 [7] 0.11167513 0.08629442 0.08121827 0.09137056 0.09644670 0.11167513
[13] 0.11675127 0.07106599 0.10152284 0.09644670 0.09644670 0.08629442
[19] 0.10659898 0.07106599 0.10659898 0.11167513 0.08121827 0.07614213
[25] 0.06091371 0.07614213 0.07614213 0.07614213 0.09137056 0.07614213
[1] "Percent of time PIP >= 0.9: "
 [1] 0.12690355 0.48730964 0.84263959 0.88832487 0.07106599 0.11167513
 [7] 0.09644670 0.08629442 0.06598985 0.09137056 0.09644670 0.10659898
[13] 0.11167513 0.06598985 0.10152284 0.09137056 0.09644670 0.08629442
[19] 0.10659898 0.06598985 0.10659898 0.10659898 0.07614213 0.07614213
[25] 0.06091371 0.06598985 0.07614213 0.07106599 0.09137056 0.07614213
