[1] "Average Estimates for Betas: "
 [1]  4.929273e-02  1.002001e-01  1.987678e-01  2.983644e-01  1.407197e-03
 [6] -7.672762e-04  1.187103e-03  1.894876e-03  9.753042e-04  4.657766e-04
[11] -5.103020e-03  1.443898e-03 -5.185809e-03  2.697264e-03 -1.203849e-03
[16] -9.831796e-04  8.428210e-04 -4.078682e-03  4.349994e-03 -9.904709e-04
[21]  1.241767e-03  4.068266e-03  1.353132e-03  3.015327e-03 -1.280957e-03
[26] -2.687903e-03 -2.507126e-03 -1.353924e-03  5.959445e-03  5.685007e-06
[1] "Standard Deviations of Betas: "
 [1] 0.05290365 0.07731781 0.05185986 0.05707465 0.06010017 0.05405714
 [7] 0.04924912 0.05566578 0.04853702 0.05297901 0.05683851 0.05151618
[13] 0.05346795 0.05482419 0.05893549 0.06805993 0.04918994 0.05761181
[19] 0.07112630 0.04759854 0.05639064 0.05504303 0.05630663 0.04792108
[25] 0.05893421 0.06042146 0.04642802 0.05231239 0.06310924 0.06181749
[1] "Average StdErrors for Betas: "
 [1] 0.02127691 0.02200765 0.02248519 0.02163789 0.02206720 0.02208380
 [7] 0.02133121 0.02190012 0.02120398 0.02180141 0.02171047 0.02051880
[13] 0.02224407 0.02111903 0.02291738 0.02184162 0.02158187 0.02151929
[19] 0.02220932 0.02234022 0.02216538 0.02268627 0.02089346 0.02086536
[25] 0.02189274 0.02217082 0.02153173 0.02216568 0.02235681 0.02214811
[1] "Positive rate for exposures: "
 [1] 0.6649746 0.9035533 0.9796954 0.9949239 0.2842640 0.3451777 0.2639594
 [8] 0.2436548 0.2588832 0.2741117 0.3248731 0.3350254 0.2436548 0.2538071
[15] 0.2791878 0.3147208 0.2741117 0.2791878 0.3147208 0.2284264 0.3604061
[22] 0.3147208 0.3096447 0.2284264 0.2487310 0.2284264 0.2487310 0.2893401
[29] 0.3147208 0.2893401
[1] "Q-value positive rate for exposures: "
 [1] 0.5431472 0.8680203 0.9746193 0.9898477 0.2233503 0.2538071 0.1624365
 [8] 0.1776650 0.1776650 0.1979695 0.2284264 0.2335025 0.1979695 0.2081218
[15] 0.2182741 0.2436548 0.2182741 0.2182741 0.2385787 0.1928934 0.2639594
[22] 0.2233503 0.2182741 0.1675127 0.1979695 0.1675127 0.1827411 0.1827411
[29] 0.2182741 0.2284264
[1] "Precision/Recall/F1 based on p-values:"
[1] 0.3252563 0.8857868 0.4758010
[1] "Precision/Recall/F1 based on Q-values:"
[1] 0.3828440 0.8439086 0.5267327
