[1] "Average Estimates for Betas: "
 [1]  0.0509849883  0.1033413099  0.2033566862  0.2986262638  0.0007933351
 [6]  0.0016088986  0.0009520298  0.0015624063  0.0033201474  0.0016221405
[11] -0.0056882826  0.0034214120 -0.0053083192  0.0056376928 -0.0035252451
[16] -0.0010577823  0.0003868049 -0.0038063596  0.0026386500  0.0004976727
[21] -0.0048632779  0.0068414255 -0.0007890451  0.0033599733 -0.0016667889
[26]  0.0016068441 -0.0019104022 -0.0026748134  0.0023777734 -0.0053532611
[1] "Standard Deviations of Betas: "
 [1] 0.05861725 0.07131104 0.06056708 0.06231403 0.06313718 0.06127534
 [7] 0.05389929 0.06045439 0.05249156 0.06154104 0.06960235 0.06161963
[13] 0.06540674 0.06629610 0.06333453 0.06893594 0.06446082 0.06519592
[19] 0.06717808 0.05580172 0.06541610 0.06085346 0.05772280 0.05104972
[25] 0.05821005 0.05156949 0.04771269 0.05786961 0.06431592 0.06124344
[1] "Average StdErrors for Betas: "
 [1] 0.02622188 0.02714890 0.02659505 0.02650341 0.02699593 0.02695563
 [7] 0.02656920 0.02648605 0.02645396 0.02701383 0.02662726 0.02535799
[13] 0.02716243 0.02541871 0.02765700 0.02704312 0.02622041 0.02645108
[19] 0.02626663 0.02629389 0.02645980 0.02692081 0.02588811 0.02629798
[25] 0.02612523 0.02610169 0.02595485 0.02736686 0.02675283 0.02683189
[1] "Positive rate for exposures: "
 [1] 0.5583756 0.8426396 0.9796954 0.9949239 0.2893401 0.2944162 0.2639594
 [8] 0.2284264 0.2487310 0.2944162 0.3045685 0.2588832 0.2487310 0.2690355
[15] 0.2538071 0.2741117 0.2944162 0.2741117 0.2994924 0.2385787 0.3248731
[22] 0.2791878 0.2842640 0.2182741 0.1979695 0.2131980 0.2081218 0.2335025
[29] 0.2791878 0.2588832
[1] "Q-value positive rate for exposures: "
 [1] 0.3807107 0.7918782 0.9644670 0.9898477 0.2182741 0.2081218 0.2030457
 [8] 0.1472081 0.1725888 0.1979695 0.2233503 0.1776650 0.1979695 0.2030457
[15] 0.1979695 0.2081218 0.2233503 0.1675127 0.2131980 0.1928934 0.2385787
[22] 0.1878173 0.2233503 0.1522843 0.1624365 0.1269036 0.1319797 0.1472081
[29] 0.2030457 0.1827411
[1] "Precision/Recall/F1 based on p-values:"
[1] 0.3306813 0.8439086 0.4751697
[1] "Precision/Recall/F1 based on Q-values:"
[1] 0.3891346 0.7817259 0.5196120
