Average Estimates for Betas: 
0.04327105 0.06702908 0.1141339 0.1742519 -0.001162669
0.001269055 0.006621295 0.004043756 -0.003976684 0.003308177
-0.007691896 -0.002039609 0.01036558 -0.00869139 0.0005709375
0.005038778 -0.00296012 0.003206848 0.003228622 -0.002388346
0.001557157 0.00809436 -0.00391299 0.002128888 -0.002470626
0.006872155 0.0008357544 0.01458537 0.02142157 0.0004340725
Positive rate for exposures: 
0.13 0.25 0.46 0.65 0.07
0.02 0.05 0.07 0.06 0.06
0.07 0.01 0.05 0.09 0.03
0.03 0.08 0.04 0.04 0.05
0.05 0.07 0.05 0.06 0.03
0.03 0.03 0.1 0.06 0.05
Standard Deviations of Betas: 
0.09276538 0.08261986 0.09773014 0.1173619 0.08465551
0.07410819 0.07456259 0.09766652 0.08113953 0.08106736
0.0803929 0.06696802 0.09057578 0.09552068 0.07462462
0.07888407 0.09605628 0.07544782 0.08693698 0.0893974
0.08465407 0.08485446 0.08374691 0.09149005 0.08045698
0.08581032 0.08018474 0.1020255 0.07726932 0.08424777
Average StdErrors for Betas: 
0.0821181 0.07974003 0.08209288 0.07844012 0.07632819
0.08018652 0.07941913 0.08798317 0.07597 0.08311418
0.07687574 0.07706993 0.08101391 0.08224259 0.07909186
0.07329242 0.08118958 0.07620473 0.08203372 0.07707522
0.07816411 0.08167278 0.0846833 0.07908725 0.08237921
0.07862323 0.07911708 0.07817171 0.07822312 0.07821745
Q-value positive rate for exposures: 
0.01 0.02 0.16 0.4 0
0 0 0 0 0
0 0 0 0 0
0 0.01 0.01 0 0.01
0 0 0 0 0
0 0 0.01 0 0
Precision/Recall/F1 based on p-values:
0.5246479 0.3725 0.4356725
Precision/Recall/F1 based on Q-values:
0.9365079 0.1475 0.2548596
Power at FPR threshold of 0.05: 
0.12 0.24 0.45 0.64
