0.999999999999304 1 1 1 0.141430976256438 0.182701856895729 0.999999999852645 1 0.247331806879122 0.193861580427625 0.144763176285297 0.0978970771611686 1 0.264571348869845 1 0.232498159377939 0.193486183315944 0.181804184045198 0.16286057961958 0.185319909655045 0.192356953736582 0.179147801516235 0.176724394175724 0.164537273828135 0.180107581719789 0.212598852134073 0.155969971791118 0.13213750160195 0.146479417557161 0.173988116921761
1 1 1 1 0.189986037457349 0.250492812824536 0.144066128633113 0.15848817842734 0.155142541880953 0.999999998722428 0.218610894816283 0.140463189968734 0.185300430847453 0.230368639993809 0.212767043468985 0.235264305696381 0.280786949362815 1 0.176063340555707 0.21189411081956 0.227492326962738 0.195365988856934 0.164894702252411 0.216868582839255 0.167359069983335 0.179525805316318 0.168192100204893 0.209100006047299 0.12177267769748 0.222552522429666
1 0.999979858394461 1 1 0.103298429266819 0.0838667642687981 0.109039311609883 0.11524705097453 0.120826632805252 0.0736685084218844 0.0921688881014576 0.106066973003853 0.999999999999803 0.100867460468634 0.0836653761946813 0.131213030568426 0.125575144467553 0.99999991450185 0.0895225238921042 0.117636959561661 0.0992026721516009 0.0748369488053573 0.113070586448247 0.146257821806953 0.21945477015829 0.0598157759468557 1 0.117903102268344 0.120421241746875 0.105744248156336
1 1 0.270591257056563 0.282476465871364 0.234875832065782 0.280697535354402 0.259323022080309 0.187022271550143 0.4234847045109 1 0.329057495523313 0.999999999934012 0.213949694636963 0.999765042661134 0.205280619414989 0.999999999999985 0.183334223394903 0.238105851762811 0.269173278830531 0.318394273800457 0.339632283018057 0.182615052838638 0.165082055702545 0.268381751545941 0.200117360427417 0.285760334780048 0.261754836784776 0.315579584368788 0.200787021124813 0.300823837701696
1 1 1 1 0.112679186566378 0.136074524392017 0.179405256283128 0.148204952527244 0.22629483709789 0.169514952197151 0.122699472866172 0.18009749585024 0.146404365102372 0.151364975771914 0.175809156075062 0.122980473390857 0.128601697492795 0.126614906456187 1 0.135151182762019 0.17291864430075 0.173212279900656 0.151038652629838 0.246172387860983 0.169304533084171 0.135055690118988 0.0869178545066477 0.137225198174148 0.146392387077946 0.142681386212814
1 0.217184124205373 1 1 0.162456014151347 0.111319222024869 0.127887382715545 0.179730461817773 0.220705183803643 0.122146974558114 0.169553168514432 0.339955014288018 1 0.161007909994073 0.124898796430925 0.443744302570203 0.166304958981629 0.211085109497455 0.141503580944519 0.130517576965057 0.132270609753995 0.144793493382343 0.188011526493518 0.163723843724175 0.25869538874685 0.193620101213688 0.180883918787585 0.108942303443328 0.121031138046859 0.339478301381216
1 0.16634429396339 1 1 0.112570449075511 0.0766791066343995 0.119515040647106 0.176747747301474 0.12997138773488 0.10829750057083 0.934641063818888 0.141018429156976 0.196383055817054 0.164084419796683 0.999852954859328 0.126643685496984 0.0633507705244822 0.155724973457068 0.110961407982674 0.999695469933178 0.146399441397236 0.112823236497948 0.13307360470106 0.0926971232702327 0.105831613821041 0.14469676235973 0.142173851564262 0.138944516305247 0.761436444235512 0.123952397419948
1 0.221721649538978 1 1 1 0.188633060722183 0.242597915525225 0.164925267762772 0.335026230615465 0.175739023964219 0.1325652786436 0.399522817585086 0.150858537482369 0.176806655293354 0.140024775689087 0.138802731748645 0.20358182988388 0.348682220836668 0.116475116579676 0.127284346400977 0.166313878131749 0.195966915962594 0.111412974545462 0.1491671843473 0.119000065578328 0.146623881855026 0.356796489765809 0.162733855743094 0.132753053075328 0.159862250738751
0.997278940266513 0.169743784029658 1 1 0.184946915647501 0.0723670767259452 0.120801891375652 0.13556967910369 0.0946525138497301 0.0990971575406069 0.0944648420982114 0.131006278508252 0.12218045504197 0.0937438445344777 0.108523837558658 0.114856709875796 0.999784323997851 0.115573895572554 0.187007757100724 0.10026283753292 0.119353057657344 0.106980505885764 0.147968402077994 0.115084294062117 0.113354923536273 0.119672266206298 0.12340687950966 0.999984110469145 0.112538739931721 0.161951292148754
0.185024451308916 0.999999315174602 1 1 0.165736201720199 0.153286871340497 0.173776977680258 0.17276859489457 0.178654282777693 0.127378992281671 0.172979063518873 0.148956983614702 1 0.150023155250605 0.195195374876056 0.144088127735201 0.178250600078052 0.148262924072513 0.143337176233179 0.125283073627307 0.21219881995511 0.157600953569341 0.11338878354993 0.163224678817901 0.175798849044558 0.226373344906516 0.999690522348495 0.194545351070459 0.172833592938341 0.193433864051034
0.0640461431958206 0.99932528913346 1 1 0.0632866917345637 0.0619922494275648 0.0640946852729624 0.0621053656623125 0.0381880898623916 0.0568854748585705 0.0527994466058724 0.0427472801179984 0.040739675001812 0.0558481349003568 0.0875312735893002 0.0718930516902788 0.0727635834881369 0.109498294394196 0.0881676554036579 0.0889014402312435 0.0754234824744215 0.105588997394365 0.0562543238862812 0.0399122032891066 0.0685407574044783 0.0547114118777844 0.066136522850031 0.0653483944968352 0.0417650860333115 0.044080632962551
0.999953472143103 1 1 1 0.0441716485833329 0.051824306207039 0.0633701417924034 0.0449944755432548 0.0572485260482545 1 0.0525119618512057 0.0499907389076594 0.0570183538386734 0.0555132366084565 0.0454946761786594 0.107028265706152 0.0463580957825539 0.0539150273482448 0.0530297377614201 0.0731099599984212 0.120788800232783 0.0487334764281139 0.926567392604391 0.0529270254586244 0.0733288247336527 0.999999792726352 0.0634635120677927 0.0490471569104889 0.0658372519241861 0.0522714455854992
0.13264253437491 0.999983267804197 1 1 0.101730388848139 0.158845358588894 1 0.169799749798563 1 1 0.114940628413953 0.143584512347264 0.098971653164212 0.118798903748199 0.15474139200703 0.216169387363147 0.151164029640875 0.175500168560227 0.101897779649886 0.176240580761357 0.166597589018239 0.999999999999878 0.999999999879438 0.178043528519932 0.140511174528745 0.0954659645898195 1 0.129912017338571 0.127335980107671 0.257587543780914
0.226659226989024 1 1 1 0.162447555557281 0.167404532739207 0.1798689670317 0.999320844445123 0.144335751928323 0.181884752397415 0.180276509286526 0.2441392475495 0.127480248727029 0.183015093838219 0.130716199639446 0.999913120557061 0.29111942554519 0.171723637439657 1 0.233056203873524 0.163207399732239 0.158884407550555 0.111308409443186 0.194464933794665 0.155770982431486 0.178381099032352 0.156788815617346 0.198625423697904 0.195813087336345 1
0.192654946488665 0.917552369931723 0.994786467712715 1 0.139168301731412 0.179982250078803 0.164929871842716 0.139483499460492 0.166341261969768 0.112366149604991 0.182002842721216 0.121493812736526 0.135422001146152 0.187425097360561 0.115464677194025 0.130774044923339 0.168937280046542 0.103728254969042 0.147547550001444 0.249832990838814 0.130180798044223 0.139318173496924 0.147422398000854 0.11436540467911 0.154613922580505 0.101778933422514 0.18593157035885 0.127807076414406 0.220149314256074 0.163839919563108
1 0.999999999999999 1 1 0.236578982958639 0.132432715752092 0.239505698810299 0.203687261965984 0.167932793673389 0.194918035498624 0.24630259268172 0.216453797299958 0.26385534650432 0.999989064941372 0.302007326010134 0.2649311687668 0.219594019737229 0.23440362295695 0.232471657644058 0.23555820507667 0.274007559879636 0.179093647812402 0.131536342689854 0.221473494092865 0.254321018775151 0.293565951347168 0.199910153588913 0.252663178564102 0.223149188155134 0.257790429221745
0.611524443487697 0.536101172550813 1 1 0.0903435378145522 0.117066265373758 0.605408720978521 0.0918719614988981 0.132326231902207 0.0914138791157215 0.224022199430136 0.16878134039894 0.160484929284352 0.133054267802743 0.188891793209991 0.124893377962323 0.109891608105554 0.112678537060077 0.122360324037752 0.192859677003467 0.122166344790888 0.1110575633365 0.15894285713763 0.136753518807002 0.163416805605428 1 0.136244937663113 0.124658630106281 0.0837313597902484 0.180813014963085
0.999995052520638 1 1 1 0.157637079182395 0.194132403817185 0.232364291220576 1 0.191063470937712 0.263889981976214 0.301497750927495 0.188279910040515 0.254370327918178 0.145455372293717 0.27683897718712 0.195604534506298 0.24050133011886 0.229583790617382 0.228206434248786 0.27648872116298 0.24494724768615 0.163470284660434 0.254319814474272 0.999999999922058 0.191948538364475 0.228026643186984 0.19411849901191 0.183733498017862 0.228717291330044 0.211803465845662
0.157929058525224 0.112878837585969 1 1 0.13167704885283 0.999999999995169 1 0.088159180943313 1 0.077738352301331 1 0.999971136360292 1 0.109638780139426 0.205137173093243 0.999999999989502 0.111042818624093 1 0.999999498352451 0.0771112659958926 0.16973383170933 0.253502726606545 0.99999974876732 0.210916185507082 0.131219162448055 0.249881036761896 0.163596032454392 0.12508354175278 0.191953428408031 0.247018862237658
0.999999999901782 0.164261445410908 0.999999999885324 1 0.117243869167101 0.999999999999992 0.111248967582361 1 0.174667805461964 0.127655490472587 0.999999999970965 0.312590218326691 0.108773659234923 0.162309470551892 0.133239612954069 0.177040310101577 0.106055570380836 0.108394507715284 0.149091423713481 1 0.149445674442473 0.122730990198871 0.213716546552813 0.232201780896643 0.152526238751838 0.118166757349652 0.252447012552906 0.999979399903294 0.111228869170881 0.111317463777337
0.262538430629279 0.999999109704768 1 1 0.0977253155546092 0.0981993048256175 0.05298455211833 0.0933323203711668 0.0558260350382295 0.0941087862490082 0.129604601478632 0.0472910803487956 0.123871812504945 0.0596175380131141 0.156224661694652 0.057415867819831 0.0855726291288601 0.0578962885190953 0.10511485471138 0.092055712951718 0.0806430781584239 0.0972671283831227 0.120760833321424 0.122051134423352 0.0764679354383512 0.0806873223209081 0.065950341639792 0.0696810721391741 0.0870424777197887 0.0862321800053624
0.999322925777672 0.999999999999997 1 1 0.999999999900124 0.99020407386167 0.139791080538977 0.0744755352829418 0.110929017279262 0.0811656364465541 0.0490900339099279 0.101302420331655 0.158745012074833 0.0946545709913518 0.111986694884636 0.0773790161415877 0.0647049261510785 0.0814807004939517 0.0819141553097487 0.077103471176989 0.0910076390304585 0.0612813678905069 0.108100512635258 0.0870594550621703 0.073309687151403 0.0891653388445126 1 0.132147575605761 0.0991465800053705 0.0717113924675652
1 0.189134676687706 1 1 0.233788915676127 0.293089667034328 0.160932138901091 0.224132994821549 0.244439722763927 0.155057739933501 0.388525667189241 0.216460127370215 0.236199139233194 0.171760397190637 0.230861881175315 0.986655796909874 0.194845267403151 0.286249413402732 0.231388915090058 0.206705162583901 0.287931976754003 0.146526849929641 0.20963342438507 0.213938922646341 0.999737468613406 1 0.232708551248403 0.179275488472152 0.201658783304299 0.2791429160446
0.999981007781775 1 1 1 0.13713641413258 0.805908080850063 0.148578090638164 0.14328368644505 0.0761309900678255 0.0909285051015987 0.101489256213815 0.0788431003389209 0.158414289106951 0.999995130364977 0.0957638009131651 0.105284152276489 0.0773530017143415 0.121827886930178 0.136968339608098 0.101669639574638 0.15602512219679 0.136821737889291 0.0813847474454983 0.351118107609596 0.99994872286973 0.0963018653733355 0.0959479062758066 0.106929855562999 0.0902369253123141 0.13372197876695
0.842740751322221 0.994243570349063 1 1 0.113346870939387 0.102055294245383 0.148961942335821 0.130305886580828 0.0934134199539044 0.112926815856874 0.172953993731949 0.109639116829629 0.153019579033371 0.124851534450658 0.0900312841016521 0.152724258248141 0.132451753582002 0.0906437955677042 0.131419674103519 0.0947055713580619 0.105591719607266 0.151155803687649 0.164052780356159 0.165018521704683 0.0989591928467025 0.270200776063319 0.0899770892271899 0.324885046716834 0.104362508873407 0.18004327577384
0.999999999999451 1 1 1 0.99999992003043 0.0967977398062285 0.147742255103907 0.0735929636182817 0.132164970986351 0.159195735227161 0.999999999999999 0.211987842949256 0.0980712796293308 0.157385238834213 0.0932139806154361 0.0801750245999462 0.13501580736282 0.112428076337916 0.103590694095284 0.115794897747821 0.136892239831116 0.158128135513561 0.998133914377885 0.120100980949065 0.127080857854207 0.104195969047326 0.115453082905363 0.127229985066092 0.107708479368382 0.999985354888677
0.0615232966690497 0.999999978096784 1 1 0.0535340464233466 0.0676776221628863 0.0511219666292633 0.0488442726901767 0.0453959597108707 0.0904991800414993 0.126108208069512 0.0414278846119439 0.0410897870380835 0.0309321335261907 0.0490730489699628 0.0537199420695681 0.0323408412328549 0.0351055990635456 0.0314807950046582 0.0284431135843279 0.039092077206912 0.0579254587637273 0.033108428086876 0.051731161268504 0.0544638814315036 0.0361992857908849 0.0441401808213586 0.0440952437687928 0.0472514362428108 0.0307859279092983
1 1 0.999999999999966 0.999999663322956 0.999999999999295 0.999999996550065 0.155795308799786 1 0.185274298441042 0.146707682462953 0.214880299980056 0.135565383682461 0.132502453184044 0.123905304261743 0.228026215594356 0.14445758537103 0.999999972391948 0.143311745790882 0.175240595014466 1 0.998695987982023 0.140866322339499 0.240796978282217 0.131451885093848 0.999999999999841 0.192693109874982 0.109589316744927 0.209072157611038 0.237904641107021 0.190816408035423
0.15277048600884 1 1 1 0.0377024433371472 0.0876232903348338 0.0794986349050358 0.0777155419330446 0.0516623082974066 0.114223896329608 0.10697575133219 0.096812295400863 0.0644297410314512 0.0312433788717693 0.0332666865012197 0.0527684556476797 0.0616728799756421 0.0453470781464429 0.0803694324451772 0.0356674798805107 0.0594369174793904 0.0346670740111259 0.0469605306445271 0.0411072351280924 0.0964218890456037 0.0525988350564064 0.0337456354235105 0.0274174124682185 0.0696633770064489 0.0485011814642429
1 1 1 0.311510511317683 0.319009457563596 0.335488069893023 0.489713845353227 0.430860892408043 0.418068439789767 0.351391549051156 0.327130547220382 0.38130131310673 0.480715629664403 0.286331946849553 0.304725222855482 0.30417169995252 0.287637942846276 0.388902604153237 0.326612617740988 0.308689696810783 0.349878555612745 0.999999997543762 0.293061405129116 0.40824691281712 0.36633513802461 0.281087554649403 0.319131724934608 0.412310377044266 0.298827485012593 0.37456471212481
1 1 1 1 0.115192310846342 0.174322622314426 0.1297368312251 0.162980432648038 0.999999999999997 0.1462989476337 0.119205761830772 0.203106073936195 0.124058292288098 1 0.223032565550889 0.267596709858468 0.109718923654197 0.17651003898703 0.111832661141542 0.171995444420727 0.999999999999352 0.135164206949364 0.24481758333508 0.213317558758437 0.125925557362672 0.0988890940867455 0.119705265449894 0.188920051886701 0.150418105279622 0.123819152890852
1 1 1 1 0.353971259863112 0.24503345056025 1 0.170421888906869 0.103496476604274 0.115045907457998 0.120795760344557 0.102396246380369 0.0818321484948283 0.103082064702252 0.163162600642014 0.0784141912234343 0.999907746477458 0.0817193447110073 0.0748370215202173 0.233566641678805 0.133377141666147 0.0830071716755353 0.132080658113781 0.092420234390254 0.0648378271517938 0.148730819740527 0.185903007485668 0.160680069483215 0.999981661053552 0.0795137003359798
1 1 0.999999999999994 1 0.0592788712672865 0.0709198448453113 0.09724164673894 0.999993552089287 0.0668587362459989 0.129287972805113 0.14521053598615 0.140177015666789 0.0953455852650946 0.122687338124603 0.0809879057981083 0.0818188409409444 0.128616019957117 0.135441014980135 0.0793599549442454 0.999717974868725 0.108831884397558 0.0920525639015001 0.125243581445373 0.0808723163805081 0.101902003540855 0.146429148726067 0.113642644738382 0.146010868086604 0.923735348232126 0.100899487057823
1 1 1 1 0.0886010951705061 0.152966702659552 0.087201497834164 0.0663241790551966 0.0676606945543857 0.0757824719885312 0.121641055756056 0.947273264834667 0.062436870307968 0.101174644555589 0.0858078157819933 0.103744942288062 0.141656593108479 0.07341154112034 0.094697328116185 0.105768120607196 1 0.119254457516242 0.0987043437492762 0.0431821623825797 0.0647883935133589 0.113868024921728 0.118808207382184 0.0882199609374891 1 0.98601928538608
1 1 1 1 1 0.267760132362689 0.999999999999923 1 0.215646562959917 0.16132940248135 0.297448652206675 0.183204792935836 0.226646558803358 0.196214463788991 0.146955486038949 0.158603682326634 0.169448456902883 0.191471621878763 0.999998702913355 0.184044627018723 0.180202729927871 0.294348009215554 0.421084957441808 0.18833135256679 0.214736530680779 0.168929315451123 0.292776949871368 0.137036317666737 0.273782395371781 0.200782505652714
1 1 1 1 0.132554559534622 0.110938612747381 0.156575568423687 0.135132883915004 0.0995417938422017 0.151996738883319 0.160821309734615 0.130566866347078 0.193667529743532 0.0873593054558948 0.102930346560974 0.098989602437544 0.999999738588965 0.106046875201203 0.106050104920613 0.0984653313683249 0.109828900223141 0.142522024649924 0.116264340460021 0.105696106538435 0.138412537557654 0.11503656283002 0.136634630895214 0.99999999999118 0.115361192539039 0.0971334806990054
1 1 0.393126227687208 1 0.288718230510739 0.318402173900301 0.335615464974372 0.41613303441939 0.240598673674416 0.345784803416515 0.367757781862488 0.261856170198199 0.425886308686353 0.359635409193811 0.398136439560513 0.292652587546901 0.266471525776624 0.338250185273423 0.382062386781845 0.264078605973167 0.502876202610261 0.341967922529464 0.343740218370987 0.352027321250214 0.34589726819389 0.337686865460172 0.318083348162223 0.368627401956624 0.2717022024992 0.274425304316136
0.127162621693493 1 1 1 0.0843117837439056 0.088297295892007 0.0793794061096778 0.0885461796411828 0.0791090957428046 0.0886133645417916 0.0777740140281254 0.0742187118112627 0.0843801023812152 0.081665104196455 0.07944886372038 0.995142792763422 0.093129451601455 0.126375486197542 0.132684474190212 0.0771707659798605 0.108720907914223 0.0680719237437373 0.0797840939751697 0.0728180160578195 0.999387254894392 0.0733530986004124 0.0625035723041225 0.0733762228119049 0.0962305125421132 0.0907906662125789
0.999999999965735 1 1 1 0.225336589425851 0.44071978913934 0.238200466402803 0.24111727886791 0.232692811806605 0.198827352392805 1 0.384119967557563 1 0.193279823632031 0.242772666057574 0.203685371416281 0.170118083343817 0.233497542817419 0.152402738859722 0.116900900006459 0.189221327350947 0.21700881858111 0.193989879817381 0.999999998543955 0.259212081355746 0.211836565258684 0.197431388701266 1 0.224815092508772 0.28077567473844
0.999943794872314 0.999999999837038 1 1 0.0743617214081184 1 0.0843753557627999 0.0699605243590521 0.0614749601039594 0.062015007121044 0.0849695288826725 0.0473205727950526 0.079219043424834 0.100599983522518 0.111607721414462 0.0498889461493617 0.0946697416543989 0.118531104122614 0.955112691053809 0.0858047883930975 0.0681055243170231 0.999999999299736 0.078047188704203 0.1862863279188 0.999760264568745 0.0711597966856506 0.165952180305443 0.0776219758012022 0.0438355182295104 0.0924230733414303
0.999960806602449 0.999614391186752 1 1 0.0563674898951486 0.0692471418332433 0.0835784585257839 0.0526399507024876 0.0565802283539883 0.0732379899753191 0.0660690013436809 0.0879073783914945 0.060200922941568 0.0629623371577862 0.0990243404274836 0.0595058957225375 0.0708228117179117 0.0741864515438374 0.0734435007189829 0.0581103111268837 0.133724115601986 0.0682816424167744 0.0651247991732193 0.997456158456586 0.0560043011474911 0.116874132174144 0.0842626043443282 0.0457869636111519 0.0623709462573603 0.0608356347362271
1 1 1 1 0.10810725768402 1 0.121482279318895 0.125057857477862 0.313680180071607 0.152496457013734 0.137229387480949 0.0962771517287699 0.203784463522717 0.225096867311147 0.102251159981324 0.126540240522945 0.228199887244708 0.12322572673979 0.0991024221731603 0.999999999999993 0.999999999999997 0.0635928020802287 0.0964951322461088 0.205885252923232 0.186748027996227 0.150311142002927 0.106110353800199 0.186980895676107 0.125512086501117 0.0877626924267333
0.999999690245367 0.217549698081519 0.999999999997096 1 0.190581406413912 0.141490907231354 1 0.154048986478119 0.220850681059941 0.848247435620485 0.181393275777858 0.153231232697856 0.116572121314255 1 0.180078494180577 0.178654707928514 0.198746188288804 0.201394235078078 0.230225367478471 0.224316626180861 0.193284926960315 0.161004466306036 0.159592555112335 0.207705902943463 0.213322871379945 0.140832035766235 0.191106014983481 0.168084694590175 0.183738468727234 1
1 1 1 0.999999999999899 0.167939819796894 0.999999988726184 1 0.191295502206401 0.161547510069131 0.163726193757558 0.134268859583305 0.212831867920273 0.162518958866824 0.155428680341345 0.0881439432454441 0.151161298568994 0.169615046763976 0.209975800625216 0.152206620106805 0.280139070952912 0.1176621830954 0.164857749890265 0.14166070873805 0.999999999995433 0.20668262403598 0.192031589303035 0.171230881853433 0.202739668522748 0.179687462901657 0.206670124566771
0.162780486783253 0.999999328169312 1 1 0.0766936905390685 0.133494299687951 0.0987860310596234 0.117241940206728 0.108148439613412 0.146526019211533 0.0665992329940395 0.999933284672893 0.122070467968057 0.111034687743446 0.152346114320805 0.131131075176545 0.0965883296756597 0.12780856433908 0.078866423332749 0.949791122331928 0.29405455242615 0.0941532046609509 0.19534729327955 0.0970640838982444 0.135507732016864 0.140455929743544 0.174108744227809 0.155464653955652 0.0702716277215408 0.11005870666288
1 1 0.173748238785705 1 0.234623964208556 0.999999999676005 0.104693709306218 0.999999969728414 0.171200649335569 0.16631677329605 0.129078103773309 1 0.202376941634907 0.157346893222452 0.156788900162572 0.0994592483357369 0.176232385911516 0.127705011059064 0.224703701105938 0.205652416454685 0.0938086993041357 0.124463199692491 0.124877569999265 0.124075163846778 0.185102655467613 0.160933058581485 0.102254947135638 0.152519798026254 0.0961031307520265 0.104237477236682
0.542778178775768 1 1 1 0.0811695643176009 0.038390739065473 0.0684559190874501 0.0999665234427033 0.102855028218775 0.0767369527936859 0.0530609969091067 0.0636215686661336 0.0354940531163773 0.0366252369447903 0.0553727249890557 0.0622564341587399 0.071649590701571 0.0616187429837302 0.164892393968791 0.113860564525146 0.0950303875214383 1 0.0737126786113579 0.0755916127052735 0.0790294984017906 0.0762951071214857 0.0414012220428565 0.0710051070579295 0.0446458077621168 0.0616159788226416
0.111724021002078 1 1 1 0.0723951628140508 0.105897347651348 0.0543135171436417 0.0761239156701164 0.0750288603064327 0.0602843256207838 0.0754348414934565 0.148607917113067 0.0896332142345381 0.0601610441872567 0.0980551886374289 0.0611389151694256 0.999999999997987 0.146595419375426 1 0.0621528824316007 0.0735410583612552 0.052094969509355 0.111674704833476 0.0652518609510409 0.0872643343902635 0.0722382644118488 0.129129905445979 0.0757614825071691 0.0508820006181168 0.184423919554048
0.0844407425637659 1 1 1 0.0807985924528298 0.0795237705544751 0.0478055373617634 0.0539130910715202 0.0706030505695785 0.0604461064906376 0.0588855139488831 0.0648842375441939 0.0637447834008407 0.0566721599533061 0.103979914712689 0.999999991296992 0.0451085426700347 0.0599983617715923 0.0530354612806021 0.0920124343864225 0.0638803238217057 0.0854828623841689 0.072222984429651 0.0654733917901552 0.0915315508686499 0.0676294349932262 0.0856702337731413 0.0641595515363638 0.054750122387619 0.0384889873717432
1 0.0872891721707533 1 1 0.123299074196847 0.182960479208832 0.0705538003643558 0.999999999999998 0.0802256416977445 0.179998814370486 0.140863884455388 0.185613065657978 0.137901458200831 0.0895867538891498 0.0924617572825212 0.118030134167779 0.0702610913981284 0.113229457419185 0.145775296947609 0.0932905073850117 0.127342444670607 0.0862407516805093 0.0965065749674539 0.130191197596755 0.117854643471111 0.123098091066316 0.187035589579824 0.225569072819823 0.168754484928317 0.144339819354918
0.992639702344015 0.999999999999988 1 1 0.0597629571912832 0.99999876142495 0.104818731536577 0.0655773282901473 0.0440746432557976 0.0691070929174943 0.0694314824268184 0.0765639324712286 0.0940280222253462 0.088561978030603 0.0791379615348 0.0707410833705558 0.102828046716049 0.0861958568313091 0.0510329745452877 0.0819488560582066 0.0945789650827892 0.0919819561927071 0.0427495315616639 0.0961282019474246 0.0886774480021011 0.0705709278491737 0.0628438816910251 0.0830428362520585 0.0883666903515924 0.194885962164816
0.999999999954798 0.999999998209714 1 1 0.0485826158217308 0.968007469951167 0.056904330143394 0.044646328427958 0.0770465773691215 0.0428673264451486 0.0841871122232147 0.0593750710059041 0.0559914072481855 0.0281088490252559 0.0761216100469683 0.0652335401000166 0.125977868284915 0.0558696121114858 0.0466248205262421 0.0535552669511188 0.0662928616880598 0.0615667932734018 0.0643293054721963 0.0754004538716588 0.0732046453534834 0.0784669138331044 0.0956002119810609 0.0599971084465846 0.0545362987807956 0.0649722019280385
0.171650355570002 0.863466723816271 1 1 0.999934681352085 0.999715465168805 0.0858226369403529 0.0827455250264345 0.132862198682216 1 0.0633026190133107 0.10455518348941 0.0534215633129917 0.0883953467600016 0.14566633357974 0.0973737281109271 0.113482238591664 0.0854289392101922 0.101311869940722 0.103253621970691 0.120137040082364 0.082438966124653 0.114569574743303 0.123445668662829 0.136961316059133 0.130974270316754 0.206507875790881 0.105042919558831 0.127657644287159 0.0691222980990317
0.120012669199375 1 1 1 0.146342182560445 0.148807416376603 0.119379165643494 0.109594379367863 0.208796725468638 0.176847646092542 0.298239975072674 0.129903609354531 0.999999999996406 0.138040174698345 0.212519374532437 0.137691371269534 0.166673922549301 0.158975238880673 0.999801994124323 0.973981982300213 0.112013785234653 0.993551795754593 0.142056906636764 0.150234004080213 0.166631665519755 0.999998981721201 0.114501368423391 0.106106042625064 0.221892062252062 0.156336092060802
0.425749086380183 1 1 1 0.369181609728672 0.999870675969978 0.63391688865162 0.425862727628547 0.603200461856785 0.405895420820411 0.413202100205015 0.613277355112712 0.309559962331862 0.380873772849689 0.488085568404266 0.535886505674781 0.999999978199015 0.630457577712383 0.432643820389954 0.407877692190332 0.999746130102428 0.999999999505437 0.756439833703345 0.345557069365712 0.45119002367386 0.298147176003945 0.370381007326947 0.382640086059034 0.574496333354244 0.999999913906221
0.163324263395788 1 1 1 0.0611769339386951 0.999999999999999 0.0662123122764273 0.90933095690031 0.0639787481234818 0.0722380223218346 0.126352492040468 0.14118787913923 0.090102431882443 0.0649913797717161 0.0777281798365167 0.0588544006367975 0.0777017346219525 0.0766789265132927 0.0714246428688666 0.0704615422944939 0.0616734011404426 0.0746077536318598 0.0703176551284942 0.0723396965912387 0.138618587082206 0.0646135817909856 0.0595205011192371 0.0638140191971933 0.0542336309923439 0.0893060756825292
1 0.999999993775729 0.728493198302556 1 0.331979014417433 0.296493387700913 0.203215278884671 1 0.238590672974784 0.261493803230837 0.290588087112802 0.289123186367118 0.235320701926622 0.476958024588219 1 0.286050985949133 0.262435505967134 0.227610665432524 0.18493174343829 0.289522558520907 0.278841971446792 0.19305944064079 0.267695125168582 0.415636601687027 0.304777061041031 0.25819034921193 0.240701314793306 0.240942417308701 0.275145579304127 0.274721127491341
1 0.999999999639233 0.99999999999987 1 0.189837381123414 0.136387952209562 0.168299263466462 0.175491880652578 0.223583164686895 0.179460769485422 0.137933911514456 0.207407523632613 0.233557809806704 0.217707165281744 0.22778798601976 0.241238682840066 0.202211415214584 0.247271421753238 0.158787399097658 0.184733911166187 0.177045079098658 0.221459061803369 0.163850285041022 0.155694202814708 0.261748619013335 0.167960085087663 0.19243666871118 0.225678521384444 0.221717354128657 0.20625700736965
0.999999999592268 0.999398436701041 1 1 0.167053433839214 0.249038161807819 0.114005298167562 0.150629770148824 0.128681046904209 0.165419830921989 0.126520239792842 0.196910657632136 0.106320814366183 0.107444438010855 0.103178264585092 0.170430801938295 0.244672709173059 0.21398419791635 0.999999416592971 0.129006944004291 0.205965709765755 0.120893327744506 0.164343875276908 0.16300786646069 1 0.138267682655667 0.999948939202665 0.182939441528469 0.151972996640227 0.157439004428862
1 0.999999999999541 1 1 0.175628517660155 0.160854116713011 0.143192539213192 0.999986681588359 0.911984436239959 0.184673648493594 0.169416373598449 0.122783355263236 0.126999101234868 1 0.28560134128425 0.217506097480622 0.198509148715128 0.236991056678325 0.0956981314595411 0.188066930446601 0.129179395380332 0.153378012868293 0.147152041568889 0.172828570232646 0.150873103709088 0.151882785410917 0.181804148844915 0.145597524998009 0.230328695376868 0.164571731575656
0.999961461380078 0.878107982735949 1 1 0.195865245506572 0.199305437483114 0.129726970217848 0.206459216589466 0.167135601895144 0.0988203594280554 0.163530120587165 0.184002868920992 0.182941747707268 0.114525410726153 0.188509504279506 0.128674744289701 0.174935545503266 0.155212013551673 0.211495300125436 0.213768743311589 0.99999995191869 0.136935588498276 0.171445240953757 0.13328506988134 0.221651949880243 0.133560815221686 0.105011754007249 0.189720589235058 0.13516190718874 0.186184912500685
1 1 1 1 0.132235209372072 0.118202952089646 0.0915347471759319 0.126332287791238 0.0975050622298549 0.144467524991715 0.142113349957718 0.999468785346711 0.163899251923609 0.130556481271188 0.0644709193584945 0.103597152157099 0.10210718385855 0.144223405727389 0.106494679356364 0.0847797538159741 0.108404973741833 0.999999926369571 0.201656758147431 0.124703056167041 0.104774287657046 0.0895834602320872 0.165609235876817 0.999999993543115 0.086265702767216 0.100324025137006
1 0.342182583369117 1 1 0.380302363065018 0.325446904692567 0.33801872234944 0.305700547974688 0.328596659704191 0.22397444771416 0.351731998187892 0.275792806346301 0.22659861261158 0.217725725180616 0.19955119383979 0.339706217779304 0.288151399530056 0.388062080629107 0.268561720536375 0.289452730667189 0.352710468684863 0.303951218195753 0.370742093776578 0.213445026931476 0.245605856152518 0.307176467960667 0.294055181985536 0.279016143989891 0.165671322804157 0.318631077476924
0.99999747194307 0.999999999814272 1 1 0.0526867823360961 0.146560072282055 0.176881634708947 0.170739217831053 0.393970572346806 0.250116375125218 0.130728933960654 0.198150512622472 0.999999999933609 0.178883690794524 0.110489520769801 0.188045713109161 0.102623957298778 0.124041503532367 0.193461356804223 0.146031617945049 0.99999286999327 0.100429506972073 0.0850537837189617 0.189114630217352 0.0969266958122117 0.0955885006267286 0.301200636636113 0.144834216293572 0.110082127185445 0.106360989202645
1 0.22268108128252 1 1 0.295660090033414 0.265423327986137 0.394105513129985 0.415800614979426 0.317010515932137 0.235230525442337 0.289175870097801 1 0.289569360549322 0.293366964013216 0.248700136858046 0.486235734735163 0.34781628766952 0.275965947214231 0.307165547059138 0.397563247067901 0.22695204235546 0.212918188166942 0.192820671777703 0.98881410481437 0.298243138875498 0.60805419498619 0.25795841324274 0.214937876477252 0.283290130237319 0.22293188617319
1 0.999999995742782 1 0.999990379947885 0.140365163110832 0.197229939918714 0.16682197992596 0.145479342143033 0.998309265065835 0.999999975120145 0.203311066370899 0.141131687707134 0.174910562771701 0.138795286715082 0.999650836618726 0.143282227789901 0.176023385569849 1 0.155246401228852 0.999824848613189 0.19802560019388 0.999999900529587 0.0796530180298326 0.228955238515452 0.178368978377691 0.134881241070595 0.210719534510549 0.155798120006275 0.99597271868904 0.150060557001866
0.127975190939994 0.999999999999946 1 1 0.107482279231305 0.12709637233749 0.126778886909673 0.103689899162225 0.155922479956042 0.115787345672661 0.148166612604458 0.998618432789401 0.152960398437702 0.108164683216121 0.0967453285802544 0.049635100607336 0.109463684926417 0.122251354267769 1 0.140709579471224 0.0882903478490084 1 0.131436093257456 0.0941288882529672 0.115324665087175 0.119837204283722 0.058296417985469 0.999993484670692 0.130002872146596 0.124013992188033
1 0.0884921181065693 1 1 0.0663615402233436 0.0805334451677512 0.206147717457148 0.0426236704253437 0.0660369788621661 0.0431979599879589 1 0.0707935650937204 0.0860036247974092 0.0586907789728147 0.0792601330899256 0.0691377649019278 0.102721116984038 0.999999999999894 0.0805190098039882 0.0545580964907412 0.11173244202774 0.159370598155626 0.145267036240489 0.999999975622851 0.0711081708023407 0.219266032722696 0.0657104885900504 0.0719191649480216 0.0965611582550374 0.115730184658119
0.999992115706716 0.999999999999941 1 1 0.251610513691535 0.263472295795137 0.229343654724181 0.282457455722983 0.247209273080802 0.243945501059933 1 0.230880759996355 0.241708017187079 0.442372008874866 0.306123366422194 0.265252266729691 0.242261315547373 0.15715854769689 0.226856487370835 0.299455766269884 0.222466099482307 0.324607963750916 0.266871753765693 0.286113787586969 0.263503250498635 0.279384897896916 0.278734754584952 0.430683577128104 0.182046921918009 0.432418372414522
1 0.999999888820521 1 1 0.126188049803872 0.999999999998132 0.118796633808192 0.174514242463301 0.215719690966033 0.999577080305285 0.129873749566888 0.178418985771111 0.24499590802595 0.159113634639407 0.204955758070433 0.182327258043712 0.244406863233219 0.173790950730483 0.103273798900819 0.183164859953658 0.104397078612719 0.180147489936411 0.194289254878519 0.283601657706052 0.13355423518177 0.139699571155701 0.334783358458761 0.143408904826956 0.99999709905356 0.14664519669588
1 1 1 1 0.146407750195355 0.132379808053918 0.147222345633197 0.185514570962018 0.167857331279375 0.178655564144938 0.222243693579458 0.135962178361166 0.195151163881162 0.402264554159069 1 0.793183036818751 0.139159517528941 0.1235232465242 0.216391016880483 0.151470968923852 0.126098003286743 0.183837118292063 0.215805371366848 0.135330088854998 0.132175559565909 0.220973800231161 0.204818515714573 0.364958485658245 0.19505075339908 1
0.13161957634594 0.999999401977792 1 1 0.0825870542805086 0.11747740208785 0.117501789799276 0.0616757398892108 0.0956117423815077 0.34157400535549 0.0655094172298138 0.0987237361097114 0.126100137482235 0.100936412866625 0.116463099212159 0.065054669149239 0.175479418033722 0.113187435307614 0.0833574119696032 0.0938019805577247 0.513319432365661 0.147370433293609 0.0779663308308645 0.0935477658441324 0.0870929577377197 0.0843466267658437 0.166341792245566 0.119805933916264 0.167508792066774 0.151717420399935
0.123790895743521 1 1 1 0.147217219640549 0.0758776491101518 0.071536030445571 0.105677266624808 0.110478069701508 0.128898972481225 1 0.129354600181085 0.0868057481499304 0.0668991665375124 0.106181851038597 0.0940092134135032 0.069098936229084 0.170299941995484 0.0827910259872477 0.0986463726237098 0.0927586967116671 0.0652178939213973 0.143882779409869 0.104275718038709 0.105371130673569 0.0914427625763168 0.118807542086957 0.0756011531052945 0.135394105204359 0.0702589814940286
0.99982643161885 0.999999999999784 0.999999999977986 1 0.135574883866124 1 0.113509930503391 0.115773502052374 0.125570413052843 0.105357815322414 0.15864391669398 0.209084903527584 0.989525887934311 0.166684326620493 0.0965376541207553 0.999999997058034 0.0869781367207565 0.0652748404115886 0.162198576286228 0.1236973754616 0.0953571472640584 0.133397840519705 0.086208257375371 0.132538709487366 0.0864620223341201 0.166342651098339 0.176210271506002 0.999999910353987 0.125015776618512 0.98831897466664
0.143987821591828 1 1 1 0.0792273619337922 0.0818313270157193 0.0777957497571259 0.105405877221393 0.0685349553770358 0.0621891906785003 0.156474342814583 0.999999679014604 0.0819372334797314 0.1140232349213 0.11077814196522 0.129012804359662 0.127293790475693 1 0.166707103258217 0.110641902777241 0.129844390888156 0.102761915945852 0.0836989857980219 0.112406032224016 0.149634427745164 0.124997808433408 0.0525927613552968 0.0899798271362647 0.0709817041621704 0.119733577045257
1 1 0.999999999999704 1 0.0858641816614801 0.057687575556894 0.129334359012615 0.108411276898496 0.190128219046282 0.074688512538592 0.260071966496372 0.0540176894836497 0.489606694659146 0.0935760646933544 0.067937146699002 0.0839481476308197 0.0692304103351868 0.0825423132893924 0.0564836807498774 0.0707945638822787 0.0798831176966647 0.0530104945250106 0.0658179285197565 0.103765892584345 0.109629376721443 0.0908025090222678 0.081897626899287 0.0698479927039576 0.127333017929586 0.088851061704922
0.999999999999999 0.99994390355264 1 1 0.0882318778668756 0.0977048962651169 0.0928853498847524 0.118212252566726 0.0748183309066137 0.134382321292902 0.0773282543699878 0.0929520319433303 0.0935486175676316 0.115136675934833 0.07799497585116 0.0746267226881909 0.0710641553342392 0.117388305568869 0.0733050928888759 0.0608275180878368 0.126174637535241 0.114189586574246 0.082051175031023 0.117036548529716 0.083952994241988 0.139142314103431 0.0930796757710703 0.158817517690583 0.071672229595318 0.105898680149223
0.99999999303624 1 1 1 0.127404857202605 0.107402847612752 0.131743906703938 0.0761439040988253 0.111669491267203 0.0967827810089613 0.112376914009461 0.0824332728713141 0.195591759192585 0.099872857960831 0.0903007543671114 0.104505122109365 0.106053835221808 0.150418173176145 0.113287563521477 0.130820397661774 0.132032262998339 0.0927409751113597 0.138018750058689 0.111172684420571 0.186319531204184 0.0870134550146228 0.105533782344769 0.0793424278493842 0.0881265837236903 0.0856446538994362
0.999999999964565 1 1 1 0.0749876564899944 0.0748649042941294 0.999999999871806 0.047110103131944 0.0631946709533753 0.128892577855177 0.0586343921136716 0.0999822984767643 0.0622649908848026 0.0495830845847425 0.0636947146060822 0.0844018545306803 0.122316752963179 0.0731763512800121 0.0615859926217924 0.0596480616253025 0.0746245846050864 0.0619883052702809 0.0604480638010856 0.0642742345756033 0.0563875304655339 0.069014665382214 0.0885550141501559 0.0626393383453571 0.0586453334040775 0.0891874994606487
0.999999999700863 1 1 1 0.114017313305728 0.142042195876831 0.0716738130397229 0.11339330578754 0.162157145454749 0.134559715291851 0.209249939119762 0.0787244346025555 0.083105011633732 0.999999817619279 0.214382963030834 0.10808735259136 0.1336172144896 0.115272475090485 0.123261424845447 0.0894686752990712 0.112951567430222 0.0973808789164562 0.116061283933366 0.110699794737003 0.100749226356827 0.109974940712841 0.0824745158768494 0.18346547472035 0.065176904334216 0.111398518971988
0.999942522663064 0.999999999935245 0.999999999999874 1 0.065762257452853 0.0664342057793532 0.0496044242800253 0.0541105107409097 0.0664371713912273 0.0911571370193843 0.0551564428635011 0.0712827884205126 0.0815267777802542 0.0609317713441444 0.054341793403166 0.995497045616299 0.0630979652221457 0.0442221355696669 0.0912226918795824 0.0721461047077401 0.0904518701812953 0.0654610565618482 0.0741953615869546 0.0337086962049511 0.0650468409623403 0.0663659658842277 0.0340853434542161 0.0670063544183997 0.0883567770206647 0.0336078785415563
0.999999976476028 1 1 1 0.0976266983284471 0.131440195397018 0.136521219488207 0.121176359016443 0.99999939983721 0.139216376169341 0.0784390747973853 0.123489913112469 1 0.116989994470956 0.155094653060251 0.0997855013563463 0.0996781814886918 0.169374157734529 0.0996446658371466 0.210467488658877 0.236413792295568 0.107430563926316 0.102079669614147 0.150834482002797 0.171000502543505 0.104374202443031 0.108577504000036 1 0.153477259846096 0.99983958229173
0.0733448962411504 0.51864548877177 1 1 0.0848194076053248 0.067396829205967 0.100772587778843 0.0886807091791693 0.0770534787874844 0.0508582298098533 0.0913920197269191 0.112234443285941 0.105671254088995 0.101551203354606 0.120226554253853 0.114776775734632 0.0822897267975614 0.191707321061585 0.114418708021565 0.0644663095826338 0.0968662495130241 0.115249596889346 0.0919506207409285 0.0871303699185654 0.0828414481177372 0.0986491349578612 0.130347094045966 0.150815110236395 0.0937275472041842 0.119087231097064
0.289559290116336 0.999999649458955 1 1 0.175856347861137 0.263570910901785 0.247135889417154 0.173663706844144 0.167353193808866 0.222726302263607 0.153957423927028 0.268994501139833 0.240570256591656 0.269652583786332 0.231180395644224 0.262509818066949 1 0.253021661705253 0.242065582945428 0.27496403115276 0.221662385435077 0.251905472258738 0.253548480229234 0.241106375988099 0.222099203530214 0.245667345189859 0.152262988259805 0.274152714121036 0.192226839811977 0.999999073664567
1 1 1 1 0.93153780951551 1 0.129016972884365 0.173399770574977 0.149728721641355 0.210925101460909 0.174640556716631 0.159754495438027 0.120041336377581 0.196463043200588 0.126022454693185 0.162757865786294 0.190749032146579 0.177209873560329 0.133133296328996 0.10711621316362 0.158893908833255 0.167708087563624 0.191669948455663 0.129854698729685 0.158779970065578 0.105454201878987 0.200466487825843 0.144193079285777 0.118256538899045 0.119691069153651
0.12429532135291 1 0.999999999999847 1 0.069031103870386 0.0947877503522832 0.997728542268287 0.154227028248733 0.0808362758130518 0.132061215218749 0.133735327946342 0.0754136572657557 0.999984948677116 0.201617057125301 0.0984328178551687 0.102745838352276 0.0710039915083284 0.999999999971378 0.197343781206132 0.117297574270103 0.116655179536927 0.0755985421768438 0.150435322917645 0.0670682630427205 0.159063389522705 0.113410044890119 0.1052049437956 0.134314951840931 0.0757353244423499 0.0802128998309898
0.999999999999994 0.968082394285267 1 0.999999999999988 0.99999999999812 0.205319849362375 0.208795650832541 0.300691360088129 1 0.190378104942302 0.236327682846431 0.324536694525274 0.19409910381122 0.999998834774187 0.217196675533453 0.182332763076689 0.259911940285058 0.173807215688073 0.275192982911948 0.30111647703012 0.321422597224223 0.251306205592302 0.167288859803837 0.27321029635258 0.218159196414296 0.294454525289276 0.267911465491835 0.308919010024042 0.290746559421785 0.252661825554186
1 1 0.999999999999999 1 1 0.0763936745635654 0.112506189152348 0.127362740228106 0.151439659379441 0.0957239066617552 0.10550124746193 0.15916883181012 0.141333483577494 0.946329246516914 0.113886659741675 0.0736549465640427 0.150170512547573 0.999999981438105 0.116604995292992 0.999999639210063 0.0668775943830845 0.16308013780477 0.248702423880113 0.129388092756293 0.076878650977761 0.137751890947892 0.125128089705263 0.99999999999473 0.160523889440181 0.0908786010672964
1 0.341321450737225 1 1 1 0.999999986809689 0.31787239878384 0.267015347831117 0.364047583051496 0.278077048854599 1 0.306217006828404 0.264984855200897 0.326052715829906 0.316746015079002 0.333068275719884 0.257647592767984 0.434415184662607 0.259109978389416 0.334846871185101 0.32399300433531 0.235080294443704 0.311740870270141 0.328862285495941 0.280422019988828 0.321677709074892 0.324264429321469 0.326231088294343 0.25483559243292 0.288664470819472
0.359081971016659 1 1 1 0.404177117394642 0.237293434309744 0.479430734287409 0.571456054892974 0.224764502434158 0.220263541608107 0.999987980074495 0.217107300722298 0.195803821157277 1 0.204868722141982 0.20834929619856 0.24511474577566 0.32246882408637 0.202998539083455 0.249743618993272 0.388875546494378 0.278219357318608 0.205736788420875 0.99999999920155 0.507070935657417 0.249844118573704 0.271322021271961 0.18184700817892 0.227947150137027 0.246600825572348
0.999999984921874 1 1 1 0.0579037892662563 0.061972372023998 1 0.141813931089497 0.069782152892464 0.104566445217698 0.132298677507356 0.183504549151569 0.088083728283992 0.0738367729466948 0.0523423343259649 0.0828826244317058 1 0.0438588659847925 0.0796842243388169 0.0957377271421096 0.0764547890622764 0.236095640266192 0.0793187026803981 0.091526903958871 0.0976252138410653 0.307082824055857 0.20819567813348 0.0931145581943994 0.198831831112168 0.399898402179974
0.992518707342433 1 1 1 0.0768461271071427 0.10693152817678 0.0718942386449243 0.134353351070036 0.099276991783745 0.0442038914560776 0.105297459744424 0.106627757278761 0.0891465366936507 0.0939528438481805 0.065293327547943 0.139282840749153 0.0885122889678066 0.0934787219483396 0.0855547992666261 0.106886303978032 0.097713052200995 0.076576991541199 0.0661629937988261 0.0747466023234835 0.105444440954338 0.131646750027526 0.0830397873131548 0.086367589362633 0.0688539595847385 0.0887278180639205
0.999958602807705 1 1 1 0.0349808354952308 0.0538292089926132 0.0609584861371806 0.0601832823932111 0.0500115039670667 0.0517587766125222 0.0458163843770969 0.0546173736280173 0.0505134218344363 0.0596493852875494 0.0425422099482249 0.0687469501632536 0.0287184511327291 0.0656269996606417 0.071985905774603 0.0476380007046966 0.0433662853413033 0.0971292156035973 0.0392377995336316 0.0540296344066686 0.0775862543198546 0.0364574652709772 0.0302192513585698 0.0485194680672169 0.069769752214754 0.0868662092405317
0.999942227830848 0.997401789675804 1 1 0.996180235396118 0.99986620721696 0.0514662126701283 0.0996079172946881 0.053785449778892 0.0337130826774203 0.0894484906535763 0.075354602141772 0.0634355010329869 0.0443935770309744 0.0530918479861709 0.065197731491236 0.0698318847646775 0.0800942019715783 0.0474972661546661 0.0682192575469855 0.0498172541034033 0.0610235529306618 0.0522443291507966 0.223579921123346 0.0755716569923716 0.0892795916060037 0.0461159551431901 0.0456390604728893 0.0723959565740117 0.0595456638991272
0.125902382094235 0.999999999957877 1 1 0.0502713469874956 0.0654976336955508 0.0535611534809255 0.0680391884014783 0.204042677682982 0.0538216511474257 0.116902672782342 0.079841143721715 0.0829823537416985 0.0679885697215462 0.0468116449126494 0.0554685198651287 0.0850725506859018 0.0647590910953092 0.0565033234696182 0.0662171941610917 0.0451172199594306 0.0672180787305749 0.0684646648884116 0.157188681963552 0.0407990265578747 0.0703243242479383 0.0918529680308918 0.07161248570108 0.0505939595330153 0.0724539411902976
0.124752357912247 0.99967467903438 1 1 0.181294822848233 0.999978654724004 0.114713662838192 0.12461072259186 0.183540857813994 0.153738264614275 0.115671952090871 0.130905120159731 0.170116421763387 0.124946749225497 0.211572180394595 0.110281843433234 0.132650271362026 0.151593489673965 0.999714585239543 0.122202719350312 0.998944906471396 0.128816758293304 0.121381135288906 0.187904981916675 0.151251414169642 0.151005036157738 0.172088014095779 0.103754567789549 0.0954133370110916 0.155764939739636
0.125814042537825 0.999999139011961 1 1 0.12101974956224 0.992303036494198 0.999999814083265 0.118523563545526 0.999954640799689 0.107832834913137 0.116327997785944 0.178049550914553 0.0966061293705341 0.136990507979969 0.129390384730056 0.118274823709382 0.149333146448595 0.120170706113128 0.158903853272981 0.113678333476827 0.110097009620472 0.14939600245268 0.113347223870408 0.107786564452775 0.112396227230281 0.117485113698986 0.140215691371888 0.145311825630239 0.113061958611974 0.0975202511627433
1 1 1 1 0.0463569820452143 0.999996079902558 0.0339272393624009 0.0972862108782651 0.042418805333564 0.0424625445704665 0.0608813106792421 0.0409932221256584 0.0523824367936447 0.0658571223189061 1 0.0388858244858592 0.0364578774270043 0.0486870511454913 0.0563904200489259 0.0687730908370835 0.0516668363120091 0.0524741363559182 0.0644728787986185 0.0348050019800106 0.0396611168163638 0.0728264323283625 0.0414808709722048 0.0538145120432929 0.0362661362815657 0.0746680611783243
0.902235868398427 0.999999999582137 1 1 0.13295977575555 0.106993354324166 0.139054252551461 0.0718925943080178 0.109012081865508 0.131895949054539 0.128738645966846 0.123692015497109 0.0648905561449031 0.999999990954414 0.114277677948122 0.0930082997645271 0.0833485150539489 0.146474646936611 0.102023432092646 0.157308642997365 0.0891462408790691 0.0932312728103843 0.105390554816581 0.142261199253458 0.208553601627626 0.0792271535276575 0.0773189623382239 0.105673450833508 0.129876832097506 0.159715276872391
0.133128757779268 0.99996200847991 0.99954617169756 1 0.0818739393392559 0.192870560915431 0.129438635342478 0.147158132343866 0.119435546483252 0.203061342030068 0.135427566337959 0.180572222748391 0.134078266829542 0.114074465278355 0.129155758415198 0.195182640944543 0.1897536974212 0.177037445970954 0.0968813097561568 0.171529883522713 0.15332600176275 0.118413621249159 0.186154673043941 0.182908405696446 0.126851669535949 0.106412638127624 0.24145876560938 0.110198830421642 0.15979473792313 0.16344519040326
1 0.999999980279415 1 1 0.0840811691819664 0.999948262753473 0.0836408958163277 0.178441180775283 0.999978589024086 0.150453107553256 0.0998229139115181 0.999999999999992 1 0.107102606714248 0.107294972708 1 0.123240729957453 0.10578935002156 0.0876616552790942 0.140650848456831 0.0539801868703665 0.0866795553615508 0.1361408621229 0.148283689839774 0.0770497173373004 0.139456216691364 0.108720565966476 0.106026542082349 0.149678558312061 0.0796492692869042
0.999999996780222 0.999999999994787 1 1 0.100366664606281 0.999999929536954 0.104789114770506 0.0750311277230277 0.114046431295938 0.117141674802525 1 0.121941703046705 0.122179840298916 0.0979184922090917 0.136503023890605 0.999999999967824 0.125184133853393 0.158539154972773 0.102998859281781 0.0957231143019387 0.999977262837441 0.055726302716455 0.185520571671159 0.105961724400827 0.107450992023041 0.0972991909928707 0.999999989946959 0.146839839337203 0.122180721726528 0.121105464104251
0.987555848180637 0.999999999956886 1 1 0.999999992527266 0.971404531366593 0.206759817979228 0.999999999999959 0.13373303310085 0.245051827961632 0.197660800467019 0.157118966437412 0.136241679788798 0.172432058656541 0.999999986956783 0.131795536256271 0.123083982471544 0.200821256345332 0.180724294206593 0.125093605550468 0.999995181732162 1 1 0.240213699662107 1 0.181794317859238 0.140763518595059 0.16378400925981 0.2592386563956 0.143686976952331
0.999801405445478 1 1 1 0.0800264108118067 0.119014551393084 0.0895213093617735 0.0785207951500826 0.110109863391079 0.0753854046487457 0.144160939043345 0.134485540206905 0.17116043154472 0.0967535731339202 0.0667220036278744 0.104627691790609 0.102304166477076 1 0.122980225024187 0.0768900495413077 0.109776069735289 0.0925541988782399 0.0741946036604872 0.13004490384075 0.093216386950488 1 0.0944507592557301 0.0792224072993698 0.0788055071449386 0.136196827730848
0.99993830302638 0.999999998917412 1 1 0.11234327013995 0.0870507149801417 0.109013897473428 0.118011349445262 0.156300460252131 0.130767516528884 0.0643805547172041 0.999999999972222 0.999999964501113 0.123350976100339 0.103339834588906 0.102736648002865 0.98002867439422 0.13984726267078 0.994099706974879 0.126335207001798 0.0746456412219558 0.999999858461269 0.158223804975899 0.116672432168011 0.0694112151667603 0.0527295290211223 0.101115218658711 0.104132740451768 0.102414599422019 0.0592123924393815
1 1 1 1 0.066521763896307 0.0816529132224569 0.999996129849404 0.0976120510015189 0.999616438690471 0.130264159227399 0.0625856268556778 0.133955049536361 0.100698767661609 0.123761999947268 0.102982805670842 0.999999999999203 0.0820809464720105 0.0824307206477228 0.0974930200191551 0.124732518097587 0.0683232652116467 0.999999999881772 0.0882344605423935 0.0456030880064267 0.0831588625871915 0.126240079233902 0.100768483612463 0.111360985519433 0.0936185597686628 0.0743152974638287
0.072129149784543 0.816940731140713 1 1 0.0792272313801358 0.117355984466319 0.0819304775160473 0.0893280967485741 0.0500159796630903 0.0847594419009018 0.0727186817428638 0.0941399572709529 0.067581958839279 0.122200820425083 0.999999184622006 0.0847550530988689 0.0684728833141838 0.0401747331119934 0.0609201665141957 0.10151827075631 0.0360680763125983 0.058827003598133 0.0878778819321061 0.118790139135051 0.0902470534313525 0.0900092559058564 0.0452166317219259 0.0382936357991043 0.0695304204085524 0.0889546565355273
1 0.999999999999976 1 1 0.999999999999999 0.0627605531545306 0.0977773588674052 0.187877704920161 0.1048068160018 1 0.0878196204052524 0.108547366457827 0.999999999999994 0.135019858881383 0.0970265759108613 0.182496996001431 0.116224080771329 0.083438015139514 0.0797531142347419 0.0647720377006871 0.102474986225868 0.104007844482982 0.14623026361092 0.11071674527543 0.0997098535335229 0.0908384632743585 0.113380356812646 0.0920158162962755 0.0848715152464993 1
0.0887273745765698 0.122793340938607 1 1 0.0752969147977641 0.0956133205124451 0.065319800467561 0.0926865481854101 0.0757641547416119 0.066769734514537 0.117008012065608 0.102538351048 0.0898757353556553 0.0977742292671258 0.112133871049631 0.0796042871153042 0.0847676537949307 0.0956854141296443 0.0878686029627506 0.0789318998268234 0.113115696683876 0.0683976273673135 0.157958469681089 0.107474411684176 0.0754468152505527 0.0911355753487583 0.0762880351487428 0.0650279105089002 0.0629903262904524 0.0733514490937336
1 0.200616785935016 1 1 0.154498257311637 0.0984252121539445 1 0.0785690087167243 0.0856893927212716 0.0969664301596243 0.113108837639066 0.0929168958709693 0.159010702519211 0.0912927897841268 0.110234903877525 1 0.105915191129149 0.955760350745651 0.999999999785281 0.107927820781559 0.112107881287275 0.113205127943974 0.143861853842735 0.100812633342824 0.0580649874583218 1 0.11187129596308 0.121641255419313 0.102604436211665 0.226275085207226
0.148310631554318 1 1 1 0.151425160048677 1 0.999999999999986 0.118614177800537 0.155596131944293 0.134473001542591 0.174182364889038 1 0.148652522142431 0.157256053176156 0.134571241252702 0.12019633858568 0.213881843952815 1 0.1605950862786 0.148530806241981 1 0.161522591686189 0.103674256210444 0.153279964640034 0.133533215626939 0.174404366302877 0.161167935243578 0.135187099642095 0.101511059529607 0.122535705450286
0.153552746928681 1 0.999999999093128 1 0.10390402914802 0.962874183500068 0.1375092080173 0.999999026945224 0.143893687912826 0.115500960590308 0.182923035333301 0.114219324176573 0.127087515368995 0.108503377099603 0.180219630522842 0.924853851678666 0.0796817153427201 0.119971774616833 0.130422308725435 0.999999987772813 0.0749882515297881 0.183463020268534 0.1504136301845 0.160778372262168 0.996942254977463 0.1598580784022 0.160380524533205 0.11443871989887 0.150313900404565 0.157673055984815
1 0.999999999994247 1 1 1 0.0899955903725994 1 1 0.0807856207684474 0.999999994168924 0.999992598863946 0.119594161467932 0.102486900337995 1 0.0772616322110355 0.0720504912820179 0.189341096553682 0.103340669200597 0.0649452334555408 0.122844352872276 0.0439099553688546 0.0493808446987183 0.0892689689578637 0.0490236330396191 0.0498487753770989 0.0949789596604105 0.999999999983778 0.0877232626453438 0.143211646510018 0.064174419082031
0.999999999999986 0.999856005670824 1 1 0.15865156013422 0.158659204632286 0.0966474619368105 0.136207720097491 0.125990691197483 0.107326801211279 0.0932582566283887 0.101761675262331 1 0.180366605643867 0.18351891684252 0.197223497504799 0.229099885873539 0.154592793122672 0.2331286953938 0.118232062774093 0.16085656558831 0.171657209184946 0.106351793228767 0.137200561067889 0.115749056287675 0.163255681853402 0.143394532031498 0.0636854918510935 0.126825804614926 0.117897317720805
0.0854889505363465 1 1 1 0.0774967076764828 0.0627800285238245 0.0568981457553386 0.0607451886030648 0.083318285536655 0.0326615691686322 0.0833785010347481 0.0644778044931075 0.0715702115949441 0.0584580462225951 0.059297741947543 0.0510574870860727 0.0469053240502905 0.071567252728323 0.0611267641093903 0.0756365955896803 0.103195665066202 0.0777007857752872 0.0908156051273955 0.0395850972250626 0.0878890228991479 0.0689900998862448 0.0490830169328758 0.0523533408723773 0.0424334057659547 0.0985125721289369
0.999070515410333 0.195522759943109 1 1 0.06626244446372 0.0692659900660954 0.0960599552876616 0.0661629333727777 0.0496238905050325 0.0527095488129755 0.0375934555063466 0.0819516339620329 0.0475337729694461 0.0571453920247016 0.0992787940244253 0.0528098422605969 0.102557262810293 0.0776852885192666 0.072275266219561 0.065249299036975 0.084529995085883 0.0737325152299045 0.0587452182779445 0.0945576700682288 0.0610418470612424 0.0785490190402004 0.096239291409514 0.081996418958981 0.0890834702722256 0.116076656529609
0.150416913069619 0.989590612283706 1 1 0.135310932444674 0.119764966974776 0.188896296715367 0.158813055091251 0.144573252037926 0.156561716406581 0.10950717441635 0.224290444249953 0.134078791523161 0.148443911411441 0.156625526783044 0.159983748634384 0.152851558384953 0.149671782929437 0.195754768013554 0.152702446976902 0.130698325706642 0.127188140262826 0.142442781045581 1 0.244656054780285 0.125435007315436 0.925830395400365 0.225447777378737 0.992269961124235 0.0842688603344049
1 1 1 1 0.144391253402526 0.150636655233835 0.128435098018771 0.145761993960866 0.109270608973625 0.342622225568376 1 0.183603811138541 0.210513338053765 0.164875243311699 0.365113807898015 0.18608252608459 0.168141709792251 0.171710343577024 1 0.137617748585758 0.171174876863563 0.403502130133035 0.169905364711276 0.265589448890167 0.1945140794721 0.261366318844665 0.258265753719351 1 0.144653913385818 0.129831965622598
1 1 1 1 0.117394001861487 0.170573603114335 0.178199899580217 0.188119879159533 0.999999999823123 0.202818763394889 0.195990566790121 0.183980061348416 0.154265207345652 0.175117370406016 0.186558336595316 0.208085746321072 0.169131100137072 0.18800112016502 0.169988259726082 0.204458498065412 0.157601822447924 0.201098163258322 0.173407695254937 0.161590652729503 0.203650905288769 0.212583197445451 0.175712473917732 0.181575107705712 0.211481154572237 0.324488135873588
1 0.445217171071132 1 1 0.126918603570921 0.154986640379237 1 1 0.162835150411045 0.178479228163793 0.0846268153173164 0.102999845493548 0.123542558735204 0.125773684289634 0.178922374946389 0.0984041663876136 0.0819249978064879 0.0849880646015881 0.185374543162779 0.190805293192555 0.117263585050996 0.123967353976087 0.130274733044925 0.0876360788891518 0.102419008307667 0.231589779005968 0.340589461277305 0.14189922544643 0.0779305788836191 0.154891151958201
0.999923051086903 0.999999999386341 1 1 0.0634457598641478 0.0692601136998285 0.0470443829477402 0.0807075208714894 0.0775069520734234 0.0520870942075059 0.0538505625969684 0.0852781059484812 0.0616946948890951 0.0693839709144748 0.0576289130144673 0.054939461744175 0.0700098151295138 0.0535934311325906 0.0638897808912634 0.0604051445608067 0.0719313133207858 0.0510825027486727 0.0833478177373098 0.0480639812949122 0.0481858169292522 0.0596466615178848 0.0556690564354645 0.0891327776674287 0.0769408785119453 0.0637662235705936
0.999999999999521 0.157685899902676 1 1 1 0.100627573482373 0.149746426489561 0.125516712633767 0.128209148588522 0.124860963966025 0.150368658652004 0.0936016446621962 0.120161432677294 0.999999999743208 0.114138165706884 0.141800685140002 0.0861105133117243 0.125015864171454 0.0941506800636008 0.0897345707922288 0.999206655353351 0.111539031286958 0.159014151880669 1 0.0559158277164784 0.12425102655762 0.127179886345332 0.0916670739593975 0.0813855620031211 0.10763613825637
1 0.286072085152516 0.953598641096045 1 0.183622449422329 0.193748069963258 1 0.249937493509184 0.231754905415279 0.153435538853919 1 0.19532276326522 0.238915086856451 0.299931559871709 0.186047111810238 0.995152739476328 0.257060685941896 0.244952361103637 0.194105753024976 0.151761836418754 0.999974322334443 0.221735236801552 0.222403956751822 0.999999998681441 0.177726454247733 0.217072939390261 0.194312681448976 0.146555255054604 0.259952637318642 0.999661673999205
0.999999999999995 0.999999999949312 1 0.167554057083419 0.106933824438161 0.165616182053539 0.999920035312268 0.119712203400904 0.986288365850936 0.20749877483733 0.999991054888287 0.117244043005803 0.0987337667092157 0.108808871118436 0.122870049136431 0.163025250416119 0.100323221019996 0.074075620588938 0.12508898255072 0.103557354015264 0.0808188977093033 0.130948840989966 0.130404528792322 0.093933800050256 0.108538854484647 0.144934217209853 0.167212509301147 0.077382187798841 0.165915267919544 0.088304114444411
1 1 0.999961346299972 0.367180276351289 0.166280510641376 0.268747115369696 0.235240273266695 0.356796960445031 0.257087821321905 0.258866673953044 0.244581468344194 0.25356002909653 0.202159394501153 0.260981555647901 0.221430180356736 0.245460634280262 0.235994187256022 0.293071423862453 0.227935104844195 0.187620229906837 0.325311854039368 0.2699065597809 0.557075220944421 0.178130495438244 0.179516056112991 0.486281842921671 0.264497985271361 0.259525816980299 0.384448074040483 0.277846324586838
0.180669171415323 0.999999986100688 0.999999988116995 1 0.128210115217063 0.0803631600729842 0.122612631764445 0.0931813401775128 0.142012400095435 0.117823721576794 0.107175136428247 0.096654622005623 0.958331766756822 0.121843254745851 0.0880173374141464 0.143406389040025 0.152384794436289 0.0859750165007147 0.148728401298067 0.166355853923211 0.110258525263749 0.113563595956652 0.079308752100398 0.14490144122058 0.128617989425861 0.167667047508329 0.0960273239046995 0.162069749209108 0.107006979384376 0.108419503197712
1 1 0.999999999998395 1 0.0637131727090775 0.0299113305856868 0.0588405721752767 0.0363065703739881 0.045311489906918 0.0531762610507628 0.0376706660525152 0.034527412158772 0.0569955976568253 0.0661294886088393 0.0592225042074098 0.055825169901507 0.0459886786540334 0.0374910612131675 0.0452906111877909 0.0572548221202711 0.0447329294719362 0.0470790520072949 0.0487913968370216 0.0394438840325929 0.0503871545978991 0.0434922754952086 0.988552376548932 0.0332790257714399 0.0650871374961868 0.0637324598673323
1 0.999999997871528 1 1 0.364180952191317 0.119569154913769 0.101679118266795 0.169500944969406 0.106874767241251 0.228800539690651 0.211322550908364 0.141885133146414 0.999995420823761 0.128047112148378 0.157652460510003 0.184241796175481 1 0.251274982692165 0.176223883413997 0.128432762612959 0.146005685254599 0.164911196454414 0.149674478920908 0.154169338519899 0.241771819736856 0.189047834963828 0.26715697971629 0.177260831026844 0.146187952482445 0.126862262716061
0.0896717041119535 1 1 1 0.0797181048247985 0.0547473501214901 0.0627526499961082 0.0587206273768143 0.0408695151275702 0.0722864534187938 0.0699800978936015 0.0577553852879682 0.0627948011444447 0.0664609960092636 0.0353124654858584 0.061395577535355 0.0619011025753047 0.0548973073080085 0.0467646272322284 0.905302703063832 0.0539227672217506 0.906446027984171 0.0820952424639109 0.0473490648840312 0.0589712936876292 0.0976427562943097 0.0558095339799134 0.104365294175078 0.0507140227729264 0.0523900587503544
1 1 1 1 0.999999999996087 0.999985997213553 0.0901963559778766 0.0955243874679469 0.100857411399829 0.0983096746763316 0.120047295621286 0.121763454583112 0.999999999990742 0.169169759725746 0.175711297541241 0.0902049536641067 0.0894987090373957 0.101892527195888 0.142089252661355 0.0843476046248917 0.126951346130073 0.113832088987328 0.143817991286185 0.128177896971046 0.0844044794492499 0.100999367799339 1 0.0901184723707936 0.166260636932489 0.0803049819200641
1 1 0.318329612950597 1 0.283391581273611 0.400097795510708 0.259548300128075 0.198152034477386 0.195712848769305 0.290857985832203 0.253144151477772 1 0.166698583916138 0.999997640825002 0.272410099191137 0.999999999999083 0.341032389919872 0.236342802954099 0.219277901259797 1 0.253962771086854 0.192040479304584 0.247757358288844 0.300604170355446 0.246609628544357 0.391915310342262 0.205274501294394 0.183797957333498 0.204121414476241 0.265235721161605
1 1 1 1 0.105300307728313 0.0950082436908153 0.0472643728598104 0.113678458813993 0.0533403911346978 1 0.0495307642251263 0.0475920272894601 0.0794616395778521 0.0674139051949998 0.0816297274575248 0.0709351018543388 0.073650463006109 0.0794831429734145 0.0809472268544006 0.133066358726558 0.0655093456368369 0.0997206234631778 0.0432677571011286 0.999889489321295 0.0834076846438836 0.0821190213545187 0.0533290341163968 0.0428781005353736 0.101476807581762 0.0618514946550863
1 0.999999049386048 1 1 0.168274088120206 0.128193476821764 0.202899399218624 0.10334323733738 0.999988615656989 0.118026733967822 0.128592729661483 0.138126121562282 0.144883318435587 0.202500333068511 0.105431460802687 0.104396651158299 1 0.146371161563666 0.124599916892406 0.149425602776115 0.163036275292529 0.155289546285489 0.202526333370331 0.167408457743135 0.0760197717196466 0.171051613234664 0.14002259336699 0.153475271619074 0.998516279287336 0.167076825614323
0.209891501387738 0.999999999999662 0.999668435081398 1 1 0.299790138178543 0.161776140924171 0.999997095184136 1 0.179611602264683 0.204538400487583 0.209940211956396 0.166618551618453 0.140889234104005 0.156725046331541 0.134719511579608 0.131495519013302 0.145942422321681 1 0.146799231545586 0.173409840728612 0.217391247565687 0.154545782066864 0.999992993944282 0.168838624221819 0.215281836324471 1 0.158155719072025 0.161639058120822 0.130594551298237
0.999131681760313 1 1 1 0.999999999474657 0.116308386842332 0.114738040903064 1 0.14372656791823 0.102870117494279 0.131381005095315 0.101448205824118 0.0983991350746093 0.130019659599666 0.124058336988573 0.105192464540469 0.111515239729997 0.999999999613374 0.122945317202012 0.0932879067786063 0.993832198474242 0.145160437680426 0.141367811257886 0.0967904609819809 0.999999999997115 0.116851614611533 0.101970037355064 0.15558735578691 0.138616021271136 0.0896945473566096
1 1 1 1 0.286676704511752 0.319109577519152 0.226874156504434 0.181461630986195 0.22750644849683 0.215524201205121 0.206958949846477 0.300666972710826 0.276050850956538 0.191964132408229 0.200552101209292 0.188404672628388 0.184866635033686 0.44149428928735 0.314340019051674 0.282306190271947 0.182326512868546 0.223242261028487 0.177342478809484 0.170564648716015 1 0.246385221215841 0.238826808361521 0.233366898450417 0.283611724264633 1
1 1 1 1 0.270743401897617 0.968290682550458 0.158861845389291 0.16424544622653 0.185537959347115 1 0.198789549298737 0.174617401686804 0.160479471420489 0.185340998588732 0.199474815453986 0.147679882528321 0.106327737331396 0.193494939691039 0.16179804060487 0.123797018920861 0.201174774439365 0.113994707039926 0.221552632699608 0.192118272045096 0.149423441620946 0.208189603893517 0.192509797770373 1 0.168000997109101 0.195258069151608
0.992644920244214 1 1 1 0.0989998816356702 0.999999999982402 0.0837559220002506 0.0788216732156777 0.0757184905918957 0.0886561548332881 0.0868589172647936 0.0750479986278626 0.193215970528474 0.0925601626469206 0.0937805217104171 0.0761150123807264 1 0.107475180498889 0.076157505218335 0.0689268882270448 0.0778225669977564 0.0975833909749489 0.0862159954999993 0.0534988283204577 0.0686761682867897 0.999716388190158 0.121571071878987 0.0804163496854642 0.107489506327264 0.147866378280093
0.139168170211179 1 1 1 0.178818031446182 0.173161817599541 0.150409201580509 0.191348663020805 0.170167031233296 0.15094555950937 0.118866147117333 0.176622308037603 0.186218952191721 0.166595898326484 0.0778043476636421 0.147499630263157 0.171018575281304 0.181237159825534 0.1340640375185 0.100575315346266 0.108413124554495 0.128261371339329 0.123703255051149 0.143462521760541 0.154435864596359 0.168245052342164 0.118454017495676 0.100322878785201 0.0942435929694229 0.277961014772222
1 1 1 1 0.068954156750456 0.171298013604763 0.999999963334647 0.0692073653140478 0.203785632399482 0.99999981287589 0.0798631807746302 0.0859351875923692 0.109924544096096 0.107636453344906 0.124505371295414 0.0899779846606248 0.141498602113312 0.116271388364301 0.137719825071548 0.120019251601643 0.11983263000347 0.11646603230326 0.0999953128351789 0.105786521959632 0.0712953516829694 0.108675868034419 0.164276285472643 0.0819968694134959 0.179892041827204 0.0706144565550114
0.9999987252644 0.9996667653303 1 1 0.118006463842725 0.144971793990716 1 0.151138692730527 0.0747934843116106 0.137821773605435 0.115463605608814 0.124743948437143 0.16113422325867 0.0692791895488761 0.132188545445467 0.122810071710571 0.158613494015205 0.139525222023434 0.0885837700197964 0.102023237730305 0.0908926295229051 0.115214742024028 0.112403398344051 0.123464631341401 0.0956848394000417 0.0987703775406855 0.126380582694474 0.170679330272272 0.0974429049897153 0.113547534276923
1 0.997257241930698 1 1 0.207226571432925 0.999885630543653 0.141662180396495 0.126704474767342 0.159387019579987 0.152925257234975 0.196344822116078 0.182188874135478 0.177302730773044 0.234632191340459 0.221955891481198 0.168223637432324 0.146259405008102 0.175826327006486 0.203242232383783 0.137198552431978 0.228328611878475 0.240681291341237 0.181276679878534 0.217631976244581 0.251417820667164 0.224986032705082 0.204673141509474 0.229683033246486 0.232704803583969 0.189686587473116
0.0868498769719122 0.999999971968232 1 1 0.038588150536067 0.0560415704841417 0.999973396362038 0.0577735303866187 0.0499154097818773 0.0428534792717544 0.0731406420614704 0.0575840686128146 0.0495820746057101 0.0401602726048171 0.0430351799515064 0.0477813584692465 0.0879380241670455 0.0384183590048621 0.086915219544668 0.0547266844646781 0.995022144619415 0.0467631596725402 0.0412232700126779 0.0681698028497106 0.0782046540978726 0.0720716256414566 0.0314161802864157 0.0880636681608985 0.0525147284367609 0.0488374158426634
0.143052990298956 0.999999995024273 0.999999922673952 1 0.999999973332105 0.18193420169857 0.152912458918803 0.131510863210626 1 0.174324104099835 0.184688901343002 0.999999922182081 0.179657278052461 0.105427850819662 0.152881018228267 0.186298858399772 0.203864503115809 0.187018039734281 0.12123581241799 0.160332481469359 0.193038875129461 0.10721059460394 0.195618506736199 0.143177846110655 0.129700880264416 0.999999999796238 0.168801735666494 0.139193036989493 0.141305861276254 0.106880848185565
1 1 1 1 0.2275201693849 0.202527938389178 0.245113823016385 0.232078726784912 0.243282407027249 0.20878120431626 0.176473419033682 0.166616803617133 0.211589392329328 0.25840904013397 0.222919598716926 0.189807868655583 0.151028189797456 0.260532844403932 0.211480027997472 0.216688732958655 0.242778209683458 1 0.181550333820605 0.25508258095021 0.208523329896379 0.243696518372298 0.263956532117432 0.1381477767458 0.185453871848136 0.245406745884619
0.999893793203542 0.128424063767256 0.999999999766941 1 0.0760185166107414 0.0721691180273502 0.999999593540339 0.0564940441514598 0.116380344830066 0.0834241124044973 0.0869708881664728 0.111047115642597 1 0.0581147956328771 0.121641033214494 0.0363548318577839 0.0843351673315128 0.999999750756465 0.0654188384753004 0.0762926793419089 0.0834529453979369 0.242979958293404 0.0956493206546807 0.0896378344151383 0.0625609301619124 0.0766788867500932 0.0790981682099116 0.0985789776195525 0.0795388757802092 1
0.0444133090811529 1 0.999999998600531 1 0.0541911186162854 0.0361986241518627 0.0673425496186706 0.0360529755004357 0.0385525396636303 0.0484417163893887 0.06288489234348 0.0481453061940507 0.0587645571990414 0.0369877169718555 0.0540921285843895 0.044462144338961 0.058491412845001 0.0687293779207926 0.0457278432444439 0.0445638772502661 0.0781022063749056 0.0702651067357091 0.0444590382880306 0.0334453246438982 0.0403301510191442 0.0795433579420575 0.0528576675781963 0.0427481809455545 0.045829169992636 0.0394198090381164
0.126021711325362 0.999983402331675 1 1 0.999999987468841 0.0557952364474272 0.0617081707595306 0.0822269324519177 0.0870889824431283 0.111989244528897 0.0698147079659395 0.0850093188933488 0.0712077670142259 0.0800077259031937 0.0772038328723339 0.0983293441236111 0.0652814471289072 0.20481618381148 0.0667242148519885 0.0531363770027337 0.0824673502466927 0.077489545987654 0.0919386934880153 0.161236833762159 0.0550040695432049 0.0916076393115474 0.125143252574786 0.0646456182166407 0.0948967780298254 0.124281657241284
0.99999999751684 0.991920769199622 0.999999999999093 1 0.0892062819930007 0.0801726547189912 0.927682672902206 1 0.0749072820507707 0.0618567589967374 1 0.0970455684885101 0.0689297514519943 0.140542949949763 0.0951799184074124 0.124704514592667 0.0751989288470366 0.143042131655152 0.0789110077750348 0.134837793757722 0.100549937269735 0.136559270143156 0.101946426640918 0.0811573072429204 0.124250029966206 0.101446862816953 0.0643219492671964 0.12026506216755 0.077623373363546 0.101163403965306
0.999999989322365 1 1 1 0.0920255441700421 0.0908935655632304 0.0700591844241082 0.112721258217219 0.0785498480359077 0.0475494906425217 0.0524003067035667 0.0671159067139872 0.0784436634429575 0.0565225501176485 0.0867086527663825 0.0902677981180107 0.0903022022484015 0.054198873904138 0.0786952688397474 0.0671419637830951 0.0739466556220254 0.0887605464256414 0.0870790834337253 0.109235647268192 0.070730933479592 0.104077721611723 0.0614160811999436 0.0585840256622855 0.0951363332151948 0.128786250306247
1 0.307635666756523 1 1 0.114886992715291 0.148343147551491 0.158130050786054 0.0898688565768947 0.180972888770768 0.196508807417394 0.129683298582055 0.134575551987546 0.156572859804893 1 0.135052683999212 0.148089001516681 0.0945311197063624 0.151832100268702 0.0936548124111103 0.115946444105899 0.160791275979102 0.117128411586526 0.150638244745311 0.999992508204764 1 0.0912277842859639 0.121373334981051 0.173343514954963 0.251079486647655 0.206652569733156
0.141531016514819 1 1 1 0.134743261285941 0.0973113427760447 0.11342608315346 0.0557391751117238 0.102330369724198 0.10967129163397 0.0708527113219498 0.096069427507488 0.0599407562167645 0.0885933465887632 0.999999999964353 0.0930121664777644 0.112680051524283 0.0683798006655834 0.129215132455112 0.0535386530513863 0.082349179486028 0.119719976383718 0.184797727620921 0.0621625553220133 0.115080109858493 0.0948001745676649 0.088242326874626 0.102891328645571 0.0517480684408401 0.0964921044052369
0.999999999807182 0.999715104630452 1 1 0.999999999971198 0.155007727970918 0.141537076669448 0.0926068989911131 0.122197559703656 0.196066345862238 0.129021680060821 0.141540686213151 0.15746510517541 0.999999999643843 0.104220661978218 0.137961173859003 0.132335091925261 0.139212524350473 0.106548187926379 0.131430502512173 0.118480836732009 0.092223032105225 0.152959183193183 0.114065130130167 0.127790351923553 0.145454660712126 0.157560262583421 0.142625302048786 0.111778220257039 0.119908259898579
1 1 1 1 0.138839903648003 0.995940815901404 1 0.243234410776311 0.257026942767515 0.998469257918451 0.293010707180559 0.253642973873743 0.183728282492449 0.999429436974116 0.976574853064353 0.237171500306725 0.227411093785855 0.274039356226704 0.182923202681288 0.202842817033785 0.242437787579119 0.166157421801112 0.238904779990291 0.999778466335867 0.129785858979832 0.206837696708443 0.169627196056335 0.184279665155782 0.172031557483551 0.221087685279171
1 0.182721875461338 1 1 0.142260990496333 1 0.999997327807544 1 0.999936704308594 0.137027084380543 0.125665441373881 0.206453012412282 0.11123021806997 0.181996286576051 0.180102807939426 0.207485430564978 0.161088811718968 0.117199934502295 0.992795447836443 0.120494562617813 0.168633143549105 0.142317873887261 0.144419356579951 0.12558259239938 0.163396553447542 0.147439107644545 0.99999999584775 0.137731160310368 0.999999999609414 0.0981028307441371
0.310284051200654 1 1 1 0.25603030593795 1 0.33574557849549 0.272199785941146 0.278727589419307 0.269644249587222 0.361201001402852 0.378417997704884 0.26036525455167 0.331838145360543 0.317193676802871 0.230835033070398 0.180427694397878 0.303233017022472 0.731218389331953 0.953688232896645 0.212989372682742 0.196447172935662 0.309884881021738 0.174175859782418 0.926402332660277 0.256974298594404 0.345288035279848 0.299230398063343 0.294193831993417 0.175349336099933
1 0.999999999163469 1 1 0.064829469461641 0.0574667411335825 0.0812430726891771 0.10252674468351 0.134861633879604 0.0682619575410125 0.974534890143245 0.0993839307940227 0.197069698017972 0.0536598095778162 0.999999999997728 0.904871840467695 0.106217838824063 0.131573620529603 0.0854053773440723 0.0488085969817924 0.100794815661787 0.119089794145704 0.0662729616016041 0.0641190073710318 0.0785603900283361 0.0796956568502167 0.996883234276698 0.0954462810425186 0.0730098384875654 0.08064456880449
1 1 1 1 0.10331263357331 0.130393889058124 0.145218610321026 0.0954871219751946 0.123023545735502 0.134154428779847 0.101014699679662 0.0788310365270927 0.116838116698335 0.16683288307532 0.122543798633061 0.110826354889533 0.151152836045778 0.154193497543504 0.0941268839812416 0.156609144293178 0.117347988252316 0.107708588223549 0.195447723372972 0.0812554579476694 0.133877143121928 0.113592433638643 0.999795521707029 0.118651427003098 0.1671610518883 0.0697757276688131
0.999999999883979 0.999999999999846 0.999999999999994 1 0.0641178814875205 0.0660125944862254 0.102567262001996 0.0594885679708014 0.0887498508420448 0.121170912078454 0.100917351045658 0.0533334320391908 0.0844079850865377 0.10190269968159 0.072175727673412 0.0686514981642866 0.0909355442186843 0.0511052646936585 0.0742973755289629 0.0883324905121763 0.0654271763738308 0.0806763769687291 0.0825513581148237 0.0934245174980238 0.0724412831264573 0.108132055790807 0.0656100981150838 0.0447511117572096 0.100856946012358 0.0557446593416627
0.999999999997872 1 1 1 0.077361864976597 0.0844521337061017 0.0944936168891956 0.092375777115549 0.0900610857156414 0.0706537142192946 0.135185230179783 0.114307330766786 0.999997338196418 0.136479537664251 0.086982678278811 0.0697267766592767 0.0968266382032783 0.999997247227266 0.123447931209893 0.0823524536575805 0.105663415654447 0.152778818655224 0.116002188508817 0.999999982140621 0.114760529256543 0.132445279914975 0.191177195959789 0.0837190074834451 0.0865027145038776 0.101389461290934
0.227075039949112 1 1 0.202854792266796 1 0.145616940177508 1 0.13339190718515 0.32146289589206 0.123061743891118 0.134269839768675 0.503572154073487 0.156826255884778 0.227441663282713 0.124493740363513 0.137098648119984 0.20589477268086 0.9999999525673 0.219555842805475 0.133297587016046 0.219449523086248 0.178354663120298 0.24526439873949 0.212809972161178 0.165004647983038 0.124155472663079 0.176174282630799 0.456513272739281 0.186015649323899 0.117255907866168
0.150553787694024 1 1 1 0.113856620517636 0.168113771304713 0.138088145925799 0.164005203533874 0.147302697095092 0.143679645852748 0.161064737042026 0.179390074234944 0.142962906677608 0.134021681766007 0.106198344443877 0.118237441469911 0.0881376027665849 0.204253838972109 0.199191377718595 0.145491776268804 0.151116337070744 0.184711416745763 0.182935858858569 0.173516348972485 0.146257510587168 0.116396072653787 0.089741939184882 0.140971926134917 0.115598199974672 0.352305678256088
0.165561517470688 0.999999999999739 1 1 1 0.999999999948392 0.311049133808672 1 0.240757014816195 0.123448366565669 0.146346768182532 0.182210901737754 0.110620775834058 1 0.144074942586911 0.172576050443871 0.169962407864017 0.105390937890242 0.1357893390877 0.182605566455838 0.142639837664003 0.10115129586293 1 0.0955689199942434 0.138069296945569 0.116105607122608 0.0927960156555497 0.165820693571527 0.109857138762357 0.134082321242724
1 1 1 1 0.0747578076049136 0.481254326065726 0.145435495163843 0.139382624941749 0.171173699963559 0.119217187219367 0.0871955076819741 0.200083460964224 0.462589950221197 0.123736022008985 0.999999999821396 0.132963470702716 0.167857272190385 0.200246258426601 0.135016142914442 0.156054588002449 0.136190865273312 0.148514489099782 0.117569769280513 0.318601184153343 0.412672839347751 0.0868008502472253 0.198820272650829 0.162348253100027 0.0982719289227039 1
0.99999999999936 0.998778878704107 1 1 0.134123050059428 0.160658217370237 0.190205344388408 0.211807794139172 0.193097252364967 0.150981797530051 0.175257377644886 0.192185252584322 0.174926736372195 0.139492555418213 0.208233596079023 0.108271617653942 0.110425158933568 0.156996732047072 0.207494566591666 0.188133724155124 0.15488857387477 0.234229279619311 0.999999956104899 0.999999668851863 0.212516511452613 0.876830323963911 0.134560315674772 0.166566103337593 0.214085912338237 0.974313084142744
0.999999999894035 1 1 1 0.0825398162316051 0.987260736611336 0.13659324498268 0.0901756630986991 0.174702438074108 0.146201348128289 0.17183918214989 0.11428724198772 0.979278317675993 0.175561471938777 0.132899874918268 0.11938848813839 0.167529001741338 0.173098586850213 0.998334355227874 0.180501149934336 0.151965464589298 0.177556484201116 0.185842179675282 0.999999999997616 0.999590706932501 0.120478209410839 0.184750186368692 0.205780940110317 0.143909671614904 0.14444464446204
0.243838470656753 1 1 1 0.114502684600304 0.0758774096500526 0.133392886982299 0.975219705007844 0.138713459412932 0.127296295039643 0.0994237742053478 0.162635806636288 0.999838362722164 0.107892084422 0.119630344522935 0.0960726988904259 0.089436486183527 0.0783293140384824 0.169924061605445 0.103556995487988 0.12763686174748 0.999999999999988 1 0.11273248529501 0.0919976368504248 0.0922108012247418 0.079542436813568 0.112652554195675 0.0938102676882291 0.0685467091362906
1 1 0.999999974140828 1 0.274166526757034 0.312177122559542 1 0.330860000602757 0.306542118774927 0.343916834331205 0.279905260147707 0.392230334825517 0.277482741738033 0.21173382921998 0.270357554447387 0.285258372844359 1 0.397462440651178 0.196719567343294 0.315344256731261 0.366747103302046 0.33649161211702 0.34502979040205 0.328002308097381 0.342725102673759 0.264725504396586 0.282326925212952 0.272814571754513 0.417905002224977 0.239012455568736
0.273837539997501 0.999999999999998 1 1 0.112548796841372 0.156217549207833 0.0774655942710649 0.999999999998868 0.136594086756474 0.253553946761341 0.102365312736446 0.999935287240665 0.0633653124244041 0.999999952664828 0.146742320439637 0.118336974533512 0.101642337008215 0.17047268201382 0.134614912048768 0.150467046232122 0.162576553500273 0.159250370911191 0.109016667856658 0.106200884354406 0.109305750499213 0.0947439983978112 0.10316459049375 0.0920681947978932 0.999995590671651 0.092130184444876
1 0.999999999999974 1 1 0.0788913563044515 0.0723349891709966 0.078888126798082 0.066546940341644 0.0834264417720291 0.0533152700532529 0.0582036889357656 0.0610482347777784 0.0752469645572348 0.062257003391254 0.061705611455156 0.101044688490917 0.0762797402724668 0.0756728812542123 0.0648164852399492 0.0651900980205763 0.0683681717687774 0.105527539169013 0.109685023441897 0.041269802290427 0.0644712604516781 0.0710218367355488 0.065121657848527 0.0775429279123691 0.038203132382358 0.0644178014956834
0.139271097705076 0.999999999848721 1 1 1 0.999981486582902 0.1016119149361 0.156942804016815 0.225594746860123 0.113992107364987 0.141821723974925 0.142130444517271 0.145485272740443 0.264169503374591 0.999999999961051 0.10551377149583 0.106880965780093 0.134753371276359 0.153878913595168 0.155948294242711 0.183342179649916 0.999999999054522 0.163214483408781 0.0905008730320953 0.139280592220001 0.12730804686068 0.139810985620156 1 0.132452878002437 0.112572686901177
0.999942570956547 1 1 1 0.128466731949791 0.0911865407936631 0.116354603861883 0.103070335503896 0.121838928974562 0.999999658587998 0.145241731677169 0.127456270391669 0.167880711531559 0.0833394715489005 0.106036507209196 0.131131262523089 0.144966245115215 0.126305305382051 0.184946554659179 0.0843875074275355 0.133154865522028 0.0977101172732302 0.114487424196708 0.186781254409703 0.0940261383647556 0.105673933315172 0.105440170037308 0.173473463045484 0.0752978892611348 0.151783698984186
0.200504800152378 1 1 1 1 0.165202267069227 0.107646690697254 0.130396832929986 0.99675627436275 0.999919419879802 0.118513244167796 0.142693939703997 0.148588306679065 0.123054728308286 0.988248084083259 0.109212732398435 0.0922392477268315 0.189364457298575 0.999999997282196 0.171717271816133 0.180240629422495 0.141061553156789 0.0849100899157018 0.123144634701879 0.161989516869137 0.141121048528913 0.117641729240946 0.0977721601104128 0.20087745695642 0.239417907917063
0.994945368339702 1 1 1 0.129444921724607 0.0952715184241676 0.12085443785933 0.172022066536125 0.0877937909187705 0.0682234850193905 0.079668738711669 0.127127086672553 0.147776453772992 0.145174301952257 0.10337948214978 0.0961864458613599 0.999999999998824 0.150148822820448 0.0833615277629758 0.999999956566395 0.0882815606681083 0.0801593782986245 0.132642416399051 0.27425291958939 0.138868511954981 1 0.0937350442480706 0.0930729355561594 0.0739005273665837 0.0792624708433702
1 1 1 0.204108663158405 0.227983233493065 0.301999668475881 0.343319352004063 0.251242816705966 0.399539771867403 1 0.200288805173186 0.318864636819595 0.99999999999823 0.190891846877009 0.309969798182577 0.292477758963069 0.283683960603502 0.999999727323079 0.240605295841938 0.239028863074674 0.999991008036899 0.275304467185718 0.315428249071514 0.331599386855636 0.269677318795022 0.287415605584442 0.207866062948934 0.232950623841808 0.227955859679899 0.298722550744924
0.999998950299659 0.167402723072091 1 1 0.999950977301617 0.146288067207535 0.100815828311646 0.134551281544819 0.142632124171383 0.0992944826924863 0.11794663440977 0.166437674010149 0.113773436213713 1 0.105304944231421 0.0843258863725571 0.122833515395628 0.123116344545987 0.143021471004795 0.0787246270297051 0.113729486028163 0.101537108014595 0.0580535537023025 0.110772224934898 0.126434571255131 0.232332822628225 0.10607500991422 0.16990704038249 0.179202711157465 0.09873244163585
0.990233600250388 1 1 1 0.0736118596897162 0.0820412840003305 0.0647704150982398 0.0653439012734468 0.0642546030894388 0.062791001163275 0.139965591003691 0.0587736234810008 0.0797284534632611 0.130058531803884 0.0661431955164331 0.080424144222393 0.0977372057593124 0.0753897659881682 0.0833293764970578 0.996875860584143 0.107830479508625 0.0747815809954631 0.0697189801019539 0.0724892136447725 0.143395700031928 0.114134614373331 0.0892533659251962 0.0865455585565487 0.06263377048037 0.0894058356621714
0.366255869679486 1 1 1 0.0942577899052156 0.156634097695271 1 0.197054554585691 0.159816128613567 0.21667304623143 0.213149655361117 0.169737608373398 0.143245148832892 0.152635179062426 0.14316075063554 0.139015690266816 0.164038645580516 0.219825785227243 0.218315738340803 0.207235481568391 0.281046744470436 0.173289159232721 0.232486794082342 0.194125752128643 0.10403410523388 0.221057347355048 0.15118721710886 0.145443285148192 0.13827613131145 0.347802830637654
0.270179268972554 0.974859239516083 1 1 0.212864912569341 0.31321572195891 0.206588640059007 1 0.183680073620127 0.18955794424254 0.244945198421049 0.190818760597814 0.999888616517175 0.201126191392942 0.184779194546813 0.180064337629125 0.203936830436784 0.195663096410989 0.211992215141695 0.164819169622608 0.175905259234015 0.203813859122397 0.23069777040005 0.155990826550476 0.209526758470526 0.257852320576163 0.164586524718061 0.124497587545143 0.193498840488952 0.160391200349035
0.998162723838938 0.908455809903634 1 1 0.999999924685226 0.147469368762412 0.225736886159624 0.167744433440764 0.237228954732233 0.254674277024611 0.270321951686824 0.164954122952531 0.185483802291293 0.999999995510062 0.229322931136153 0.197151736147576 0.186443903674226 0.282871260988877 0.257819583781646 0.228226391805398 0.300231788343337 0.214617971471257 0.183238603925232 0.188366182477367 0.206945186081845 0.242083427814475 0.182390462335998 0.174289261945864 0.191614253957695 0.223056004456182
0.148901167284151 0.197593243116104 1 1 0.999920210993498 1 1 0.126061793098912 0.115270046627363 0.126554471991712 0.0854151847778644 0.128152223656345 0.110265833239414 0.146724192254475 0.137149731906321 0.0940175173761136 0.13096335239477 0.142330560708895 0.113689454581052 0.112294213225596 0.139915731743752 0.0782117870219193 0.11296031234619 0.152793406544976 0.0795438392849613 0.18552081927493 0.109207348773335 0.0975074437878793 0.101956083951289 0.137135373156015
0.999880332339534 0.99999999863559 0.392851527948079 1 0.0889041679431405 0.0878496942789365 0.200141190777138 0.129341145426068 0.228346559162763 0.204023891990938 0.166305618742749 0.197698141186412 1 0.123557111067556 0.134277488914371 0.142550353492966 0.158501352087501 0.114357445027741 0.174272237798733 0.100526616239478 0.137554265203218 0.192398423381494 1 0.161692379009955 0.127719901108325 0.151836364674515 0.188207348767631 0.24303536476612 0.999999999999997 0.999999022152406
1 0.999999999852425 1 1 0.10823334629614 0.999602201335454 0.999999998245357 0.147413444583815 0.133690374345735 0.0890127654168982 0.0984203327685894 0.144024392230465 0.175199976473339 0.175425841134225 0.999999999538545 0.086483680921796 0.999999999986644 0.132937420809218 0.119663564096042 0.131041502952821 0.212410157909877 0.106547726007476 0.999999998738615 0.232887636253062 0.125456043817232 0.112259433092225 0.0927449596031487 0.128166710428526 0.998951498894511 0.0935369076153362
0.101098080946535 1 1 1 0.0765871990450371 0.0709963268852059 0.0568066148555268 0.0729623300135244 0.0596956124457391 0.0775948212969494 0.192444166624357 0.0897345848468615 0.118062505199515 0.0566039763051465 0.0933367461497311 0.0986543592009008 0.0718939710002956 0.0612282401384371 0.0646088227253359 0.119978181088019 0.0763273788935033 0.138125256775374 0.0879547325039932 0.075678183152607 0.0579437849517225 0.0799542375538859 0.0550868409825402 0.0629107968681226 0.0866296488021897 0.104007137175143
0.0430509138298213 0.999999999999993 1 1 0.0604316584324532 0.0423805785157577 0.068747582892687 0.0284386572934103 0.0580787504322868 0.040379404237072 0.0541540359296884 0.0356411316503714 0.0433127896656964 0.0323344987161589 0.0621045456029822 0.057207473643838 0.0857306574680839 0.0523312007620204 0.0609731472967667 0.087602223325065 0.0544858255231802 0.030245825222337 0.0395574250823797 0.0849855229475165 0.081404284134895 0.0641934255917165 0.0416325957019428 0.0400625172110683 0.0773397593696704 0.0552475925249846
0.12202767907456 1 1 1 0.999997611399838 0.0938221459830365 0.141771857911728 0.0823364385121558 0.13688881203378 0.122421397594877 0.118476308521883 0.124134367739491 0.121784789084381 0.104271452928603 0.110250178586656 0.109727526455941 0.0674972872117141 0.0807035039594411 0.0943017386514701 0.117834503196276 0.120958924585567 0.999998213042359 0.106283870392971 0.140374718760691 0.115998492229752 0.127377343184912 0.118077016805969 0.101515901195989 0.11563671189756 0.124933332594071
0.99999999999999 0.999999998218666 1 1 0.0628984362366511 0.0902194810532123 0.0586325047640215 0.076000985332226 0.0370502643039688 0.0958482651671952 0.999999999999999 0.061010300435946 0.0510293077711592 0.0797864468684777 0.0790051488716464 0.795981555032569 0.0649639214797677 0.0649370584317144 0.142710474813409 0.073359990614978 0.0862705546320448 0.100473654974614 0.0856036400954422 0.0659767339570821 0.0600778845585374 0.109182838360733 0.108082247011089 0.108681671414803 0.063007710564376 0.0924302568617035
1 0.201969041237755 1 1 0.124189630770301 0.172187099338945 0.083658500970033 1 0.116206453803127 0.10215316927378 0.0956088517692549 0.103582353555721 0.109608809877235 0.140155756057116 0.239599176409138 0.0694893677948911 0.99999997954285 0.143273199634211 1 0.0657475239745678 0.0627958609057053 0.098141371937298 0.116444540328259 0.0990588630167212 0.126678094984243 0.0935055511553857 0.0749381154584062 0.160518662142873 0.094326875329618 1
0.999999999990315 1 1 1 0.108148751733772 0.0828576141320142 0.0614323472904982 0.0636414224236984 0.0516289410643901 0.109214528556739 0.999996039622609 0.0923362277511569 0.123457482689714 0.0943402541477436 0.134594264897108 0.0462107553926129 0.0742186208015958 0.119764705318789 0.124977378469737 0.999999999796484 0.0938194162879787 0.137144710863285 0.172709661815424 0.0905517086087211 1 0.0850570781324467 0.0863638248776658 0.124075408216579 0.109708766355653 0.114247337441159
0.999999999999995 0.99999999999305 1 1 0.0971148083197314 0.0949898220896772 0.0883553286083104 1 0.0681436283410387 0.110597522213136 0.0806379926942471 0.170364716493712 0.0796500811773292 0.117141312701547 0.0710602896170812 0.0895867531254937 0.999999929833592 0.088078854752603 0.083064539073337 0.122833730747363 0.08420376599079 0.0930235046619569 0.100524839242055 0.09431657546376 0.104008064522687 0.104913943125919 0.0526232566150556 0.114807137269553 0.0901070219727209 0.247849012070167
0.997319266255484 0.290671454310716 1 1 0.143289811424038 0.195321836192417 0.241071873506456 0.213678874507065 0.200938455460411 0.236710728699187 1 0.17417411544449 0.217161589511817 0.195332488782007 0.170858252059544 0.987038133384072 0.999999962651422 0.15609840005838 0.206659147218117 0.218444215783075 0.191473714747738 0.400083324462365 0.249828518970873 0.195592182164605 0.219852884592573 0.292067956297973 0.171971268941588 0.19467234616852 0.186951871136162 0.158249127699948
0.999794143880935 1 1 1 0.182793297453382 0.101581456860784 0.168861807110443 0.185808891397665 0.174040300890048 0.141940909631189 0.15156205882898 0.134736353936905 0.105048079409593 0.999999998375815 0.999999999999895 0.18528758446012 0.147411220832191 0.192560825962199 0.146706711441225 0.190631116718538 0.159528460748362 0.150151269476828 0.129093877806251 0.133689168068295 0.127621222080392 0.136933146252061 0.169546949055329 0.145644014357882 0.140260032295223 0.182597752377952
0.233368031684224 0.939738477040533 1 1 0.113130820056248 0.094886148241779 0.105854387542906 0.124686754846077 0.0679166527088502 0.0846925469441441 0.115529507562941 0.118665425470322 0.0781527914043907 0.0839226789210418 0.0674946346721013 0.0595968074905184 0.149138208835884 0.105703590850791 0.103843481009966 0.17790079340337 0.106894632817634 0.130857839196198 0.0671229984844812 0.103289782148827 0.0711221298048419 0.110773419962554 0.0853796120723987 0.0966140300233846 0.154642009195928 0.10958972298341
0.210923034297973 1 1 1 0.981985577190419 0.206951053773463 0.140980450729012 0.13828886514531 0.136812842317908 0.223881103344912 0.17841790315783 0.152116731315031 0.235678409566492 0.967143246597822 0.208340425564303 0.204918388031188 0.204457444950984 0.190571759474834 0.175797757899862 0.163764846733777 0.112276109516302 0.258738217408425 0.236422145105713 0.181361671209237 0.189622293389661 0.203208381059646 0.149533322438428 1 0.260619447587605 0.160819327324155
0.064572281181389 0.999981572648714 0.170962165564437 1 0.0635670971088911 0.108343630810973 0.0696320690576258 0.107207587588573 0.0999973713681216 0.0818544675267386 0.140376468110303 0.0713578253728049 0.0870829823162104 0.102531347010468 0.160644724920343 0.108934090437243 0.0966483345715837 0.0750841278458935 0.99998841028071 0.0892983519758768 0.0812370566455402 0.114793921294393 0.129310733027517 0.141151071471107 0.101019308947189 0.114007612021681 0.104303199921341 0.0768443415202421 0.111421701659142 0.0918874039148667
0.99997301637207 1 1 1 0.142347321101311 0.110197783969945 0.121886840470866 0.0619276175269644 0.139378390601323 0.0914263632390463 0.996004776716294 0.999993867950025 0.0850526349333689 0.129030007249214 0.130261849592833 0.124043693930271 0.102763098304705 0.113551098036092 0.119035820402197 0.0767438985335883 0.102107206378127 0.09232782650441 0.092096973652858 0.0582736897436789 0.999635192191136 0.111621617668244 0.0933031127841616 0.146636353607871 0.0983476274595563 0.141961019425851
