0.999699879158333 1 1 1 0.09096641524008 0.128313276233555 0.999999055055135 1 0.185422011424029 0.127646834844557 0.0900636417070586 0.0630413607139287 1 0.186242357153831 1 0.164855327254066 0.164709566135606 0.131619024727851 0.101955749172281 0.105977050399668 0.108616450297292 0.11859594184902 1 0.106689661960677 0.144120102960246 0.140085644400659 0.103797982485165 0.0860022668600362 0.0928844332157713 0.12391866352629
1 1 1 1 0.175156152719497 0.232450315915364 0.1323248786284 0.145930942882765 0.142841173490796 0.999999998869003 0.202468531193421 0.128863202617827 0.17095140247576 0.214273361214701 0.196963477326035 0.218532976635209 0.262118840859564 1 0.162316343825227 0.196037206494079 0.211034118121483 0.180659540508002 0.15205946055927 0.200903484364573 0.153961326286216 0.165375934404155 0.155275088447551 0.193610833874703 0.111620111006181 0.206592249397639
1 0.99998108973802 1 1 0.0977030486338286 0.0795382051346558 0.102926623222664 0.108824348944659 0.114316404419148 0.0694981347423294 0.087200378756334 0.100303573838724 0.999999999999818 0.0951464467207735 0.0789107636671039 0.124221456555514 0.118776562389378 0.999999912199363 0.0842895822431752 0.111798074065735 0.0936820564183326 0.0705354743658915 0.106492089963575 0.139205181004801 0.209298452010525 0.0562446997837298 1 0.11147662325277 0.113980855108517 0.0997739668588391
1 1 0.258508307732374 0.273082583568966 0.224826651159826 0.269089383616324 0.248473182465269 0.178534141187624 0.409066575159362 1 0.317922742042657 0.9999999999601 0.204734888976055 0.99979577353292 0.196502002872963 0.999999999999989 0.17554710610195 0.227914299690209 0.257295825567423 0.306682016448992 0.329253496767655 0.174250032308991 0.157505755554944 0.257320620828917 0.190836189117075 0.274868266833468 0.2514684813674 0.299942885041413 0.192105951521052 0.28833743702767
1 1 1 1 0.108782755751612 0.131575365106081 0.173571978555405 0.143091767543635 0.220328452932183 0.164146231393794 0.118582556215386 0.175275001473993 0.141539200638128 0.146371608702553 0.170589350267036 0.118752292388003 0.124176226828739 0.122226360189702 1 0.13073042419412 0.167492526134549 0.167675020893982 0.146093589090141 0.239963324075041 0.163947345983802 0.130208702983725 0.0838311885028022 0.132572804552331 0.141530193398366 0.137897501364243
1 0.149124847187775 1 1 0.0987875349647709 0.0668453729211543 0.105100842766583 0.156467683764406 0.114284565963449 0.0949542489977386 0.932390176369292 0.124828437828859 0.177067016702839 0.146584036072009 0.999727552113644 0.111810877908795 0.0549700513074636 0.138134754932482 0.0976568693360033 0.999669057354068 0.129517231432158 0.0989996415486105 0.117209122718785 0.0810125791166623 0.0927116219916333 0.128086366406348 0.125869909578851 0.123270479176407 0.767863810818287 0.109076654327129
1 0.306637653497206 1 1 0.153244403213396 0.136046223930811 0.193896913657033 0.180846742204927 0.18694424416075 0.185791166898943 0.130566808051736 0.32776547912856 0.149331151957905 0.259080809166578 0.144689292613568 0.137033683342134 0.200055566540004 0.999999999999821 0.135341870018537 0.156701816895684 0.158760098252116 0.144076144321499 0.115164658917334 0.180464311298308 0.1165352830162 0.116514120811406 0.15133610606958 0.120956614623455 0.123275945119316 0.172873425580981
0.997196478292221 0.163758240620487 1 1 0.178154547165115 0.069540991437693 0.116583739237158 0.130590695971297 0.090964797396637 0.0953460129729199 0.0908158927278527 0.12827201355102 0.118012161606142 0.0900875031046231 0.104336332796559 0.110441267717483 0.999789966440802 0.111594584050681 0.180633877010603 0.0965647013771278 0.114856116363513 0.102799568336164 0.143317880628901 0.110699253460236 0.10921159101678 0.114855767818992 0.118643686511213 0.999985418023913 0.108116994729329 0.157285876769273
0.178230136717186 0.999999292827613 1 1 0.15880803951965 0.146671022694676 0.166433046101448 0.165333793842781 0.171749333514241 0.12164019112751 0.165637549071253 0.142259653612198 1 0.143537677746431 0.187124515542118 0.137841964828947 0.170230157221481 0.142185454125997 0.136637403614951 0.119637522633925 0.204051666041421 0.151005829406034 0.108633669815548 0.155531544054401 0.168707485473249 0.217770777345075 0.9996644660206 0.186481374371351 0.165557854802783 0.185588459418555
0.0615578422836891 0.999217908014577 1 1 0.0605505113330614 0.0594089069762147 0.0614085367596851 0.0594339885616388 0.0364933774036198 0.0545580563276102 0.0505704356068782 0.0409024455965127 0.0389846769237201 0.0533785758348885 0.0835219778670455 0.0689751241009087 0.0696807303048291 0.104891094244604 0.0845843725485873 0.085227275475296 0.0722913326638116 0.101648526005257 0.0539123440754027 0.0381514561922307 0.0654976962787929 0.0523821464630246 0.0633954294473118 0.0625999615226591 0.0399612791411642 0.0421771562653271
0.999994835116231 1 1 1 0.0403747068225557 0.047218629163521 0.0587024467672509 0.0417188494668514 0.0521832433061377 1 0.0486143796793953 0.0494499698696005 0.0543078949583825 0.0513677124698984 0.0451391393715901 0.107409656817963 0.0447294303076138 0.0503112634636251 0.0489197882854387 0.0672461201881352 0.11458526463376 0.0452088472323946 0.938798892041292 0.0507619321799883 0.0702640533588649 0.999999967903657 0.059276104786007 0.0453153201639266 0.0642820047632939 0.0485086558317548
0.135669435450107 0.999999345939522 1 1 0.0994131440479994 0.160695162604292 1 0.168092272112023 0.999999999999981 1 0.121948216419167 0.1362233954935 0.102825108705362 0.134596562157462 0.148316990858398 0.201053674557681 0.142543271089508 0.155685405122618 0.113438642067913 0.177211664246465 0.183656630343519 0.999999999999942 0.193272365380119 0.176566407199545 0.144059770378962 0.0972237648110112 1 0.163777429687902 0.129555596286983 0.21102170989147
0.220012912359989 1 1 1 0.157861981746136 0.162323541205301 0.174568764803135 0.999420510755236 0.139972664757712 0.177167183167596 0.175384047102992 0.236902049766534 0.123680308547017 0.17902358270023 0.126806794510892 0.999913271904437 0.278585342139977 0.167441534538072 1 0.225466831501219 0.158324482914468 0.154088733619479 0.107956610110464 0.189227654883424 0.151827131226361 0.17263337248361 0.15226632121527 0.19292731152399 0.19036634721255 1
0.18535710756482 0.915124216499732 0.994614369965226 1 0.133660760938421 0.173804022660978 0.158927580083674 0.133871824517519 0.160718578586077 0.108006880646431 0.175252808410589 0.116852293393223 0.130643361260305 0.180894765652362 0.110606658260223 0.125908861694916 0.162185154771248 0.0996868751785813 0.141948347119968 0.240580715557926 0.125266778346103 0.134203863976739 0.141607677828368 0.109841077599648 0.148881875921887 0.0976788839901551 0.17883797304163 0.123114896636009 0.212154650622138 0.157901659385153
1 0.999999999999999 1 1 0.228830453951889 0.12719001849586 0.230228108011584 0.196070466140723 0.161387134943216 0.187779592664803 0.238363460424819 0.209192203913551 0.254701647341231 0.999989349873015 0.299107409070791 0.2560804243816 0.211737391053066 0.225887260091996 0.224817451565611 0.227734236260506 0.264803116990412 0.172194046889265 0.126532293322274 0.214707337184166 0.245803897578433 0.283350598892298 0.192718963920488 0.243793266402675 0.21509387520771 0.248781023149702
0.581908227873117 0.513235995276265 1 1 0.0852277992235544 0.110937703797936 0.601539406689878 0.0870186089061383 0.125647944317554 0.0867209132904495 0.215112530723761 0.162258975141451 0.152077797574314 0.12622838804678 0.181663709853415 0.118477620033362 0.104395849003743 0.106961118098466 0.116078960311387 0.183248022803332 0.115813276205741 0.105477842450452 0.150242576196931 0.129894629303942 0.155447099706453 1 0.129954436289497 0.118276128710181 0.0796301341869515 0.174307921423106
0.999997620174209 1 1 1 0.145079833585893 0.178926826058641 0.215680002235682 1 0.177273347533467 0.245793986392356 0.28972440045331 0.174247939801528 0.233206148758665 0.133335300658449 0.25893549690836 0.183627737627015 0.224056792909226 0.211563877510911 0.211438571117393 0.256463766377533 0.226547466544023 0.151128166049942 0.236299854571594 0.999999997062257 0.177040669712048 0.210970584232234 0.179514029031781 0.169622075487203 0.211697220995264 0.195758231307486
0.214549434879238 0.135099423987523 1 1 0.173192182784819 0.99999999950902 0.99999999999996 0.0947859724816228 0.999999999999152 0.0857717419496054 1 0.146262683027469 1 0.12134056979569 0.253455735046105 0.999999999997995 0.118815745725779 1 0.99999999999374 0.077127439261966 0.152459849222384 0.211501482599608 0.999999342606298 0.999999997071182 0.115093201803319 0.156751034227094 0.17413672060624 0.188008505334453 0.318849567454702 0.28208491201245
0.999999999905326 0.158806071566515 0.999999999875987 1 0.113091097263781 0.999999999999989 0.107530270610653 1 0.16994922569162 0.123324074274285 0.999999999968388 0.304421524780323 0.104975877235886 0.157341532315957 0.128713657976262 0.172362372353097 0.102282800152391 0.105167919015883 0.144313758268455 1 0.144473955993801 0.118856006787983 0.209140791230014 0.22788144974443 0.148288034571507 0.113926543097263 0.245586720622236 0.99997981844908 0.107255767243182 0.107391628201595
0.25235717798189 0.999999114536993 1 1 0.0934347025582437 0.0937940031483017 0.0505075378353508 0.0895067466824191 0.0532157108802119 0.0895564340749182 0.123991414208182 0.0450530327474054 0.119865411786272 0.0569004343711513 0.149692629772072 0.0547323977403751 0.0817012555060134 0.0552463148201634 0.100397954693911 0.0885348015321267 0.0770102724705281 0.0931483426836589 0.116525633444042 0.116553755218279 0.0729890458254556 0.07697287709897 0.0628920558540257 0.0663751551124562 0.0830944733859686 0.082336950209747
0.999221799562664 0.999999999999997 1 1 0.999999999905597 0.987899910187206 0.135295962000207 0.072815464116006 0.108876442731166 0.0791746757116859 0.0478538938858627 0.0989540358038967 0.155290170907744 0.0926603595837392 0.109669269430486 0.0756348897396113 0.0628280677954032 0.079605204587969 0.0794097334978244 0.0754581766268075 0.0889391776793511 0.0597540437667244 0.105064042145602 0.0847378596544177 0.0715087090135369 0.0875784389024428 1 0.128516359437672 0.0980657618244679 0.0697641836651492
1 0.175462109588479 1 1 0.21734613805299 0.275780258198395 0.148597643983544 0.209498873447231 0.227877537467213 0.143470055171782 0.372721538073991 0.201353340865721 0.219809331337572 0.158648242142148 0.214402253021922 0.987408143658311 0.180979337541087 0.273315467628488 0.215321186819317 0.192128852752986 0.269550763748279 0.134960150571849 0.194911994691746 0.1990537816514 0.999773738838832 1 0.216647795844263 0.166037202162846 0.18760882026331 0.262188087458724
0.999982043205202 1 1 1 0.130839672299635 0.797879047111693 0.141050817158089 0.136872794041718 0.0725781816054952 0.0864580397501346 0.0970767128730592 0.0749108805464692 0.152641596648643 0.999995121941851 0.0910783380034178 0.100142674938032 0.0736464758033757 0.116084080889404 0.131268090878141 0.0967527254505851 0.14868568189064 0.130708646587575 0.0774616442617647 0.346860955226046 0.999943206511122 0.0923252253938519 0.0914397836684108 0.101738524168481 0.0858708585479213 0.127578933978504
0.833909998719413 0.993813367783917 1 1 0.11389483187292 0.101316521946013 0.146942575227612 0.130033697340179 0.0928853918960666 0.112538289114209 0.171184433496001 0.10913093339214 0.153049802748186 0.124099970583388 0.0896019745050304 0.152140539371974 0.131812844000403 0.090297947210468 0.130199848857799 0.0942281428756326 0.104990275053877 0.150550868015203 0.162949415570359 0.163726845080546 0.0987342605381324 0.267156920823542 0.0892864346099865 0.319984413099574 0.104051579067354 0.17839280208183
0.999999999999451 1 1 1 0.999999926558774 0.0930045225459751 0.141685313306704 0.0707176096547821 0.127029561358272 0.153197301272128 0.999999999999999 0.204246861862878 0.0937236066590131 0.151650696382222 0.0897365879830665 0.0770600802012281 0.128152198436097 0.10821727361471 0.100345034655456 0.111530277587328 0.131395662278693 0.152162883611982 0.997975731746617 0.115553453958034 0.122482949373828 0.100144195392796 0.111519212626358 0.121995343265829 0.103538983794888 0.999984080252293
0.0590288053562142 0.999999976911268 1 1 0.0513685216204466 0.0651234103948617 0.0490881447670344 0.0468834945715511 0.0435730007834488 0.0868477385493841 0.122194236965924 0.0397587867801237 0.0394476693064383 0.0296714940137753 0.0471358259851027 0.051667406115307 0.0310150584431838 0.0336795561519364 0.0301968337107634 0.0272690306935714 0.0374804940354966 0.0556015051258434 0.0317909288318444 0.0497596491358513 0.0523278661395111 0.0347450562510027 0.0424191620443752 0.0423771671717841 0.0453756168848932 0.0295276059127761
1 1 0.999999999999976 0.999999760473928 0.999999999999541 0.999999998169189 0.143685027583705 1 0.171618202783096 0.133801482530212 0.199887169640399 0.124891371321805 0.121974549667665 0.113854128778061 0.212372011829223 0.133148736554046 0.999999957267594 0.133119417630924 0.162589914819844 1 0.998211803948746 0.129577844200743 0.223465793686096 0.12063449213529 0.999999999999799 0.178931553070992 0.100491474535447 0.194181605480213 0.222919329470756 0.176696578557513
0.148310044431796 1 1 1 0.036631414367756 0.085271459775814 0.077641180333752 0.0755782984130114 0.0502137906356394 0.111261029820112 0.104268380206404 0.0942866150606235 0.0626700028341824 0.0303563356442154 0.0323198055212449 0.0512554120086539 0.0600302487440358 0.0440859869657438 0.078252178905952 0.0346559132628326 0.0577462526274717 0.0336739322345249 0.0456447452569066 0.0399047974595305 0.0941304317789825 0.0511344455607229 0.0327632549044584 0.0266335302737998 0.0677845838917147 0.0470827459845077
1 1 1 0.23628069606431 0.264911742801699 0.306417974193173 0.337645805387286 0.282894450872448 0.392645560039573 0.260101832779455 0.26096870997186 0.315627617395355 0.292305719559113 0.227690512476302 0.231297354015152 0.211727090014183 0.216272961730224 0.311692564782863 0.255165261584606 0.233470309866606 0.284328349316008 0.340932996002313 0.221590019287754 0.292225038955748 0.286750357644709 0.219617517669718 0.244483223373402 0.264657984392127 0.230714726155274 0.315097226233132
1 1 1 1 0.107304011194734 0.162799522335641 0.120572245931449 0.152926781106341 0.999999999999994 0.136188704738282 0.110592578315483 0.190399184474315 0.115917286071412 1 0.21440290145288 0.253734723094985 0.101675689751676 0.165063611826523 0.10386117567289 0.160808166639333 0.999999999999309 0.126018491579851 0.229686496631861 0.202234840841372 0.117577635799235 0.0917758839583428 0.111253547153588 0.174520508292309 0.140436727935719 0.115190293076949
1 1 1 1 0.335112585336139 0.238497946545737 1 0.161656786228764 0.0971878507940023 0.10805767443136 0.113733126329429 0.0961595336869959 0.0766890441836975 0.0967377340063328 0.154553992964902 0.0736154929790319 0.999899034735114 0.0766107718356418 0.0701090936991607 0.22477288603253 0.125675409595729 0.0778897991849249 0.124942991134083 0.0868495050839792 0.0606783325733945 0.140469845127921 0.177383259741441 0.152788091557839 0.999984079427052 0.0745461535812939
0.999861373078112 1 1 1 0.041944319109128 0.0478003502204156 0.999999999999225 0.0789683351827772 0.0517113299367431 0.0926902295995753 0.999999906237539 0.0748212273070937 0.0663864734723981 0.0983584830418653 1 0.0598309210503521 0.0995915061124553 0.087380328995551 0.0649253524493767 0.121983955358192 0.080548636023455 0.0587025178610864 0.112895055284196 0.0605852098523622 0.109595441433979 0.124296209827249 0.0843790982175899 0.0984314863401209 0.0976387316666324 0.0853206586790238
1 1 1 1 0.0852683672619359 0.148093448462762 0.0839137574862138 0.0637140071490572 0.0650952974845299 0.0728712773635146 0.117375103744482 0.945540444397585 0.0600053493640587 0.0974523226601075 0.0825551095684329 0.0998279984783768 0.136771953395622 0.0705855575210732 0.0912023756631926 0.102264655540306 1 0.114892344708462 0.0951144417324907 0.0414734098423163 0.0622953222292543 0.109816725210166 0.114474264004132 0.0848694614006322 1 0.985225145159217
0.257777266848485 1 1 1 1 0.287602627002039 0.199197226952327 0.229291469701672 0.246499803419275 0.191257742623624 0.405259040747966 0.21867329370565 0.395553734895308 0.251000774777618 0.186581738911194 1 0.234943381455027 0.286086214992198 0.356834485451843 0.224816804476997 0.21995161698543 0.272703309269215 0.57603272953259 0.208499100879217 0.246328859213667 0.206125195689387 0.315883905785274 0.176521122465041 0.303551558567975 0.235222681141434
1 1 1 1 0.12842067033901 0.105595328672627 0.150333788042321 0.12961782258152 0.0958982055555649 0.147837242742446 0.152080117750143 0.125336366329804 0.191143558775141 0.0823401260339192 0.0994253696088335 0.0955274233621229 0.999999745305079 0.102339991670614 0.102653906515199 0.09445767633064 0.106200757264319 0.137010945919687 0.111895416126221 0.101667409537242 0.133376889113283 0.10982800717119 0.13007370573584 0.999999999986012 0.111140351479195 0.0933183132497373
1 1 0.357893031734183 1 0.263019067237851 0.292773296663948 0.308542959207667 0.388278929895752 0.217952070201699 0.316758774963271 0.338410878007849 0.23861317858893 0.40261998141696 0.330008361441681 0.371668721973093 0.267172225836854 0.241700213351175 0.310334504506113 0.356547233920102 0.240086118771156 0.47835687324504 0.31395215035103 0.314405973222308 0.324183576283301 0.319178511962908 0.309790873858317 0.291289295211071 0.340992249066637 0.247298131686027 0.249792896705159
0.121026155471148 1 1 1 0.0796630741142851 0.0840875356777347 0.0754909012738127 0.0843912572217118 0.0751708455604814 0.0841661206855225 0.0738698914825943 0.0702549894572355 0.0802455914327148 0.0776046397747456 0.076149800809697 0.995298434272817 0.0884494283735845 0.120638033884326 0.127539109411335 0.0731984352636925 0.104075892289334 0.0645416314642588 0.0758713128700464 0.0691845340040614 0.999390089816123 0.0696266510150955 0.059358270282231 0.0696149103302711 0.0915786540858532 0.0868025330404606
0.999999999978803 1 1 1 0.220583669862035 0.435554713170311 0.233488240333755 0.234667595592147 0.224467636579481 0.194108826755595 1 0.372911538350954 1 0.187959895237537 0.235105298755537 0.198770344606579 0.163757320796299 0.230151079758083 0.147247650171324 0.11314527280687 0.183146118583592 0.210833298151489 0.18811072967898 0.999999998554369 0.253840169208875 0.207917594846329 0.192070556740903 1 0.221468675713106 0.27436212069079
0.999944404708452 0.999999999829062 1 1 0.0714471684169334 1 0.0808951831272167 0.0670582075093668 0.0589427406687488 0.0594380969525896 0.0814540219738789 0.0453543510046311 0.0758797726820575 0.0966331060163449 0.108049907413534 0.0478377601626143 0.0908407065597842 0.113808583454612 0.952828707382378 0.0823589224194016 0.0654702961062745 0.999999999286151 0.0747592937323993 0.17912040119311 0.999755760151212 0.0682166985495424 0.158543520914323 0.0746074164835047 0.0419594530647655 0.0887161935210338
0.99995329699537 0.999645461703815 1 1 0.0533926492291621 0.0662500208157083 0.0800932471652144 0.0503141509907744 0.0539337782170194 0.0700882774190935 0.0626427676364625 0.084064773730672 0.0575540475194103 0.0601211793214737 0.093034412060287 0.0569041919809991 0.0671467496363251 0.0709959868247917 0.0704210319183517 0.0553096961582983 0.127411628202159 0.0653439157668461 0.0622149135127109 0.997163856543378 0.0534233333784859 0.110724328935094 0.080415128645583 0.0436192666618636 0.0595161321071905 0.0581492952989273
0.999999737354302 0.204812426049544 0.999999999996801 1 0.178881220474758 0.13240733376555 1 0.144354837837509 0.207819298190956 0.828467142002601 0.170231711835835 0.143295196798517 0.10870545715816 1 0.168230904635483 0.167500845506186 0.18619726288905 0.189204988677892 0.218127907821674 0.211375355684366 0.18170883284921 0.150873639112597 0.149329376387891 0.19558078320791 0.201119074634632 0.131635770406998 0.17965643943493 0.158734679176855 0.172817395775351 1
1 0.999934287965011 0.999999999999998 1 0.185684928064317 0.172942522678963 0.999859935985155 0.225453945459755 0.170899933069924 0.196849463922325 0.152165301759239 0.244971636485313 0.154510467964691 0.169757512301196 0.105824696010237 0.145758906119047 0.197600277837099 0.231556144325081 0.163996035248155 0.262850412750758 0.137880406427249 0.17747738304095 0.158982949549408 0.161924843920817 0.208117038723455 0.212791293827429 0.204536378441581 0.206532538329381 0.194511658515547 0.196448301480466
0.15809914860599 0.999999292865575 1 1 0.0742125385090432 0.129453239930778 0.0956105909829692 0.113658682243023 0.104746587600389 0.142211750401204 0.0644592170142181 0.999924145619969 0.118303160297741 0.107569151674844 0.148182980225169 0.127062732832081 0.0934946944663602 0.123830585561702 0.0763153866754269 0.946761510938484 0.283381939693354 0.0913044530046098 0.188208888229506 0.0939288051625017 0.131741844083155 0.13625249519836 0.169134006703435 0.150455415502661 0.0678978153802152 0.10678284895332
1 1 0.166106352729786 1 0.22683034929696 0.999999999481471 0.10065061591134 0.999999971211344 0.164237746696209 0.159582124445734 0.122573108442544 1 0.194283503609186 0.151124038607694 0.151659979361959 0.0950816385845731 0.169572046157984 0.12227844368101 0.21682032260266 0.19858552465935 0.0899688293050935 0.119105903689523 0.11960594045954 0.118346301285237 0.176932006377823 0.154338792490819 0.0976955108110458 0.146424798213811 0.0920907474104975 0.100870031023842
0.534560802046287 1 1 1 0.0781606069099238 0.0368866091686018 0.0659188134213708 0.0962977566574648 0.0991671367044401 0.0739014729393535 0.050953617004761 0.0611732119201789 0.0340895691504849 0.035165984958373 0.0531749516682899 0.0597501101796334 0.0689506845800498 0.05938712778434 0.160072498617382 0.110076234189875 0.0916581241272347 1 0.0707803229100822 0.072680918172551 0.0761532201813018 0.0734215623536928 0.0397913630919645 0.0683181937159764 0.0429542714647204 0.0592630885944433
0.148012067470819 1 1 1 0.0657851933934868 0.104775685679284 0.0793452667389805 0.0932364956302347 0.0772193174660761 0.0763669241539283 0.0742789762869617 0.999999984515057 0.428986694674739 0.0721791228635089 0.120175325418179 0.135288516517824 1 0.999999999967233 0.113752336459102 0.0974999941129923 0.0864868340493614 0.0518858772804976 0.101471972131398 0.0660160221381645 0.0715824714963906 0.0911635589021733 0.999847123050515 0.0743141971389135 0.0555630773913451 0.228765107433788
0.0808562759543706 1 1 1 0.0772569702356548 0.0761713686717524 0.045692985012366 0.0516081807152311 0.0676885212830405 0.0578808751965251 0.0563507257491105 0.0621559553363791 0.0610092362855481 0.0542443675978683 0.0999861587011818 0.999999989925549 0.0431267977572524 0.0573744361202569 0.0508062304646357 0.0880813734075538 0.0611742690196403 0.0820248007111464 0.0691886837001497 0.0627496757338806 0.0875920310892526 0.0647369483083224 0.08214456956965 0.0614763325916733 0.0523492860927236 0.0367443231933203
1 0.999999348998167 1 1 0.99995201098838 0.20795355349009 1 0.126906671027884 0.0942453706595252 0.144327138748107 0.161833707891475 0.999945933436702 0.16381300906677 0.115691808166612 0.100004386309268 0.138471890911539 0.0945017967193306 0.13248376303127 0.157034933336517 0.10322044761678 0.146460778928207 0.106834679692335 0.107662825579169 0.192922195388152 0.13618090332113 0.128461814039326 0.206887878515542 0.190892448958515 0.238893593682989 0.188184429493093
0.992577528916069 0.999999999999989 1 1 0.0568008034808957 0.999998771707698 0.0998544167289369 0.0624376022280014 0.0418008563693912 0.0657403899861944 0.0661170567300337 0.0731065433768883 0.0898943165480746 0.0846177112102413 0.0757208387147308 0.0674217558015887 0.0987948026024391 0.082141926818646 0.0484571865102189 0.0783618163173524 0.0906475890713024 0.0876823106238297 0.0406214046967208 0.0918704085532674 0.0844845398010914 0.0671592497911635 0.0598405631106352 0.0791756806293568 0.0844382119483659 0.185959616987136
0.999999999954192 0.999999998094674 1 1 0.0475631551008637 0.970605340699608 0.0556334449475647 0.0436423440283659 0.0755437630515249 0.0419632189872994 0.0822629445045472 0.0581272928004165 0.0546379440243004 0.027488970596249 0.0745617853655343 0.0638722001341435 0.122684633013561 0.0546411071720748 0.0454706771788486 0.0522837703908333 0.0649133690011058 0.0602749453534299 0.0630533439748052 0.0738851891441298 0.0716495016396044 0.0767902436003409 0.0937571231830379 0.0586945291165926 0.0533572637113253 0.0636240721339262
0.162123846576646 0.185990252218173 1 1 0.999999987150254 0.999999999999204 0.0924887816041471 0.0935189076497909 0.12690281435514 0.113636207457849 0.0674026661206975 0.0963151428767234 0.0547702559764598 0.0978570588628702 0.963628376414077 0.0878827392836518 0.119334584135395 0.0832687773062432 0.130964539088696 0.0962461627137243 0.096041202715325 0.0606530896950712 0.121842226520403 0.107537155735768 0.140391863034345 0.135959648232688 0.11231149606162 0.0965217142322519 0.161749011810592 0.0609265744488844
0.103447099335313 1 1 1 0.117270520513242 0.123414523531674 0.09822553176557 0.0877546807861213 0.164471319605826 0.138245173942947 0.207552439320837 0.107960948467932 1 0.12511882838467 0.181908718847649 0.107369895932052 0.144395019319768 0.125919204926204 0.99998170458492 0.998842742545002 0.092015596636183 0.995176055499793 0.112309243615272 0.1241160329196 0.14680480585053 0.999999932060807 0.0884772404797817 0.0872792542056315 0.185137531074194 0.119188283782582
0.466508028108048 1 1 1 0.399664342078392 0.782143300504865 0.785727165506228 0.390573009742423 0.567455293311321 0.368181146885919 0.417757287748007 0.57896466762077 0.297708996011625 0.37222185552155 0.478336170822689 0.513523207090453 0.999999998875739 0.663104672130658 0.424686349659197 0.416090734844734 0.999847958357259 0.999999999999539 0.999471198754408 0.334021561924895 0.415767708745653 0.293544570809465 0.371955145861005 0.389084187953497 0.49614972050449 0.518265977556745
0.162666470757043 1 1 1 0.0583774339806248 1 0.0632604459534534 0.916793387122151 0.0611056359534767 0.0690660144254399 0.117632876565269 0.137632075214047 0.0860558940984556 0.0624581192074963 0.0742307922259251 0.0561879257489187 0.0742011312327474 0.0726142876813249 0.0683022024739176 0.0672681822055468 0.0588048103943639 0.0713603754270666 0.0673397364218087 0.0691627695486137 0.131584574220898 0.0617094969511878 0.0571360171821311 0.0610727467846973 0.0517982514739932 0.0860095097310449
1 0.999999996942967 0.732047449491926 1 0.322034325943877 0.289028194742215 0.196660711033737 1 0.231397263250617 0.256014491788596 0.281887063426425 0.280198291034854 0.227826524903436 0.471550218139952 1 0.278390511594338 0.255166052395493 0.220950376951148 0.178872944486551 0.282965856594627 0.270948249474953 0.18668741295025 0.261047978956999 0.406457555163386 0.296876369781802 0.250407184527352 0.23275099305909 0.233660668222085 0.26755097969689 0.267633109128067
1 0.999999999611425 0.999999999999311 1 0.175933677278035 0.125296457060114 0.151849500700765 0.162963883805761 0.20876672531109 0.1725022396618 0.130927039832945 0.193722084905369 0.226711063375854 0.999995295694013 0.21530769127241 0.225249765583629 0.190565921417028 0.224403981482314 0.144187564409823 0.173494338593839 0.164251422562335 0.206245020389659 0.152921610088045 0.139657078956953 0.244455336144254 0.154212215980279 0.183635513179515 0.214964273885879 0.20536689456251 0.197361553223451
0.99999999968099 0.999441934872493 1 1 0.163511712094626 0.244530817985049 0.111425373216234 0.147342245320869 0.125878305914819 0.161757603925063 0.123720929708818 0.192861739285853 0.103856845263558 0.105004299183448 0.1008229746921 0.166904409077048 0.239323972094989 0.209822990931801 0.999999404262299 0.126142395052656 0.201990642606128 0.118167984458681 0.160854771493902 0.159573244098263 1 0.135228046429122 0.999951248562071 0.179401065945181 0.148447000791605 0.154046277322033
1 0.999999999999995 1 1 0.177085138434301 0.16404073088986 0.142663465456862 0.999978453147103 0.289111301351372 0.176449246083645 0.16879741946368 0.12185320723947 0.132239541551333 1 0.330812056755055 0.21205376701592 0.194345534355512 0.23913951729213 0.0937132594153537 0.184691170482214 0.128159168081565 0.157191988310614 0.148850891330531 0.17131845516204 0.147855167957638 0.143525012775634 0.178666603628878 0.144692436753867 0.237626742484058 0.163914656285148
0.999972598755856 0.881536820085707 1 1 0.186680749869141 0.190618569558426 0.123113222329932 0.196725875724046 0.158895834997552 0.0931800751355634 0.155370972229846 0.175155509918249 0.173791265051146 0.108410315945497 0.179492306385177 0.12198033355854 0.16643757373989 0.147525912170546 0.201839187475372 0.203988494236959 0.999999958265667 0.129843936345682 0.162866803180573 0.126362006110551 0.211837387976688 0.126773008390698 0.0994509661514112 0.181107105188304 0.128160912014148 0.177270935146768
1 1 1 1 0.126480983158924 0.112778807177636 0.0869219912799321 0.121561972239817 0.0930188277969269 0.138045702816112 0.135906542600512 0.999494365155195 0.157617927104696 0.125290615042322 0.0615981200698845 0.0989325431227602 0.0977334715426701 0.139584088133368 0.101584086618931 0.0809467083558507 0.10371729167263 0.999999931790275 0.192541968624601 0.119078873081321 0.100477618962995 0.0853333523701563 0.158904455842827 0.999999993530115 0.0822101496630994 0.0956705449243684
1 0.313867922683365 1 1 0.35009282684677 0.29856203326797 0.310341683901477 0.278994145536954 0.300680863232329 0.202095869390482 0.322537778224329 0.251060280320665 0.204483617470734 0.196632766066069 0.179536781120377 0.310887005364125 0.261555428427302 0.357473606010078 0.243864010863386 0.263489862831843 0.323411459796337 0.276979954051449 0.340351167147406 0.192530903960819 0.222300876538404 0.280247856665414 0.267728177740269 0.255036112175473 0.148783974349305 0.291325771933927
1 0.999999991230351 1 1 0.0483577347149399 0.142014356611728 0.170601178757503 0.1091625022375 0.196431710405852 0.134974508891976 0.113981219450583 0.171951836421409 0.124361568009805 0.204795231616766 0.0960538278795748 0.125402411154975 0.999999999995996 0.10544390029781 0.159110150900135 0.12849504380096 0.132352629193808 0.0849313952920727 0.0734760626204481 0.153497504260541 0.0898572435363374 0.0873193115829145 0.134949216778882 0.143456802301245 0.110679647034753 0.0998094389024748
1 0.207641999129814 1 1 0.274492462086982 0.245978089691321 0.375321447885107 0.410215304870962 0.30349581085881 0.219851885428075 0.279791066064842 1 0.268585773170665 0.27475969322547 0.232815890405117 0.465686157106363 0.317094615151544 0.257272605324653 0.288789196854856 0.372863575530443 0.211434930189366 0.198363823883955 0.179001933695603 0.996150849933231 0.278653351547439 0.569835701134374 0.243088542223967 0.199857381203587 0.260270662814322 0.204383466819506
1 0.999999995501286 1 0.999989672289743 0.131430194026927 0.186684422615971 0.156708842233853 0.136082331796607 0.998262957868171 0.999999977504 0.19156674322857 0.13226621357119 0.164489423881655 0.130127033106339 0.999695122713806 0.13446362320095 0.165597389594081 1 0.145506989399656 0.999830249534417 0.186720344186299 0.999999897219289 0.0743446719709281 0.216977720465319 0.167998591222998 0.12625910478379 0.198767598559878 0.146438600049892 0.996120348995255 0.140533953841766
0.110670327394282 1 1 1 0.0992165167132403 0.127046969587652 0.115869699048905 0.0925733547157245 0.137754414938923 0.10356200101632 0.133891248407055 0.0951171827108447 0.133341872578208 0.100122129898322 0.0918352081343324 0.0484580977306026 0.109236108940156 0.112718683137401 1 0.129197457102846 0.0826565569356081 1 0.120723733310353 0.0897586542950634 0.110694646344222 0.108265664833389 0.0533356406841855 0.999999849240267 0.122333917793 0.111793464549924
1 0.138766124028459 1 1 0.0825696770120853 0.077583974833795 0.119417570083947 0.0412645288904012 0.0656514181470265 0.0458903538072647 1 0.0627036610648737 0.0786962313983931 0.0651260554789351 0.0912766401772155 0.0721001573736958 0.138695962488464 0.0788113363365955 0.0910405630731342 0.0561882190880363 0.16144653970192 0.126064324439123 0.108800512532871 0.999999999954631 0.0700597524129734 0.163062206525175 0.0697425020812261 0.0580534096409291 0.102961032771908 0.125487327304673
0.99999999999999 0.999999999547567 1 1 0.164119574302329 0.197817540909799 0.151961870700725 0.201521314520337 0.184409509831595 0.185855439134342 1 0.144472051089247 0.168025338039358 0.295721275996456 0.198249348141658 0.212585844234103 0.175528631725391 0.107375304592279 0.200255937480633 0.229928024953319 0.169601521363909 0.300236960584783 0.187433833444234 0.198979357615176 0.186688122801508 0.200394457481766 0.186502171741795 0.999992777276425 0.127149000303749 0.212567824666351
1 0.999999904210236 1 1 0.119798816058456 0.999999999998489 0.113378367218561 0.167697245656374 0.209998266544129 0.999533046626327 0.123240092883724 0.169647124017018 0.235244255632012 0.15102575158487 0.195370345508891 0.17360385115386 0.234459777579676 0.165632857162211 0.0979584874339094 0.17711402644491 0.0991660803613674 0.171882634586333 0.184889446173524 0.26921189569767 0.126893702288979 0.132829505348694 0.322413129314979 0.136271147167649 0.999997103843542 0.13892840024997
1 1 1 1 0.142381013695054 0.129002366423317 0.143389668761335 0.180928753719754 0.163573690059088 0.173978936372382 0.216762901793521 0.132465860744532 0.191361610304156 0.397855955205972 1 0.79597614536623 0.135399684322463 0.12041425734476 0.211453059760613 0.147579690486844 0.122736902872496 0.179273322667522 0.210766982039263 0.131921597582859 0.12868803568521 0.216103407244828 0.199932031133939 0.358007766355985 0.189579167461592 1
0.132055589395319 0.999999363815641 1 1 0.0810084861777781 0.114582290075638 0.116435093830454 0.0602335283286567 0.0942601066878175 0.335973027488285 0.0645616261522255 0.0976654501327904 0.122617488002183 0.100115945108042 0.114748749735941 0.0628879081788731 0.171398745087455 0.110084953988912 0.0824476578626863 0.0937396509938929 0.467577580639594 0.142188409009005 0.0776314693529014 0.0928280290340426 0.0857352502692194 0.0837793802481599 0.163881630423218 0.115431970128325 0.161756835266989 0.151078754684751
0.117624602697519 1 1 1 0.139903743859778 0.0716886843650318 0.0677247632736235 0.100165899865369 0.104832305529967 0.122375148323677 1 0.122604861552696 0.082943691385475 0.0633414145736129 0.100763379591009 0.0897767848606953 0.0654605482382261 0.163826506592356 0.0786486175035773 0.0935499966306281 0.0880313337363545 0.0620590201889392 0.137858562914679 0.0986978797003186 0.0998721447104369 0.087296826444014 0.112720248041716 0.0718947104942875 0.128638285076899 0.0663855043823909
0.99981259761558 0.999999999999786 0.999999999973259 1 0.133537918985976 1 0.111845799291081 0.114572296209278 0.12447950534087 0.103826634879379 0.156446770171011 0.205873342856405 0.98994258305395 0.16497686094907 0.0950486256305957 0.999999996910082 0.0857206447901433 0.0643811796480361 0.160272518470073 0.121937149222002 0.0940233054184063 0.131522608643762 0.0849472392359173 0.130618433597728 0.0852070432242714 0.163806268185639 0.173791242680591 0.999999901127454 0.123096419396566 0.988565932098908
0.960015691576577 1 1 1 0.0622772281803842 0.059499616983086 0.054458916232927 0.0815795725884545 0.050222772125655 0.046473706683089 0.104283267603313 0.0808233792736658 0.060262205430278 0.088269049048323 0.0880157806031669 0.0873553455199005 0.135661040078212 1 0.999999369352609 0.0903199903609136 0.0917114618637088 0.0804343082617318 0.0658797406555823 0.101351556257939 0.0894626003003899 0.0929236791703608 0.0392440059560011 0.0718339366105668 0.0562973957439202 0.0826365667276854
1 1 0.999999999999675 1 0.0822500507636359 0.0552884888444743 0.125547287049226 0.104340583684458 0.183450020282147 0.0718688260541618 0.251076444137957 0.0518177973971712 0.482204475953458 0.0897656342797951 0.0650965296893606 0.0807629737222266 0.0664369423236211 0.0793323414633336 0.054224626279279 0.0678581402260564 0.0767688056649964 0.0508562120873699 0.0631326809619386 0.0996446353004296 0.105404912057531 0.087094785068307 0.0786963767475088 0.0671151597355315 0.121960024221709 0.0854075783371121
0.999999999999999 0.99993765156731 1 1 0.085774707497496 0.0949787579821643 0.0903976792428521 0.115420510359099 0.0722312401995239 0.129990418061671 0.0746977068802499 0.0902772124224477 0.0911413303258278 0.11142206938318 0.0759049402712925 0.0722992341590565 0.0692019903232406 0.114331467418087 0.0715513034591493 0.0587161797213575 0.122477467518412 0.111049144449256 0.0794028828463775 0.113848169317521 0.0815526577807213 0.136077627089008 0.0907208531010421 0.153477057880398 0.0697327309718015 0.102927156005788
0.99999999319181 1 1 1 0.122192055079576 0.103769128047405 0.128220053562808 0.0737909050418785 0.108248980964934 0.0943981282489407 0.109366588666818 0.0802603400325465 0.186527643530255 0.0973556601442309 0.0880740112542404 0.101819271393265 0.102621206310283 0.145923818070981 0.109676368287197 0.126864088659454 0.12900536810013 0.0899091065269314 0.133572316793487 0.107595566742894 0.182812545764226 0.0844003643955911 0.102493199555702 0.0770927048546053 0.0858928619160191 0.0834224796470916
0.999999999963273 1 1 1 0.0729411639670113 0.0728131183616664 0.999999999885808 0.0457904400446638 0.061452678395246 0.125277715203539 0.0570068597883949 0.0976080895558386 0.0605949163934024 0.048187035256996 0.0619350184072887 0.0821403128656163 0.119380189378107 0.0712061983922505 0.0598897890951262 0.0579924960018169 0.0725567710655606 0.0602945568092206 0.0587580713521502 0.0625137466610234 0.054817007392988 0.0671010350238409 0.0863082196325926 0.0609135859707445 0.0570559959334792 0.0868054048432798
0.999999999611042 1 1 1 0.111791756172295 0.139811123986144 0.0700349714871621 0.11096748486483 0.158314530881617 0.131717739914375 0.20209845587443 0.0767417779108995 0.0811355858467631 0.999999800415494 0.208248733576665 0.105533996670843 0.130862959024358 0.112881277526904 0.120660982018639 0.0877147772085154 0.110930496541643 0.0949469538918324 0.11382787366585 0.108222687556731 0.098624783593615 0.107882610387237 0.0804948396562413 0.182307993763207 0.0636528250422875 0.108747138412011
0.999940322758771 0.999999999938254 0.999999999999858 1 0.0630847360450537 0.0638280146352176 0.047637811452932 0.0519603778821829 0.0637678793217757 0.0876635287800116 0.0528608649017902 0.0685733471497508 0.0784330950034221 0.0587385603647252 0.0519582070521959 0.994583727997879 0.0605525489004988 0.0423259191725365 0.0876884546455273 0.0690000164464409 0.0862430333287559 0.0627676863157566 0.0709462712571008 0.0323022652797458 0.0627111826922984 0.0637130598586158 0.0326517252062758 0.0642704048809101 0.0843263474717607 0.0321471882955238
1 1 1 1 0.103006132762298 0.119003873069092 0.178211813864092 0.117711610558596 0.119416942603838 0.163959042357608 0.0799284628996453 0.998029871475006 0.0793846124651829 0.137810923463922 0.308156994288099 0.14263886395543 0.108027159725472 0.169585824094842 0.106647643703177 0.297518472976559 0.99968200163876 0.112658654563508 0.12490346255006 0.154042803887948 0.183203078531365 0.113018443675299 0.107575174958971 0.118695279712667 0.117163926868949 0.141012039396535
0.0705809775276656 0.482988305396194 1 1 0.0818205332119692 0.0648796386008011 0.0980842388672513 0.0854784371679652 0.0741660420384883 0.0487935358485506 0.0881494655333895 0.108294025193322 0.101582336697559 0.0977112565502541 0.116076639546844 0.111425493487245 0.0791875327418751 0.188237073495714 0.110034360541967 0.0619608003305435 0.0932236891905626 0.111152865808196 0.0882966693168937 0.0840325362681167 0.0798202149833862 0.0953053057975757 0.125869497711873 0.144850941492504 0.090557818436052 0.114680220711275
0.185981404950106 0.999997918784986 1 1 0.999999998803605 0.203951963616765 0.184095034949747 0.12146188696882 0.118908019932469 0.16716627887441 0.120870980098686 0.870078174179554 0.999995634001977 0.181314108238142 0.159806124315687 0.966237257569113 0.118293616366291 0.183751291614039 0.168641547491205 0.208875583367632 0.170394906153099 0.999905551644395 0.161261333235332 0.177248127813398 0.180564250524194 0.177658123782279 0.114552367230874 0.195230060292667 0.132938788852481 0.999999822850617
1 1 1 1 0.930493021927229 1 0.123296927467806 0.163602744377685 0.143768115689195 0.20154960611754 0.165774649907527 0.152583520484332 0.114029621614742 0.185258550468479 0.120108802866487 0.154177095140684 0.185457397554206 0.169821257312942 0.126867218723717 0.101959862366591 0.152132636900288 0.160484287887254 0.183549080817915 0.124252731079275 0.151077452476201 0.100256013985036 0.193145083348989 0.136938426774327 0.112988184023222 0.114058884396835
0.119082861676789 1 0.999999999999899 1 0.0682178738600296 0.0927510230106129 0.996892561817177 0.145713567717983 0.0797245185021241 0.129517645286049 0.130970305352973 0.0749254674692866 0.999976578452118 0.195978790270868 0.097333443828287 0.10147286280092 0.0701553076954567 0.999999999966434 0.186032533564856 0.115904601447194 0.1144873996744 0.0747725780854699 0.148834082549497 0.066215351656159 0.156562478665577 0.111141247936669 0.103590181832853 0.130560253711843 0.0741483299439553 0.0785420792171282
0.999999999999997 0.966897406919899 1 0.99999999999999 0.999999999998653 0.198479076328796 0.201927864587071 0.290330181576394 1 0.184004047635126 0.228691938952416 0.315545024246462 0.187474183017992 0.99999803578812 0.21019139683675 0.17521946179569 0.252164160747206 0.167939864900039 0.268347358006552 0.291654363126044 0.312974624687997 0.245189597716267 0.161539421941009 0.264900081599271 0.210356946915927 0.285686399909164 0.259320556115855 0.297795526513146 0.284062043598674 0.245031557373552
1 1 0.999999999999999 1 1 0.0716831795959751 0.105974464015158 0.119953440835745 0.14446142212116 0.0897247200839217 0.0991647267642369 0.151212500764364 0.134428652755012 0.936435813057889 0.106811224746657 0.0688656523211002 0.142697523660635 0.999999984594105 0.10969972633149 0.999999618907274 0.0625844011849382 0.154929423369233 0.241625579299933 0.122194502437912 0.0720939757302109 0.129772930730848 0.117932043883371 0.999999999994155 0.151236558342217 0.0853254026384257
1 0.319093719708773 1 1 1 0.999999990062388 0.298202978714322 0.248294137112704 0.34222826619753 0.259603778753477 1 0.284260578988993 0.246813681721017 0.30710317485919 0.295733415292749 0.312366595772814 0.238970017994322 0.40694758302318 0.240865298088796 0.312978760269769 0.303678395628137 0.217724034195678 0.291222255919057 0.31215669294192 0.260887002177212 0.301012083845612 0.303449795470518 0.304422191308566 0.236235056148969 0.26987704708841
0.338410029455007 1 1 1 0.362304757021825 0.22246633871792 0.470908963853688 0.530977479805776 0.211642486322775 0.208114334015545 0.999972730581495 0.20334516627907 0.182927858019511 1 0.194511408778845 0.194073204458878 0.227782451956779 0.295352058529098 0.190649711397389 0.233598372381119 0.380467138357284 0.256449236552731 0.191693866217321 0.999999999832279 0.511700290795065 0.240091723783193 0.265163513572815 0.169012275608002 0.216025661468357 0.230926027840434
0.999999982227501 1 1 1 0.0559383595814691 0.0600312252392261 1 0.13657656722012 0.0675456358984164 0.100834789473046 0.12968662375971 0.180050983683908 0.0852154270228853 0.07162666557235 0.0508455570133571 0.0803931841281219 1 0.0422042146133331 0.0774824562757352 0.093024484541115 0.0742859718288251 0.231300671633047 0.0771893934223321 0.0882831278260588 0.0961269391318711 0.298645464975476 0.204868982203051 0.0907338886034161 0.196929063670436 0.387980540907605
0.992198649857994 1 1 1 0.0740525932924002 0.103181011037221 0.0692934612364875 0.129684235069464 0.0957548251541657 0.0425365888752002 0.101512016182222 0.102882293918482 0.0859470640333303 0.090673024156383 0.0628784934258053 0.135034079674382 0.0854566258458169 0.0901324317091062 0.0824710754927049 0.103104966546454 0.0942929555031594 0.0737966021581629 0.0637709949118497 0.0720196006054249 0.101777428023739 0.127138680617107 0.0800329503338151 0.0831539198168205 0.0663293675695437 0.0855008977727504
0.999958068415361 1 1 1 0.0332282240928845 0.0511727422600086 0.0579808402642741 0.0571981413548672 0.0475505161573913 0.0491975512577697 0.0436102603780152 0.0519824019477741 0.0480726726522139 0.0567266410455206 0.0404466049470692 0.0653402044073741 0.0272784117263646 0.0624160704911727 0.0685209965926319 0.0452612921939176 0.0412140448746817 0.0920110194343029 0.0372904511395507 0.0513910791696784 0.0738482801954847 0.034614599089336 0.0287083446300196 0.0461140271547072 0.0666759833986752 0.0827763063538586
0.999939824462186 0.997412989073081 1 1 0.995767580015078 0.99986781046697 0.0498729790751025 0.0965245512492445 0.0521562872045634 0.032658151262943 0.0868242437450768 0.0730753709721449 0.0615775801234705 0.0430845613187691 0.0514637903466398 0.0631431076382408 0.0677303944567035 0.0776956729756528 0.0460714192298503 0.0661779331819661 0.0482769206528648 0.0591995857341298 0.0505949044573318 0.212374274284945 0.0731218583092381 0.0867253896807342 0.0446756887490425 0.04420501115125 0.0702017671272092 0.0576651907085914
0.122578298131589 0.999999999952453 1 1 0.0485953643490094 0.0636077213630074 0.0518548032106794 0.0660714034164026 0.202076167265443 0.0521569357158422 0.114599398245372 0.0773930786908847 0.0810819207498267 0.0658019420259657 0.0454178837497209 0.0537898903975861 0.082722320754123 0.0629666225808193 0.054968950976093 0.0643536563780198 0.0437574427871453 0.065315588216862 0.0664235445079315 0.154116195030918 0.0395195054838748 0.0680157006447141 0.0890762029443628 0.0694512256129227 0.0489398694365417 0.0703312808660697
0.0913344919445778 0.999835483078961 1 1 0.118029013649064 0.0775574087462891 0.0942285056862213 0.0946512029548311 0.132507976010849 0.1260201023314 0.999999748821369 0.108544457316074 0.131166237558098 0.0991155582064229 0.209538613755884 0.0863818243983506 0.0977755846132068 0.10448938334195 0.156239896421212 0.101035834300374 0.0884215560932217 0.0948876048450551 0.0942807809806855 0.138849291249692 0.115043336528381 0.124464315052171 0.159745410880357 0.977516110646057 0.0747374537936535 0.158489008185385
0.121564502633443 0.99999878101624 1 1 0.11716283277408 0.990703603225977 0.999999797813065 0.114614153366599 0.999945945025723 0.104231778774337 0.11264035228642 0.173235568739989 0.0931208794429825 0.133179564875354 0.125207149740598 0.114412992960279 0.144765590020736 0.116133401637021 0.153189995195684 0.109786606268232 0.106410846177653 0.144963675908231 0.109590629321115 0.103862799432914 0.108877061267751 0.113391971127063 0.136490182520304 0.140879244097048 0.108603771427697 0.0942480832931009
1 1 1 1 0.0445936655403436 0.999995656241555 0.0325007083137213 0.0940774530962334 0.0406941938095503 0.0408768069551888 0.0585917295783347 0.0394738383017393 0.0502904913553702 0.0633680595285075 1 0.0372991452166435 0.0350426079172471 0.0467435105716665 0.0541345208107682 0.0656805164121729 0.049653088292269 0.050672954832006 0.0618314837967615 0.0333704235533883 0.0380779450797252 0.0694982310644882 0.0397196149948402 0.0515113017908715 0.0349677959978295 0.0711768006770321
0.901643248023017 0.999999999627678 1 1 0.129633693557327 0.103436877985807 0.135814380948827 0.069407966279743 0.105802622395163 0.127900771736673 0.125439412089484 0.119219660709172 0.0628722538952371 0.999999988469559 0.111649984946339 0.0902830188769473 0.0808650357066091 0.142548500283005 0.0990454819648064 0.152809235697255 0.0866314963812693 0.0911335064433733 0.101489651131617 0.138797822284971 0.196368235485491 0.0768094670465793 0.0744135250103274 0.102734736165709 0.127056584108783 0.152454982160418
0.125634973660775 0.999998881358006 0.999991609740896 1 0.073433331103701 0.181583921961857 0.128883889844673 0.13430739842514 0.112869781174909 0.279128601129099 0.126134213807492 0.999999978931376 0.125734238025904 0.109067483356252 0.117164133265136 0.211776209422671 0.175420295744436 0.194998041179391 0.096179136881521 0.150695531764994 0.162469977457476 0.113571504459374 0.992363650462971 0.176264529436093 0.116188231647064 0.102880959297101 0.2440155777638 0.105544894431487 0.150636479687226 0.163244109392529
1 0.999999996228069 1 1 0.082258334574783 0.999998208703232 0.0823660952775328 0.201839261828638 0.999998172864331 0.173319695841824 0.0980222432000506 0.999999999999999 1 0.102361207157399 0.100796454608555 1 0.123034675346836 0.104826026470032 0.966919481028384 0.141875871338933 0.0552418619748223 0.0839883467332205 0.148298145502107 0.151116417448507 0.0731827205252665 0.189746345715493 0.109953201325865 0.106893084739221 0.164480398373439 0.0779597488479652
0.999999999373016 0.999999561060719 1 1 0.0936748871167615 0.0886449716683054 0.104857656033426 0.0728830569794597 0.101833501965889 0.108445346201688 1 0.118604426450037 0.107297874601429 0.0952129449689372 0.124778828285263 0.999999837581835 0.105494406341346 0.152282949640821 0.103624199266773 0.0779271171910224 0.999999999995725 0.0522382366055668 0.168690790358065 0.0963445804898287 0.100191199841763 0.0915493512292143 0.999999998209685 0.998746009302859 0.11088302785284 0.158558448689932
1 1 1 0.321600134151176 1 1 0.28656175933603 0.214902612316724 0.180190991738523 0.335373494919201 0.285639876376047 0.206642536280718 0.21335573965623 0.996624925365621 0.21999020811339 0.193596503860022 0.200284523164353 0.29449090608061 0.999509908945773 0.177306713387404 0.24599948148962 0.164588516808124 1 0.320065076552904 0.999995779328858 0.230480308638588 0.212734609065571 0.249247763116456 0.359481120943603 0.212884121439557
0.999805623060633 1 1 1 0.076366247121581 0.113851726555745 0.0854604699918207 0.0749967232248403 0.105234500058852 0.0719222623545354 0.137896673031043 0.128693840125777 0.164256297747658 0.0923927096925014 0.0636156790721296 0.0999699045674061 0.097735871140154 1 0.117524813476754 0.0733657293172908 0.104946278096353 0.0883867675251321 0.070834556942137 0.124497279573227 0.0890050000039974 1 0.0901879424192754 0.0755903072578004 0.0751884856109949 0.130418988725123
0.999747568439047 0.999999652015328 1 1 0.0982543163583395 0.0855896715167762 0.107987190625903 0.109166785189847 0.208388319615262 0.123985248628687 0.0633717204679901 0.999999999890024 0.999999999938531 0.120390266730469 0.102755696230174 0.105420188923675 0.997164949751477 0.131643532653275 0.158066246361622 0.117421518009499 0.0745272852003973 0.999999999089093 0.940537576261802 0.11558872151018 0.0713627342444715 0.0515111645629777 0.107168521204076 0.103023223396208 0.0919949747761424 0.0582250760656464
1 1 1 1 0.0645062530132898 0.0793551955349447 0.999995422510741 0.0947190760740456 0.999626209751649 0.126874508017235 0.06075850235737 0.130303820899158 0.0979706695596885 0.120166348664296 0.100089096288703 0.999999999999001 0.0796535799590201 0.0799380944188391 0.0948108508490563 0.121761484481665 0.066447158368092 0.999999999854095 0.0857104574023637 0.0442972270188897 0.0806917571147793 0.123134197985707 0.0979837411876561 0.108755417576571 0.0909518309571653 0.0721668720708647
0.0632857457130098 0.465738784371046 1 1 0.0736028867614094 0.097571404102018 0.0769709821383966 0.0847695299573111 0.0475921965944603 0.0765330715179384 0.0740864472076843 0.0965181693751477 0.0631089893140878 0.0963936618444743 0.999999998473865 0.0768594690103096 0.064149864432268 0.037803760102063 0.0558975169408632 0.0907643394810783 0.0338201213078042 0.055181861693543 0.0891518344083617 0.114312429279445 0.0849821930865458 0.0903104676717927 0.0424344497500628 0.0354441880950749 0.070493596349342 0.0843841221748121
1 0.999999999999975 1 1 0.999999999999999 0.0586157699547857 0.0917912976798222 0.179969731592711 0.0993523249781246 1 0.0823128000174063 0.101954419988149 0.999999999999992 0.123677675471806 0.0915381802445022 0.17328587270496 0.109118765508169 0.0782458340028784 0.0748194661529687 0.0605781358761716 0.096152077608471 0.0970365691768009 0.139014236811583 0.105015925443609 0.0936287205795974 0.0851205925430075 0.107441138920344 0.0858913930229105 0.0796045106898933 1
0.0860990422145365 0.118023059448522 1 1 0.0735124604932694 0.0926321054384825 0.0634611146881934 0.0900284561606491 0.0737346289490608 0.0648616640352433 0.113753094733345 0.0997128490596092 0.0870783907074107 0.0943826955100393 0.108956354530039 0.0776420506531685 0.0809494813892759 0.0937481595972477 0.0851223571136208 0.0763138451921677 0.110737742113132 0.0664098205492951 0.156645405558277 0.104509667088052 0.0733364100052758 0.0887611036321719 0.0741303091793367 0.0630494239145073 0.0611323853277311 0.0710452157025965
1 0.197399268083606 1 1 0.150783255129806 0.0961678432876576 1 0.0766101757440387 0.0836679218972756 0.0949763326918813 0.110279870519224 0.0907726459276975 0.15711830359775 0.0894687908911973 0.107668438801293 1 0.103470953539881 0.956822912324446 0.999999999782412 0.105498674513958 0.109636923543227 0.11066384360461 0.140260065329766 0.0985240061964548 0.0566691013091485 1 0.10953025731206 0.118628240152924 0.100206509814027 0.222198002613777
1 1 1 1 0.179547159253809 1 0.145449544282895 0.119346314598921 0.156024961769282 0.142169485014525 0.198425752639961 1 0.129544104504558 0.193822438578426 0.13140520157555 0.111235798760088 0.177867095146933 1 1 0.169577894593883 0.174498528962315 0.18527172593216 0.133082792193504 0.140659263030004 0.141047606892712 0.267503625952141 0.99994948338424 0.158589735791314 0.100500681931306 0.121533934393121
0.14827579377629 1 0.999999999101337 1 0.100273324899013 0.957086975617602 0.132891558588115 0.999998782421466 0.139065293613242 0.11124900508783 0.176510860345054 0.110439387313157 0.122857964368648 0.104741548688085 0.173524536527941 0.931747504782512 0.0766611428861264 0.115970529428297 0.125932958298068 0.99999998661364 0.0722368363630218 0.177565053988052 0.145145539660012 0.155568697203309 0.996459925465284 0.155219009923569 0.155982588037567 0.110491149364683 0.145776606683795 0.15251175025229
1 0.999999999994066 1 1 1 0.08647998405183 1 1 0.07769802396558 0.99999999403643 0.999992450792894 0.1150728437082 0.0985424615585894 1 0.0743375013475603 0.0691853918391608 0.180604563717987 0.0999817241376006 0.0624136953906771 0.11854991944161 0.0421217361865843 0.0474214780225944 0.0856830403733541 0.0470519677360001 0.0478146711959748 0.0915114926972257 0.999999999983474 0.0843223097328473 0.137803376159444 0.0615663624942568
0.999999999999984 0.999841410576596 1 1 0.15386626457458 0.155173267292669 0.0949087315167733 0.133358770457557 0.123801267262205 0.104942068028338 0.091377716681721 0.0996187756265559 0.999999999999999 0.176966892062999 0.17989507371955 0.197378322932164 0.227336093854942 0.149529839836381 0.228044414818164 0.116169510159112 0.158011417618352 0.168337306229749 0.104380712154321 0.134581761594492 0.114294781328193 0.157490625720755 0.140012106640376 0.0622920274729802 0.124662076764411 0.114474694653416
0.0807430280907341 1 1 1 0.0737127465501916 0.0591185463284127 0.0534328971997378 0.0571642514008081 0.0793075696109458 0.0305688235276858 0.0784400903241914 0.0604875514506421 0.0673301719411555 0.0550833049793962 0.0557283998234492 0.0479038199805397 0.0441224747983804 0.0678628106411517 0.0577124098778516 0.0716973002384238 0.0983174462897627 0.0736297919750265 0.0855690276680988 0.0371012547807434 0.083298272894796 0.0649143659878593 0.046061669796258 0.049189314656818 0.0397711033197858 0.0923886698254629
0.999188724454303 0.188290929757239 1 1 0.0637477977832595 0.0660242429308733 0.0919839394692874 0.0635196163946855 0.0475717376772822 0.0505880725202732 0.0360744731970236 0.0788516322042389 0.0456059172888938 0.0548353894141762 0.0955530894522509 0.0506936372189465 0.0981265830805458 0.0746824129999871 0.068990318647363 0.0626734226080591 0.0814397653121924 0.0707736148037736 0.0560387751452536 0.0906288551780634 0.0586905217454067 0.0758709217264334 0.092166267151326 0.0786512068099841 0.0854240592291993 0.112523707685308
0.121267507477455 0.9987287675182 1 1 0.104286712961847 0.0986252141271352 0.152658316032605 0.118756458439618 0.106494785614556 0.124611379743169 0.092266406403298 0.189670787097028 0.110835857979152 0.111856207373124 0.128870665380325 0.128071956907941 0.129037522947342 0.120718018922342 0.149039047083712 0.122585126297285 0.105266358367395 0.102573489308362 0.112491989064236 0.999999999997569 0.210706771822403 0.104507961013642 0.988446191128625 0.186070066214371 0.887388179991022 0.0687421852546173
1 1 1 1 0.120714530576645 0.136491325328766 0.108576399496572 0.149126805564288 0.0982547840142568 0.276143534941136 1 0.166751279449323 0.210560934218299 0.177831736557784 0.352334781847335 0.11676763283098 0.134796086149492 0.99997468342089 1 0.124483914530288 0.153588102166642 0.263955904914449 0.135107862368723 0.171782696861297 0.200055749718504 0.245304475577695 0.181683567399238 1 0.120691653891144 0.116926866336207
1 0.999999999999995 0.999999999999273 1 0.0704066640943463 0.116858577661503 0.11360283789988 0.119043623440076 0.114837146395817 0.129810349347223 0.124810595298754 0.115725600242366 0.0909165298294412 0.110189306705254 0.108019752695377 0.124889658230959 0.11280929258659 0.11991084366066 0.101314688988109 0.999546393123427 0.0919857342465514 0.13478493757795 0.108337091964961 0.0986297130190301 0.14560365474931 0.123002718064979 0.104895936114417 0.114312259511193 1 0.141454900328752
1 0.413079025788332 1 1 0.1236802597943 0.151423589496015 1 1 0.160426382954137 0.173255975622932 0.0829298048533806 0.101936600361043 0.120814718368542 0.123928709257603 0.175302237687278 0.0967584481445355 0.0807020562849976 0.0836882393970512 0.181294931246404 0.187016735002143 0.113091126091198 0.120978580409152 0.128736968133353 0.0862040814028381 0.100712115856058 0.220565326924324 0.331853006546856 0.13992947645492 0.076627361750588 0.151093630204533
0.999922851418434 0.999999999402108 1 1 0.0626602103755912 0.0683922864636223 0.0464699358894692 0.0797313540298586 0.0766243923695462 0.0514139499379598 0.0531779148631244 0.0842194774670203 0.0609056368192011 0.0685151800370889 0.0568853091973759 0.0542339199893411 0.0691314791843173 0.052921010829725 0.063068108513221 0.0596303736250157 0.0710239078918384 0.0504421112189553 0.082321497382949 0.0474499232334917 0.0475585053961552 0.0589437496887758 0.0549473133375937 0.0881339472585553 0.0760018641379929 0.0629898330103996
0.999999999999556 0.150478794449651 1 1 1 0.0956057343058605 0.14311818639676 0.119439500063014 0.122217202340078 0.118855586353479 0.143802213558514 0.0888545864091577 0.114450619578324 0.999999999665626 0.108596079327414 0.135151272951618 0.081750538692424 0.118790805944183 0.0894350849012859 0.0852003793392121 0.999133045028835 0.105961167392499 0.151817384974521 1 0.0530580779893047 0.118303602986141 0.121239479817796 0.0874006586908415 0.0772744772684466 0.102398658314355
1 0.269650790794542 0.954034128214263 1 0.172785028215714 0.182489119636594 1 0.236683638513354 0.218252193990471 0.143774954246716 1 0.183681226777486 0.225425715663392 0.282970137660682 0.175214479426859 0.994736087593862 0.243113770505935 0.231442043587736 0.182717773527193 0.142392598408356 0.999976186622252 0.209176611064386 0.209821063250338 0.999999997295597 0.166957182178262 0.204842634657495 0.182527030531645 0.13750066072172 0.245535734804227 0.999664099752883
0.999999999999995 0.999999999953498 1 0.159562745009744 0.101133552703244 0.157486563317705 0.999914435231153 0.113491841754795 0.986746453686197 0.197445616478849 0.999992608401446 0.110702275121414 0.093378439523128 0.103037482588894 0.116444351056181 0.155042949903797 0.0951782871580598 0.0700046984362116 0.11871932921395 0.097978223808913 0.0763440609269039 0.124315065775408 0.123649459425108 0.0887332188483162 0.102729222141191 0.138439844821503 0.159105449863501 0.0730727269433045 0.158072800067399 0.0835149646664605
1 1 1 1 0.174232634332583 0.247902318535551 0.234995487665265 0.220213990077714 0.260761868641348 0.208166904710562 1 0.200118264730557 0.172658187331693 0.211824307440807 0.176130515025475 0.211267761640494 0.204413245414752 0.999999999997748 0.17517559747298 0.196544311161162 0.276780776530572 0.215624017568721 0.282611028062982 0.142846966412868 0.150289572778497 0.285068313418413 0.251573600094875 0.245396028819281 0.274831971279049 0.231852289031977
0.173694429480564 0.999999985567913 0.999999986553119 1 0.123207538667381 0.0768342297404079 0.116840894162128 0.0892566850928161 0.136314502455202 0.113081680408739 0.101896134733039 0.0924019143575988 0.957182044822193 0.116660175809154 0.083808751485881 0.137588411436474 0.144511507127759 0.0817765751334881 0.140572162601469 0.159861048772228 0.105599504758945 0.108461079051547 0.0757498365139005 0.140542380690133 0.122947104094533 0.160128118702495 0.0918164882688279 0.155846664211731 0.102286305290078 0.103617743630166
1 1 0.99999999999909 1 0.0665672060274766 0.0265738517222666 0.0571905927643825 0.0394582492994947 0.0398390633038842 0.0519832061389419 0.03722170886056 0.0384692530043299 0.0645029477987537 0.0505128008690742 0.0506020946873313 0.0588310011794834 0.0439394870020942 0.0310303162876925 0.0499696252537664 0.0610836091017555 0.0493032740810537 0.0435895700067442 0.0490077311787425 0.0435978766545405 0.0494810716353431 0.0452452192631713 0.979010890263154 0.0338855898486917 0.0828554833107843 0.0685944486693552
1 0.999998889765045 1 1 0.0984495413224303 0.0568574677193358 0.0601980768667242 0.108871984947697 0.0637016170538106 0.150605446700302 0.196945261936859 0.0833550232822048 0.123357530020255 0.074329085823677 0.0973449991422777 0.0910071109834184 1 0.10928959335485 0.104050481151515 0.0788574872342481 0.0745240044802458 0.0873688496283103 0.0766150309342841 0.0792290994440724 0.103199870343386 1 0.136353974086865 0.0976384563250393 0.0626575195278989 0.0667725095796142
0.0876075564571414 1 1 1 0.0780482345927227 0.0537508317140697 0.0611986562378577 0.0573637527541278 0.0398778902881053 0.0707189988598967 0.0681869143653878 0.0564853939047166 0.0613028629966713 0.0646664356864708 0.0344422204902319 0.0603312375055722 0.0602813766246562 0.0535624628456474 0.0455239350156531 0.897846901530157 0.0525844698994777 0.895047063772125 0.0801325538078009 0.0459902387855478 0.0575847146716167 0.0945983831449678 0.0544436613258226 0.101085746113753 0.0494997488086655 0.0511955719154321
1 1 1 1 0.999999999995706 0.999984005601922 0.086583253203924 0.0917650545749273 0.0971042268589437 0.09453948569965 0.11531413600086 0.11704347291594 0.99999999999102 0.162589222548642 0.169439430238442 0.0866496128321029 0.085839209974394 0.097936440885062 0.137627903442483 0.0807095837141961 0.122014707347976 0.109534012058289 0.138233429095203 0.123236944072265 0.0810326800576117 0.0969489509511524 1 0.0863693987917826 0.16026851048945 0.0773589065904663
1 1 0.305926047326968 1 0.274581734947088 0.384602452892982 0.251265819218904 0.190028443701716 0.187728121245365 0.279933325611589 0.243991092336848 1 0.159704249496219 0.999998341900711 0.263404838801908 0.999999999998552 0.329025440548106 0.227131679618674 0.210124246028687 1 0.243759826902149 0.184482146601044 0.237913625075645 0.290655396847175 0.236856473743631 0.379411906255544 0.19678016472643 0.175885653173973 0.196122003684224 0.255496260942332
1 1 1 1 0.101731766237157 0.0918337473995924 0.0455389719963789 0.110034183440947 0.0514519459346799 1 0.0478000330907964 0.0459169308204468 0.0768473103464651 0.065049179140714 0.0789674275999437 0.0687741504923443 0.0712747717480355 0.076734264346673 0.0781492171742002 0.12885441245603 0.0631927701253848 0.0963307694389858 0.0417218384780871 0.999863521186194 0.0803973793139967 0.0788350864177916 0.0515184514222522 0.0416035452923581 0.0987885344785771 0.0597508471435534
1 0.999951349297314 1 1 0.165480716168851 0.117638607604088 0.198607508246961 0.0889016436268218 0.12626674740677 0.103307478062605 0.120261894639466 0.119044423326939 0.118668113993489 0.167164306325102 0.0888662365948885 0.0856471235990949 1 0.131394993465451 1 0.131477990896946 0.149581067127163 0.115725767817778 0.133869959276814 0.145458290856495 0.0683116185966536 0.130971769894601 0.125496985334182 0.117049596653328 0.999429436948888 0.143259363448734
0.188384000721603 1 0.259631702379064 1 0.128541930476025 0.996696705077624 0.997160262928398 0.126016243294358 0.0971655539095311 0.999313025845062 0.267315587733572 0.182630050313163 0.157199878666568 0.138920560208425 0.185608214698243 1 0.140588819039017 0.150032067667962 0.182028237844116 0.178168544478278 1 0.160340427320962 0.16581834195413 0.194290784551528 0.169583359168872 0.186336193108932 0.108444178677852 0.164433978134843 0.138850001008712 0.1384909711376
0.99999999589341 1 1 1 0.919342739999302 0.154691029807357 0.169876441980807 1 0.193253681343954 0.1386337490957 0.174564553574657 0.138998064985688 0.133021760242166 0.177522461398866 0.153248686684795 0.143728532394807 0.149962714321316 1 0.167527111442422 0.127109099518643 0.167213992324352 0.191079364236333 0.186721386185611 0.129721360011402 0.172759241309516 0.219308787793217 0.117716620654133 0.170132968100515 0.146681219484788 0.121650871233866
1 1 1 1 0.275805807350387 0.458369467896425 0.4194416859354 0.185589648814936 0.227169330958133 0.261700198220498 0.225023255079509 0.34936794959582 0.31338130509169 0.234280013872553 0.237922539325984 0.25503139827088 0.333863475223702 0.402299986769049 0.291753392452788 0.310199118226602 0.208815734511109 0.247003749886084 0.214991250341275 0.191368205272226 0.511626144752156 0.392402148654767 0.261271742223899 0.265333143998911 0.329843405194331 0.281903048465494
0.999999999915749 1 1 1 0.226337079086361 0.27481574123938 0.128828465826548 0.151911127518214 0.157437567148846 1 0.159007359925708 0.158050596487397 0.150203410639364 0.152760562026246 0.212199213449095 0.141322539989676 0.0887402347621489 0.162265173460822 0.131403559135826 0.106250822117457 0.176467879640511 0.0904564865968893 0.202725363586673 0.201981168788539 0.14108349337977 0.15933087664886 0.146273222637336 0.999999999999981 0.160500544442549 0.18061953535056
0.999863912044883 1 1 1 0.101514889828374 0.994149092905603 0.0862858223052094 0.948177727923804 0.0621552532693989 0.0701496748106881 0.138758200082945 0.0764521098967391 0.137331016132154 0.093543095354963 0.0962565687247579 0.0783578629192606 1 0.100672362301072 0.0763936059941673 0.0701426612305515 0.0756222423360658 0.100148861205485 0.983737488966763 1 0.0787516584160974 0.143906883621172 0.122288835388673 0.082287907791546 0.122043055902287 0.115009923326775
0.133429477777176 1 1 1 0.171926901825493 0.165873703052107 0.143976369625343 0.184861693012989 0.163480783221329 0.144795425262359 0.113601942368491 0.169464821781264 0.179022585584029 0.159580398971129 0.0741399555298591 0.141541292505318 0.164282044955193 0.173827335980839 0.128065904996211 0.0960735534296039 0.103640178208471 0.122615756430911 0.118314997304459 0.137569731653038 0.148264459890008 0.161232215175951 0.113253699180312 0.0958126200654058 0.0899674273522999 0.268874622331459
1 1 1 1 0.0661788634510503 0.167323528551347 0.999999963247182 0.0665247830789734 0.198411424401865 0.999999805794334 0.0767675038004836 0.0825826692968622 0.105871340320715 0.10336569108354 0.119914523600749 0.0863167410340715 0.135999973959642 0.111423594996749 0.13263379091219 0.115902108944652 0.115427763377846 0.112168132735008 0.0960339815466916 0.101614306390661 0.0687837124817227 0.105033291826574 0.159659961613229 0.0787053450376388 0.173860438774805 0.0677043528465602
0.999998978584907 0.999741520640515 1 1 0.112913887692053 0.140382403441404 1 0.144580356987836 0.0713315040911705 0.131758859324098 0.110919961787813 0.119454588689976 0.154072418454259 0.0662150478866553 0.126318924033488 0.117289193297917 0.152085251099384 0.133368840561434 0.0846043744326519 0.0974593283795041 0.0861677117144177 0.110506301331567 0.107248593785581 0.118488197967203 0.0912960144022678 0.0943884997847262 0.120952140502083 0.163716067613496 0.0930813055859839 0.108222435355016
1 0.997445321896433 1 1 0.197477176352025 0.999887403817796 0.134213249371 0.12014007933731 0.15123887452435 0.144989619899051 0.187069471230714 0.174251911040194 0.168811079268081 0.224632905469861 0.211140153165545 0.159214171295612 0.138702658446605 0.167277339051154 0.193804201289248 0.129555381184864 0.21737271247789 0.229717581153163 0.172444793907379 0.208883358222265 0.239918785351363 0.214682685915911 0.193339196803478 0.21921219894029 0.222177157994459 0.182351639759169
0.0844522912357609 0.999999971895863 1 1 0.0374962840408796 0.054528884221792 0.999973465857895 0.0561744664313105 0.0485223265123548 0.0416475968981173 0.0711962383657292 0.0559349018532878 0.0481957385177237 0.0390290322292116 0.041834728920217 0.0464421549872573 0.0855488695307183 0.0373314440621992 0.0845879857212047 0.0532627570360722 0.994856534942135 0.0454382632272468 0.040069496046037 0.0663140236177432 0.07608884139724 0.070106896517157 0.0305252469503848 0.0857761488254781 0.0510391628176154 0.0474741886270553
0.176398266569214 0.999999363806553 0.287340630156315 1 0.999999994964352 0.220352435772115 0.187321385562569 0.162954437700907 1 0.21187242598039 0.225984101406545 0.999999999999998 0.220894753297986 0.132670656618136 0.192644116471489 0.223908970125905 0.222868656212646 0.219192550931375 0.149541130152168 0.190773829279211 0.231552272849676 0.131631235582944 0.194361516368036 0.176743581755601 0.163320802153454 1 0.212910360515921 0.167827569599197 0.179845351259322 0.134177362465993
1 1 1 1 0.158838966443066 0.148662600487441 0.18300294274053 0.168023246689998 0.178304837384022 0.153482673545234 0.133776691436013 0.11883246910294 0.154700597947246 0.184983941789121 0.999999849158941 0.136444110233252 0.110170272194597 0.207666047057496 0.155238958523512 0.161389077496593 0.164808932818413 1 0.135161069123789 0.182280333699211 0.154596824770544 0.179436376086616 0.989472847157358 0.0901055731980352 0.127179917017159 0.161027422050957
0.999960641746076 0.130764858255555 0.999999999977222 1 0.0920015810698193 0.0706325370984123 0.214656219640406 0.0606734231930602 0.133989996098139 0.0823582313054722 0.0891289610035805 0.109663446151093 1 0.061573414991704 0.114272466053869 0.0383897743254737 0.0982570717840022 0.999999954505489 0.0767548846291227 0.111744784700733 0.0871394330610445 0.157850099773745 0.0971858700210114 0.0874574184812055 0.0742545461428628 0.075522297215516 0.0774396496287352 0.0980704354455858 0.077983385810001 1
0.0432895104114611 1 0.999999998482634 1 0.0513946911459781 0.0356062970138411 0.063840254937587 0.0350757767537061 0.0374292135418203 0.0478375858483555 0.0635082533370677 0.0470139544707879 0.0576683360843706 0.036076154063549 0.0529337639320832 0.0434777670833048 0.056483042217031 0.0648048315373426 0.0450399228165064 0.0432535509695252 0.0745860601882808 0.0665040081856184 0.0433200933917932 0.0328074343182971 0.0390895831130755 0.0775687805638897 0.0512357379254744 0.0413171419916789 0.0440022750721266 0.0381302653581412
0.120902727610999 0.999983516510843 1 1 0.999999990048242 0.0533496499173148 0.0589385408130915 0.0787145375838755 0.0834122736716205 0.107793138257423 0.0667625844803754 0.0812359466214898 0.0680975053270032 0.0765114476357918 0.0738273496083218 0.0939686111753872 0.0623906442899838 0.197124241676672 0.063821324652686 0.0507915876044476 0.0790771108472518 0.0742786774847918 0.0879880259140629 0.155312870618138 0.0525753498230738 0.0875851281917536 0.119966768378446 0.061827024051706 0.0908501603506227 0.119085945970636
0.999999851958709 0.82132390943793 0.999999999999997 1 0.999888597498827 0.0819423664035378 0.12754298244458 0.0737134644194403 0.071458257766984 0.0670906823587472 1 0.114629258462409 0.0706884544110112 0.118563256768787 0.0935502948554761 0.124872657336134 0.0741407602591199 0.137833498075752 0.0859553583670682 0.213375176794836 0.0989695046717366 0.146612140307838 0.100955560129514 0.0816521934254159 0.133679294978339 0.101291443925146 0.0808454641500843 0.112761399832921 0.111947327933811 0.999988134723145
0.999999989633187 1 1 1 0.0896461430424883 0.088347993839616 0.0679276428750355 0.110025140051038 0.0762059512129937 0.0460894680644093 0.0507904594651667 0.0650943753355149 0.0764108000773173 0.0548765904870456 0.0841247370385028 0.0874585167229799 0.0879577561656234 0.052487589180678 0.0763265700593605 0.065189387310697 0.0719164722092737 0.0861072452597961 0.0845137212985304 0.106463039414422 0.0686049921313063 0.101367631839594 0.0595826871293008 0.056835129032397 0.0923101861986713 0.125613518675939
1 0.992015404471292 1 1 0.114591989241896 0.168955443167483 0.233648432507278 0.118344863297979 0.162222885821344 0.245624027470996 0.135291417298521 0.184220498992851 0.14373786407238 1 0.150843372837255 0.129077079842629 0.118878301954696 0.196109760122048 0.0927678343361584 0.125628220210616 0.170134402695378 0.115974404198112 0.114130607824791 0.382846023945884 1 0.0982417901165735 0.12443997289727 0.140956248436217 0.270667547890606 0.201434050095731
0.135707306069984 1 1 1 0.129184520692302 0.0931233368254313 0.108665611988003 0.0532215252848129 0.0978061219172058 0.105441330858125 0.0677798604774357 0.0921210250356167 0.0571605705074695 0.0847665174003769 0.999999999950859 0.0890248215158993 0.107850349084652 0.0652671426004188 0.123832593380931 0.051027020156949 0.0787969768995459 0.115367664650727 0.17805043334065 0.0592668145374513 0.110192411275068 0.0906443411081729 0.0843526792089783 0.0985279772926885 0.0492532104371148 0.0926872749591934
0.999999999999967 1 1 1 0.999995385850424 0.998236718928256 0.146715670250748 0.0906646532933209 0.111180378115253 0.168332424080571 0.138876621370783 0.127433355803153 0.144127570292632 0.117809857160728 0.0955543811731806 0.146452820261073 0.119983561300057 0.119240103515011 0.0969726272213658 0.119379369242867 0.114284133990524 0.0870113015193827 0.119737119777041 0.107782726934443 0.127314140156282 0.114485447497517 0.160404933182404 0.130562396393085 0.110898151079025 0.120496681332915
1 1 0.999999975505681 1 0.140714064138124 0.999999373318282 0.999999963984271 0.24580937147004 0.27259412144141 0.263581152718374 0.294459894625958 0.250429736320691 0.189765142910614 0.189905284140326 0.914283619844529 0.995506508017255 0.999695310691548 0.318601798928376 0.192957606236887 0.203587395799643 0.243908006009299 0.168203500670283 0.241026988059466 0.98447609143907 0.133477955354561 0.213555158506598 0.173630718058518 0.190029762166568 0.177600521118431 0.223206436234657
1 0.127027442074429 1 1 0.0814849864665561 0.999999966785867 0.123880283897 0.061462955676211 0.084050701897957 0.0748696856297123 0.072753925630209 0.11244490728507 0.0656726605838829 0.113142560558006 0.0977695158349192 0.131238772325591 0.134635201600559 0.0691036271119662 0.161029408023774 0.077759938324873 0.157717214384456 0.0859613620299188 0.0735407698221795 0.0751844761649271 0.119201258817969 0.102601630031038 0.0644687762929221 0.0890502035498093 0.0995351590641598 0.0502115564317988
0.159540670816278 1 1 1 0.140312250305417 1 0.19038479886366 0.149316547334097 0.218666054636111 0.170656024207162 0.214932594090714 0.211112777676398 0.13834195878616 0.18537447044731 0.180201803065474 1 0.0859140480479054 0.164536802856531 0.997293094499097 0.122033747082513 0.11207519699497 0.0918576041077822 0.172308303615166 0.0858225075972371 0.148831708408756 0.127709462225778 0.175716341496643 0.165804098929043 0.167669710677607 0.0774027205687728
1 0.999999999964568 1 1 0.0569385178036795 0.0582786055640085 0.0743191389919674 0.0899052673054227 0.152074313536085 0.0602674061273355 0.999275450960771 0.0866559417635763 0.830671681075172 0.0485498710108164 0.999999999999991 0.304632290129925 0.0947320320196878 0.0860494466095806 0.0855463762878862 0.0414452298780333 0.0786737408143217 0.0999995778589681 0.0614306226003322 0.0575514669491056 0.0675117305206038 0.0719874182348791 0.999997074806011 0.0871598340662831 0.0645010801182113 0.0740154994360732
1 1 1 1 0.100351668655887 0.125886716052439 0.140828022254254 0.0926864158553389 0.119643518410365 0.130233668576584 0.0979324169869149 0.0762660116569762 0.112882065489764 0.161762116915171 0.118888258421644 0.107446860863139 0.146709129322857 0.149240062254327 0.0914129657985997 0.151857715291566 0.114257317443178 0.103872817235764 0.190890292445235 0.0786680174368092 0.12986674873617 0.11023164393682 0.999746937410538 0.115266246773218 0.163039770182392 0.0676292319931044
0.999999999864414 0.999999999999841 0.999999999999995 1 0.0621677483873062 0.0639567104119211 0.0998611271406372 0.0576077134874272 0.0860805332270854 0.117595106580339 0.0979341669113509 0.0516277263833299 0.0818262009811459 0.0988393542864101 0.0698711512515844 0.066508165303142 0.0881597604624789 0.0495626769929963 0.071994764008963 0.0856570799473975 0.0633721993505005 0.0781917995092417 0.0802070532805881 0.0907102263998432 0.0701918828558226 0.104892082254161 0.0635430536187941 0.0433131756471088 0.0978591713147343 0.0539754448447924
0.99999999999708 1 1 1 0.076834002752495 0.0821294124455568 0.0924738303790312 0.0910341789196669 0.0882602663070624 0.0691061940060178 0.129686423524457 0.11287902197929 0.999996630145311 0.133697641768237 0.0849579288801382 0.068080192361644 0.0952802265198599 0.999997853973073 0.119775567867438 0.0800435637928061 0.104005934690348 0.146190244880264 0.11353931378105 0.999999980432672 0.112137146301718 0.130086012459716 0.186977558792605 0.0819201392322391 0.0850228387020956 0.099046059264456
0.141625646198346 1 1 1 0.106668006355807 0.158426682092204 0.129764954131175 0.154921463086979 0.138721568662558 0.135065002952424 0.15246835028025 0.170421814136091 0.13524822942572 0.126333898772139 0.0992356643190518 0.110467333345576 0.0821661831622766 0.19268414034242 0.187974406310545 0.137148611419666 0.141430787545848 0.174510839246361 0.172425335137374 0.164390371624786 0.1371740920529 0.109142666709445 0.0838641161162795 0.132484483795472 0.108412079996962 0.341396681338359
0.156087459245902 0.99999999999962 1 1 1 0.99999999994761 0.297393965213703 1 0.229045066460964 0.116145244387756 0.137712377380377 0.173023941241299 0.103964433601334 1 0.135529024964267 0.163129370499049 0.160428293077769 0.0990651486739246 0.127764609445091 0.172464863097519 0.134218472633595 0.095000082832511 1 0.0897676169291104 0.130774518840675 0.109179651250487 0.0869527716776064 0.156464500458799 0.103010989219519 0.126357972056331
1 1 1 1 0.0701715148860285 0.420045131869479 0.137495922082525 0.132440692586232 0.164847176983676 0.111906617809316 0.0819817400082449 0.192295733745288 0.462436307860974 0.1169198440758 0.999999999750598 0.124628217717198 0.157081560954375 0.194614297444499 0.127863624333355 0.149759477689789 0.128857014389731 0.139975461662056 0.11056415619833 0.303790686485998 0.400111633333915 0.0819112287356013 0.190539894520289 0.155383262439649 0.0926475367524388 1
0.999999999998149 0.998751389839066 1 1 0.129099043239719 0.155118318630025 0.184107962433856 0.205326755428141 0.186885315333233 0.146087967824381 0.169533135227541 0.186048696174721 0.16926911265092 0.134631897682619 0.202095498617131 0.10448928290396 0.106606888893486 0.151776576180807 0.200604096762444 0.181797092779333 0.149685778929069 0.227071590688708 0.999999956444063 0.999999599813176 0.207731496741741 0.873917471623205 0.129621099395936 0.161056102301236 0.207687758755824 0.973201652160857
0.999999999913105 1 1 1 0.0775266914399915 0.986672940928344 0.128725654928272 0.084767615071728 0.164616979799245 0.13769733275489 0.162199675499501 0.107503037122579 0.978059909489479 0.165785750691549 0.125451157598973 0.112963149859113 0.158097125034503 0.163309005683206 0.998408306242725 0.170415495292716 0.143170311873108 0.167561276197223 0.175639230504152 0.999999999997938 0.999460734114848 0.11331800650271 0.174620333124895 0.195653441840608 0.135836837423245 0.136135376267506
0.238735884536354 1 1 1 0.11025242207284 0.0728815350322694 0.128717451527674 0.97437474415132 0.133839377334638 0.122329067833364 0.0960899789716299 0.157193320539312 0.999828068986844 0.103794129594368 0.115204174277221 0.0923384637089526 0.085957095102994 0.0752104836425446 0.163831870098239 0.0996937928431521 0.122969531827438 0.999999999999987 1 0.108426854727848 0.0884393036907936 0.0886337285836521 0.0763671704044281 0.108452705183347 0.0901919569326782 0.0658312589921628
1 1 0.999999991936477 1 0.246967429856583 0.286120743531552 1 0.301891224855242 0.278519726787248 0.309296960614255 0.253712951577923 0.35905805717705 0.24773998959778 0.189579275119257 0.242936213271299 0.256267836676229 1 0.36982746444808 0.175656172031229 0.286391291974536 0.335552977052805 0.308032550940505 0.316123417704709 0.297266493316137 0.311551382889271 0.237568336663529 0.253205238805628 0.245402367378593 0.399907296568304 0.214403580709059
0.26564828414128 0.999999999999998 1 1 0.109595498108525 0.15229702234326 0.0753745362881209 0.999999999998784 0.133018507767925 0.245225539374358 0.0995604312817994 0.999926712576124 0.0614979159555122 0.999999948114793 0.142656876494603 0.115252661873061 0.0990381372449969 0.165984986675363 0.131125889604305 0.146903928178803 0.159348880523312 0.154180851467785 0.106073360785768 0.103329320165324 0.106377128953619 0.0922000875358425 0.100454011321559 0.0895229839642376 0.999995212013372 0.089612278105648
1 0.999999999999973 1 1 0.076588603462786 0.0703950433161955 0.0770430934347897 0.0645145744304267 0.0807570170609641 0.0519322008563605 0.0569946841427845 0.0595734065966398 0.0743491337952492 0.0605764979216482 0.0604089960399392 0.0993718605097824 0.0743168514350681 0.0736018790267314 0.063077922795378 0.063830741866245 0.0663743111421469 0.103218852182424 0.106984950583338 0.0397769756883413 0.06291347417158 0.0687439700097963 0.0635193332573901 0.0746315242661174 0.037405936080357 0.062460343246621
0.166906768308565 0.999999954053561 1 1 1 0.413399911567126 0.108026436057212 0.177384151700117 0.20793308412147 0.127129589666994 0.149446447154562 0.153228342380882 0.155719042943141 0.321539713012205 0.999999999999974 0.11250310523887 0.1029113294611 0.149520252519878 0.133316285304689 0.136082097964498 0.99301477006848 0.999999929571157 0.161061976337743 0.0942369744481897 0.154936842024367 0.115206674366931 0.139375354988852 1 0.158677440952391 0.12829176675009
0.999986462869846 1 1 1 0.129804427857789 0.0876750140071084 0.135102349453565 0.103682091321389 0.125304667768559 0.243480414673444 0.141576534426078 0.12688698657495 0.999637667169462 0.0833239291640143 0.0952072801190679 0.12260703538158 0.160192851255008 0.11897604991612 0.207454407010085 0.0860347986659314 0.114409219336877 0.0931262288230701 0.11062967910392 0.237593689577844 0.0882026263000137 0.106848037220339 0.0965025401027222 0.156800444782083 0.0772020345570177 0.14509639439864
0.161244315244473 1 1 1 1 0.146025793895162 0.0928088691000013 0.110409757397817 0.946708324639915 0.998274527656856 0.0996569593394183 0.12633399976516 0.132349757623607 0.105098965133748 0.990355936285109 0.0930670327494082 0.0827868711908689 0.153486845961341 0.99999999999964 0.147863991786077 0.150171290817021 0.124644694532498 0.0732833261687016 0.107962222769516 0.143613128566079 0.119786107504909 0.102756407815206 0.0849429051939184 0.184166128611092 0.209704944032999
0.999999999997821 1 1 1 0.19444679789437 0.132621053879279 0.166401906821404 0.99938517114627 0.121862683360687 0.103196721380904 0.118795422448784 0.177700574281664 0.194319084106149 0.189160127803938 0.158354194583802 0.132848082523149 0.999999998112117 0.169862159601919 0.116039711365969 0.231344601886719 0.99934559701261 0.124119005146833 0.175833811887223 0.356632327998959 0.194815026530615 0.187800508511838 0.146781682115216 0.133382612975067 0.131900807616273 0.129548087630611
1 1 1 1 0.0834390729475643 0.139746915735497 0.144117382623135 0.0943831961466716 0.15483445671338 0.107362632599453 0.0820768103184244 0.377020084169571 0.154189001178966 0.0632856729746806 0.146621791618225 0.0856427506115496 0.0824851582483686 0.129472659394037 0.080309748230182 0.081721929923658 0.116437991043766 0.123717183005115 0.158367028343674 0.118002734817418 0.114758171176449 0.143697352261044 0.0731590871073836 0.0777890115391516 0.101918573791865 0.128248497340305
0.999999122312474 0.153640328738828 1 1 0.999961141393802 0.13248746781615 0.0923127043510021 0.123049085831135 0.129109344627198 0.0899116400319155 0.107065270900324 0.151860497124988 0.103021227967549 1 0.0954490591427291 0.0758124350648007 0.111556634433705 0.112180391837846 0.130259444964821 0.0708885058978764 0.103232375656882 0.0916656302612795 0.0523350545456029 0.100364832070552 0.115933171495809 0.21386832427305 0.0965473305350195 0.155895898370478 0.166666962719777 0.0893991500013743
0.98975680697876 1 1 1 0.0706633855804437 0.0785726710115832 0.0621485654924007 0.0626866240114149 0.0615568743112882 0.0600515413061773 0.133527162669115 0.0562483162841081 0.0764787368120231 0.124649696958747 0.063451047047083 0.0771656818335206 0.0934729850295837 0.0723961625494203 0.0800527326381406 0.996806905134328 0.103704744198841 0.0715513410665676 0.0669138255067772 0.0695768936271622 0.132722159508342 0.109804937467992 0.0858147097640991 0.0826284640352901 0.06009448814687 0.0855995708916772
0.332359211412501 1 1 1 0.0832670992232597 0.140653277270172 1 0.176684843323451 0.142246170169655 0.196856812404774 0.193922092312453 0.151396640471479 0.127364322370016 0.136725956144611 0.127677831632642 0.123259757937381 0.147900966002727 0.196783316611542 0.195875689690357 0.185976575176192 0.254149132922131 0.154881484936619 0.211923241305751 0.173404237099597 0.092213511222408 0.198396010127664 0.13471134962583 0.129053061395292 0.122744977155203 0.297833812481866
0.263999510895181 0.97608497235609 1 1 0.206701516834139 0.305136884989839 0.200413679322384 1 0.178036563313928 0.183504870956711 0.237848606958166 0.185041521239911 0.999875244337071 0.195871530506851 0.17925626587013 0.17454862825803 0.197975659373955 0.189523632080035 0.205763253259932 0.159636986365948 0.170443880525674 0.197552130280773 0.224238422342925 0.151347289277324 0.203370064384047 0.250346548611587 0.159691200144407 0.120490728499043 0.187287128744052 0.15547918137107
0.998099534553065 0.910318085362697 1 1 0.99999991839164 0.134972347704451 0.209984371082596 0.153698591092148 0.220024113939039 0.238074555861825 0.251966001266755 0.151498866793773 0.17133886682445 0.999999994844989 0.213614650402251 0.181589213443083 0.170141986251387 0.264290756744666 0.241126910960747 0.210525637856026 0.2809309989702 0.198537495767427 0.168143526097413 0.173590234431346 0.191076639880003 0.224599687032525 0.168041238334271 0.160186100913158 0.174960520963615 0.20653044107493
0.141305721337926 0.187866046022406 1 1 0.999927428720685 1 1 0.119353223328616 0.108990873733167 0.11943339733258 0.0805245213391078 0.121460695419374 0.104122100720162 0.139546128933868 0.129853596843659 0.0889225732604907 0.123870550944285 0.13449038148282 0.107559190490566 0.105931041739062 0.132227504417424 0.0739357583281696 0.107195196811402 0.145618137560974 0.0750235802553865 0.175681183101248 0.103272138749888 0.0920702305474059 0.0962406548749971 0.129874051312256
0.999999820612237 0.999999999998209 0.999925020239357 1 0.0982361550557221 0.0896504255464516 0.120581434606997 0.171006041939255 0.175200369888777 0.230136828867341 0.181229466475169 0.180649694678073 0.192894628060128 0.151329156913277 0.161841716946971 0.217125545551774 0.162775158607231 0.137786902181626 0.218558878580136 0.104615332017618 0.181457569753073 0.171587079469379 1 0.18309126370832 0.122016902707908 0.229572845656202 0.167043083995539 0.354056768240244 1 0.314287651433026
1 0.999999999866076 1 1 0.105384905869002 0.99960145058904 0.99999999845699 0.143846610925838 0.130499119331098 0.0865445098596268 0.0959163105711188 0.1403935510753 0.170975625889827 0.17160516848524 0.999999999512821 0.0841558060858956 0.999999999982539 0.129551834775279 0.116511970909789 0.127672580273143 0.207166652376292 0.103773892862878 0.999999998639026 0.228389299391536 0.122296217584469 0.109518621261202 0.0904111504124288 0.124851316037585 0.998914102381108 0.0911428485291801
0.0967295375388976 1 1 1 0.0731822055517865 0.067624532279958 0.0538139977096417 0.069399153885207 0.0567271961859214 0.0740411007862152 0.182618208122047 0.0852400005665236 0.113146115066553 0.0538668462776154 0.0890259712973542 0.0928994658409944 0.0684135434870897 0.0582829269760916 0.061563780770996 0.114452843099078 0.0725445308017187 0.132754660359251 0.0839281216103464 0.0721450969127669 0.0550219281578508 0.0759152881571862 0.0523148146674186 0.0599411755162075 0.0822047112295753 0.0989435211670504
0.0412723568970311 0.999999999999994 1 1 0.0580754057575764 0.0406578620516294 0.0660713523533583 0.0272755953101694 0.0557654634127799 0.0387215915275017 0.0520376162440206 0.0341909807203572 0.0415535674336116 0.0311073141127066 0.0596601675250085 0.0549814367677023 0.0834672917962516 0.0501880716814551 0.0584799737143231 0.084326345839453 0.0524030088156022 0.0289942001570196 0.0379570619073839 0.0835259870797999 0.0785087062322442 0.0616748253579452 0.0398955069163617 0.0384277272967821 0.0739706473526597 0.0530434838997023
0.11521125552724 1 1 1 0.999997370074302 0.0885992407867647 0.134474950326033 0.0781839507317232 0.129670426893386 0.114778258928668 0.111999664355074 0.118132930221541 0.115466223729081 0.0985054022003145 0.104230509986693 0.102794927624463 0.0636599954473828 0.0761925457337179 0.0894352014402772 0.111379351251688 0.114456198018754 0.999998180719676 0.101204740423146 0.13385735659253 0.108829473705712 0.120999450499262 0.111963104622197 0.0959271673269393 0.109323545608304 0.118365692397612
0.99999999999999 0.999999998056903 1 1 0.0611384697889509 0.0879316803789318 0.0568823724224947 0.0738972098047418 0.0359650098784295 0.0929164796986046 0.999999999999999 0.059213639550489 0.0496019288499782 0.0777466789011626 0.0768169240610904 0.793660120175355 0.0630658797739905 0.0638115057120231 0.138417056500177 0.0715837523814851 0.0840221104934084 0.0983371767502947 0.0831728891601423 0.0641915590932619 0.0584101072597786 0.106184277855617 0.105466022667641 0.105427274562735 0.0612982114576959 0.0903526417155274
1 0.192704770841284 1 1 0.118748564145521 0.166030938010019 0.0800186737127625 1 0.110962110911821 0.0979101644877701 0.0912691394086674 0.0988356881038072 0.10461178283012 0.134893874743803 0.229961906037068 0.0662181800371399 0.999999972119825 0.137205618714113 1 0.0624084117036254 0.0596819582866116 0.0938887480472007 0.111917537369303 0.0946790173859865 0.12087681608597 0.0892985243333144 0.0713014337085361 0.153507589216775 0.0900240599337557 1
0.999999999954531 1 1 1 0.0973290788167654 0.0697879112540712 0.0554471926846098 0.0573547389818289 0.0465924391024255 0.0984861143811961 0.0872850764564073 0.0777958824402831 0.111925663116216 0.0784633187370199 0.133249484147366 0.0413051755390134 0.0650557390590397 0.102750391994074 0.999999997719032 0.999999992505011 0.0842331839034444 0.116017586360611 0.1679046550402 0.0820603165761955 1 0.113669420123927 0.0759815452487127 0.0984066388832878 0.107941697109793 0.104439621764198
0.999999999999996 0.999999999993937 1 1 0.0934591177098766 0.091322955283318 0.0850266578769843 0.999999999999999 0.0653106200315641 0.106447729287881 0.0775032047418791 0.162258817973362 0.0766077429506947 0.112491881080171 0.0685034766257923 0.0865228922584814 0.999999940897258 0.0847858054722509 0.0802005472021199 0.118496255338066 0.0811127544056871 0.0891303867101635 0.0965798493470479 0.0907065456643485 0.0994188854481904 0.101398250247764 0.0506980345988441 0.110574321133694 0.0875877478712604 0.24015892455843
0.997187174252432 0.278288588949479 1 1 0.135561541017018 0.185513376857695 0.229917551230565 0.203079100393266 0.190880833620763 0.22651386683527 1 0.165355837185018 0.20613233564179 0.185474514447725 0.161690891422366 0.987468313943752 0.999999967898047 0.147793613353091 0.196764467822654 0.208806985901223 0.181789427301636 0.393692197395458 0.238387681834734 0.18563294007731 0.209521159910548 0.280924051856877 0.163200175450717 0.18508627627678 0.177304366345517 0.150039336559107
0.999790994683064 1 1 1 0.180037138839817 0.0998876495309342 0.166385217499613 0.183176913917033 0.171369539577747 0.139762301159376 0.149147087975069 0.132649738039292 0.10334443810443 0.99999999812453 0.999999999999895 0.182135935957933 0.145153183551345 0.189908527324122 0.144392806650844 0.187702446269587 0.157242591996122 0.147840679527594 0.127045511915974 0.131756273181118 0.125574098518013 0.134771333488376 0.166958535450429 0.143306152236848 0.138014990736275 0.179898942269556
0.224018940487288 0.932480964834765 1 1 0.108472442090625 0.0912461398390187 0.101744424029281 0.117966975554825 0.0647753229428234 0.0811252767917811 0.11039505906518 0.114831172036076 0.074678230306381 0.0811598010537449 0.0636534199056532 0.0570215506571015 0.141563946171268 0.101538864387728 0.098531834843669 0.171386724828263 0.102168484825381 0.124739595150578 0.0641494811683075 0.0985886423115122 0.0682080367131955 0.106479753449236 0.0816740113132562 0.092765762124292 0.148228751929232 0.105573785027561
0.194791734094968 1 1 1 0.986057441537497 0.190612825804308 0.128472567278292 0.126609365068105 0.125087529640853 0.206062217163537 0.163843755568444 0.139528950631874 0.217632552656229 0.962502181363039 0.192636165066537 0.189701266841225 0.188008833875848 0.17563563723714 0.161918808039959 0.150333840428591 0.102287186926161 0.239403556397384 0.220293028891448 0.166974780783304 0.174649223709677 0.187018265485102 0.136747502536748 1 0.241940779647024 0.147305375648862
0.0631361611191088 0.999985661847927 0.16937865580543 1 0.0618470173163181 0.10614620219844 0.0674759785724831 0.104245079333554 0.0972472665149074 0.0800011379848383 0.137720387170485 0.0697906264967435 0.0852938335153197 0.100759741656772 0.161475771553387 0.10653610429458 0.0943561050072205 0.0733959027077666 0.999987069817648 0.0871999226806077 0.0795853398396329 0.111357784912251 0.128917268805775 0.141336947238038 0.0999043151961868 0.112374939448155 0.101950743588622 0.0752102968097507 0.109440591437964 0.0885276778963134
0.999967310539854 1 1 1 0.136253370375925 0.105367831698471 0.116422474159099 0.0589153451359158 0.133254306322278 0.087196212982082 0.994891499479716 0.99999389250167 0.0809865805776014 0.123105554282459 0.124509667852115 0.118330913199464 0.0983742349668426 0.108352679168814 0.113369117931221 0.0729740456891897 0.0974313967603831 0.0879616049050632 0.0877693973306896 0.0554787132134702 0.999589742454065 0.106429412401923 0.0890116115802224 0.140150917557484 0.0937763587917257 0.135701940963661
