[1] "Average Estimates for Betas: "
 [1] 0.084668453 0.115634147 0.210726823 0.323919447 0.023304388 0.025504920
 [7] 0.024015796 0.015173397 0.009274885 0.001504947 0.013002959 0.043106674
[13] 0.032587282 0.032510278 0.023025533 0.027391387 0.031332858 0.030916678
[19] 0.030412220 0.009673229 0.032522087 0.015833176 0.017963834 0.019334569
[25] 0.032957160 0.012488179 0.023967801 0.028334208 0.020086850 0.038318184
[1] "Standard Deviations of Betas: "
 [1] 0.1288738 0.1276271 0.1377699 0.1334266 0.1462804 0.1383323 0.1401605
 [8] 0.1380939 0.1237359 0.1384829 0.1411570 0.1340864 0.1314233 0.1247072
[15] 0.1355367 0.1285984 0.1316304 0.1540701 0.1525071 0.1349613 0.1367647
[22] 0.1290284 0.1406828 0.1242223 0.1417911 0.1288019 0.1294916 0.1316871
[29] 0.1412150 0.1287958
[1] "Average StdErrors for Betas: "
 [1] 0.1306255 0.1342382 0.1306365 0.1270887 0.1298128 0.1270111 0.1305024
 [8] 0.1290298 0.1281563 0.1297569 0.1287892 0.1319133 0.1288926 0.1277801
[15] 0.1280942 0.1270215 0.1272182 0.1302879 0.1304225 0.1267179 0.1315114
[22] 0.1293387 0.1288049 0.1278778 0.1299360 0.1268280 0.1318865 0.1263817
[29] 0.1356766 0.1284091
[1] "Positive rate for exposures: "
 [1] 0.07772021 0.13471503 0.38341969 0.70466321 0.04145078 0.06735751
 [7] 0.07253886 0.06217617 0.03626943 0.06217617 0.06217617 0.05699482
[13] 0.04145078 0.04663212 0.07772021 0.05699482 0.06217617 0.06217617
[19] 0.08290155 0.05699482 0.06217617 0.07772021 0.06735751 0.05181347
[25] 0.06217617 0.03108808 0.03626943 0.05181347 0.05699482 0.07253886
[1] "Bonferroni-corrected positive rate for exposures: "
 [1] 0.000000000 0.005181347 0.067357513 0.284974093 0.005181347 0.010362694
 [7] 0.005181347 0.000000000 0.005181347 0.005181347 0.000000000 0.000000000
[13] 0.000000000 0.000000000 0.000000000 0.000000000 0.000000000 0.015544041
[19] 0.000000000 0.005181347 0.000000000 0.000000000 0.010362694 0.000000000
[25] 0.010362694 0.005181347 0.005181347 0.000000000 0.000000000 0.000000000
