[1] "Average Estimates for Betas: "
 [1] 0.08145332 0.11738174 0.23689608 0.31586710 0.03024066 0.02222580
 [7] 0.04004952 0.02743435 0.03213925 0.02188889 0.01670556 0.03536756
[13] 0.02710406 0.02892799 0.03664543 0.03282137 0.04036620 0.02727024
[19] 0.03197362 0.02436716 0.02442273 0.02356828 0.02271221 0.01931210
[25] 0.03478735 0.02306915 0.02306414 0.02489506 0.03151643 0.03392054
[1] "Standard Deviations of Betas: "
 [1] 0.11816071 0.08588608 0.08914688 0.09377967 0.09773627 0.10330083
 [7] 0.09658649 0.09811453 0.09492346 0.10538952 0.10652428 0.11230786
[13] 0.09202383 0.09931071 0.09487207 0.10317503 0.10180704 0.09146718
[19] 0.08923490 0.08316270 0.09931222 0.10383792 0.09574011 0.09008123
[25] 0.11362604 0.10645400 0.10298074 0.10783887 0.10721900 0.09579517
[1] "Average StdErrors for Betas: "
 [1] 0.08953669 0.08955639 0.08655368 0.08506317 0.08391734 0.08846467
 [7] 0.08520334 0.08588953 0.08769136 0.08555882 0.08621009 0.09594008
[13] 0.08552643 0.08734852 0.09149608 0.09007565 0.08751898 0.08817197
[19] 0.09091670 0.08710964 0.08293190 0.09183438 0.08986966 0.08583101
[25] 0.08413575 0.08690095 0.09212851 0.09367347 0.08630193 0.09235966
[1] "Positive rate for exposures: "
 [1] 0.27272727 0.28181818 0.75454545 0.89090909 0.10000000 0.10000000
 [7] 0.13636364 0.11818182 0.09090909 0.10909091 0.10000000 0.09090909
[13] 0.07272727 0.09090909 0.09090909 0.11818182 0.10909091 0.08181818
[19] 0.07272727 0.05454545 0.10909091 0.10909091 0.08181818 0.10909091
[25] 0.09090909 0.09090909 0.10000000 0.11818182 0.11818182 0.09090909
[1] "Bonferroni-corrected positive rate for exposures: "
 [1] 0.072727273 0.090909091 0.454545455 0.681818182 0.000000000 0.000000000
 [7] 0.009090909 0.027272727 0.000000000 0.009090909 0.009090909 0.009090909
[13] 0.018181818 0.009090909 0.018181818 0.000000000 0.009090909 0.018181818
[19] 0.009090909 0.000000000 0.018181818 0.027272727 0.018181818 0.009090909
[25] 0.018181818 0.027272727 0.018181818 0.009090909 0.018181818 0.018181818
