[1] "Average PIPs: "
 [1] 0.7329377 0.8862925 0.9765085 0.9772228 0.2648118 0.3111372 0.2738411
 [8] 0.2516339 0.2197163 0.2125880 0.2348469 0.2182306 0.2511927 0.2385173
[15] 0.2108569 0.2169756 0.2157970 0.2186471 0.2235227 0.2080224 0.2134020
[22] 0.2129635 0.1897798 0.2181700 0.2055011 0.1915681 0.2047883 0.1986613
[29] 0.1892282 0.2179937
[1] "Percent of time PIP >= 0.1: "
 [1] 0.9387755 0.9897959 1.0000000 1.0000000 0.6632653 0.6785714 0.7040816
 [8] 0.6734694 0.6785714 0.6887755 0.7244898 0.7142857 0.6938776 0.7142857
[15] 0.6938776 0.6632653 0.6836735 0.7346939 0.6734694 0.6836735 0.7040816
[22] 0.7040816 0.6989796 0.7091837 0.6683673 0.6989796 0.6989796 0.6836735
[29] 0.6428571 0.6785714
[1] "Percent of time PIP >= 0.5: "
 [1] 0.68877551 0.86734694 0.96938776 0.96938776 0.15306122 0.19897959
 [7] 0.16326531 0.13775510 0.09183673 0.08673469 0.10714286 0.09183673
[13] 0.12755102 0.11734694 0.08163265 0.10204082 0.09183673 0.08673469
[19] 0.10204082 0.08163265 0.09183673 0.08673469 0.06122449 0.08673469
[25] 0.08163265 0.05612245 0.07142857 0.06632653 0.06632653 0.08673469
[1] "Percent of time PIP >= 0.9: "
 [1] 0.67346939 0.84183673 0.96428571 0.96938776 0.15306122 0.19387755
 [7] 0.15306122 0.13265306 0.08673469 0.08163265 0.10714286 0.08163265
[13] 0.12755102 0.11734694 0.08163265 0.08673469 0.09183673 0.08163265
[19] 0.09693878 0.08163265 0.08163265 0.08673469 0.05102041 0.08673469
[25] 0.07653061 0.04591837 0.07142857 0.06632653 0.05612245 0.08673469
