[1] "Average Estimates for Betas: "
 [1]  77.19844  88.67119  13.91974  67.63568  40.72770  43.20458 111.34603
 [8] -26.59225 109.10781 111.80527  82.17238 109.78198  58.54058 -20.57027
[15] 115.58502  64.80015  42.31939  42.52387 101.31114  98.95913  24.94632
[22]  40.41766  31.46986 117.57820  72.55116  82.40292 118.72462 141.66100
[29]  57.00587  68.37946
[1] "Standard Deviations of Betas: "
 [1] 1117.2512  732.0532  414.5909  758.3934 1475.3302  721.0466 1087.9055
 [8]  359.0855  955.9329 1148.2544  603.9920 1243.7709  851.4599  541.8407
[15] 1150.7185  608.2797  652.5568  317.4865 1337.4288 1107.4464  507.9979
[22]  906.7618  582.3415 1440.7760 1157.3051  951.6931 1798.5938 1583.8451
[29]  778.2269  718.2701
[1] "Average StdErrors for Betas: "
 [1] 182.64010 126.94705  92.76958  96.24106 281.31950 142.65540 186.49992
 [8]  82.63389 118.74815 171.99919  94.20125 196.14881 164.86468 123.14988
[15] 136.58556 117.11883 129.92112  50.43287 231.37800 167.54251 113.66119
[22] 154.61543 103.79739 209.80631 201.74123 160.54075 258.64451 215.51953
[29] 157.62351 135.37465
[1] "Positive rate for exposures: "
 [1] 0.15596330 0.21100917 0.54128440 0.65137615 0.11009174 0.17431193
 [7] 0.14678899 0.09174312 0.12844037 0.15596330 0.12844037 0.14678899
[13] 0.15596330 0.10091743 0.13761468 0.15596330 0.12844037 0.11009174
[19] 0.09174312 0.11926606 0.12844037 0.12844037 0.11926606 0.13761468
[25] 0.11926606 0.14678899 0.13761468 0.11009174 0.10091743 0.10091743
[1] "Bonferroni-corrected positive rate for exposures: "
 [1] 0.036697248 0.064220183 0.229357798 0.412844037 0.009174312 0.018348624
 [7] 0.036697248 0.000000000 0.009174312 0.045871560 0.027522936 0.018348624
[13] 0.018348624 0.009174312 0.027522936 0.000000000 0.018348624 0.009174312
[19] 0.018348624 0.009174312 0.018348624 0.036697248 0.027522936 0.027522936
[25] 0.018348624 0.027522936 0.036697248 0.000000000 0.027522936 0.018348624
