[1] "Average Estimates for Betas: "
 [1] 0.07577703 0.11050255 0.21246437 0.32387057 0.01699669 0.03093753
 [7] 0.02514388 0.01671476 0.01253723 0.01837722 0.02101539 0.04534261
[13] 0.03112021 0.03607270 0.02678558 0.02189156 0.03803202 0.02061527
[19] 0.03972802 0.01511832 0.03434699 0.01729195 0.01939463 0.02676301
[25] 0.02995854 0.01486589 0.03179150 0.02802289 0.03422210 0.03162969
[1] "Standard Deviations of Betas: "
 [1] 0.1167284 0.1206818 0.1271242 0.1242227 0.1227616 0.1246039 0.1268103
 [8] 0.1192086 0.1171608 0.1279362 0.1304095 0.1207553 0.1201331 0.1186736
[15] 0.1217246 0.1161287 0.1186851 0.1306435 0.1169229 0.1218249 0.1205480
[22] 0.1187327 0.1273850 0.1120172 0.1282854 0.1175368 0.1199236 0.1247529
[29] 0.1222692 0.1188019
[1] "Average StdErrors for Betas: "
 [1] 0.02872936 0.02883260 0.02890530 0.02821459 0.02854218 0.02815610
 [7] 0.02926484 0.02826122 0.02869451 0.02865208 0.02863395 0.02916354
[13] 0.02870094 0.02854124 0.02876341 0.02838118 0.02836199 0.02844919
[19] 0.02880059 0.02838910 0.02900447 0.02864364 0.02871875 0.02848253
[25] 0.02849339 0.02808486 0.02914981 0.02829422 0.02879466 0.02868250
[1] "Positive rate for exposures: "
 [1] 0.7244898 0.7448980 0.9081633 0.9795918 0.6734694 0.6530612 0.6377551
 [8] 0.6581633 0.5969388 0.6989796 0.6071429 0.6938776 0.7040816 0.7295918
[15] 0.6224490 0.6683673 0.6173469 0.6326531 0.6275510 0.6377551 0.7091837
[22] 0.6326531 0.6428571 0.5765306 0.6683673 0.5969388 0.6173469 0.6326531
[29] 0.6683673 0.6275510
[1] "Bonferroni-corrected positive rate for exposures: "
 [1] 0.5663265 0.6275510 0.8520408 0.9642857 0.4693878 0.5204082 0.4948980
 [8] 0.4846939 0.4234694 0.5153061 0.4540816 0.4897959 0.5306122 0.5102041
[15] 0.4234694 0.4897959 0.4540816 0.3979592 0.4438776 0.4591837 0.4897959
[22] 0.5000000 0.4693878 0.4132653 0.5000000 0.4540816 0.4438776 0.4948980
[29] 0.5153061 0.4591837
