[1] "Average PIPs: "
 [1] 0.11200714 0.24569840 0.67976648 0.81051365 0.04991468 0.05878378
 [7] 0.07083669 0.05807835 0.04959140 0.05709470 0.04189737 0.07163679
[13] 0.04521910 0.06019469 0.05451527 0.04491937 0.05365283 0.07259768
[19] 0.04575674 0.03811113 0.05873639 0.05747481 0.06001799 0.05616232
[25] 0.05068301 0.03958874 0.07398185 0.04911158 0.06682757 0.06083124
[1] "Percent of time PIP >= 0.1: "
 [1] 0.17616580 0.32124352 0.74611399 0.85492228 0.05699482 0.08808290
 [7] 0.08290155 0.06217617 0.06735751 0.06735751 0.07772021 0.08290155
[13] 0.05181347 0.07253886 0.06735751 0.05699482 0.08290155 0.10362694
[19] 0.06735751 0.05181347 0.07253886 0.06217617 0.07772021 0.09844560
[25] 0.04663212 0.05181347 0.09326425 0.05699482 0.06735751 0.06217617
[1] "Percent of time PIP >= 0.5: "
 [1] 0.08290155 0.20207254 0.65803109 0.79792746 0.02590674 0.03108808
 [7] 0.04663212 0.03626943 0.02590674 0.03626943 0.01554404 0.04663212
[13] 0.02072539 0.03626943 0.03108808 0.02072539 0.02590674 0.04663212
[19] 0.02072539 0.01554404 0.03626943 0.03626943 0.03626943 0.03108808
[25] 0.03108808 0.01554404 0.05181347 0.02590674 0.04663212 0.03626943
[1] "Percent of time PIP >= 0.9: "
 [1] 0.07772021 0.20207254 0.64766839 0.79274611 0.02590674 0.03108808
 [7] 0.04663212 0.03626943 0.02590674 0.03626943 0.01554404 0.04663212
[13] 0.02072539 0.03626943 0.03108808 0.02072539 0.02590674 0.04663212
[19] 0.02072539 0.01554404 0.03626943 0.03626943 0.03626943 0.03108808
[25] 0.03108808 0.01554404 0.05181347 0.02590674 0.04663212 0.03626943
