[1] "Average Estimates for Betas: "
 [1]  0.0456088473  0.0910418822  0.1888462658  0.2998110814 -0.0078119213
 [6]  0.0081295436  0.0032579418 -0.0069873040 -0.0075057218 -0.0078952767
[11]  0.0005788778  0.0198682407  0.0071324136  0.0145008066  0.0043573363
[16] -0.0004117909  0.0142681878 -0.0008611043  0.0139701010 -0.0090947094
[21]  0.0101753749 -0.0055105815 -0.0038640020  0.0043690172  0.0079551575
[26] -0.0020514431  0.0073823814  0.0032747931  0.0096000200  0.0069871850
[1] "Standard Deviations of Betas: "
 [1] 0.1322507 0.1228029 0.1279277 0.1235152 0.1196166 0.1197587 0.1260194
 [8] 0.1244923 0.1189683 0.1287952 0.1262105 0.1236354 0.1178571 0.1221878
[15] 0.1231010 0.1126583 0.1208260 0.1285045 0.1212434 0.1210421 0.1178009
[22] 0.1165708 0.1186511 0.1094079 0.1268944 0.1162550 0.1247292 0.1199781
[29] 0.1187111 0.1273215
[1] "Average StdErrors for Betas: "
 [1] 0.03044857 0.02995675 0.03017239 0.02941923 0.02977654 0.02923728
 [7] 0.03052351 0.02949102 0.02984336 0.02979544 0.02984222 0.03032968
[13] 0.02994856 0.02975455 0.02993372 0.03032002 0.02947382 0.02959701
[19] 0.03009756 0.02957857 0.03012685 0.02981878 0.02979483 0.02960352
[25] 0.02966628 0.02914502 0.03029501 0.02957898 0.02998126 0.03054921
[1] "Positive rate for exposures: "
 [1] 0.6530612 0.6938776 0.9030612 0.9744898 0.5969388 0.6275510 0.6530612
 [8] 0.6173469 0.5867347 0.6785714 0.6071429 0.6836735 0.6632653 0.6530612
[15] 0.5612245 0.6020408 0.6530612 0.6122449 0.6020408 0.6122449 0.6275510
[22] 0.6071429 0.6275510 0.5816327 0.6071429 0.6122449 0.5969388 0.6122449
[29] 0.6377551 0.6734694
[1] "Bonferroni-corrected positive rate for exposures: "
 [1] 0.4897959 0.5510204 0.8112245 0.9438776 0.4489796 0.4744898 0.4693878
 [8] 0.4336735 0.4081633 0.4897959 0.4387755 0.5306122 0.4693878 0.4744898
[15] 0.4234694 0.4438776 0.4387755 0.4234694 0.4336735 0.4489796 0.3979592
[22] 0.4540816 0.3979592 0.3673469 0.4234694 0.4285714 0.4489796 0.4081633
[29] 0.4897959 0.4387755
