[1] "Average Estimates for Betas: "
 [1] 0.07586068 0.11109303 0.21376692 0.32469987 0.01701182 0.03138614
 [7] 0.02556377 0.01707714 0.01321272 0.01879986 0.02131261 0.04556706
[13] 0.03111839 0.03679641 0.02645766 0.02213590 0.03807024 0.02101685
[19] 0.04106764 0.01543521 0.03478760 0.01758144 0.01914918 0.02789340
[25] 0.03006471 0.01459145 0.03164770 0.02799150 0.03514050 0.03211835
[1] "Standard Deviations of Betas: "
 [1] 0.1171584 0.1208729 0.1280706 0.1244834 0.1233827 0.1253040 0.1275267
 [8] 0.1198258 0.1178451 0.1279426 0.1310878 0.1207403 0.1202386 0.1193632
[15] 0.1213259 0.1156230 0.1184044 0.1313719 0.1174886 0.1218563 0.1208379
[22] 0.1197605 0.1271711 0.1129346 0.1289379 0.1175387 0.1197772 0.1251189
[29] 0.1230196 0.1186972
[1] "Average StdErrors for Betas: "
 [1] 0.1185365 0.1193077 0.1195849 0.1166259 0.1179102 0.1166029 0.1209615
 [8] 0.1168353 0.1187076 0.1186805 0.1181521 0.1207380 0.1189421 0.1177309
[15] 0.1190616 0.1173086 0.1175919 0.1178413 0.1194454 0.1177595 0.1200227
[22] 0.1184288 0.1187691 0.1177693 0.1179831 0.1161815 0.1209688 0.1173248
[29] 0.1190777 0.1188057
[1] "Positive rate for exposures: "
 [1] 0.07653061 0.16836735 0.45408163 0.77551020 0.03571429 0.06122449
 [7] 0.06632653 0.05612245 0.05102041 0.07653061 0.06122449 0.06632653
[13] 0.06122449 0.05102041 0.06632653 0.04081633 0.08163265 0.07142857
[19] 0.07142857 0.05612245 0.05612245 0.04591837 0.04081633 0.06122449
[25] 0.08163265 0.05612245 0.04081633 0.05102041 0.05102041 0.06632653
[1] "Bonferroni-corrected positive rate for exposures: "
 [1] 0.005102041 0.015306122 0.086734694 0.367346939 0.010204082 0.005102041
 [7] 0.005102041 0.005102041 0.005102041 0.000000000 0.010204082 0.000000000
[13] 0.000000000 0.000000000 0.005102041 0.000000000 0.000000000 0.015306122
[19] 0.000000000 0.005102041 0.000000000 0.005102041 0.005102041 0.000000000
[25] 0.010204082 0.000000000 0.005102041 0.000000000 0.000000000 0.000000000
