[1] "Average PIPs: "
 [1] 0.20754067 0.36475170 0.68981241 0.71308337 0.09836171 0.10915239
 [7] 0.10299309 0.10740039 0.10808668 0.10032325 0.10674094 0.11527154
[13] 0.10094038 0.09498226 0.10058274 0.11143319 0.11380326 0.12253851
[19] 0.10640224 0.10637508 0.10944971 0.12193136 0.10437564 0.10455239
[25] 0.11681106 0.12641146 0.12255581 0.12404880 0.10732414 0.12606082
[1] "Percent of time PIP >= 0.1: "
 [1] 0.5721649 0.6752577 0.8453608 0.8350515 0.4072165 0.4278351 0.4381443
 [8] 0.3917526 0.4484536 0.4381443 0.4587629 0.4226804 0.4432990 0.4020619
[15] 0.4020619 0.4484536 0.4123711 0.4381443 0.4226804 0.4484536 0.4536082
[22] 0.4639175 0.3917526 0.4329897 0.4536082 0.4432990 0.4278351 0.4432990
[29] 0.4226804 0.4484536
[1] "Percent of time PIP >= 0.5: "
 [1] 0.11340206 0.30927835 0.64948454 0.69072165 0.02577320 0.03608247
 [7] 0.03092784 0.04123711 0.03608247 0.02577320 0.02577320 0.04123711
[13] 0.02061856 0.02061856 0.02577320 0.03608247 0.04123711 0.05154639
[19] 0.03608247 0.03092784 0.03608247 0.04639175 0.03608247 0.03092784
[25] 0.03608247 0.05154639 0.05154639 0.05670103 0.03608247 0.05154639
[1] "Percent of time PIP >= 0.9: "
 [1] 0.09278351 0.23711340 0.62371134 0.64948454 0.02577320 0.03092784
 [7] 0.02577320 0.04123711 0.02577320 0.02577320 0.02061856 0.03092784
[13] 0.02061856 0.01546392 0.02061856 0.03092784 0.04123711 0.04639175
[19] 0.02577320 0.02577320 0.03608247 0.04639175 0.03092784 0.03092784
[25] 0.03608247 0.05154639 0.04639175 0.05670103 0.03092784 0.04639175
