[1] "Average Estimates for Betas: "
 [1]  0.054903216  0.086766458  0.212270150  0.297499201 -0.004575056
 [6]  0.028186812 -0.028910290 -0.001006089  0.005805813 -0.000680701
[11]  0.026309635 -0.036231408  0.017124491  0.026617250  0.011898759
[16] -0.002189923  0.015815084 -0.001505562 -0.028885654 -0.002793285
[21]  0.011527982 -0.001211878 -0.007593467  0.046155823 -0.032012649
[26] -0.008531789 -0.004785631  0.019675441 -0.015517509 -0.010600659
[1] "Standard Deviations of Betas: "
 [1] 0.2263605 0.3080076 0.1923204 0.2199867 0.2094255 0.1623822 0.2752028
 [8] 0.2230496 0.1875222 0.2400804 0.2055070 0.1873084 0.2374396 0.2381755
[15] 0.1803441 0.2313031 0.2134601 0.1831890 0.2709432 0.1746709 0.2397313
[22] 0.2152689 0.1906147 0.2158937 0.2268936 0.2115909 0.1922359 0.2646211
[29] 0.1799357 0.2307141
[1] "Average StdErrors for Betas: "
 [1] 0.1568912 0.1572062 0.1633898 0.1548339 0.1619785 0.1381991 0.1629002
 [8] 0.1611278 0.1542428 0.1720217 0.1563086 0.1613321 0.1507296 0.1683672
[15] 0.1430821 0.1665959 0.1540931 0.1595348 0.1728747 0.1443973 0.1656898
[22] 0.1581483 0.1700546 0.1662270 0.1722482 0.1476910 0.1567885 0.1634195
[29] 0.1538076 0.1718285
[1] "Positive rate for exposures: "
 [1] 0.10824742 0.26804124 0.47938144 0.64948454 0.07731959 0.05670103
 [7] 0.08247423 0.05670103 0.07216495 0.08247423 0.04639175 0.03092784
[13] 0.05670103 0.07731959 0.05670103 0.07216495 0.08762887 0.03608247
[19] 0.08247423 0.03092784 0.05670103 0.05670103 0.06701031 0.08247423
[25] 0.08762887 0.07216495 0.04639175 0.09278351 0.07216495 0.08762887
[1] "Q-value positive rate for exposures: "
 [1] 0.030927835 0.082474227 0.247422680 0.458762887 0.030927835 0.015463918
 [7] 0.046391753 0.025773196 0.010309278 0.010309278 0.025773196 0.015463918
[13] 0.015463918 0.041237113 0.020618557 0.025773196 0.020618557 0.005154639
[19] 0.036082474 0.010309278 0.020618557 0.025773196 0.015463918 0.036082474
[25] 0.025773196 0.015463918 0.015463918 0.025773196 0.020618557 0.025773196
[1] "Precision/Recall/F1 based on p-values:"
[1] 0.4657097 0.3762887 0.4162509
[1] "Precision/Recall/F1 based on Q-values:"
[1] 0.5845588 0.2048969 0.3034351
