[1] "Average Estimates for Betas: "
 [1]  0.0452468815  0.0729124641  0.2128397995  0.2953540523  0.0008689531
 [6]  0.0191299441 -0.0195221432  0.0011962323 -0.0176614240  0.0022092358
[11]  0.0216194960 -0.0484693176  0.0269530674  0.0169216770  0.0076290955
[16] -0.0030852855  0.0031277563  0.0057200525 -0.0266845137 -0.0103399885
[21]  0.0071095711 -0.0070784979 -0.0154919117  0.0392118849 -0.0250575312
[26] -0.0034081574 -0.0129312405  0.0042755415 -0.0037733374 -0.0185409317
[1] "Standard Deviations of Betas: "
 [1] 0.2099656 0.2540379 0.1589840 0.2086066 0.2302434 0.1741327 0.2376350
 [8] 0.2041274 0.1856075 0.2379272 0.1907608 0.1916784 0.2073613 0.2088417
[15] 0.1631144 0.2471283 0.2091724 0.1944177 0.2638617 0.1671470 0.2340824
[22] 0.2007204 0.2092214 0.2147880 0.2052265 0.1961796 0.2148828 0.2218927
[29] 0.1732812 0.2170103
[1] "Average StdErrors for Betas: "
 [1] 0.06645382 0.06757551 0.06915763 0.06894128 0.06927707 0.05968256
 [7] 0.06849904 0.06680938 0.06709146 0.07212600 0.06644569 0.07088802
[13] 0.06617688 0.07286348 0.06186789 0.06866180 0.06751429 0.06661983
[19] 0.07350806 0.06400131 0.07261041 0.06875729 0.07242184 0.07221759
[25] 0.07130419 0.06255319 0.06725506 0.06651604 0.06655339 0.07373735
[1] "Positive rate for exposures: "
 [1] 0.4329897 0.6597938 0.7835052 0.8453608 0.3556701 0.3092784 0.3659794
 [8] 0.3247423 0.2628866 0.3453608 0.3247423 0.2783505 0.2577320 0.3092784
[15] 0.2835052 0.3402062 0.3659794 0.3092784 0.3247423 0.2783505 0.2680412
[22] 0.3608247 0.3092784 0.2989691 0.3505155 0.3865979 0.3195876 0.3453608
[29] 0.2886598 0.3402062
[1] "Q-value positive rate for exposures: "
 [1] 0.3144330 0.5979381 0.7216495 0.7835052 0.2680412 0.2113402 0.2525773
 [8] 0.2422680 0.1804124 0.2216495 0.2010309 0.1907216 0.1752577 0.2164948
[15] 0.2216495 0.2422680 0.2731959 0.2216495 0.2628866 0.1855670 0.2010309
[22] 0.2422680 0.2268041 0.2525773 0.2628866 0.2680412 0.2422680 0.2577320
[29] 0.2061856 0.2371134
[1] "Precision/Recall/F1 based on p-values:"
[1] 0.2468443 0.6804124 0.3622642
[1] "Precision/Recall/F1 based on Q-values:"
[1] 0.2884379 0.6043814 0.3905079
