[1] "Average Estimates for Betas: "
 [1]  4.935893e-02  9.720554e-02  1.913594e-01  2.960349e-01  4.572054e-03
 [6]  5.160100e-03  4.120173e-03 -5.545885e-03 -1.147926e-02 -2.771864e-03
[11]  7.093635e-03  1.917336e-03 -6.221420e-04  3.834068e-03  4.549463e-03
[16]  1.133362e-02 -8.539397e-05  8.225073e-04  1.156865e-02 -4.806075e-03
[21]  2.266790e-03 -5.743637e-03 -7.934126e-03  2.325004e-03 -4.086493e-03
[26] -5.626396e-03  1.039680e-02 -8.484884e-03  1.059423e-02  1.397693e-03
[1] "Standard Deviations of Betas: "
 [1] 0.1436940 0.1303226 0.1175498 0.1247286 0.1298712 0.1226940 0.1292712
 [8] 0.1237158 0.1432612 0.1277239 0.1228937 0.1177469 0.1276857 0.1318971
[15] 0.1134546 0.1332370 0.1265746 0.1175369 0.1327319 0.1217523 0.1264378
[22] 0.1314692 0.1244750 0.1250038 0.1311580 0.1354239 0.1310821 0.1263437
[29] 0.1335093 0.1288851
[1] "Average StdErrors for Betas: "
 [1] 0.1400909 0.1199345 0.1190177 0.1206908 0.1173809 0.1180613 0.1213402
 [8] 0.1198200 0.1201211 0.1201563 0.1216420 0.1204081 0.1216644 0.1188272
[15] 0.1198398 0.1218146 0.1206660 0.1182113 0.1204220 0.1205710 0.1193722
[22] 0.1193803 0.1197385 0.1192998 0.1204595 0.1206930 0.1182020 0.1204667
[29] 0.1211470 0.1196702
[1] "Positive rate for exposures: "
 [1] 0.060 0.140 0.390 0.680 0.050 0.045 0.060 0.065 0.090 0.075 0.055 0.045
[13] 0.075 0.085 0.050 0.060 0.060 0.050 0.060 0.045 0.065 0.060 0.045 0.050
[25] 0.060 0.065 0.070 0.050 0.055 0.065
[1] "Bonferroni-corrected positive rate for exposures: "
 [1] 0.000 0.020 0.045 0.260 0.000 0.000 0.010 0.000 0.000 0.000 0.000 0.000
[13] 0.005 0.015 0.000 0.005 0.010 0.000 0.005 0.000 0.000 0.000 0.005 0.000
[25] 0.000 0.010 0.000 0.000 0.000 0.005
