Average Estimates for Betas: 
0.2126271 0.9718272 4.987897 8.647833 0.03012031
0.04093761 0.03928874 0.02365082 0.04562097 0.03108735
0.02645474 0.04030176 0.04067173 0.02410045 0.02131587
0.02871683 0.02544947 0.02339835 0.02444804 0.02582151
0.0409944 0.0305617 0.02641509 0.02583811 0.04369365
0.02870872 0.03688503 0.02302741 0.05041554 0.0304281
0.03744259 0.100092 0.02963778 0.0320359 0.03605181
0.03927498 0.02320499 0.0210735 0.0216377 0.02853187
0.03356867 0.02514835 0.08918714 0.03302125 0.02532932
0.04490944 0.0589357 0.03637662 0.03297108 0.03391128
0.02979083 0.05202039 0.02021391 0.03473093 0.01869289
0.03190165 0.02275957 0.04548551 0.03093399 0.04310144
0.04719493 0.02528986 0.02815793 0.03647516 0.02773415
0.03526611 0.04304385 0.02174861 0.03675517 0.0206424
0.05264913 0.04612682 0.04038576 0.03576517 0.03496755
0.04453106 0.02488583 0.02865146 0.03725931 0.04626111
0.04388441 0.0382978 0.02548815 0.02709815 0.02401556
0.02025486 0.05408919 0.02503614 0.0236912 0.04165606
0.04173355 0.04049773 0.02447024 0.03230582 0.0491496
0.08695343 0.0178728 0.05229121 0.0234533 0.02788791
Standard Deviations of Betas: 
0.5837089 1.432138 2.625191 2.136018 0.07296047
0.1389738 0.0960561 0.06101103 0.1159056 0.09729743
0.07371209 0.1287733 0.119789 0.06126663 0.07300833
0.08882276 0.07707883 0.07517154 0.06367553 0.08545029
0.1196888 0.07144437 0.07047057 0.0588513 0.1117445
0.07567547 0.1290393 0.07236394 0.195944 0.07868541
0.1048891 0.4744959 0.07990863 0.09331366 0.1204644
0.134386 0.05611656 0.05742231 0.06153727 0.06388715
0.1044816 0.06915735 0.5154107 0.09798151 0.09457363
0.1067929 0.1833722 0.1240368 0.07832856 0.1070855
0.08097492 0.2118172 0.06457397 0.1192512 0.03482563
0.08467185 0.05715094 0.187976 0.07436978 0.1281275
0.1450313 0.06115204 0.08774798 0.1079597 0.1346728
0.08457885 0.1898966 0.05574755 0.1307162 0.04247562
0.1367402 0.1470313 0.1037425 0.1042916 0.08839051
0.1613698 0.05413062 0.05978628 0.1212079 0.1465389
0.1185406 0.1427337 0.07517808 0.08526004 0.05418036
0.03635257 0.161357 0.06373044 0.07828004 0.1192978
0.08443596 0.1384256 0.06522083 0.078378 0.1387231
0.5491074 0.04779774 0.2007169 0.05303283 0.07103485
Average StdErrors for Betas: 
9.088113 11.74917 10.4494 10.56292 7.564628
7.872773 7.961756 7.88453 7.558949 7.373673
7.386911 7.606134 7.508464 7.686946 7.267795
7.317988 7.316485 7.452917 7.834527 7.454216
7.592735 7.710054 7.309947 7.524322 7.912379
7.628154 7.383768 7.339105 7.690538 7.347129
7.517963 7.812396 7.851008 7.390485 7.817171
7.671309 7.695677 7.382665 7.274018 7.816259
7.415001 7.473087 7.390931 7.621864 7.065139
7.750798 7.904508 7.65996 7.594389 7.58111
7.493018 7.640041 7.226995 7.628413 7.115677
7.456032 7.410169 7.584088 7.5841 7.744005
7.509118 7.331584 7.419548 7.55216 7.428101
7.424449 7.640461 7.355412 7.540456 7.594328
7.561055 7.86334 7.764965 7.674082 7.756131
7.363691 7.81767 7.185199 7.535785 7.854058
7.900174 7.495002 7.170646 7.513424 7.574197
7.506211 7.931136 7.49509 7.500983 7.634379
7.94777 7.400718 7.35725 7.554319 7.968071
7.439271 7.273351 7.388172 7.176846 7.36066
Calibration results: 
Pct. correct for pips in bin from 0 to 0.1: 0.0118735015412718; n=8759
Pct. correct for pips in bin from 0.1 to 0.2: 0.0540540540540541; n=703
Pct. correct for pips in bin from 0.2 to 0.3: 0.117647058823529; n=204
Pct. correct for pips in bin from 0.3 to 0.4: 0.293478260869565; n=92
Pct. correct for pips in bin from 0.4 to 0.5: 0.468085106382979; n=47
Pct. correct for pips in bin from 0.5 to 0.6: 0.75; n=12
No pips in bin from 0.6 to 0.7
No pips in bin from 0.7 to 0.8
No pips in bin from 0.8 to 0.9
Pct. correct for pips in bin from 0.9 to 1: 0.961748633879781; n=183
Average PIPs: 
0.0930217 0.2704552 0.8152048 0.9869353 0.04532444
0.05121533 0.05707147 0.05543603 0.05334759 0.044849
0.04264477 0.05059818 0.04620782 0.05368399 0.04420293
0.04372033 0.04349776 0.04722662 0.0542999 0.04776151
0.04875277 0.05159978 0.04853741 0.04499155 0.05656182
0.0508662 0.04878244 0.04572919 0.05536455 0.04318678
0.04818635 0.0647387 0.05027318 0.05340499 0.05088818
0.04986047 0.05203296 0.04203938 0.04151603 0.05422662
0.04464381 0.04441271 0.05323936 0.05391246 0.04120052
0.05543354 0.05695981 0.05099982 0.04932237 0.04522572
0.05067335 0.0589895 0.04401264 0.04720849 0.03794106
0.04595552 0.05258639 0.05442321 0.04722369 0.05177583
0.05101684 0.04280976 0.04576322 0.04717644 0.04875307
0.04762611 0.05091496 0.0471454 0.04531328 0.05206264
0.05267006 0.05637358 0.04809199 0.05169835 0.05766106
0.0483738 0.04530276 0.03938176 0.0486585 0.06284967
0.0548394 0.05930839 0.0429793 0.04670892 0.05170078
0.0430938 0.05713937 0.04626065 0.0488473 0.05159046
0.05382182 0.04741717 0.04940981 0.04345405 0.05740184
0.06116207 0.04338139 0.04770879 0.04014599 0.04859984
Percent of time PIP >= 0.1: 
0.26 0.73 0.97 1 0.09
0.11 0.16 0.13 0.15 0.09
0.05 0.11 0.07 0.13 0.07
0.07 0.08 0.09 0.14 0.1
0.1 0.11 0.08 0.11 0.15
0.13 0.11 0.11 0.11 0.07
0.11 0.13 0.08 0.09 0.1
0.11 0.11 0.06 0.04 0.13
0.05 0.06 0.08 0.13 0.06
0.14 0.16 0.12 0.07 0.05
0.09 0.14 0.1 0.07 0.05
0.06 0.09 0.09 0.09 0.13
0.1 0.1 0.1 0.08 0.12
0.06 0.1 0.11 0.09 0.09
0.13 0.12 0.09 0.15 0.13
0.1 0.07 0.08 0.11 0.12
0.09 0.09 0.11 0.07 0.12
0.05 0.11 0.09 0.11 0.11
0.12 0.09 0.09 0.05 0.12
0.11 0.08 0.09 0.08 0.11
Percent of time PIP >= 0.5: 
0.01 0.09 0.77 0.98 0
0 0 0 0 0
0 0 0 0 0
0 0 0 0 0
0 0 0 0 0
0 0 0 0.01 0
0 0.01 0 0.01 0
0 0 0 0 0
0 0 0.01 0 0
0 0 0 0 0
0 0 0 0 0
0 0.01 0 0 0
0 0 0 0 0
0 0 0 0 0
0 0 0 0 0
0 0 0 0 0.01
0.01 0.01 0 0 0
0 0 0 0 0
0 0 0.01 0 0
0.01 0 0 0 0
Percent of time PIP >= 0.95: 
0.01 0.07 0.7 0.98 0
0 0 0 0 0
0 0 0 0 0
0 0 0 0 0
0 0 0 0 0
0 0 0 0 0
0 0.01 0 0.01 0
0 0 0 0 0
0 0 0.01 0 0
0 0 0 0 0
0 0 0 0 0
0 0.01 0 0 0
0 0 0 0 0
0 0 0 0 0
0 0 0 0 0
0 0 0 0 0.01
0 0.01 0 0 0
0 0 0 0 0
0 0 0 0 0
0.01 0 0 0 0
Power at FPR threshold of 0.05: 
0.16 0.58 0.97 1
