[1] "Average Estimates for Betas: "
  [1]  4.970430e-02  1.034759e-01  2.010631e-01  2.974755e-01  3.601524e-03
  [6]  1.398971e-03  1.574103e-03  1.658520e-03 -8.436162e-04 -4.152264e-03
 [11] -1.023019e-03 -2.305400e-04 -4.194314e-03 -3.084651e-03 -1.973861e-04
 [16]  1.511032e-03  9.805004e-04  2.455775e-03  3.531515e-03  3.980599e-03
 [21] -2.141810e-03  2.899522e-03  2.237043e-03 -4.984986e-04 -1.453898e-03
 [26]  1.714098e-04 -1.030798e-03 -7.805356e-04 -1.189888e-03  1.714573e-04
 [31]  1.320538e-03 -1.640500e-03  1.205955e-03 -3.396502e-03 -1.883764e-03
 [36]  5.865172e-04  4.934301e-04 -1.258571e-03 -1.501388e-03 -3.560819e-03
 [41]  9.059308e-04  7.156907e-04 -1.506227e-03  3.191509e-03 -1.605757e-03
 [46] -1.889298e-03  1.626539e-04  5.360890e-04 -1.347673e-03 -1.821269e-03
 [51] -1.555712e-04 -3.769861e-03  3.886880e-03 -1.220025e-03 -4.934885e-04
 [56]  2.408435e-03 -2.093475e-03 -1.696399e-03  1.381291e-03 -1.089747e-03
 [61] -8.820906e-04 -2.691897e-03 -2.473886e-04  2.680343e-04  3.289176e-03
 [66] -2.453671e-03 -1.571788e-03 -2.147310e-04 -2.264791e-03 -1.432255e-03
 [71]  1.077823e-03 -1.088120e-03 -2.793951e-04  1.421940e-03  1.347629e-04
 [76]  1.392258e-03 -4.065445e-04  3.050223e-03 -2.463867e-03  2.886368e-04
 [81]  5.688193e-04  2.814901e-03  1.562228e-03 -2.737041e-03  6.154058e-04
 [86]  1.545171e-03 -4.429792e-03  7.115041e-04  4.111088e-03  1.563612e-03
 [91] -1.052261e-04  2.585214e-04  4.368028e-04  4.689992e-03  4.304223e-03
 [96] -2.434508e-04 -1.853796e-03  1.707010e-03  3.293552e-04  3.213169e-04
[101] -2.743620e-03  1.459197e-04  2.320096e-03 -7.472376e-05 -3.427749e-03
[106] -2.241027e-03  2.751816e-03  1.053448e-03  1.353459e-03 -9.553558e-04
[111]  2.538120e-03  4.211723e-03 -1.017041e-04  2.172893e-03 -2.755505e-03
[116]  1.427944e-03 -4.246945e-03 -6.193311e-04 -2.744619e-04 -7.463681e-04
[121] -2.099093e-03  1.021484e-03  1.151710e-04  1.337142e-03  1.226493e-03
[126]  1.087211e-03  1.376297e-03  1.181799e-04 -1.502755e-03 -2.924467e-03
[131] -3.271057e-05 -1.241805e-04  4.484210e-05 -5.584885e-03  8.655148e-04
[136] -7.484321e-04 -1.324580e-03 -6.538469e-04 -4.028019e-05 -7.962555e-04
[141] -1.711281e-03 -3.699271e-04 -3.875044e-03 -2.336035e-03 -2.694764e-03
[146]  1.793329e-04 -1.882729e-03 -6.602237e-04 -1.375251e-04 -6.468924e-03
[151]  2.676975e-03  4.559395e-05  8.573021e-04  6.830277e-04 -5.392771e-04
[156]  7.977949e-04  2.306774e-03 -1.674111e-03 -2.677493e-03 -2.277569e-03
[161] -4.344952e-04  1.231346e-03  3.916082e-03 -1.739913e-03 -1.323060e-03
[166] -1.709513e-03  4.222312e-03  2.865229e-03 -1.632596e-03  5.223476e-04
[171]  1.889929e-03  9.678630e-05 -1.344095e-03  4.009230e-03 -1.802787e-03
[176] -1.341899e-03  5.956066e-04 -4.286491e-04 -7.518825e-03 -8.634878e-04
[181]  1.656000e-03 -3.126158e-03  8.623452e-04  1.406008e-03  6.115624e-04
[186] -6.233859e-04 -3.389341e-03  1.799823e-03 -1.081721e-03  4.442532e-03
[191] -2.356618e-03 -2.724548e-03  3.225565e-03  2.659826e-03  2.063028e-03
[196]  3.258486e-04  2.196662e-03  7.224756e-05  1.244266e-03 -1.393248e-03
[1] "Standard Deviations of Betas: "
  [1] 0.02879700 0.02728982 0.02870121 0.02841239 0.02954360 0.02669729
  [7] 0.02877077 0.02873479 0.02865732 0.02738878 0.02939746 0.02733471
 [13] 0.02793125 0.02746520 0.02844502 0.02765075 0.02801535 0.02989261
 [19] 0.02863411 0.02761086 0.02967191 0.02816829 0.02615797 0.02623322
 [25] 0.03226620 0.02805175 0.02584877 0.02953373 0.02643056 0.02942247
 [31] 0.02627948 0.02730172 0.02941808 0.02695680 0.02793196 0.02866935
 [37] 0.02966444 0.02595034 0.02988050 0.02926163 0.03273739 0.02756165
 [43] 0.02962667 0.02913670 0.02858070 0.02618953 0.02968930 0.02943474
 [49] 0.02743690 0.03063873 0.02900246 0.02896713 0.02889116 0.02765626
 [55] 0.02896917 0.02544252 0.02628049 0.03008511 0.02594205 0.02746666
 [61] 0.02826137 0.02958692 0.02794580 0.02968891 0.02682918 0.02800386
 [67] 0.02820062 0.02602953 0.02973582 0.02771153 0.02896363 0.02650180
 [73] 0.02959070 0.02598528 0.02975893 0.02915874 0.02862987 0.02747974
 [79] 0.02766273 0.02692942 0.03140734 0.02899440 0.02838039 0.02888504
 [85] 0.02714195 0.02778490 0.02817120 0.02847307 0.03021188 0.02776261
 [91] 0.02487062 0.02778978 0.03063191 0.02896797 0.02671833 0.02833650
 [97] 0.02804248 0.02694115 0.02632028 0.03090139 0.02779109 0.02752295
[103] 0.02713492 0.02674170 0.02730538 0.03002732 0.02836110 0.02727911
[109] 0.02761865 0.02841230 0.02770571 0.02817795 0.02696185 0.02842934
[115] 0.02792494 0.03154754 0.02935794 0.02666279 0.02799943 0.02914591
[121] 0.02973123 0.02782189 0.03253612 0.03297392 0.02640302 0.02854972
[127] 0.02769658 0.02809938 0.02789846 0.02874071 0.02999194 0.02724669
[133] 0.02953463 0.02985115 0.02664289 0.02950133 0.02782265 0.02781668
[139] 0.02719365 0.02929261 0.02773646 0.02946153 0.02853930 0.02718820
[145] 0.02615875 0.02976393 0.02498642 0.02906793 0.02962987 0.02894223
[151] 0.02812835 0.02849910 0.02639335 0.02918277 0.02683004 0.03046738
[157] 0.02646944 0.02661934 0.02702225 0.02802864 0.02773412 0.02678389
[163] 0.02759177 0.02651403 0.02671140 0.02801195 0.02628398 0.03034379
[169] 0.02919259 0.02854801 0.02893770 0.02984280 0.02853502 0.02814999
[175] 0.02544918 0.02927070 0.02831890 0.02663283 0.02736023 0.02842466
[181] 0.02847133 0.02599088 0.02898111 0.02972513 0.03022119 0.02983244
[187] 0.02783415 0.02611303 0.03105825 0.02900312 0.02916263 0.02681338
[193] 0.03124722 0.02902386 0.02841611 0.02819515 0.02816435 0.02785228
[199] 0.02861140 0.02606849
[1] "Average StdErrors for Betas: "
  [1] 0.03482722 0.03512119 0.03420522 0.03495310 0.03489010 0.03463684
  [7] 0.03456325 0.03467330 0.03466008 0.03422061 0.03495319 0.03416807
 [13] 0.03483787 0.03473780 0.03537409 0.03481680 0.03469056 0.03436028
 [19] 0.03428318 0.03459797 0.03435033 0.03418447 0.03460434 0.03486590
 [25] 0.03427184 0.03532427 0.03481056 0.03441229 0.03475847 0.03461567
 [31] 0.03455983 0.03408832 0.03457961 0.03487901 0.03512044 0.03545846
 [37] 0.03448011 0.03478267 0.03562394 0.03569641 0.03469695 0.03427294
 [43] 0.03395797 0.03406671 0.03512527 0.03519640 0.03468703 0.03460586
 [49] 0.03461586 0.03529579 0.03453089 0.03561913 0.03480827 0.03474069
 [55] 0.03463978 0.03472035 0.03416899 0.03448221 0.03378735 0.03423391
 [61] 0.03472186 0.03471405 0.03536385 0.03582951 0.03489906 0.03421384
 [67] 0.03459068 0.03434525 0.03464941 0.03495197 0.03452699 0.03425815
 [73] 0.03463359 0.03395331 0.03467998 0.03445610 0.03415776 0.03440311
 [79] 0.03413463 0.03495137 0.03559019 0.03424389 0.03501534 0.03503934
 [85] 0.03448350 0.03507592 0.03424009 0.03408201 0.03492030 0.03431056
 [91] 0.03406028 0.03466879 0.03471561 0.03480676 0.03422883 0.03506695
 [97] 0.03456067 0.03455644 0.03532441 0.03464049 0.03440379 0.03473721
[103] 0.03503190 0.03444783 0.03482657 0.03551712 0.03471631 0.03573239
[109] 0.03443116 0.03437142 0.03506002 0.03436356 0.03367395 0.03534131
[115] 0.03478687 0.03461264 0.03500077 0.03466624 0.03492922 0.03505079
[121] 0.03473580 0.03452196 0.03501597 0.03491283 0.03466400 0.03477161
[127] 0.03433583 0.03482364 0.03535474 0.03397271 0.03484019 0.03454419
[133] 0.03524166 0.03451979 0.03442604 0.03492898 0.03445965 0.03454537
[139] 0.03436009 0.03494036 0.03473658 0.03435492 0.03475144 0.03453729
[145] 0.03429404 0.03523924 0.03453997 0.03441244 0.03512260 0.03507263
[151] 0.03519703 0.03514644 0.03547563 0.03466567 0.03449575 0.03517077
[157] 0.03529004 0.03506220 0.03467159 0.03507970 0.03455810 0.03494969
[163] 0.03446419 0.03457335 0.03408372 0.03505161 0.03439902 0.03445941
[169] 0.03462598 0.03456282 0.03508314 0.03474870 0.03465194 0.03439162
[175] 0.03481065 0.03462327 0.03490788 0.03391863 0.03477791 0.03460060
[181] 0.03434036 0.03429361 0.03502780 0.03453688 0.03421215 0.03394225
[187] 0.03466609 0.03468214 0.03455800 0.03477785 0.03468774 0.03408211
[193] 0.03509506 0.03437250 0.03424870 0.03520347 0.03405118 0.03407739
[199] 0.03524540 0.03481026
[1] "Positive rate for exposures: "
  [1] 0.315 0.845 1.000 1.000 0.015 0.005 0.010 0.005 0.015 0.010 0.015 0.010
 [13] 0.020 0.035 0.020 0.015 0.015 0.025 0.020 0.020 0.025 0.010 0.000 0.015
 [25] 0.015 0.015 0.015 0.015 0.000 0.025 0.020 0.010 0.010 0.010 0.010 0.015
 [37] 0.010 0.020 0.030 0.030 0.035 0.005 0.040 0.030 0.005 0.020 0.020 0.025
 [49] 0.020 0.025 0.020 0.015 0.030 0.010 0.015 0.015 0.015 0.025 0.015 0.010
 [61] 0.005 0.025 0.010 0.010 0.005 0.015 0.020 0.010 0.040 0.025 0.025 0.020
 [73] 0.010 0.015 0.010 0.010 0.030 0.010 0.015 0.020 0.020 0.015 0.005 0.015
 [85] 0.005 0.015 0.015 0.025 0.020 0.005 0.010 0.020 0.035 0.040 0.020 0.020
 [97] 0.020 0.020 0.010 0.025 0.025 0.015 0.020 0.010 0.015 0.020 0.030 0.020
[109] 0.005 0.020 0.015 0.015 0.005 0.020 0.005 0.035 0.020 0.015 0.010 0.025
[121] 0.025 0.025 0.045 0.035 0.005 0.020 0.005 0.020 0.010 0.020 0.010 0.015
[133] 0.030 0.020 0.010 0.020 0.010 0.015 0.020 0.005 0.010 0.020 0.010 0.010
[145] 0.025 0.020 0.025 0.035 0.015 0.020 0.010 0.010 0.000 0.020 0.005 0.025
[157] 0.020 0.005 0.010 0.020 0.020 0.010 0.015 0.010 0.010 0.010 0.025 0.030
[169] 0.015 0.005 0.010 0.025 0.025 0.020 0.000 0.030 0.010 0.005 0.030 0.015
[181] 0.015 0.005 0.015 0.020 0.025 0.015 0.010 0.015 0.030 0.020 0.030 0.010
[193] 0.010 0.010 0.010 0.025 0.025 0.010 0.010 0.010
[1] "Q-value positive rate for exposures: "
  [1] 0.010 0.400 0.975 1.000 0.000 0.000 0.000 0.000 0.000 0.000 0.000 0.000
 [13] 0.000 0.000 0.000 0.000 0.000 0.000 0.000 0.000 0.000 0.000 0.000 0.000
 [25] 0.000 0.000 0.000 0.000 0.000 0.000 0.000 0.000 0.000 0.000 0.000 0.000
 [37] 0.000 0.000 0.000 0.000 0.000 0.000 0.000 0.000 0.000 0.000 0.000 0.000
 [49] 0.000 0.000 0.000 0.000 0.000 0.000 0.000 0.000 0.000 0.000 0.000 0.000
 [61] 0.000 0.000 0.000 0.000 0.000 0.000 0.000 0.000 0.000 0.000 0.000 0.000
 [73] 0.000 0.000 0.000 0.000 0.000 0.000 0.000 0.000 0.000 0.000 0.000 0.000
 [85] 0.000 0.000 0.000 0.000 0.000 0.000 0.000 0.000 0.000 0.000 0.000 0.000
 [97] 0.000 0.000 0.000 0.000 0.000 0.000 0.000 0.000 0.000 0.000 0.000 0.000
[109] 0.000 0.000 0.000 0.000 0.000 0.000 0.000 0.000 0.000 0.000 0.000 0.000
[121] 0.000 0.000 0.000 0.000 0.000 0.000 0.000 0.000 0.000 0.000 0.000 0.000
[133] 0.000 0.000 0.000 0.000 0.000 0.000 0.000 0.000 0.000 0.000 0.000 0.000
[145] 0.000 0.000 0.000 0.000 0.000 0.000 0.000 0.000 0.000 0.000 0.000 0.000
[157] 0.000 0.000 0.000 0.000 0.000 0.000 0.000 0.000 0.000 0.000 0.000 0.000
[169] 0.000 0.000 0.000 0.000 0.000 0.000 0.000 0.000 0.000 0.000 0.000 0.000
[181] 0.000 0.000 0.000 0.000 0.000 0.000 0.000 0.000 0.000 0.000 0.005 0.000
[193] 0.000 0.000 0.000 0.000 0.000 0.000 0.000 0.000
[1] "Precision/Recall/F1 based on p-values:"
[1] 0.4887858 0.7900000 0.6039178
[1] "Precision/Recall/F1 based on Q-values:"
[1] 0.9979079 0.5962500 0.7464789
