[1] "Average PIPs: "
  [1] 0.17696897 0.65411454 0.96257011 0.99550149 0.06569182 0.06200152
  [7] 0.07106751 0.07661506 0.06619320 0.05216760 0.05301092 0.07422611
 [13] 0.07147202 0.07594494 0.06343690 0.08561826 0.08079645 0.06381550
 [19] 0.06377492 0.06376834 0.07236869 0.06449305 0.06453841 0.05506099
 [25] 0.07297923 0.08381424 0.06054154 0.07199706 0.06933648 0.05703265
 [31] 0.05860823 0.06608067 0.06711333 0.05359887 0.06860947 0.09685164
 [37] 0.08235162 0.06740815 0.06993319 0.07123183 0.05950555 0.05233793
 [43] 0.08074656 0.05701291 0.06333548 0.05857420 0.06745834 0.05673978
 [49] 0.08344972 0.08755907 0.06479720 0.10288673 0.06927891 0.07488659
 [55] 0.05781483 0.05976738 0.07196591 0.06764668 0.05640833 0.05869204
 [61] 0.07346135 0.08223091 0.05355324 0.06626666 0.05561288 0.07756343
 [67] 0.06367577 0.08062779 0.07605768 0.06130276 0.09657030 0.06667586
 [73] 0.05541606 0.06926971 0.06353202 0.07820678 0.06636807 0.06990516
 [79] 0.08217806 0.07472928 0.08044350 0.05305846 0.06878933 0.05783253
 [85] 0.05790888 0.07040892 0.05287717 0.05427084 0.09216913 0.08259609
 [91] 0.05410318 0.06586163 0.06646507 0.06987549 0.06170576 0.07973267
 [97] 0.05566704 0.08730349 0.06172980 0.06677062 0.08066067 0.06002498
[103] 0.05487849 0.08027407 0.04823617 0.08257202 0.07161335 0.05789808
[109] 0.04996912 0.07572716 0.05940967 0.08163807 0.06069171 0.05355637
[115] 0.05360458 0.06821999 0.05903017 0.05071844 0.07631027 0.06593036
[121] 0.06211069 0.05433275 0.05560512 0.06591584 0.05834790 0.08070759
[127] 0.05953572 0.05755512 0.09047696 0.06860152 0.06393885 0.05951168
[133] 0.10147981 0.06665851 0.06392068 0.06413958 0.07449948 0.06072245
[139] 0.06865671 0.05632651 0.07685588 0.07239494 0.07942850 0.06371056
[145] 0.09549660 0.06668180 0.07656465 0.08138285 0.05660723 0.06153954
[151] 0.07899809 0.06132644 0.06814698 0.06342148 0.09049556 0.07544284
[157] 0.06965178 0.07501173 0.08176420 0.07110709 0.08288372 0.07463504
[163] 0.06356300 0.05298606 0.05481269 0.05054431 0.05933197 0.06521347
[169] 0.07743788 0.05510450 0.06409507 0.06291971 0.07250635 0.06288660
[175] 0.06143476 0.06475885 0.05412299 0.05282952 0.08800560 0.06996305
[181] 0.04539518 0.05801340 0.07203148 0.09499671 0.06122323 0.07046655
[187] 0.06096231 0.06562844 0.08096927 0.09763853 0.07510238 0.07561624
[193] 0.07189449 0.06412626 0.05779408 0.05345423 0.06378006 0.04981647
[199] 0.07369454 0.07834611
[1] "Percent of time PIP >= 0.1: "
  [1] 0.410 0.845 0.990 1.000 0.085 0.080 0.090 0.125 0.120 0.075 0.095 0.095
 [13] 0.115 0.090 0.095 0.155 0.100 0.100 0.090 0.105 0.120 0.090 0.100 0.090
 [25] 0.135 0.160 0.115 0.120 0.105 0.085 0.095 0.090 0.125 0.100 0.100 0.135
 [37] 0.095 0.095 0.095 0.110 0.060 0.065 0.100 0.110 0.065 0.105 0.095 0.085
 [49] 0.140 0.120 0.080 0.145 0.100 0.090 0.080 0.090 0.100 0.115 0.060 0.065
 [61] 0.080 0.180 0.100 0.100 0.080 0.125 0.105 0.135 0.110 0.120 0.150 0.115
 [73] 0.085 0.125 0.060 0.105 0.105 0.100 0.115 0.130 0.110 0.070 0.105 0.100
 [85] 0.095 0.115 0.060 0.065 0.135 0.120 0.070 0.110 0.110 0.080 0.100 0.130
 [97] 0.090 0.130 0.095 0.105 0.090 0.100 0.075 0.085 0.090 0.105 0.110 0.100
[109] 0.085 0.095 0.085 0.110 0.100 0.055 0.100 0.095 0.090 0.075 0.110 0.100
[121] 0.080 0.055 0.085 0.110 0.095 0.140 0.085 0.090 0.130 0.110 0.090 0.100
[133] 0.120 0.100 0.085 0.105 0.110 0.075 0.115 0.070 0.110 0.120 0.100 0.105
[145] 0.125 0.090 0.095 0.095 0.080 0.095 0.130 0.060 0.125 0.085 0.140 0.115
[157] 0.070 0.095 0.105 0.120 0.135 0.110 0.080 0.095 0.075 0.050 0.110 0.105
[169] 0.130 0.100 0.085 0.110 0.115 0.080 0.100 0.095 0.080 0.060 0.110 0.105
[181] 0.065 0.090 0.115 0.135 0.090 0.115 0.130 0.085 0.140 0.130 0.100 0.115
[193] 0.110 0.080 0.095 0.105 0.105 0.060 0.115 0.135
[1] "Percent of time PIP >= 0.5: "
  [1] 0.080 0.595 0.960 0.995 0.020 0.020 0.025 0.025 0.020 0.010 0.010 0.030
 [13] 0.025 0.035 0.020 0.035 0.040 0.015 0.020 0.015 0.025 0.020 0.020 0.005
 [25] 0.025 0.035 0.010 0.025 0.025 0.010 0.010 0.020 0.015 0.010 0.025 0.050
 [37] 0.040 0.025 0.025 0.025 0.015 0.010 0.035 0.010 0.025 0.010 0.025 0.010
 [49] 0.035 0.040 0.020 0.055 0.025 0.030 0.010 0.015 0.025 0.020 0.015 0.015
 [61] 0.030 0.030 0.005 0.020 0.005 0.030 0.020 0.030 0.030 0.015 0.050 0.020
 [73] 0.010 0.015 0.025 0.030 0.020 0.020 0.035 0.025 0.035 0.010 0.025 0.010
 [85] 0.015 0.025 0.015 0.010 0.045 0.040 0.015 0.020 0.020 0.025 0.015 0.030
 [97] 0.010 0.040 0.015 0.020 0.040 0.015 0.010 0.040 0.000 0.035 0.025 0.010
[109] 0.005 0.030 0.010 0.035 0.015 0.010 0.005 0.025 0.015 0.010 0.030 0.020
[121] 0.020 0.010 0.010 0.020 0.010 0.030 0.015 0.015 0.045 0.025 0.025 0.010
[133] 0.060 0.025 0.020 0.020 0.030 0.015 0.020 0.015 0.035 0.025 0.035 0.015
[145] 0.050 0.020 0.035 0.040 0.010 0.015 0.030 0.020 0.020 0.015 0.045 0.030
[157] 0.030 0.030 0.040 0.025 0.035 0.025 0.020 0.005 0.010 0.010 0.015 0.020
[169] 0.030 0.005 0.020 0.015 0.025 0.015 0.015 0.020 0.010 0.010 0.050 0.020
[181] 0.000 0.015 0.030 0.050 0.015 0.020 0.010 0.020 0.035 0.055 0.030 0.030
[193] 0.030 0.020 0.005 0.005 0.015 0.005 0.025 0.025
[1] "Percent of time PIP >= 0.9: "
  [1] 0.070 0.565 0.950 0.995 0.020 0.020 0.025 0.025 0.015 0.010 0.010 0.025
 [13] 0.025 0.035 0.015 0.035 0.035 0.015 0.020 0.015 0.025 0.020 0.020 0.005
 [25] 0.025 0.020 0.010 0.025 0.025 0.010 0.010 0.020 0.015 0.010 0.025 0.050
 [37] 0.040 0.025 0.025 0.025 0.015 0.010 0.035 0.010 0.025 0.010 0.025 0.010
 [49] 0.035 0.040 0.020 0.055 0.020 0.030 0.010 0.015 0.025 0.020 0.015 0.015
 [61] 0.030 0.030 0.005 0.020 0.005 0.030 0.015 0.025 0.020 0.010 0.045 0.020
 [73] 0.010 0.015 0.020 0.030 0.020 0.015 0.035 0.020 0.035 0.010 0.025 0.010
 [85] 0.010 0.025 0.010 0.010 0.040 0.035 0.010 0.020 0.020 0.025 0.015 0.030
 [97] 0.010 0.035 0.015 0.020 0.030 0.015 0.010 0.040 0.000 0.035 0.025 0.010
[109] 0.005 0.030 0.010 0.030 0.010 0.010 0.005 0.020 0.015 0.010 0.030 0.015
[121] 0.020 0.010 0.010 0.020 0.010 0.030 0.010 0.015 0.040 0.020 0.020 0.005
[133] 0.055 0.025 0.020 0.015 0.030 0.015 0.020 0.015 0.030 0.020 0.035 0.015
[145] 0.050 0.020 0.035 0.040 0.010 0.015 0.030 0.020 0.015 0.015 0.045 0.030
[157] 0.030 0.025 0.035 0.020 0.030 0.025 0.020 0.005 0.010 0.010 0.015 0.020
[169] 0.025 0.005 0.020 0.010 0.025 0.015 0.010 0.020 0.005 0.010 0.045 0.020
[181] 0.000 0.010 0.025 0.050 0.015 0.020 0.010 0.020 0.030 0.055 0.030 0.025
[193] 0.030 0.020 0.005 0.005 0.015 0.005 0.025 0.025
