[1] "Average PIPs: "
  [1] 0.192736983 0.803386236 0.980568739 0.995223936 0.045838046 0.027828049
  [7] 0.047322616 0.046750773 0.040046735 0.023181821 0.027480265 0.028635831
 [13] 0.026255461 0.025639983 0.039659382 0.026218568 0.049848567 0.035673508
 [19] 0.035986877 0.028021679 0.041379570 0.011320906 0.039824225 0.026396885
 [25] 0.035647722 0.055502133 0.025286874 0.038554687 0.044181523 0.030643118
 [31] 0.022469643 0.035251501 0.011224205 0.025125158 0.025252952 0.048970507
 [37] 0.016403520 0.013359815 0.043518035 0.020633723 0.024392269 0.025928813
 [43] 0.018210084 0.012871901 0.020135039 0.021720053 0.030941627 0.027961433
 [49] 0.033203229 0.044303453 0.021254690 0.050102075 0.016129381 0.043693018
 [55] 0.034653313 0.030233090 0.028722743 0.020901713 0.031427668 0.029259316
 [61] 0.024624758 0.024899406 0.019846165 0.034515530 0.013457617 0.020534183
 [67] 0.024943853 0.027486518 0.025701451 0.022481307 0.045901010 0.021012199
 [73] 0.022028157 0.030675117 0.031268006 0.030846537 0.028379953 0.021777915
 [79] 0.026185508 0.025737919 0.030549220 0.016246510 0.030972131 0.006161149
 [85] 0.023513889 0.025256341 0.030525681 0.011151817 0.044832459 0.032054980
 [91] 0.016313891 0.024360562 0.018441592 0.010813850 0.013358455 0.023115464
 [97] 0.015738206 0.035752723 0.020200335 0.020897548 0.025690897 0.015670306
[103] 0.014954860 0.035901519 0.020851845 0.025850846 0.035669959 0.023375842
[109] 0.020486781 0.018932800 0.015742510 0.014025661 0.006492749 0.020966667
[115] 0.021357300 0.029060923 0.030550413 0.014879353 0.030361534 0.017929136
[121] 0.014667432 0.027947789 0.031097750 0.015685570 0.040598927 0.030317996
[127] 0.020848525 0.017933024 0.012162612 0.026171483 0.019916691 0.016508394
[133] 0.035042916 0.015669367 0.018344772 0.023922687 0.035674612 0.019997382
[139] 0.010085439 0.030212711 0.027732490 0.010821578 0.025654012 0.011591131
[145] 0.021117871 0.020356240 0.025131549 0.021249812 0.016533031 0.030473144
[151] 0.030360638 0.006015908 0.016558811 0.008933172 0.025904235 0.022451228
[157] 0.015567586 0.022303397 0.018396024 0.010961457 0.040715060 0.012729383
[163] 0.011020431 0.011466249 0.005724796 0.013146745 0.011794875 0.011425654
[169] 0.014395713 0.015677287 0.025150336 0.022587686 0.012276717 0.011524394
[175] 0.014391064 0.015708048 0.012803017 0.010577845 0.025518559 0.011130070
[181] 0.011390594 0.012292589 0.016106083 0.016617716 0.019977730 0.030938397
[187] 0.030134150 0.007780404 0.020678789 0.030610966 0.016920464 0.027449081
[193] 0.020906932 0.022609250 0.021053242 0.010916200 0.039087202 0.015653159
[199] 0.030711769 0.032848444
[1] "Percent of time PIP >= 0.1: "
  [1] 0.255 0.860 0.980 0.995 0.040 0.025 0.045 0.050 0.035 0.030 0.035 0.025
 [13] 0.025 0.020 0.035 0.035 0.050 0.030 0.040 0.030 0.045 0.005 0.035 0.030
 [25] 0.030 0.055 0.025 0.035 0.050 0.025 0.020 0.030 0.005 0.020 0.020 0.050
 [37] 0.025 0.010 0.040 0.015 0.020 0.025 0.015 0.010 0.015 0.025 0.030 0.025
 [49] 0.030 0.040 0.015 0.050 0.010 0.040 0.030 0.030 0.025 0.015 0.035 0.030
 [61] 0.020 0.020 0.015 0.030 0.015 0.015 0.020 0.025 0.020 0.030 0.045 0.015
 [73] 0.025 0.030 0.030 0.030 0.030 0.020 0.025 0.025 0.030 0.010 0.025 0.005
 [85] 0.025 0.020 0.030 0.010 0.040 0.030 0.015 0.030 0.020 0.005 0.010 0.025
 [97] 0.010 0.030 0.015 0.015 0.020 0.015 0.010 0.030 0.015 0.020 0.030 0.020
[109] 0.015 0.020 0.010 0.025 0.005 0.015 0.020 0.030 0.025 0.010 0.025 0.015
[121] 0.015 0.025 0.025 0.015 0.040 0.030 0.015 0.020 0.010 0.020 0.015 0.015
[133] 0.035 0.010 0.020 0.020 0.030 0.015 0.010 0.025 0.025 0.010 0.020 0.005
[145] 0.015 0.015 0.025 0.015 0.015 0.025 0.030 0.000 0.010 0.010 0.025 0.020
[157] 0.010 0.020 0.015 0.005 0.040 0.010 0.005 0.010 0.000 0.010 0.015 0.010
[169] 0.020 0.010 0.020 0.030 0.010 0.010 0.010 0.015 0.010 0.005 0.020 0.005
[181] 0.010 0.015 0.015 0.010 0.015 0.025 0.025 0.005 0.015 0.030 0.015 0.030
[193] 0.015 0.020 0.020 0.005 0.040 0.015 0.025 0.030
[1] "Percent of time PIP >= 0.5: "
  [1] 0.180 0.815 0.980 0.995 0.040 0.020 0.040 0.040 0.035 0.015 0.020 0.025
 [13] 0.020 0.020 0.035 0.020 0.045 0.030 0.030 0.020 0.035 0.005 0.035 0.020
 [25] 0.030 0.050 0.020 0.035 0.040 0.025 0.020 0.030 0.005 0.020 0.020 0.045
 [37] 0.005 0.010 0.040 0.015 0.020 0.020 0.015 0.005 0.015 0.015 0.025 0.025
 [49] 0.030 0.040 0.015 0.045 0.010 0.040 0.030 0.025 0.025 0.015 0.025 0.025
 [61] 0.020 0.020 0.015 0.030 0.005 0.015 0.020 0.020 0.020 0.015 0.040 0.015
 [73] 0.015 0.025 0.025 0.025 0.020 0.015 0.020 0.020 0.025 0.010 0.025 0.000
 [85] 0.020 0.020 0.025 0.005 0.040 0.025 0.010 0.015 0.010 0.005 0.005 0.020
 [97] 0.010 0.030 0.015 0.015 0.020 0.010 0.010 0.030 0.015 0.020 0.030 0.020
[109] 0.015 0.015 0.010 0.005 0.000 0.015 0.015 0.025 0.025 0.010 0.025 0.015
[121] 0.010 0.025 0.025 0.010 0.035 0.025 0.015 0.010 0.005 0.020 0.015 0.010
[133] 0.030 0.010 0.010 0.020 0.030 0.015 0.005 0.025 0.020 0.005 0.020 0.005
[145] 0.015 0.015 0.020 0.015 0.010 0.025 0.025 0.000 0.010 0.000 0.020 0.015
[157] 0.010 0.015 0.010 0.005 0.035 0.005 0.005 0.005 0.000 0.005 0.005 0.005
[169] 0.005 0.010 0.020 0.010 0.005 0.005 0.010 0.010 0.005 0.005 0.020 0.005
[181] 0.005 0.005 0.010 0.010 0.015 0.025 0.025 0.000 0.015 0.025 0.010 0.020
[193] 0.015 0.015 0.015 0.005 0.035 0.010 0.025 0.025
[1] "Percent of time PIP >= 0.9: "
  [1] 0.135 0.730 0.980 0.995 0.040 0.020 0.035 0.035 0.030 0.015 0.020 0.015
 [13] 0.020 0.020 0.035 0.015 0.040 0.030 0.025 0.020 0.035 0.005 0.030 0.015
 [25] 0.030 0.050 0.015 0.025 0.035 0.025 0.010 0.030 0.005 0.020 0.020 0.035
 [37] 0.005 0.005 0.035 0.015 0.010 0.020 0.010 0.005 0.015 0.015 0.025 0.020
 [49] 0.020 0.040 0.015 0.040 0.010 0.035 0.025 0.020 0.020 0.015 0.025 0.015
 [61] 0.015 0.015 0.015 0.025 0.005 0.015 0.020 0.020 0.020 0.015 0.040 0.015
 [73] 0.015 0.025 0.025 0.020 0.020 0.015 0.020 0.020 0.025 0.010 0.025 0.000
 [85] 0.015 0.020 0.020 0.005 0.035 0.025 0.010 0.015 0.010 0.005 0.005 0.010
 [97] 0.010 0.030 0.010 0.015 0.020 0.010 0.005 0.030 0.015 0.020 0.030 0.010
[109] 0.015 0.010 0.010 0.005 0.000 0.015 0.015 0.020 0.025 0.010 0.025 0.005
[121] 0.005 0.020 0.025 0.010 0.035 0.020 0.015 0.010 0.005 0.020 0.010 0.010
[133] 0.025 0.010 0.010 0.015 0.030 0.015 0.000 0.025 0.020 0.005 0.020 0.005
[145] 0.015 0.010 0.015 0.015 0.010 0.025 0.020 0.000 0.010 0.000 0.020 0.015
[157] 0.010 0.015 0.010 0.005 0.035 0.005 0.005 0.005 0.000 0.005 0.005 0.005
[169] 0.005 0.010 0.020 0.010 0.005 0.005 0.000 0.005 0.005 0.005 0.020 0.005
[181] 0.005 0.005 0.010 0.010 0.010 0.025 0.025 0.000 0.010 0.020 0.010 0.020
[193] 0.015 0.015 0.015 0.005 0.025 0.010 0.025 0.025
