[1] "Average Estimates for Betas: "
  [1]  5.074850e-02  1.030529e-01  2.033264e-01  2.979275e-01 -1.004922e-05
  [6]  2.021793e-03  2.913219e-04 -1.871218e-03 -1.406845e-03 -2.730009e-03
 [11] -6.792741e-03 -3.091629e-03 -6.791446e-03 -3.282479e-03  2.212549e-03
 [16] -3.745730e-03 -1.669272e-03  8.029626e-03 -3.647359e-04  5.496127e-03
 [21]  3.866302e-03  3.014013e-03 -6.564795e-04  1.415574e-03  4.025906e-03
 [26] -4.975002e-03 -8.079427e-04 -2.222736e-03 -4.622765e-03  1.496485e-03
 [31]  5.079178e-03 -1.316445e-03 -2.381731e-03 -1.780889e-03  3.606685e-03
 [36]  3.029223e-03  3.188107e-03  2.929278e-03  1.394681e-03 -7.332860e-03
 [41] -8.205217e-03 -2.704077e-05 -2.468852e-03  3.492823e-03  4.355606e-03
 [46] -5.468762e-03 -4.879306e-03  2.202285e-05 -1.205352e-03 -3.076744e-03
 [51]  5.337538e-04  2.469681e-04  7.988923e-03 -1.726269e-03 -6.341232e-03
 [56]  3.593239e-03  3.727447e-03  9.734537e-04  3.832783e-03 -2.218573e-03
 [61] -5.454721e-04 -1.054715e-03 -4.631307e-03  4.695290e-03  5.115423e-03
 [66] -4.038865e-03 -3.371451e-03 -5.871965e-04  9.218118e-04 -4.026558e-03
 [71]  2.397979e-03  2.894475e-03  1.881418e-04  4.041372e-03  5.369363e-03
 [76]  3.982305e-04 -2.021749e-03  1.128405e-03 -4.361968e-03 -3.483743e-03
 [81] -4.939445e-03  4.506021e-03 -1.535709e-03  2.334408e-03  8.142921e-05
 [86]  4.828843e-06 -5.092467e-03 -1.624652e-03  5.342199e-03  1.770177e-03
 [91] -4.717486e-03 -6.553373e-03 -6.289514e-03  3.678311e-03  8.037557e-03
 [96] -3.387386e-03 -1.811167e-03  2.886797e-04  6.829937e-04  1.440504e-03
[101] -3.380594e-03  1.969110e-03  5.060514e-03 -4.897183e-03 -2.305104e-03
[106] -6.823073e-03 -2.162246e-03  8.388660e-03  5.433929e-03  1.625726e-03
[111]  4.352700e-03 -4.829696e-04  1.372162e-03  1.877643e-03  4.130942e-04
[116]  5.740896e-03 -3.495726e-03  1.764209e-03 -2.730230e-03  4.124112e-04
[121] -4.931255e-03 -8.893879e-04 -2.926062e-03  4.884204e-03 -1.794938e-03
[126]  3.844571e-04 -9.639196e-04  1.510538e-05  5.703725e-03 -1.966585e-03
[131] -4.284153e-03  1.693607e-04  1.231181e-03 -4.676324e-03  3.561915e-03
[136] -2.300376e-04  1.166443e-03 -1.043524e-03 -1.578081e-03 -1.406967e-03
[141] -2.749347e-03 -5.867412e-03 -7.127726e-03  7.896148e-03 -2.684074e-03
[146]  2.640251e-03 -3.390611e-03 -1.769310e-03 -7.163862e-03 -8.972631e-03
[151]  3.224999e-03  2.049350e-03 -3.633211e-04  3.268941e-03 -2.116950e-03
[156]  5.023175e-03  5.921663e-03 -2.355067e-03 -4.624177e-03 -3.467615e-03
[161]  2.813948e-03 -2.916321e-04  4.143621e-03  1.729772e-04 -6.799742e-03
[166] -1.470212e-03  5.998457e-03 -1.336453e-03 -3.127652e-04 -2.107691e-03
[171] -2.689829e-03 -5.925682e-04  1.428063e-03  1.110130e-03 -4.429285e-03
[176] -2.173774e-03  4.591263e-04  5.531344e-04 -3.296113e-03 -1.632542e-03
[181] -4.210112e-03 -6.579091e-05 -1.028174e-03 -2.278961e-03  8.351715e-03
[186]  8.187802e-04 -4.306166e-03  3.581664e-03 -3.236818e-03  4.620571e-03
[191] -8.058123e-03 -5.117354e-05  2.306542e-03 -8.747400e-04  4.319331e-03
[196] -1.176151e-03 -2.756265e-03  2.416549e-03  1.453571e-03  4.732789e-04
[1] "Standard Deviations of Betas: "
  [1] 0.04798487 0.04373594 0.04897669 0.05283101 0.04769322 0.04249888
  [7] 0.05038223 0.04388075 0.04673358 0.03972159 0.05282509 0.05328469
 [13] 0.04070139 0.04072126 0.04681562 0.04204387 0.04402982 0.04249938
 [19] 0.04446478 0.04589684 0.04444425 0.04517522 0.04504870 0.03928573
 [25] 0.04621189 0.04438742 0.04447066 0.04299438 0.04132919 0.04508207
 [31] 0.04240322 0.04293161 0.05753729 0.04420864 0.04715738 0.04646276
 [37] 0.04519275 0.04459913 0.04566500 0.04720556 0.04799495 0.04991118
 [43] 0.04792434 0.04301499 0.04482208 0.04842959 0.04129457 0.04271487
 [49] 0.04457502 0.04806498 0.04756466 0.04971211 0.04867469 0.04518372
 [55] 0.04997464 0.04548667 0.04361168 0.04781273 0.04147672 0.04353379
 [61] 0.04357656 0.05020505 0.04549475 0.04601138 0.04339434 0.04214761
 [67] 0.04259059 0.03938209 0.04738784 0.04506058 0.04493842 0.05200463
 [73] 0.04578219 0.04161424 0.04916659 0.04215861 0.04306471 0.04357820
 [79] 0.04577902 0.04543731 0.05265745 0.04757853 0.04710796 0.04579011
 [85] 0.05001453 0.04798800 0.04800346 0.04113715 0.04582665 0.05175544
 [91] 0.04497594 0.04604562 0.05183409 0.04529787 0.04466728 0.04272709
 [97] 0.04631153 0.04688034 0.04718372 0.04575972 0.04483747 0.04511934
[103] 0.04148578 0.04347488 0.04369393 0.04239596 0.04361001 0.04774726
[109] 0.04538139 0.04341736 0.03917350 0.04141342 0.04056511 0.04912733
[115] 0.04595018 0.04580972 0.05191551 0.03858705 0.03956317 0.04136294
[121] 0.05080311 0.04113383 0.04947584 0.04523837 0.03904952 0.03592945
[127] 0.04898210 0.04160852 0.04571292 0.03809693 0.04152677 0.04377493
[133] 0.04963696 0.04956496 0.04054317 0.05061364 0.04939229 0.04291672
[139] 0.04039161 0.04728673 0.04820851 0.04226739 0.04920065 0.04400472
[145] 0.04662227 0.05077668 0.04069129 0.05259957 0.04617646 0.04080509
[151] 0.04579604 0.04876077 0.04268130 0.04551097 0.04105781 0.04838395
[157] 0.05105391 0.04132867 0.05361192 0.04210757 0.04454643 0.04811453
[163] 0.04384321 0.03975511 0.04479872 0.04193586 0.04209453 0.04788055
[169] 0.04505420 0.04115087 0.04504744 0.04737189 0.04927687 0.04471621
[175] 0.04451949 0.04658649 0.04265279 0.04123467 0.04212208 0.04796001
[181] 0.04986058 0.04454087 0.05164754 0.04447133 0.04644630 0.04327430
[187] 0.05035979 0.04609639 0.04964200 0.04429002 0.04631033 0.04224655
[193] 0.04254938 0.04680512 0.04350634 0.04385073 0.05214566 0.04748781
[199] 0.04399971 0.05057788
[1] "Average StdErrors for Betas: "
  [1] 0.02743893 0.02772444 0.02754271 0.02854323 0.02743659 0.02579506
  [7] 0.02771179 0.02720870 0.02760489 0.02624359 0.02700286 0.02758912
 [13] 0.02697697 0.02644679 0.02853800 0.02695841 0.02704453 0.02730807
 [19] 0.02661478 0.02741807 0.02697754 0.02680307 0.02754561 0.02735567
 [25] 0.02674589 0.02739570 0.02732962 0.02656873 0.02715770 0.02691116
 [31] 0.02729951 0.02675854 0.02765043 0.02835688 0.02821342 0.02750414
 [37] 0.02635518 0.02751690 0.02797717 0.02885925 0.02740022 0.02704874
 [43] 0.02724104 0.02647320 0.02821666 0.02802657 0.02685783 0.02648823
 [49] 0.02749544 0.02732233 0.02801099 0.02739424 0.02728977 0.02689538
 [55] 0.02677627 0.02728226 0.02703930 0.02659537 0.02615355 0.02720760
 [61] 0.02679478 0.02734511 0.02774637 0.02867584 0.02782753 0.02641227
 [67] 0.02674743 0.02689732 0.02745458 0.02746700 0.02744796 0.02688388
 [73] 0.02653130 0.02629010 0.02718436 0.02688794 0.02738407 0.02785734
 [79] 0.02713844 0.02689831 0.02798606 0.02710957 0.02781841 0.02749813
 [85] 0.02775341 0.02696594 0.02701878 0.02637239 0.02913855 0.02702239
 [91] 0.02737476 0.02783838 0.02876692 0.02805407 0.02651629 0.02736256
 [97] 0.02798149 0.02733240 0.02686263 0.02733470 0.02597167 0.02659176
[103] 0.02741323 0.02685661 0.02775108 0.02738358 0.02692313 0.02902681
[109] 0.02698424 0.02601484 0.02744883 0.02654376 0.02597853 0.02783761
[115] 0.02620409 0.02716171 0.02762741 0.02654819 0.02736865 0.02797973
[121] 0.02948625 0.02785808 0.02726579 0.02755359 0.02576277 0.02725672
[127] 0.02731260 0.02765395 0.02810961 0.02636071 0.02702676 0.02728709
[133] 0.02735840 0.02750545 0.02595300 0.02800918 0.02734837 0.02759083
[139] 0.02743316 0.02708111 0.02728756 0.02654872 0.02695104 0.02673245
[145] 0.02758865 0.02809025 0.02761378 0.02685107 0.02795961 0.02815574
[151] 0.02752183 0.02731144 0.02685180 0.02687257 0.02695473 0.02700738
[157] 0.02802424 0.02938755 0.02735830 0.02829186 0.02613242 0.02630764
[163] 0.02659121 0.02679322 0.02550500 0.02655237 0.02623309 0.02814039
[169] 0.02733482 0.02687026 0.02723968 0.02785442 0.02645512 0.02705586
[175] 0.02755921 0.02866733 0.02796415 0.02590508 0.02710070 0.02698986
[181] 0.02786109 0.02669509 0.03017955 0.02649664 0.02594371 0.02587303
[187] 0.02697225 0.02632119 0.02710628 0.02721570 0.02695509 0.02615866
[193] 0.02799610 0.02767863 0.02731570 0.02801209 0.02567177 0.02660093
[199] 0.02824113 0.02812288
[1] "Positive rate for exposures: "
  [1] 0.5408805 0.8616352 1.0000000 1.0000000 0.2893082 0.2201258 0.2641509
  [8] 0.2515723 0.2389937 0.2201258 0.2264151 0.2327044 0.1635220 0.1949686
 [15] 0.1886792 0.2201258 0.2515723 0.2389937 0.2264151 0.2201258 0.2264151
 [22] 0.2389937 0.2075472 0.1886792 0.2578616 0.1886792 0.2389937 0.2327044
 [29] 0.1949686 0.2452830 0.2704403 0.2012579 0.2955975 0.2138365 0.2138365
 [36] 0.2201258 0.2389937 0.2138365 0.2452830 0.2075472 0.2955975 0.2138365
 [43] 0.2327044 0.2201258 0.1761006 0.2389937 0.2012579 0.2767296 0.2075472
 [50] 0.3018868 0.2578616 0.2893082 0.2893082 0.2389937 0.2955975 0.2012579
 [57] 0.2201258 0.2138365 0.2138365 0.2075472 0.2452830 0.2515723 0.2452830
 [64] 0.2704403 0.2201258 0.2012579 0.2012579 0.1761006 0.2138365 0.2452830
 [71] 0.2641509 0.2327044 0.2452830 0.2075472 0.2327044 0.2515723 0.2452830
 [78] 0.1761006 0.2264151 0.2641509 0.2389937 0.2704403 0.2578616 0.2767296
 [85] 0.2515723 0.3207547 0.2955975 0.2327044 0.2327044 0.3018868 0.1698113
 [92] 0.2264151 0.2138365 0.2264151 0.2201258 0.2389937 0.2264151 0.2578616
 [99] 0.2075472 0.2515723 0.2452830 0.2075472 0.1949686 0.2138365 0.1949686
[106] 0.2389937 0.2578616 0.2327044 0.2138365 0.1761006 0.1949686 0.1823899
[113] 0.1823899 0.2201258 0.2515723 0.2515723 0.2955975 0.1761006 0.1886792
[120] 0.2327044 0.2704403 0.1698113 0.2641509 0.2452830 0.2138365 0.1823899
[127] 0.2452830 0.2264151 0.2138365 0.1823899 0.2138365 0.2012579 0.2515723
[134] 0.2389937 0.2138365 0.2767296 0.2515723 0.1949686 0.1886792 0.2138365
[141] 0.2641509 0.2201258 0.2830189 0.2138365 0.2830189 0.2704403 0.2201258
[148] 0.2767296 0.2578616 0.2201258 0.2264151 0.2641509 0.2201258 0.2327044
[155] 0.1635220 0.2515723 0.2704403 0.1635220 0.2264151 0.1823899 0.2515723
[162] 0.2578616 0.2201258 0.1509434 0.2515723 0.2075472 0.2452830 0.2264151
[169] 0.1823899 0.1949686 0.2201258 0.2327044 0.2955975 0.2389937 0.2327044
[176] 0.2767296 0.2578616 0.1635220 0.1635220 0.2327044 0.2515723 0.2138365
[183] 0.2327044 0.2389937 0.2767296 0.2452830 0.2893082 0.2452830 0.2641509
[190] 0.1949686 0.2389937 0.2515723 0.1823899 0.2264151 0.2327044 0.2641509
[197] 0.2515723 0.2452830 0.2012579 0.2075472
[1] "Q-value positive rate for exposures: "
  [1] 0.27044025 0.67924528 0.97484277 0.98113208 0.11320755 0.10691824
  [7] 0.12578616 0.13836478 0.12578616 0.09433962 0.10062893 0.11949686
 [13] 0.08805031 0.08805031 0.09433962 0.08176101 0.12578616 0.09433962
 [19] 0.10062893 0.08176101 0.13836478 0.11320755 0.10691824 0.06918239
 [25] 0.13207547 0.08805031 0.11949686 0.06918239 0.06289308 0.11949686
 [31] 0.12578616 0.08805031 0.19496855 0.06289308 0.05660377 0.10062893
 [37] 0.15094340 0.10691824 0.13207547 0.08805031 0.14465409 0.15723270
 [43] 0.10691824 0.08805031 0.09433962 0.08176101 0.08176101 0.10691824
 [49] 0.10062893 0.11320755 0.10691824 0.13207547 0.13836478 0.14465409
 [55] 0.11949686 0.13207547 0.11320755 0.09433962 0.11949686 0.08176101
 [61] 0.12578616 0.10691824 0.11949686 0.11949686 0.10691824 0.11949686
 [67] 0.11320755 0.08176101 0.12578616 0.11320755 0.10062893 0.14465409
 [73] 0.07547170 0.05660377 0.15094340 0.15094340 0.08805031 0.09433962
 [79] 0.10062893 0.10062893 0.10062893 0.10691824 0.10062893 0.10691824
 [85] 0.08805031 0.13207547 0.13207547 0.08805031 0.11320755 0.13207547
 [91] 0.10062893 0.08805031 0.09433962 0.11949686 0.12578616 0.11320755
 [97] 0.11949686 0.11320755 0.11320755 0.10062893 0.09433962 0.09433962
[103] 0.08805031 0.09433962 0.07547170 0.08805031 0.12578616 0.12578616
[109] 0.10062893 0.08176101 0.07547170 0.10691824 0.09433962 0.10062893
[115] 0.12578616 0.12578616 0.09433962 0.09433962 0.08176101 0.08805031
[121] 0.09433962 0.07547170 0.15723270 0.11320755 0.09433962 0.06918239
[127] 0.10062893 0.10691824 0.09433962 0.07547170 0.06289308 0.09433962
[133] 0.15094340 0.11949686 0.06918239 0.13836478 0.13207547 0.11320755
[139] 0.10691824 0.09433962 0.10062893 0.08176101 0.13836478 0.08805031
[145] 0.15094340 0.12578616 0.10691824 0.15094340 0.10691824 0.12578616
[151] 0.10691824 0.13207547 0.08176101 0.08805031 0.06289308 0.14465409
[157] 0.13836478 0.07547170 0.08805031 0.06289308 0.13207547 0.13836478
[163] 0.10691824 0.06918239 0.11949686 0.10691824 0.13836478 0.10062893
[169] 0.09433962 0.10691824 0.11949686 0.11949686 0.13836478 0.08805031
[175] 0.10062893 0.10691824 0.08805031 0.06918239 0.08176101 0.11320755
[181] 0.10691824 0.10691824 0.08805031 0.08805031 0.16352201 0.11949686
[187] 0.14465409 0.15094340 0.09433962 0.10062893 0.10691824 0.11949686
[193] 0.08805031 0.11320755 0.10691824 0.13836478 0.16352201 0.12578616
[199] 0.07547170 0.11949686
[1] "Precision/Recall/F1 based on p-values:"
[1] 0.06986956 0.85062893 0.12913235
[1] "Precision/Recall/F1 based on Q-values:"
[1] 0.1211327 0.7264151 0.2076404
