[1] "Average PIPs: "
  [1] 0.063079109 0.695385193 0.997814241 1.000000000 0.003459597 0.002541639
  [7] 0.019092583 0.006962543 0.002767671 0.002185660 0.002935061 0.002634992
 [13] 0.004104977 0.004627987 0.002092327 0.006212507 0.001837010 0.002376068
 [19] 0.002706846 0.002178053 0.002169222 0.002068289 0.003387794 0.002114148
 [25] 0.006751171 0.002009275 0.002401586 0.002130412 0.001852935 0.007277662
 [31] 0.002170385 0.002182671 0.002251115 0.002192547 0.002308187 0.005697267
 [37] 0.002011578 0.002429437 0.007673388 0.005406031 0.002226433 0.002341747
 [43] 0.002137283 0.002925721 0.002057412 0.005963930 0.005177587 0.001855902
 [49] 0.002526490 0.001957965 0.002135750 0.018236287 0.002769336 0.002665245
 [55] 0.002645927 0.003172526 0.006667896 0.007515080 0.002128297 0.007287316
 [61] 0.002548869 0.002343832 0.002132397 0.006953274 0.006954003 0.002437666
 [67] 0.006877883 0.007285529 0.003670686 0.002391642 0.007356637 0.002628738
 [73] 0.002471727 0.002580079 0.002601921 0.003132059 0.002784260 0.006801319
 [79] 0.002707296 0.002615081 0.002714752 0.001915145 0.002339280 0.002657255
 [85] 0.001966219 0.002020483 0.003023261 0.004205970 0.002446013 0.012497637
 [91] 0.002330069 0.002263711 0.007029460 0.008080763 0.002038055 0.008076340
 [97] 0.001964697 0.002539115 0.002012364 0.002523890 0.002008219 0.002310322
[103] 0.002939142 0.002300122 0.004818674 0.015549988 0.006842856 0.001883361
[109] 0.003039514 0.002344600 0.003746636 0.002516167 0.003203672 0.002659242
[115] 0.002918810 0.002614369 0.002052485 0.002086575 0.016289883 0.001951471
[121] 0.002258540 0.007361662 0.003037101 0.002050414 0.002037300 0.002829413
[127] 0.002432260 0.001998378 0.001892690 0.006829138 0.002032703 0.001945417
[133] 0.002720188 0.002179162 0.002590061 0.007191034 0.013258243 0.002550353
[139] 0.004793697 0.002365401 0.002057477 0.001866552 0.007096838 0.007394903
[145] 0.002304595 0.007033309 0.007267858 0.002221322 0.002466483 0.004252487
[151] 0.002294942 0.002310958 0.004169573 0.004554151 0.006692959 0.003400220
[157] 0.006944347 0.002403644 0.002182451 0.007003681 0.002005444 0.002648092
[163] 0.002363931 0.002417754 0.003905322 0.002688214 0.005853581 0.002218666
[169] 0.003637190 0.001945845 0.004551094 0.002620519 0.002702266 0.002434602
[175] 0.003514530 0.008555830 0.002262199 0.002484163 0.002137625 0.006836808
[181] 0.002139437 0.003475601 0.002070487 0.003200719 0.004211174 0.002103038
[187] 0.002345033 0.002490326 0.001920714 0.007222756 0.006835994 0.002766333
[193] 0.007683602 0.002871915 0.002972439 0.002020043 0.002110189 0.006823958
[199] 0.002002300 0.002415727
[1] "Percent of time PIP >= 0.1: "
  [1] 0.090 0.715 1.000 1.000 0.005 0.000 0.025 0.005 0.000 0.005 0.005 0.005
 [13] 0.005 0.005 0.000 0.010 0.000 0.000 0.005 0.000 0.000 0.000 0.010 0.000
 [25] 0.005 0.000 0.000 0.000 0.000 0.005 0.000 0.000 0.000 0.000 0.000 0.015
 [37] 0.000 0.005 0.005 0.010 0.000 0.000 0.000 0.005 0.000 0.005 0.005 0.000
 [49] 0.000 0.000 0.000 0.020 0.000 0.000 0.010 0.005 0.005 0.005 0.000 0.005
 [61] 0.000 0.005 0.000 0.005 0.005 0.000 0.005 0.010 0.005 0.000 0.005 0.000
 [73] 0.000 0.000 0.005 0.010 0.005 0.005 0.005 0.005 0.005 0.000 0.000 0.005
 [85] 0.000 0.000 0.005 0.005 0.005 0.015 0.000 0.005 0.005 0.010 0.000 0.010
 [97] 0.000 0.005 0.000 0.005 0.000 0.000 0.005 0.000 0.015 0.025 0.005 0.000
[109] 0.010 0.000 0.005 0.000 0.005 0.005 0.005 0.000 0.000 0.000 0.015 0.000
[121] 0.000 0.010 0.005 0.000 0.000 0.000 0.005 0.000 0.000 0.005 0.000 0.000
[133] 0.005 0.000 0.005 0.005 0.015 0.000 0.010 0.000 0.000 0.000 0.005 0.005
[145] 0.000 0.005 0.005 0.000 0.000 0.005 0.000 0.000 0.010 0.005 0.010 0.010
[157] 0.005 0.000 0.005 0.005 0.000 0.005 0.000 0.005 0.010 0.005 0.005 0.000
[169] 0.010 0.000 0.015 0.000 0.005 0.005 0.010 0.010 0.000 0.005 0.000 0.005
[181] 0.000 0.005 0.000 0.005 0.010 0.000 0.005 0.005 0.000 0.005 0.005 0.000
[193] 0.010 0.005 0.005 0.000 0.000 0.005 0.000 0.000
[1] "Percent of time PIP >= 0.5: "
  [1] 0.065 0.695 1.000 1.000 0.000 0.000 0.015 0.005 0.000 0.000 0.000 0.000
 [13] 0.000 0.000 0.000 0.005 0.000 0.000 0.000 0.000 0.000 0.000 0.000 0.000
 [25] 0.005 0.000 0.000 0.000 0.000 0.005 0.000 0.000 0.000 0.000 0.000 0.000
 [37] 0.000 0.000 0.005 0.005 0.000 0.000 0.000 0.000 0.000 0.005 0.005 0.000
 [49] 0.000 0.000 0.000 0.015 0.000 0.000 0.000 0.000 0.005 0.005 0.000 0.005
 [61] 0.000 0.000 0.000 0.005 0.005 0.000 0.005 0.005 0.000 0.000 0.005 0.000
 [73] 0.000 0.000 0.000 0.000 0.000 0.005 0.000 0.000 0.000 0.000 0.000 0.000
 [85] 0.000 0.000 0.000 0.000 0.000 0.010 0.000 0.000 0.005 0.005 0.000 0.005
 [97] 0.000 0.000 0.000 0.000 0.000 0.000 0.000 0.000 0.000 0.015 0.005 0.000
[109] 0.000 0.000 0.000 0.000 0.000 0.000 0.000 0.000 0.000 0.000 0.015 0.000
[121] 0.000 0.005 0.000 0.000 0.000 0.000 0.000 0.000 0.000 0.005 0.000 0.000
[133] 0.000 0.000 0.000 0.005 0.010 0.000 0.000 0.000 0.000 0.000 0.005 0.005
[145] 0.000 0.005 0.005 0.000 0.000 0.000 0.000 0.000 0.000 0.000 0.005 0.000
[157] 0.005 0.000 0.000 0.005 0.000 0.000 0.000 0.000 0.000 0.000 0.005 0.000
[169] 0.000 0.000 0.000 0.000 0.000 0.000 0.000 0.005 0.000 0.000 0.000 0.005
[181] 0.000 0.000 0.000 0.000 0.000 0.000 0.000 0.000 0.000 0.005 0.005 0.000
[193] 0.005 0.000 0.000 0.000 0.000 0.005 0.000 0.000
[1] "Percent of time PIP >= 0.9: "
  [1] 0.040 0.690 0.995 1.000 0.000 0.000 0.015 0.005 0.000 0.000 0.000 0.000
 [13] 0.000 0.000 0.000 0.000 0.000 0.000 0.000 0.000 0.000 0.000 0.000 0.000
 [25] 0.000 0.000 0.000 0.000 0.000 0.005 0.000 0.000 0.000 0.000 0.000 0.000
 [37] 0.000 0.000 0.005 0.000 0.000 0.000 0.000 0.000 0.000 0.000 0.000 0.000
 [49] 0.000 0.000 0.000 0.015 0.000 0.000 0.000 0.000 0.005 0.005 0.000 0.005
 [61] 0.000 0.000 0.000 0.005 0.005 0.000 0.005 0.005 0.000 0.000 0.005 0.000
 [73] 0.000 0.000 0.000 0.000 0.000 0.005 0.000 0.000 0.000 0.000 0.000 0.000
 [85] 0.000 0.000 0.000 0.000 0.000 0.010 0.000 0.000 0.005 0.005 0.000 0.005
 [97] 0.000 0.000 0.000 0.000 0.000 0.000 0.000 0.000 0.000 0.010 0.005 0.000
[109] 0.000 0.000 0.000 0.000 0.000 0.000 0.000 0.000 0.000 0.000 0.015 0.000
[121] 0.000 0.005 0.000 0.000 0.000 0.000 0.000 0.000 0.000 0.005 0.000 0.000
[133] 0.000 0.000 0.000 0.005 0.010 0.000 0.000 0.000 0.000 0.000 0.005 0.005
[145] 0.000 0.005 0.005 0.000 0.000 0.000 0.000 0.000 0.000 0.000 0.000 0.000
[157] 0.005 0.000 0.000 0.005 0.000 0.000 0.000 0.000 0.000 0.000 0.000 0.000
[169] 0.000 0.000 0.000 0.000 0.000 0.000 0.000 0.005 0.000 0.000 0.000 0.005
[181] 0.000 0.000 0.000 0.000 0.000 0.000 0.000 0.000 0.000 0.005 0.005 0.000
[193] 0.005 0.000 0.000 0.000 0.000 0.005 0.000 0.000
