[1] "Average Estimates for Betas: "
  [1]  4.924362e-02  1.029471e-01  2.007195e-01  2.980097e-01  3.784292e-03
  [6]  1.479600e-03  1.411320e-03  1.686139e-03 -8.113990e-04 -4.333531e-03
 [11] -4.250164e-04  1.905976e-04 -4.099753e-03 -3.013369e-03 -8.810827e-05
 [16]  1.441416e-03  8.247615e-04  2.444621e-03  3.788691e-03  3.806667e-03
 [21] -2.258924e-03  2.472216e-03  1.422098e-03 -5.212606e-05 -6.483205e-04
 [26]  2.625182e-04 -1.251803e-03 -7.566979e-04 -1.752386e-03  3.759413e-05
 [31]  1.622605e-03 -5.993614e-04  2.814857e-04 -3.066389e-03 -2.332443e-03
 [36]  7.184923e-04  3.158110e-04 -1.901364e-04 -1.644608e-03 -3.501704e-03
 [41]  1.290828e-03  1.738666e-03 -1.525397e-03  2.821064e-03 -1.737256e-03
 [46] -1.529377e-03  7.235309e-04  1.689779e-03 -1.011993e-03 -1.908072e-03
 [51]  5.032200e-04 -4.160535e-03  3.572161e-03 -2.220443e-04 -2.088320e-04
 [56]  2.353038e-03 -1.712039e-03 -1.058530e-03  1.740600e-03 -1.355473e-03
 [61] -8.534540e-04 -3.075070e-03 -6.796018e-04  1.085882e-03  3.121958e-03
 [66] -2.690464e-03 -1.124956e-03 -5.942783e-04 -1.480835e-03 -1.652087e-03
 [71]  9.155128e-04 -8.966007e-04 -5.387784e-04  1.443696e-03 -1.189142e-04
 [76]  1.516703e-03  1.048414e-04  2.573150e-03 -2.355439e-03  1.887719e-05
 [81]  2.447948e-04  2.541479e-03  5.159615e-04 -2.286465e-03  8.378715e-04
 [86]  9.732974e-04 -4.096813e-03  7.283828e-04  4.280172e-03  7.452097e-04
 [91]  5.847561e-04 -5.427273e-05  1.117823e-03  4.632115e-03  3.858913e-03
 [96] -7.138792e-05 -1.765649e-03  1.769885e-03  6.120625e-04  7.579455e-04
[101] -3.003067e-03 -4.587878e-06  2.520176e-03  1.510110e-04 -3.091032e-03
[106] -1.673564e-03  1.937316e-03  5.460278e-04  7.437020e-04 -4.462889e-04
[111]  3.447312e-03  4.054682e-03  3.478868e-04  2.053020e-03 -2.757706e-03
[116]  1.377308e-03 -4.228433e-03 -7.499912e-04 -4.526467e-04 -3.587078e-04
[121] -1.656705e-03  8.342491e-04  5.729169e-04  7.914628e-04  7.599976e-04
[126]  7.290548e-04  1.747132e-03  2.169613e-04 -1.306618e-03 -2.123155e-03
[131] -6.507617e-05 -1.890255e-04  1.643315e-04 -5.183247e-03  1.031181e-03
[136]  1.998755e-04 -1.108280e-03 -1.299007e-03 -1.451753e-05 -1.783340e-03
[141] -1.472851e-03  2.895889e-04 -3.361734e-03 -2.253117e-03 -2.944386e-03
[146]  3.901586e-04 -1.942492e-03 -8.120471e-04 -6.997263e-04 -6.133382e-03
[151]  1.920449e-03 -1.061756e-04  1.936370e-04  8.088036e-04 -3.684557e-04
[156]  5.015420e-04  1.572428e-03 -1.260964e-03 -3.365998e-03 -2.634273e-03
[161] -4.353880e-04  1.787101e-03  3.198318e-03 -1.704023e-03 -1.884403e-03
[166] -1.902570e-03  3.883227e-03  2.796549e-03 -1.126050e-03 -1.989014e-04
[171]  1.557850e-03 -2.330553e-04 -1.518418e-03  4.263834e-03 -1.775618e-03
[176] -9.068478e-04  8.123799e-04  6.315184e-04 -7.315964e-03 -1.661633e-03
[181]  2.037303e-03 -2.225928e-03  8.185831e-04  1.251262e-03  9.745576e-04
[186] -7.555556e-04 -3.313380e-03  2.283862e-03 -1.001656e-03  5.133432e-03
[191] -3.091298e-03 -2.149241e-03  2.983830e-03  2.538186e-03  2.173090e-03
[196]  5.462868e-04  2.372227e-03 -2.735922e-04  8.083897e-04 -1.269708e-03
[1] "Standard Deviations of Betas: "
  [1] 0.02786989 0.02618739 0.02868071 0.02796616 0.02875490 0.02606918
  [7] 0.02858628 0.02827410 0.02832823 0.02695373 0.02908759 0.02693408
 [13] 0.02852744 0.02764781 0.02782572 0.02781884 0.02754309 0.02945308
 [19] 0.02754308 0.02789806 0.02854062 0.02756670 0.02571016 0.02594647
 [25] 0.03123937 0.02715620 0.02543625 0.02830424 0.02554654 0.02835556
 [31] 0.02605170 0.02699155 0.02839367 0.02718156 0.02701336 0.02791722
 [37] 0.02936166 0.02554460 0.02969420 0.02909230 0.03238145 0.02654351
 [43] 0.02985750 0.02806994 0.02862954 0.02607229 0.02844188 0.02900320
 [49] 0.02658201 0.03044842 0.02851811 0.02851630 0.02920746 0.02686940
 [55] 0.02893266 0.02564304 0.02659070 0.02964874 0.02555758 0.02718416
 [61] 0.02835166 0.02870684 0.02741346 0.02960826 0.02678854 0.02810142
 [67] 0.02782743 0.02418307 0.02965184 0.02727462 0.02749222 0.02563070
 [73] 0.02890580 0.02591165 0.02926067 0.02870896 0.02857931 0.02760176
 [79] 0.02757732 0.02606704 0.03113897 0.02860206 0.02766313 0.02772994
 [85] 0.02682927 0.02714396 0.02794061 0.02862000 0.02942234 0.02646363
 [91] 0.02440469 0.02686859 0.02996098 0.02820598 0.02570582 0.02772542
 [97] 0.02745963 0.02591775 0.02621899 0.02999436 0.02731359 0.02761714
[103] 0.02659371 0.02648751 0.02757441 0.02861351 0.02751936 0.02642040
[109] 0.02699033 0.02747326 0.02705831 0.02745414 0.02639551 0.02752595
[115] 0.02751082 0.03120452 0.02850490 0.02559877 0.02775234 0.02884495
[121] 0.03000387 0.02650958 0.03185179 0.03193797 0.02586071 0.02904397
[127] 0.02744223 0.02832543 0.02742420 0.02760003 0.02970888 0.02657608
[133] 0.02905689 0.02914738 0.02553626 0.02976317 0.02692391 0.02717419
[139] 0.02641992 0.02841856 0.02756760 0.02836159 0.02794835 0.02623497
[145] 0.02520380 0.02896512 0.02454038 0.02869163 0.02934351 0.02813003
[151] 0.02707568 0.02813349 0.02570764 0.02798579 0.02641791 0.03027727
[157] 0.02621527 0.02608140 0.02676548 0.02657391 0.02755541 0.02601952
[163] 0.02727879 0.02578438 0.02622048 0.02799714 0.02674802 0.02980423
[169] 0.02893820 0.02792400 0.02910752 0.02924938 0.02804796 0.02702850
[175] 0.02519921 0.02971043 0.02751811 0.02627282 0.02666251 0.02764949
[181] 0.02792962 0.02517676 0.02757677 0.02908028 0.02934182 0.02948211
[187] 0.02778620 0.02527532 0.03053445 0.02831915 0.02826239 0.02697982
[193] 0.03130829 0.02877175 0.02747943 0.02727298 0.02734608 0.02778206
[199] 0.02886784 0.02582071
[1] "Average StdErrors for Betas: "
  [1] 0.03975188 0.04016932 0.03906518 0.03991618 0.03983586 0.03954196
  [7] 0.03943083 0.03963321 0.03958788 0.03907524 0.04001409 0.03914419
 [13] 0.03976697 0.03978757 0.04054762 0.03963160 0.03957354 0.03923458
 [19] 0.03920564 0.03956402 0.03927692 0.03906291 0.03957136 0.03984114
 [25] 0.03909394 0.04030756 0.03981253 0.03931603 0.03979116 0.03956622
 [31] 0.03946438 0.03895028 0.03947697 0.03985055 0.04009012 0.04041896
 [37] 0.03941867 0.03964960 0.04069106 0.04081387 0.03967986 0.03919950
 [43] 0.03880418 0.03902559 0.04006263 0.04024606 0.03966083 0.03962471
 [49] 0.03953458 0.04027699 0.03944286 0.04067800 0.03983499 0.03966846
 [55] 0.03956780 0.03966953 0.03894126 0.03957649 0.03858861 0.03915065
 [61] 0.03975286 0.03968250 0.04042393 0.04099986 0.03983689 0.03905403
 [67] 0.03952876 0.03925993 0.03963111 0.03996406 0.03947808 0.03916103
 [73] 0.03944458 0.03875810 0.03956127 0.03941275 0.03913709 0.03927063
 [79] 0.03900775 0.04001437 0.04065862 0.03912165 0.04000893 0.03997705
 [85] 0.03935502 0.04006538 0.03907563 0.03895685 0.03994393 0.03912880
 [91] 0.03894225 0.03959488 0.03972990 0.03970482 0.03910202 0.04009786
 [97] 0.03945738 0.03953833 0.04035166 0.03965716 0.03933671 0.03966638
[103] 0.04010970 0.03944204 0.03975086 0.04059955 0.03973100 0.04083724
[109] 0.03923187 0.03933059 0.04012565 0.03933936 0.03850160 0.04044100
[115] 0.03966562 0.03957432 0.03995559 0.03959399 0.03984864 0.04018012
[121] 0.03966648 0.03950616 0.03999425 0.03991972 0.03957196 0.03976982
[127] 0.03931048 0.03984084 0.04035951 0.03871666 0.03980743 0.03946588
[133] 0.04021704 0.03938483 0.03930113 0.03991151 0.03942437 0.03945663
[139] 0.03916480 0.03983872 0.03967412 0.03922941 0.03983004 0.03945416
[145] 0.03912941 0.04032285 0.03945293 0.03921515 0.04017283 0.04015963
[151] 0.04024599 0.04021833 0.04062762 0.03961823 0.03937453 0.04011344
[157] 0.04045327 0.04014845 0.03967065 0.04010790 0.03954758 0.03992194
[163] 0.03929660 0.03958499 0.03891180 0.04001340 0.03934936 0.03936927
[169] 0.03957934 0.03957091 0.04010445 0.03984524 0.03954809 0.03924776
[175] 0.03980074 0.03952644 0.03998944 0.03876263 0.03975015 0.03955364
[181] 0.03921976 0.03928728 0.04006758 0.03956402 0.03911883 0.03882802
[187] 0.03956257 0.03962777 0.03946330 0.03983308 0.03966150 0.03893282
[193] 0.04012257 0.03937836 0.03906789 0.04023913 0.03889615 0.03890638
[199] 0.04029450 0.03980893
[1] "Positive rate for exposures: "
  [1] 0.170 0.765 1.000 1.000 0.010 0.000 0.000 0.000 0.000 0.000 0.005 0.000
 [13] 0.010 0.020 0.005 0.010 0.010 0.005 0.005 0.010 0.015 0.005 0.000 0.005
 [25] 0.015 0.005 0.010 0.005 0.000 0.005 0.010 0.000 0.000 0.010 0.005 0.010
 [37] 0.000 0.005 0.010 0.020 0.035 0.005 0.010 0.015 0.000 0.005 0.005 0.010
 [49] 0.015 0.025 0.015 0.000 0.015 0.005 0.005 0.010 0.015 0.020 0.010 0.005
 [61] 0.000 0.015 0.000 0.000 0.000 0.000 0.005 0.000 0.015 0.020 0.015 0.005
 [73] 0.005 0.010 0.000 0.010 0.015 0.010 0.010 0.000 0.010 0.005 0.010 0.000
 [85] 0.005 0.010 0.005 0.010 0.010 0.005 0.005 0.015 0.010 0.015 0.005 0.000
 [97] 0.015 0.000 0.005 0.005 0.005 0.010 0.010 0.000 0.010 0.010 0.015 0.005
[109] 0.005 0.005 0.005 0.010 0.005 0.005 0.005 0.015 0.005 0.010 0.005 0.010
[121] 0.015 0.005 0.015 0.020 0.000 0.015 0.000 0.010 0.005 0.005 0.000 0.005
[133] 0.015 0.000 0.005 0.020 0.000 0.010 0.005 0.000 0.005 0.020 0.005 0.010
[145] 0.015 0.015 0.010 0.015 0.015 0.015 0.005 0.005 0.000 0.010 0.000 0.015
[157] 0.015 0.000 0.005 0.000 0.010 0.005 0.000 0.005 0.005 0.005 0.010 0.015
[169] 0.010 0.000 0.000 0.015 0.010 0.015 0.000 0.010 0.005 0.005 0.010 0.005
[181] 0.000 0.005 0.005 0.005 0.005 0.010 0.005 0.010 0.015 0.015 0.010 0.010
[193] 0.015 0.005 0.005 0.010 0.010 0.010 0.000 0.005
[1] "Q-value positive rate for exposures: "
  [1] 0.000 0.195 0.885 1.000 0.000 0.000 0.000 0.000 0.000 0.000 0.000 0.000
 [13] 0.000 0.000 0.000 0.000 0.000 0.000 0.000 0.000 0.000 0.000 0.000 0.000
 [25] 0.000 0.000 0.000 0.000 0.000 0.000 0.000 0.000 0.000 0.000 0.000 0.000
 [37] 0.000 0.000 0.000 0.000 0.000 0.000 0.000 0.000 0.000 0.000 0.000 0.000
 [49] 0.000 0.000 0.000 0.000 0.000 0.000 0.000 0.000 0.000 0.000 0.000 0.000
 [61] 0.000 0.000 0.000 0.000 0.000 0.000 0.000 0.000 0.000 0.000 0.000 0.000
 [73] 0.000 0.000 0.000 0.000 0.000 0.000 0.000 0.000 0.000 0.000 0.000 0.000
 [85] 0.000 0.000 0.000 0.000 0.000 0.000 0.000 0.000 0.000 0.000 0.000 0.000
 [97] 0.000 0.000 0.000 0.000 0.000 0.000 0.000 0.000 0.000 0.000 0.000 0.000
[109] 0.000 0.000 0.000 0.000 0.000 0.000 0.000 0.000 0.000 0.000 0.000 0.000
[121] 0.000 0.000 0.000 0.000 0.000 0.000 0.000 0.000 0.000 0.000 0.000 0.000
[133] 0.000 0.000 0.000 0.000 0.000 0.000 0.000 0.000 0.000 0.000 0.000 0.000
[145] 0.000 0.000 0.000 0.000 0.000 0.000 0.000 0.000 0.000 0.000 0.000 0.000
[157] 0.000 0.000 0.000 0.000 0.000 0.000 0.000 0.000 0.000 0.000 0.000 0.000
[169] 0.000 0.000 0.000 0.000 0.000 0.000 0.000 0.000 0.000 0.000 0.000 0.000
[181] 0.000 0.000 0.000 0.000 0.000 0.000 0.000 0.000 0.000 0.000 0.000 0.000
[193] 0.000 0.000 0.000 0.000 0.000 0.000 0.000 0.000
[1] "Precision/Recall/F1 based on p-values:"
[1] 0.6610360 0.7337500 0.6954976
[1] "Precision/Recall/F1 based on Q-values:"
[1] 1.0000000 0.5200000 0.6842105
