0.0702755835374121 0.419755276419663 0.384097605403345 0.999999999999845 0.0485246285773863 0.21754706677207 0.051834682614729 0.0635696823331884 0.0681928215613463 0.048337959833376 0.0731421609203055 0.0521853812038195 0.290398659606379 0.0529979680333106 0.0501924560431738 0.0484502044239415 0.0516478634145051 0.0562465083312037 0.432195841356576 0.0478680314019952 0.111818365884354 0.0484067916264646 0.143414343984802 0.173368565948479 0.047489751016809 0.210131151635945 0.0819492717977118 0.24147483134643 0.144353007164581 0.0730163305688751
0.00255626455614522 0.999999999905971 1 1 5.48357765152163e-05 6.02560335676294e-05 8.1283961070433e-05 3.95844312158777e-05 6.79492311855823e-05 5.43428095672871e-05 7.07261962329397e-05 4.28373034357943e-05 3.92589294794243e-05 5.39148603255768e-05 0.000145294296909571 5.42631928704962e-05 6.18651265588133e-05 6.55531665701981e-05 4.17367911729194e-05 0.00166801693121565 6.90103491747251e-05 7.54676422911604e-05 4.68292907011003e-05 0.000145091433264466 0.000133636608725674 0.000307282183708679 5.62590121812034e-05 5.39825143343053e-05 0.00010909657649627 4.10156400949546e-05
0.00262790145709857 0.999999999999969 1 1 0.00098783561733895 0.000758231773978935 0.00087804794590518 0.000758269455684468 0.000784043139890445 0.00168727372619648 0.000991820369620755 0.0015318789984633 0.000733481913072764 0.000808495847440582 0.000733831400509533 0.0015824178645194 0.000759477639118544 0.000879123727574371 0.000758145095486551 0.00073988117882251 0.0010243665699784 0.00134834336315404 0.000903742987436562 0.000883825560537121 0.00238263725779964 0.00541519014600189 0.000914968542415795 0.000881332043840444 0.00108731257412731 0.000747583743483715
0.999996437729599 0.999999997620348 1 1 3.45162177606273e-06 5.29606382082548e-08 1.47973842379301e-06 9.36192253719881e-08 1.59346868477961e-07 3.70914324809846e-07 3.73168367318044e-08 1.03299444886851e-07 4.32544533524037e-08 9.95479171317371e-08 1.10935049479899e-07 7.41252035307838e-08 3.93625696482047e-08 5.84151840232749e-08 1.05360548419142e-06 5.74613688852921e-08 7.75302982702897e-07 5.18741494204278e-08 1.20761606048347e-07 6.54692824397785e-08 4.58558211402504e-08 7.4321991450077e-08 1.35233473086416e-07 7.22838910949264e-08 3.80865189386626e-08 6.06403137703992e-08
2.50914346803244e-05 0.00155743316020385 1 1 1.45694115326611e-05 6.24592358700049e-06 7.45271406366044e-06 1.26685558112793e-05 5.31280770619258e-05 6.54731665672426e-06 2.25717486357357e-05 1.12178008900843e-05 6.43351616846921e-06 5.48899115933033e-05 2.76454389264158e-05 2.65349346179056e-05 2.65966534095385e-05 7.56910066757044e-06 7.22184225554479e-06 8.77106084506973e-06 6.06218290729599e-05 6.87004398791657e-06 7.74012158633042e-06 1.48323730180255e-05 8.22366191066681e-06 7.30499614187696e-06 9.94042453084099e-06 2.18298123845218e-05 2.80135656208769e-05 6.92511046318511e-06
0.284827509610721 0.133810257337842 1 1 0.136029660883576 0.0500473546343722 0.0421757439004555 0.070208724977598 0.041392811647012 0.128292325023279 0.0428382598667263 0.0463561680823429 0.0814589511310188 0.0410485127742676 0.0543039340706504 0.0412063852707493 0.0508030192469687 0.0428964456219485 0.0412818858024115 0.040961537042303 0.0944360887314505 0.0414488586017868 0.240217003875209 0.0550329260595058 0.165065853907736 0.210600758066137 0.0427578000362271 0.0452612770281747 0.0423322969629076 0.058406655495709
0.017809231546754 0.354498150991239 0.999999999999996 1 0.197890439204556 0.0187573496959536 0.0162166189831354 0.018349193624688 0.0728365206515368 0.0646182304160674 0.0201607135485559 0.0210646598368623 0.038890192323317 0.0432273289367492 0.153577227468281 0.0174448069906266 0.019503714274508 0.0721648324043426 0.0283528916620167 0.0184053359845279 0.0281689467635936 0.0262838673964434 0.0172150227826539 0.0171399780736275 0.0470828886535427 0.0240494902322084 0.0242408637832953 0.0168317065492878 0.0399581522840631 0.281734173743538
0.101538330793966 0.190949457637755 0.999999999999999 1 0.0920570317644399 0.104729242365656 0.0599657786786651 0.0503564854349151 0.0706041308298607 0.0639835058706324 0.0664044040664113 0.0608718173944337 0.0583846100436543 0.102352924577104 0.0503509389087257 0.0982543102404931 0.0713727621081173 0.132014821759474 0.11431987444351 0.0497266443287825 0.0572424794114088 0.0532821756008225 0.0522604877951833 0.0524070947989369 0.0680061810753385 0.0485475240477442 0.0577492217371414 0.0538412637428748 0.0517295443535061 0.21328838179835
0.99993813475034 0.445175873630539 0.616610863898476 1 0.024183492555049 0.0221001475850303 0.0220151303926377 0.0268112624079508 0.027872045687701 0.173970094051973 0.0368582361326139 0.0241692131219586 0.0888826700580559 0.0359948877857316 0.0287425225645818 0.0266821564952739 0.0255005122397132 0.0588625604112716 0.0776842698275321 0.0816236346382377 0.0244872255313187 0.0454963783538919 0.0232892699971966 0.313638573776886 0.166081422198968 0.0306281421928236 0.177745337065663 0.0255638433430205 0.0247314064341807 0.0255302697942461
0.157049900724493 0.261395498368069 0.529344413282047 1 0.0472955842820424 0.0530862803107781 0.0761372262179035 0.0365401518195532 0.183663232504824 0.0414613563763516 0.0349113524996428 0.0755818613418798 0.0655515949084994 0.202187098415634 0.033828512101214 0.07306143838359 0.0488807376723188 0.0354172123379022 0.0364381116301599 0.0327644277856998 0.0822456419234988 0.0375538878616047 0.0528672209650873 0.0856242608409099 0.0433233462163896 0.0327637352838392 0.0359027703180009 0.0378831090768833 0.0451438019402679 0.113239393193053
0.0244745438508147 0.00411168087763458 0.999999999999996 1 0.0258525147037217 0.00296105717382822 0.0605643944093071 0.00511060968483734 0.00296666948791846 0.00416728672170352 0.00702950725765739 0.0104011201591553 0.00354949775255375 0.00312999595551833 0.0049611529778727 0.00329886625264098 0.00326951249371654 0.00608919982149747 0.00477098103543694 0.00309830790214194 0.00490545407305754 0.00369369589130963 0.00912306829713838 0.00319247215250684 0.00293538172952501 0.00296537238394889 0.00345550715793574 0.00883789004856472 0.00453491706519449 0.00356170485010343
0.328694910535609 0.22378300732401 1 1 0.124454984869982 0.048199539971669 0.0809778938789637 0.0475116791224439 0.0473699556020988 0.158618405088741 0.0527336293413665 0.0588683872068351 0.0600586157405328 0.0505069734340622 0.0545618622764263 0.0531518869864561 0.0583308036147473 0.052197425111708 0.0463295345072169 0.0656335665384684 0.0634340861681721 0.0690291269852358 0.063006689024686 0.179490918157941 0.072830804095219 0.0480612256151733 0.130104313002467 0.0755345440051501 0.0992439293723603 0.0776603532137714
0.120388703107781 0.266397487884685 1 1 0.170684936579563 0.0821457131009011 0.0942904213978888 0.0273174851439685 0.108575494463361 0.0248456261570262 0.0344063438101651 0.0246069097597016 0.0491340091533987 0.0291846097254826 0.025036258863499 0.0284145256727312 0.0256338573466885 0.0278442813204989 0.0379309479759976 0.0254441188313947 0.0279209545316882 0.186983259964551 0.0410967208024905 0.243669417327171 0.0630457634925646 0.0256514590837852 0.0259181861189912 0.0249394637552707 0.0252612452144092 0.0271210847757654
0.0595771330489628 0.064675516497453 0.248412555543038 0.999999999994913 0.0639118082247062 0.0599081861626588 0.14605378135672 0.0660828202155188 0.0635072016070996 0.101002628247234 0.0810569336295878 0.0613246555543091 0.200992064730802 0.0596583224931162 0.102384722482138 0.100843378607717 0.0597335004439997 0.0659552334289003 0.102119615148399 0.0774992610039338 0.171710311263301 0.0678357708964132 0.0669534418175047 0.0625500301127739 0.168271892184511 0.0596719733716982 0.15977849802648 0.0622973311625263 0.0632541007561486 0.0630486587602598
0.017847932204337 8.24739004211539e-05 1 1 2.08802422427823e-05 2.82468890044907e-06 6.360957593321e-06 7.56311302374524e-06 2.63359500607407e-06 2.3641335816782e-06 2.61656517108744e-06 3.36900181208133e-06 2.42946618904671e-05 2.34589644554362e-06 1.50059058550145e-05 1.20083737968901e-05 2.35798916692342e-06 2.39766497867056e-06 2.53850953964019e-05 4.14350011934683e-06 2.90882264875059e-06 5.13239290300671e-06 7.2596964939553e-06 2.57283647875362e-06 6.47711588286359e-06 2.51451879729192e-06 6.06906119959838e-05 3.22840728983476e-06 6.0290181345124e-06 4.08272532737008e-06
0.0947498018408295 0.141036495644354 0.643463858669491 0.999999997058165 0.0814155892251344 0.0548494706913988 0.177547453728496 0.044132093133411 0.0517603998048064 0.0450860911029866 0.0553998238363531 0.229338848968059 0.0954588845187235 0.223443784464519 0.0558455420538151 0.0855828438373175 0.0440306351760199 0.0784701436425844 0.0451621056371792 0.0439829238131724 0.0824620487514455 0.0564685980864131 0.289304217677686 0.0516153658017342 0.0659058098815691 0.0730532077993226 0.0888299477970566 0.100140810982701 0.0526118365624663 0.0445181229669456
0.303057033578856 0.999999998387052 0.999999933472382 1 0.0314071779579308 0.0270557773645798 0.02826137849871 0.0623969349605416 0.0261865021496626 0.0410948481634544 0.0265294634579881 0.0278486739453196 0.0324430722467988 0.0408605085801603 0.0288998887691875 0.027433334628855 0.0411792494848482 0.0268105928569089 0.0286924473906351 0.0277488187576855 0.02612390780276 0.0276010119872786 0.0304113969588938 0.035235981866712 0.0320337383132774 0.0262401521646932 0.0307165193212908 0.0270849811227714 0.0291747965848125 0.0363121239578729
0.165911559095916 0.257051212813078 0.426478611379544 1 0.0177908442262591 0.0129237903483322 0.021988805413064 0.0130419828845492 0.018061076907906 0.0168317539311365 0.0149130137376045 0.0449471550918236 0.0131319864529704 0.0128630728210541 0.0128448847513236 0.0128612763484675 0.0129240431267762 0.0149731774868933 0.0238902643155031 0.0128478889729827 0.0199440794269171 0.0678072241903935 0.0288126570253843 0.0420854807401246 0.0146717623851291 0.0158167466775072 0.0128743848318239 0.0192588774644833 0.015652324164381 0.017355341150649
0.00489399811298652 0.00627845292531803 1 1 0.987642322790899 0.00265215264669061 0.0022319336373301 0.00388410318320487 0.00140229300359351 0.0019498042361249 0.00305091433192151 0.00137108926966401 0.0106905814951666 0.00129759720926781 0.0021544643416278 0.00591568219439909 0.00135299892173568 0.0016618144788948 0.00141593333952639 0.00236732139201024 0.00474724168657492 0.00181767447403602 0.999993869306906 0.00249500487679588 0.00131465912640572 0.00370682749078022 0.0013003849354154 0.014063656385779 0.00141613701447041 0.00151519512436171
0.00253105862645508 0.999999994725451 1 1 0.00198068654070982 0.00196601219085002 0.00321098942457942 0.00456754420450478 0.00189702469318775 0.00282740546651805 0.00187286905131046 0.00235768962051641 0.00262162248991837 0.0235431532076414 0.00230147536599412 0.00280107793260598 0.0198671886464942 0.00193461988286636 0.00246249442604785 0.00189206838056766 0.00187907946668819 0.00187124997016919 0.00230655213512254 0.00202500638578373 0.00363976407971778 0.00242203155738541 0.0132461835919511 0.00209477527460167 0.00290766827611644 0.00503192246675055
0.000312020251807099 0.00182339792478503 1 1 0.00026354364135972 0.000613702361637825 0.000247453895690142 0.000289757947776415 0.0235383643292745 0.00030231376088885 0.00072040527422057 0.00620985452601208 0.00116112862477979 0.000649467227460399 0.000253469293545971 0.000315605547429043 0.000586709266537477 0.0109767814014616 0.000268114377530493 0.000260519351480859 0.000797559857626529 0.000352424790570849 0.000250708362736662 0.000244249249554795 0.00138962345962745 0.000245025968160673 0.000501880749057548 0.000316885977888481 0.000361798699023641 0.00238676546831695
0.00131159877489828 0.999999439903633 0.00197083999880576 1 4.57698199562984e-06 6.14931875886349e-06 8.34245363035002e-06 0.999976214425608 5.6889794795012e-06 5.63377319140468e-06 6.07304980992929e-06 4.02346853413116e-05 8.98131515136846e-06 9.75546480286305e-06 5.18701809304467e-06 9.02703447678288e-05 2.68345267087078e-05 6.00939679407109e-06 5.29927856605106e-05 7.84250321161917e-06 7.13037312982667e-06 1.66208199844364e-05 1.21849245616756e-05 5.3979651328806e-06 5.65048872347429e-06 4.89425022065504e-06 7.6412103915402e-06 5.00949399684369e-06 7.82438417235021e-06 1.07363766030932e-05
0.0396254078610029 0.0425194329691457 1 1 0.0482651456145592 0.0361944398986256 0.0401427656333314 0.0324490192996524 0.0619690863683369 0.0317995475968094 0.0373737256350991 0.0408763886100897 0.0310307635463647 0.0387365684969418 0.0307702507883227 0.0402723670408647 0.0309546756716247 0.0346822374357937 0.0313122084209654 0.0526942807195784 0.0521478557892878 0.0325029826536807 0.0306928481946159 0.368802706345887 0.0327947739404361 0.0309013161689752 0.0368410165729381 0.0382445661579875 0.0562757243097882 0.0407650822350127
0.0313217075970695 0.0941828944323611 0.547358701438619 1 0.0216476719950187 0.0821847193221843 0.0426741256991822 0.0218071655462372 0.02155999302208 0.0224088141376504 0.0445307952161077 0.0427344759519169 0.0222110261773272 0.0339946388150397 0.0220142889679578 0.0312805342339877 0.135727439044217 0.0258158048482161 0.0223124950960099 0.0913322042741326 0.0220993802394548 0.0319578244944193 0.0743843855037485 0.0239826612884084 0.0307807766765563 0.0503390547037426 0.0222753315067332 0.0215586856240858 0.0269550969953463 0.0221327594334781
0.162166174352325 0.640094655051104 0.999999999995799 1 0.044034553854537 0.0444159407438335 0.0412405384540232 0.0416999345674866 0.0411054612935146 0.0412812661719532 0.052520921425501 0.0441797078047947 0.0435941990014939 0.0706653489343072 0.0473276140114501 0.0475202741420925 0.0777493500209051 0.0822209122457933 0.041763861235577 0.0412093681832594 0.074253831130088 0.0412767199422043 0.0430486963144959 0.045247679335775 0.0434495413537744 0.0411021611219274 0.0438498432519741 0.0415897580485771 0.0475856459328905 0.0417894387985144
0.0218164058700104 0.0266633143057267 1 1 0.014413991623255 0.0227885826745244 0.0519287787100422 0.0143867305335548 0.0292019973369787 0.0182521384136176 0.218658909639114 0.019786504790679 0.038626593293258 0.0142304899425824 0.0152201097659155 0.0147188206961023 0.0161791340610918 0.0166974029123472 0.0142550443151135 0.0151727359613695 0.0145239137886466 0.0815786283337103 0.0197227916416443 0.0465621514481005 0.0141953158322854 0.026300632615434 0.0177961158709667 0.0549881240524071 0.0156920586163347 0.0163823554735958
0.000123040202436586 0.0173582074001156 1 1 1.4994333000784e-06 1.47949596773778e-06 4.58920292067955e-06 1.0974999810065e-06 2.05761454363795e-06 4.83207724888413e-06 2.57057011573414e-05 1.9223999540019e-06 2.07971835541887e-06 2.01837426672125e-06 1.07092297796374e-06 1.10975279765668e-06 3.76247581612699e-06 5.73278220835638e-05 1.30114695251482e-06 1.12458177881081e-06 1.52597926517117e-06 1.50170182056097e-06 1.14616012392155e-06 2.98869686732317e-06 1.49104976497894e-05 5.95783668155825e-06 1.27905406044349e-06 2.80717470114711e-05 1.2030595154533e-06 3.30816140414747e-06
0.0412556223322411 0.999749786352126 1 1 0.00893459745099467 0.00681729621508909 0.00859762468238512 0.0153941874780905 0.00720583977308609 0.0160081294638579 0.00691858088139641 0.00710910013552657 0.00770044096189071 0.00759802393937092 0.0131215017157914 0.00874294166481593 0.00689559749776281 0.0101745365382023 0.0554384985687385 0.00872146814579899 0.00800808377625251 0.0237127707100588 0.00740432378808098 0.0104931181960327 0.0107153360124767 0.00918600409723436 0.0188199028394754 0.0067172343874764 0.0171107130488344 0.00771947202446621
0.0172599174803681 0.0138208230712454 1 1 0.0027910723620771 0.00282591396081011 0.00329951295414654 0.00301604768701502 0.00278514114547035 0.00330427906003217 0.00388772912583468 0.00272436787151376 0.00289571309695635 0.0027213170280046 0.0047444817285055 0.00282028060801043 0.00284805264357291 0.158108781675305 0.00356907017955765 0.0033786228064403 0.00275963793941636 0.00336548899534517 0.0027304286327634 0.00330099932898298 0.0162396539270778 0.00370625950089132 0.00342092204120314 0.0031561988883142 0.00287503588943627 0.0027750744880215
0.0135253305361785 0.049651810343356 1 1 0.0166813195821814 0.0283140875768912 0.0140698013460225 0.0136208287239072 0.0142187358858064 0.0260482527865057 0.0136071676267541 0.0159510708924985 0.0135480640986277 0.0336672942197803 0.0188036910582928 0.0145952988461738 0.0148290666537525 0.0135271941527927 0.0273619432074914 0.0135198384433086 0.0141016392982509 0.0232196014463275 0.0150256408084486 0.0136694208915829 0.0142286327493386 0.0145474956538023 0.0145648241472338 0.0144414315774865 0.0139928329003305 0.0198249712841888
0.0132221948747716 0.999999999133301 0.999999999998804 1 0.00598733229705151 0.00556011336822237 0.00560076897299755 0.00641334837399221 0.0124535232119708 0.0094621928776234 0.00560279547081621 0.00855452708319393 0.0233928745805244 0.0165782485829239 0.0669244243410961 0.00650450214927523 0.00617315478649405 0.0142702122782236 0.0249058580743349 0.0056216085469476 0.00687084624488754 0.00564608649687759 0.00773328319675115 0.00594299314222535 0.0297650194527403 0.00583304384713546 0.0240825294781862 0.0222252854982157 0.0359724170643679 0.00572449667689301
0.0465651100654086 0.065871706466444 1 1 0.0174154230853211 0.0171830550850113 0.0185116669599338 0.0177228536567882 0.0173645140507978 0.0266832299035222 0.0173949634339764 0.0287304815616926 0.0172370874420225 0.0184161374997301 0.0190863251530814 0.0172257061619484 0.0198635842478125 0.0423433883647503 0.0172396762567125 0.0173770853267354 0.017230477567206 0.0356588309558248 0.0254108962570402 0.0341811495836264 0.0177053111169966 0.0179689945829746 0.0183273000081583 0.0589949876781322 0.0190238307099034 0.0320108338352844
0.49124835921388 0.240102315446735 0.99999999999664 1 0.0388252185075696 0.0684098346460412 0.0419982683273509 0.0470975158740143 0.0406674242186398 0.0420570953650955 0.0577735863103169 0.0452196663614985 0.0407498657285424 0.0503668157098998 0.0385461142612467 0.0435186901192729 0.0933968207788076 0.0398835163407437 0.0383644189956801 0.0945727888834303 0.0865785811457982 0.0407942633171915 0.044731671414903 0.0393437006634609 0.0422355320558964 0.108353602068076 0.0388005057585697 0.0535649707852127 0.0395348014647156 0.0434922246637283
0.0301080759182251 0.29466673625458 0.455915325102136 1 0.03323036847104 0.0348238192575844 0.0944441089203067 0.0367058172503273 0.0375535101721109 0.037618332703472 0.33169490582703 0.0302790451368165 0.0405033131459004 0.0402792220956685 0.185611355698651 0.0314784538240455 0.0327051348873881 0.0310022481600176 0.0686101529337215 0.0299706630675867 0.0315220363117275 0.11139570505853 0.167333032582464 0.0880344892865712 0.0339369995083985 0.0364433478757428 0.126932961883692 0.0344094944246242 0.109601554616571 0.0367357365728098
0.128666114825745 0.080539768693509 1 1 0.0425440960249622 0.0260765576901035 0.0262708967768348 0.0420014603183104 0.0390927711455774 0.0571939606764903 0.0409401385800665 0.0346614692612774 0.036839964478078 0.0240720329526327 0.0255621605568369 0.0351125213938506 0.0282477701645415 0.0295824672667728 0.0240092689635251 0.0239125322524177 0.0254319960296886 0.02385323780745 0.0255306739039284 0.0247255139368614 0.0366595468005122 0.0238844555708541 0.0330335331748512 0.0281765021183396 0.0255895988946423 0.0278727861963085
0.00856441902541849 0.000197722550513979 1 1 3.32886602724125e-05 2.1154827138381e-05 0.000116466164743811 6.30018577107982e-06 1.40858389495735e-05 1.51063767458437e-05 5.3744654062271e-05 7.21675783840192e-05 7.42246841434202e-06 1.86295831468009e-05 6.00124509630984e-06 4.43326134490496e-05 5.55530286983075e-06 1.3707144271291e-05 6.09669913009814e-06 9.02825374105021e-06 5.53955615834045e-06 6.06192582275344e-06 1.75810729811099e-05 3.14645739827313e-05 7.27148409307432e-06 5.97945806755096e-05 6.74887709362082e-06 3.45906453214084e-05 1.84434178516213e-05 5.62546431315258e-06
0.00572140478141003 0.999929005586826 0.999999999999999 1 0.0062350924225425 0.00425774753529828 0.00710519565397127 0.00515210556755996 0.00538135558392638 0.00425703772073383 0.00448813700685324 0.00479707914347238 0.00490236234795005 0.00450728997319105 0.00955571913300457 0.00936249475660966 0.00512120268360561 0.0160639252137345 0.00472317793233057 0.00432084932188936 0.00429801385437945 0.00747341202298468 0.00692225401751545 0.00502702392374499 0.00455338395631999 0.00432563241907813 0.00772260947086789 0.00544942104927337 0.0192566604022335 0.00950627396149117
0.121163113901887 0.349091549325903 0.999999989045998 1 0.0886247781781107 0.064715955779003 0.0412419703573804 0.0731813334670726 0.107942248950046 0.0422842662935428 0.0605182500376827 0.11061184971534 0.0445785693735304 0.0438535392868826 0.0609880802832968 0.0423953103155964 0.0517156051210026 0.0427807365394417 0.0421155944027225 0.0468907640279006 0.0445890329425511 0.0415590548138247 0.0644335227207563 0.0500700292829124 0.0414470322273573 0.0807275572328637 0.041558159956999 0.0562350425787966 0.0478706759467847 0.0451403099521406
0.0298309908618057 0.999999995123715 0.540363403330739 1 0.0682738428302537 0.0275760270333012 0.0141810670367953 0.0140828136493176 0.0211953799232346 0.0330768722597323 0.0186684491173067 0.0283531386177966 0.0191913630563075 0.0138495802050387 0.0138446585717892 0.0205062711188575 0.0199199434017252 0.01952671553789 0.031608347274207 0.0218764806511411 0.018305172144351 0.0318903748481929 0.0266484253155568 0.0145811918466 0.0145710900887668 0.0167828438098209 0.0149769861637914 0.016887152068143 0.0138634621100051 0.0329821031260575
0.192407931996911 0.42047087712566 1 1 0.114494528471255 0.0580809596590639 0.192433580522655 0.136477080879884 0.095193204385167 0.0698852161902522 0.0641455053196089 0.284966008668303 0.0960652710268284 0.107257370135343 0.126703060255525 0.0572678992342445 0.0780806408651994 0.0638818536897985 0.0601749253360024 0.0587560599773632 0.05806063170672 0.0573130263486624 0.0915325872822201 0.14951269554935 0.0694539495114083 0.0640071910863671 0.0591059981971422 0.0594283467740483 0.0575753575899508 0.0628391101936566
5.74959704801037e-05 0.999999980358533 1 1 6.5995965335186e-05 6.91998501961555e-05 5.94732470819981e-05 4.91608264865384e-05 0.000565657597113023 5.88828937245767e-05 5.92014661735529e-05 5.39383450561814e-05 4.87171498052552e-05 4.93926238911424e-05 4.95748863448275e-05 5.06283414115627e-05 0.000146541690775104 9.59796923076794e-05 5.87601887216405e-05 5.65575208187896e-05 5.11463370097553e-05 5.09352140105612e-05 6.33950294829377e-05 0.000122186874789487 4.89955784919172e-05 4.80294055220654e-05 7.65364035838489e-05 5.50496191753513e-05 4.91163248234061e-05 5.3003191356038e-05
0.00582679889462345 0.999999635506553 1 1 0.00130085463034446 0.00104643985504094 0.00144380276588252 0.0012785422858349 0.00108850040532571 0.00115638708160104 0.00148427803973006 0.00138042305591013 0.00103526994078185 0.00193057331132007 0.0135275614184523 0.00108924511939035 0.00137998840024101 0.00166453438539393 0.0018799603025319 0.00110940407338267 0.00159841913100356 0.00125390597875941 0.00111196156172688 0.00191835302500631 0.00105413094845408 0.00150572865627818 0.00455993995516302 0.00111093409969087 0.0241670744535956 0.00643104693029539
0.000890045578240906 0.0422557658952225 1 1 0.000231115396936765 0.00011987755392795 0.000156665435365633 5.65921596726859e-05 8.35689135088025e-05 0.000132459747518743 6.55220750452878e-05 4.94945278347592e-05 0.000130316796082108 5.5975434015143e-05 5.49696454099635e-05 4.81297994817664e-05 0.00710157781814713 4.8361685035414e-05 0.000157045386115273 6.47871494895425e-05 0.000204500990167777 5.16105422574409e-05 5.53325681430517e-05 7.45341049012138e-05 0.00117469746968513 7.47020057758618e-05 8.95169007798513e-05 6.4339440036143e-05 0.000124422999380647 5.12064678122037e-05
0.000236504384295122 0.999981477762626 1 1 1.33249735578822e-06 3.19929778724859e-06 7.19432111773166e-07 9.43954454712959e-07 6.4912149738694e-06 0.00023904855853607 6.98997720161021e-06 1.00835304612801e-05 0.000113627134279537 6.4825869805496e-07 7.26632726877341e-07 6.53173851916655e-06 1.85669059471483e-06 0.000274962453981953 8.90763781735693e-07 9.64740311526491e-07 6.1451823633929e-05 5.59686093358769e-05 6.95388136628949e-07 6.76868255333751e-07 6.20947110219205e-06 8.18351400866391e-07 9.68392024092157e-06 1.97263718961782e-05 4.56360807865597e-06 7.46545654628505e-07
0.030228631298572 0.162204163987416 1 1 0.0374011921992145 0.0264864086392043 0.0226402024826375 0.0233767796136675 0.0258124142744763 0.0235790269547914 0.0234427831204359 0.0295539287337457 0.0404540115702694 0.0276176763950923 0.0242239927351795 0.0369738234735543 0.0244361875925757 0.045314787775082 0.0299299742180584 0.0390451549490102 0.0256687750976615 0.0250135344010379 0.0258382322675068 0.0237491707066267 0.0487910667523713 0.0348818071617613 0.0395108391316047 0.0636629268122655 0.055222821758073 0.0304033806085611
0.125754402065148 0.999999840066731 1 1 0.0383466512048212 0.0166022586166187 0.0293434748749862 0.016643647866606 0.0166148159177505 0.0174276838998442 0.0186694875351733 0.0184927930778713 0.0169665601951682 0.0303070670085323 0.0179868406170904 0.0188371570294995 0.0198354519905626 0.0166165766187262 0.016603718460707 0.0217050703639657 0.999999999999922 0.0242351580546154 0.0192955030067792 0.0169197984864052 0.0166011031708 0.0169327519642161 0.0167816489144719 0.0259046702326985 0.0454068521045178 0.0192906610582545
0.000238149445762392 0.0010872841674251 1 1 5.26683737006595e-05 4.81559673212173e-05 0.000182003444755718 0.000241849976054698 3.61104545139046e-05 4.01510059148125e-05 5.30391648896344e-05 7.52941257913253e-05 3.72727126225492e-05 3.67391359239466e-05 3.75253571722745e-05 3.46433405101765e-05 0.000241218827918277 0.000128510117082592 3.92390874724979e-05 4.85727282769632e-05 3.33098561712264e-05 3.2740748872051e-05 3.77556176056615e-05 3.31324784365039e-05 3.73841741849734e-05 0.000179598950810655 4.63281066308552e-05 4.03481260322636e-05 0.000100992713563008 8.56077753358386e-05
0.0479224895799948 0.439870319246845 1 1 0.0327495442565725 0.0179778219746725 0.0200701536865652 0.1542467444732 0.0191778039051312 0.0202810808098646 0.0210149481755199 0.0202288166079833 0.0263972526391314 0.0183556477506476 0.0235129524281754 0.0179089478520277 0.0179502125356014 0.0199882174753695 0.0205715491688448 0.0289449774383236 0.0214943816596909 0.0178776766826177 0.0295381270641616 0.0770197592092425 0.018552721393801 0.0434055305956431 0.0242032672669962 0.0179723523790168 0.0179011003523444 0.0178821985215393
9.9827425816601e-05 0.999999999471545 0.999999999999999 1 7.129992774213e-05 7.55228494295768e-05 8.38690679961784e-05 6.26658957020299e-05 0.00186639598232441 7.81440177907156e-05 7.87257113507023e-05 0.000100687220574214 7.26875133577609e-05 7.09252716820652e-05 7.27731214164029e-05 9.0809089260957e-05 7.02923115419862e-05 6.3383238639414e-05 6.33933128141306e-05 0.000120577766215768 0.000214210244938395 8.33495462067013e-05 6.47233918302792e-05 6.9007329625892e-05 0.000142873849338754 6.87910655131629e-05 6.40409102441453e-05 6.4241684830324e-05 6.5298126877722e-05 0.000129168141316138
0.0999981647944387 0.219351715686698 0.999999999983412 1 0.122804661214704 0.0630239161670114 0.123640231004212 0.0607726142866837 0.104840993427839 0.0638172003979469 0.0612684146544969 0.0711266663633355 0.0621267116176765 0.0688589066744134 0.0599191088672947 0.0701110133782038 0.0598065024396724 0.0607356709755477 0.05978887647348 0.173453591625365 0.0652425317023843 0.0869220927694275 0.0760034956871893 0.0848596880290495 0.0600771974808431 0.0614809117930389 0.0682775219851183 0.0716345867556218 0.059679793892784 0.104090353279723
0.0499861227862206 0.621267891862796 1 1 0.0426431300583273 0.0478259660818623 0.0405879468412748 0.041379219156242 0.087085666920219 0.0441618658023738 0.0603826850235899 0.18504955725429 0.0420751295558033 0.0456423821530997 0.0446914073848912 0.161036820472764 0.045200015884408 0.042832136252915 0.0405576545628729 0.0784878976049537 0.0921023426094111 0.0421969373587906 0.0550160967726072 0.134020115453289 0.0584913828740168 0.0414577158863515 0.042213262814018 0.0707993834786543 0.0410414009608504 0.0488020033496309
0.0119412114468024 0.00470924502072645 1 1 0.00215403187748919 0.00380735924190112 0.00203248550851365 0.00121669911900302 0.000650998861504548 0.000773042689421133 0.000720310299265003 0.000693822426164115 0.000674162217453311 0.00169517897309535 0.000746921378218079 0.00121619561786235 0.00105972378976948 0.000717544589273533 0.00186876506231171 0.00167360227261559 0.000686142572948079 0.00131620074030925 0.000862482205268744 0.000758900643222149 0.00106093871454971 0.00210871880199615 0.000705487946890848 0.000765651122417221 0.00110847486287469 0.000654301426302739
0.100507373057182 0.184574390826171 0.999999999988219 1 0.066898207932779 0.0875613910294647 0.0317560957709047 0.0291242913197715 0.0207073308081474 0.222494356475649 0.0421437979377346 0.0337035792502848 0.131811569907959 0.042564190084953 0.0255647234101071 0.0234190165035231 0.0302516924877541 0.0291142797415792 0.021603441456175 0.0331577625478322 0.0206936534902923 0.0223812212495998 0.0240260317889298 0.0242915694529092 0.0515604695567787 0.0220858367929887 0.022200776056991 0.0242474303658256 0.389093652619958 0.0359809497997359
4.03740125726193e-05 0.00194871624706561 0.999999959914689 1 1.65311954292147e-06 6.06678058923116e-06 4.2901387601324e-06 1.31598388997123e-06 1.44859816819665e-06 1.28472815674741e-06 3.42847229196641e-05 1.43435989863328e-06 1.13221422448628e-06 6.62153179564751e-06 0.000814814373563233 6.03644286711891e-06 5.69807699193348e-05 1.33529837442747e-06 2.37047115848599e-05 3.26324161048497e-06 2.71425485742771e-06 1.07458205733657e-06 0.000144729628164031 1.34226254500103e-06 1.0534508635418e-06 9.92698912405388e-07 5.74574832268304e-06 5.60949126038324e-06 1.57908321052336e-06 1.00619615617248e-06
9.80056710051525e-05 0.999999999847713 1 1 2.89576097121103e-05 0.000114397190948523 2.92196020826863e-05 0.000214695095101747 3.42343703433334e-05 3.97554371591724e-05 0.000101065157521396 2.89587211829145e-05 4.45019605171959e-05 2.97135190255871e-05 3.07706774171912e-05 3.12046650606801e-05 3.01158155556758e-05 6.60319001716259e-05 9.02664280182375e-05 0.000177825288809275 3.75433032318018e-05 3.05941587844805e-05 5.21688228927175e-05 0.000430038561997415 7.73259771328361e-05 0.000244824808176114 3.29010361592719e-05 3.00743065048126e-05 3.19452429222711e-05 8.15991994127518e-05
0.260236945812607 0.00754711744848169 1 1 0.0101331094637781 0.00673855396080192 0.00749244803043225 0.0079727881948094 0.00683151816618555 0.00689243303523901 0.0157086069618905 0.0065916763969105 0.00678776464822406 0.0200169509359709 0.012737959195965 0.0200323415899902 0.00683282377439021 0.00935395083162793 0.00702930661191659 0.009161604182511 0.00991756817736322 0.0135266655255784 0.00665134347565044 0.0223504122340753 0.010129779358125 0.00676719969372308 0.0114577918912196 0.00684614922926929 0.00669108504249627 0.00728708763584274
0.0605542980146661 0.11898662466453 0.999999624535401 1 0.0373841754657055 0.0375917672630289 0.0279757557138608 0.0315774353109473 0.0395874588888669 0.0969058269765067 0.0691592838505497 0.0389218132168969 0.11547021027852 0.0404312271207729 0.0282267194425526 0.0767732364659441 0.0290656892937312 0.0424412429497687 0.0379044174697133 0.134074730024709 0.0699236931853209 0.0276099311114004 0.0369302001342894 0.0367176545703385 0.0275595226605139 0.200392256546767 0.0533141992983106 0.0614805472365297 0.135688684449215 0.464989908871298
0.0144326582819946 0.999999999989184 1 1 0.0185841863999276 0.0131555065382727 0.00992479398347357 0.0102511072714021 0.0100534340671996 0.0111346181412709 0.0106205179340103 0.0127619030288811 0.0141510160747296 0.00993869888845267 0.0103792294109706 0.013598679672285 0.0179450320590991 0.00982634877216315 0.0103388077107613 0.0116496066787696 0.0102413775425424 0.0116088434337829 0.0215471310873753 0.0102805758106077 0.0104197470721529 0.0122968712732863 0.0173055589353226 0.0190005091806916 0.0142138044550221 0.012578536369293
0.933264702406761 0.99999994452724 1 1 0.000248726758516171 0.000375674869776965 0.00247983105981531 0.000424656672102897 0.00026949335631532 0.000293623665432396 0.000605599532451984 0.000285808482199945 0.000909752175158984 0.000420274307845636 0.00114565925275056 0.000425817193583922 0.000283571826593554 0.000338649868579899 0.000260336887230928 0.00024642409522091 0.000249426493793004 0.000599588175410615 0.000273207458404645 0.000312957004277248 0.000274894740765363 0.00025830823178008 0.000252623739096403 0.000448397699304937 0.000252023811973312 0.000275676535601233
0.032451886185201 0.99993444681025 0.999999999999952 1 0.0226466737955713 0.0224843569368497 0.0255200108855377 0.0289254044537384 0.0588233205303588 0.0208710491761885 0.0900392798007686 0.0349894028696941 0.0223197313847902 0.0268736968747976 0.251662749749663 0.023102529282404 0.0539244893839202 0.0216335065882177 0.0214223601799228 0.0254321911405594 0.0297096287489621 0.0702703428503909 0.0303908444089788 0.0201695311245776 0.0235050504529074 0.0690226820693509 0.0356581944385158 0.02019075116286 0.023351894479049 0.0270897285886739
0.00169979729851244 0.999999995225164 1 1 2.5158478363263e-05 3.69697297716298e-05 4.11771879723632e-05 4.0551250027443e-05 0.00012979273304603 2.46197201972942e-05 3.0099242220416e-05 4.35505037554851e-05 2.72967046599515e-05 2.76675063796139e-05 2.54088320091883e-05 2.59299260884083e-05 2.61021965185515e-05 2.73297721465893e-05 3.02184657944293e-05 3.99687272972793e-05 2.75321662279726e-05 5.97907857828872e-05 4.11748885652541e-05 2.56281344476195e-05 5.07265302043258e-05 2.47692604766758e-05 2.62136017038506e-05 2.4379407047026e-05 2.7279508848399e-05 2.53459092309782e-05
0.0417565867922876 0.0844000573598731 1 1 0.109397340895125 0.0417084673505835 0.0344057683137926 0.0349623022635454 0.0336373386476436 0.0347244770498969 0.0367478275401418 0.0422850508006611 0.0342550122146438 0.05081075651501 0.30362823460305 0.0662911281844849 0.108169986605701 0.340651374260284 0.243828568057088 0.0758018159726982 0.254385354799182 0.0336372921452508 0.218957794936976 0.0446139736994755 0.0412251435796731 0.0475863226977586 0.0347594630575703 0.0343765126387178 0.0336304532990167 0.0410860979561608
0.213233451602107 0.131695582799114 1 1 0.0318346086464931 0.0348308180268407 0.0306803571992635 0.037877052946107 0.0580502121945716 0.0566286104984232 0.0348221983484105 0.0306278379303176 0.0364049875196961 0.0318173111423925 0.0307321582418447 0.0377932819011461 0.0310877957203618 0.0335255290378185 0.0421342872184142 0.0626887870883838 0.0329342487121737 0.0301509657190747 0.0808303827235406 0.0338675132252216 0.0479549226072279 0.0571758793131334 0.0967200830801493 0.0528640674035017 0.0571959394352098 0.0302520355603461
0.979429470394471 0.0624476275248395 1 1 0.00364457158121201 0.00101429383906593 0.00254144006847223 0.00130496103637479 0.0010194853817953 0.00106872570295091 0.00191470169752517 0.00103159328322111 0.00139169124191463 0.00104316158230677 0.0095951919251388 0.00105513466396223 0.00152202180351058 0.00247061244054558 0.00127992799215104 0.00108895512111284 0.00125558801414483 0.00102598929643571 0.00112349737129569 0.00115335813894546 0.00128993055992799 0.00132120877534436 0.0111234972783332 0.00162791392170669 0.00123302392236913 0.00117859990936864
0.000363958980026835 0.00426267065810038 0.999984874698528 1 0.000352864503660677 0.00041058026026497 0.000921269617652598 0.0108998015039456 0.000787901521547396 0.000377328407971667 0.000354749752839223 0.000590236332458804 0.000832686839445818 0.00376294303619984 0.000350386614536236 0.000465435004263881 0.00266174010793407 0.00193648187048023 0.00057679076912831 0.000607811432020156 0.000387921303209082 0.00317586474578535 0.000404955657649642 0.000486959337680171 0.000424990229581312 0.000350514057650297 0.000366802587082882 0.000368968638067346 0.00854564820767123 0.000926015121589185
0.000145232620120117 0.00202120124203109 1 1 1.89869817501798e-06 3.98064816997667e-06 6.43816623002724e-06 3.41501603595695e-06 4.55242857677618e-06 2.1665690990158e-06 1.88628269714997e-06 2.52954934173433e-05 1.0571101697443e-05 4.14378945479132e-06 3.56127998923927e-06 1.76125592599163e-06 9.41767720208375e-06 2.06062686136654e-06 1.58357136544884e-05 2.87740267623793e-06 1.755502555989e-06 2.39471428897797e-06 2.08378816424215e-06 1.74427471211214e-06 2.1068783810918e-06 6.70432621996397e-06 2.6352949552555e-06 2.96291286989714e-05 2.87145934474431e-06 2.31000354677935e-06
0.0404100648860897 0.15109595675138 0.999999999963204 1 0.0294624260749357 0.0537566945837086 0.0792133836813914 0.0391583804909007 0.047281216591481 0.253910013415529 0.0278050968566987 0.249746241987876 0.0296060348525063 0.0259942775997145 0.0259563491208099 0.0273381292690024 0.0283218668774006 0.0283355274778357 0.0354581234969426 0.0272101368691634 0.0376585637021234 0.179765229874807 0.0320380843433952 0.0515323993471324 0.135183588348118 0.0502220031834578 0.0325620883638645 0.0338890788725322 0.0324790364760962 0.0675786428991021
0.187093058918348 0.507379950025295 0.999999999974908 1 0.0202426103563821 0.0444104774130892 0.0231076001778159 0.0212764054344128 0.0225923040587767 0.024907981754007 0.278586544767003 0.0203134424595057 0.0828227630403372 0.0225157170343323 0.0202484525577754 0.070542651952887 0.0214343962464398 0.0468213751723077 0.0284690833485808 0.0298634994126822 0.0215413957590472 0.0203231634108024 0.0425611996628046 0.306349847665619 0.0266489116121411 0.0205150868850326 0.0232501363202885 0.0212682582271779 0.0429436115526819 0.0442650757804969
0.012175859082306 0.179536964126645 1 1 0.0148049008162014 0.012294796438492 0.0112364992715709 0.0121512907342415 0.271627836496443 0.0121511793896081 0.0189583514785675 0.0398903677898274 0.0301862406371332 0.0145881914546234 0.0322924282166936 0.0120091066383815 0.0233269250013717 0.0846928802083452 0.0615311317362865 0.0115313366653399 0.0182860123968942 0.0247451517514042 0.0408045735401971 0.0180135951641698 0.0178000935896058 0.015786496573659 0.0118389929359235 0.014203595376446 0.0254828695698537 0.0127503512822661
0.0719754825058929 0.0278543901418902 1 1 0.0128939187674209 0.0261319123184415 0.0129309821324163 0.0129052828513498 0.0151190764491722 0.0136739934559286 0.0181890424063248 0.0169390206886643 0.0153663537812975 0.0238177818172184 0.0151050740765746 0.0130087455851436 0.0131902416622153 0.0129709289165513 0.016674521061987 0.0159713798399207 0.0129141829712071 0.0129507574779631 0.0193683234358042 0.0135520910815391 0.0141357790424592 0.0148850664763504 0.0214730251589322 0.0140233873144647 0.0169804716674454 0.0272267022730518
2.4156741637138e-05 0.00113982869226592 0.999999999895974 1 2.63155309823127e-05 2.81723288673152e-05 2.68143532771159e-05 2.46315956571319e-05 2.22964048380847e-05 3.20414424815896e-05 2.35150954680519e-05 0.000931116216487449 2.22899080891681e-05 0.000137330560614823 4.82125012366552e-05 3.6294148291427e-05 2.65652467742461e-05 2.7240989916355e-05 7.86343267221712e-05 2.69544815303391e-05 9.65736246801852e-05 0.000160408672904566 7.77714163252563e-05 6.83003285133488e-05 0.000116730734201265 3.54497709789126e-05 2.90948241352673e-05 2.48126603226151e-05 4.16801002793843e-05 0.00071203810615994
0.00101523109588442 0.0542079374391395 1 1 0.000783528476843931 0.000687620948222611 0.000614670967974629 0.000617290729064357 0.000671176402034845 0.000632022204739346 0.000619337217742322 0.00128084594855205 0.000656825904190472 0.0100257706954106 0.00154855996244108 0.00061586564806615 0.0205990722640088 0.00125891496613106 0.000674520772506626 0.000698613151324801 0.999999999996519 0.00171754150976045 0.00241811097418099 0.000625069925716426 0.000848272711412967 0.982469220771723 0.000930869123277001 0.0022258308674995 0.00150525785601496 0.00414442928941527
0.0247351144862038 0.999999999256461 0.999999999764972 1 0.0222722596612983 0.0202800380211766 0.0320901446795767 0.0310248158656007 0.0687389709570398 0.0196676308356158 0.0197279774853084 0.0260807545568456 0.0531247026983642 0.0597151561510217 0.0313909971128931 0.0215776563571795 0.0444644178590755 0.0247140434285732 0.0191321591280097 0.0498108163976433 0.115092116316496 0.0662164086044175 0.0343374856212473 0.0656354582312316 0.0191564555852469 0.0223878500029611 0.0284826432933316 0.0213327287479257 0.024669881590042 0.0261519542780634
0.046888465675778 0.99750845113458 1 1 0.0143070734049493 0.012044271683823 0.0638927169079927 0.01186399290519 0.0129221645721806 0.012387662497943 0.0125215128006967 0.0125171854643392 0.0118588588343996 0.0168833374495164 0.0667604180976432 0.0214518644298196 0.012242380865802 0.0118737203516256 0.0124606415688919 0.0128651861230046 0.0164405993191116 0.0163103033127406 0.0126572805912516 0.013873432667217 0.0166009419454051 0.016713955297347 0.0375344265886135 0.0121814596336002 0.0372060932683346 0.0119780274310514
0.290157439454967 0.390152945733867 0.999999999999975 1 0.0194243601670672 0.0153258720953482 0.0376616215478637 0.0678824815566076 0.0105817505332685 0.0129949186468121 0.0112636739459848 0.0152527957400213 0.0110673046311595 0.0107761842489312 0.0135067902559647 0.0406487935475862 0.228009116714671 0.252925938572714 0.0218536719026984 0.0133533185799515 0.0447890838876418 0.0131205852511388 0.0111915006522892 0.0111571849184712 0.0165395026054144 0.016535478657398 0.0102112485631293 0.0139896678894453 0.0261255612395201 0.0102824443012418
0.0336326632573329 0.0948105185792696 0.999999999999999 1 0.130238900510598 0.0334345004746246 0.0361368759877242 0.0337408733622906 0.0764899723542452 0.037071054514822 0.129026734404962 0.0531322092457535 0.0375241571978155 0.0472071228449004 0.0351070915218964 0.0550861833414302 0.0345587390342368 0.03317337451743 0.0367124200693468 0.0338971981862984 0.0701947058076954 0.0533064506168437 0.0415117815871343 0.0457218528640052 0.0542254987353106 0.0515620197468378 0.0808399634590098 0.0482637846119442 0.0341755623750358 0.0875348827718415
0.0300992592194009 0.295017705759072 0.999999999996927 1 0.0177446026495161 0.013656500136184 0.0136573855983987 0.0180690721317197 0.0200279090954445 0.0194983091997285 0.0137410142640167 0.0213885895990031 0.0137950286237895 0.0137351596803422 0.0136598071919836 0.0305301958625845 0.0158669775409869 0.0155934315688444 0.0175470912173589 0.0318261759878035 0.0347391402642589 0.0158803007381372 0.0136654904575233 0.0171173752594198 0.0250196874642338 0.0153922486900212 0.0136566182152253 0.0136773694946881 0.0339147304984051 0.0711767036963523
0.996465783513851 0.999999999998273 1 1 0.000210975428217464 0.000165918433319145 9.89791992558331e-05 0.000123670640727824 9.35087935184375e-05 0.000117540211674427 0.00250184448832458 0.000182443293829659 9.18107221424824e-05 9.92286780270302e-05 0.00011466156688511 8.75273964613399e-05 0.000133481982293682 0.000144103037501009 0.000239666498231594 0.977295797421509 0.000264340033049426 0.000100937006240476 8.90427634127056e-05 0.000229567707915823 0.000136856025018561 0.00101175730831615 0.000366333915878814 9.09455363115041e-05 0.000350108795408643 8.70213283798993e-05
0.08074991404465 0.28584233082545 0.999999691903935 1 0.0599093082435421 0.0586958919629231 0.070640318421529 0.0595652406116486 0.0741002413863543 0.0637616628667251 0.134265159595963 0.0731804655920893 0.0596227748293425 0.132062522800558 0.0839086128988041 0.0968645754859647 0.0592866062141421 0.0593717703621937 0.0764241067612702 0.0610556207761632 0.0585835528088169 0.05837917315008 0.063104786164673 0.0691158489383862 0.19025855547816 0.0945812125960567 0.128548082075914 0.0646471297131022 0.05880800660033 0.0595761209039767
0.0201501083176169 0.320621975040582 1 0.690937478148058 0.0274601335635021 0.0266509662783945 0.177656867656472 0.0906659162369334 0.0187684760202308 0.0167537168425685 0.0342898230524423 0.0202985913676316 0.0334923259100736 0.0157588165925722 0.0183402981002021 0.016078880133613 0.0179187333085515 0.999945252210461 0.0322729608223031 0.0170113274782613 0.0167989866813191 0.0453411566106765 0.0161059184270773 0.191678932673394 0.0175700870357445 0.0187532460528722 0.470007314102245 0.0168142397422659 0.0160761924062383 0.0464388892517202
0.000326309353287146 0.000647831412075028 0.999999999999517 1 0.00167099811229898 0.000181721956363567 7.43571969437085e-05 6.17713193675762e-05 9.39346353014958e-05 0.00111788290783965 5.36366148331524e-05 0.000187386171333292 7.19156539621402e-05 0.000190043628813474 0.00116161046779906 5.52900274839452e-05 0.000302237561030649 0.00028418612640746 0.000118774696913237 0.000319434988600209 0.000121141852847839 5.79996952658757e-05 0.00565190826670303 0.00110642174098463 7.06302007026371e-05 0.000146956151500843 0.000112648608428523 0.000103031926021124 0.000131817914232779 0.00305232202951244
0.0447090027057223 0.554740861467985 0.999999999999696 1 0.23612080181487 0.0531983757911781 0.0414458165873406 0.0513956170321723 0.0605388317135368 0.0398726635031559 0.058517052245966 0.0513637052674079 0.0370643862072718 0.0466915919557188 0.0385280185233211 0.421360698988032 0.0468661936614558 0.0690511809593923 0.130224071332969 0.10640812119259 0.0415026986582954 0.0429858923581971 0.0420520088105196 0.0367380588101581 0.116446722406841 0.0367617003916931 0.0372703217778291 0.130646054570146 0.0456779997845874 0.185877338921403
0.999992493131777 0.999996153418736 1 1 0.00831817171346438 0.00620795383701034 0.00712548810357594 0.00621565460586004 0.00945105945263369 0.00647123754831302 0.00695927277097741 0.00663010749297521 0.00620863083888978 0.00717078680983863 0.00684042209199898 0.0464748174381231 0.00667177190471435 0.00624939460914775 0.00671241103828535 0.00652238665128657 0.00718193864046657 0.00665637051208379 0.0113336204427289 0.0086488597403428 0.021009683512433 0.00998869829338578 0.0283911916097881 0.00618168741088998 0.00620546910183029 0.00696526112574003
0.00424208364424106 0.00228349930414773 1 1 0.000565201064282372 0.000404708467245496 0.000378462869602303 0.000425509167002236 0.00223793105668624 0.000395668672105831 0.000687867776842488 0.000972282010885839 0.000433166145271002 0.000390908219506159 0.000628973687082146 0.000371041386327597 0.00038035845175155 0.00043006034956472 0.000401180036839532 0.00099756275770968 0.00284202268942746 0.000375617485944058 0.000543718809717375 0.00037657421160453 0.000373242515977257 0.000363188024760541 0.00140227064049736 0.00398246093643084 0.000365382434866723 0.00167691095266898
0.219649704265869 0.999989746700622 0.999912567515247 1 0.0226150033280852 0.0174591972726356 0.0213217922314077 0.0397435027376553 0.0172159794196177 0.0992399575317952 0.023507187858483 0.0176290391691664 0.0219022352619774 0.0169271274045661 0.0169735726556752 0.082018113660383 0.0194460886180905 0.0171748487494994 0.0227000108721822 0.0955754937513539 0.0425270675954632 0.0513004641576263 0.0572399092807363 0.0198866718523281 0.0176877287430476 0.028567183239857 0.145042923912531 0.0555271124179809 0.0195943687682676 0.0704894090426813
0.00449517809348865 0.999999999998269 1 1 0.000216346335693895 0.000473330161845809 0.00021263495795798 0.000256495504178056 0.000217362735469351 0.000299000544242811 0.000241201408622937 0.00200681445498974 0.0059005537447292 0.000551882808106363 0.000485077723344163 0.000323488873265387 0.000210753907242345 0.000226335526320898 0.000207632560947246 0.000545040410969033 0.000240328325195938 0.000301868104632064 0.000214348877833892 0.000279893063068859 0.000231228484230406 0.115269024054656 0.0005495108982837 0.00152987530808446 0.000500289339928739 0.0024921124002546
0.119102943584546 0.999999990319142 1 1 0.0609144654617146 0.0358365179822765 0.0902077625478007 0.0354307561842186 0.0463062857880662 0.0366318109059397 0.0417964328668579 0.0365125877144903 0.0837632939535676 0.0558245167969029 0.035389065843357 0.0427876294343418 0.0954842953689385 0.0360007765674966 0.0374881583798298 0.0670755019439512 0.039671602438503 0.0512317147552735 0.0413622849610369 0.0354029128292984 0.0436708679236675 0.0840125674979975 0.0363977232709614 0.0361050292929331 0.0358113692602676 0.0538984074125177
0.0254710678293559 0.00743045706875056 1 1 0.00304767398494776 0.000565268432851984 0.00146192413811042 0.00622079143831744 0.00045289100354029 0.000487296718738595 0.000618034726068473 0.000451248599203535 0.000512604114086157 0.000460576638463328 0.00163991050442369 0.00267024158115903 0.000538302426279946 0.000569779145944804 0.000870996040684635 0.000902898897090942 0.000471604753512267 0.000472294502437354 0.000547719934262392 0.000561406372890039 0.000701816674027134 0.000453662562010404 0.000455257565149081 0.000660665296521756 0.000467081813541381 0.000615585066666036
1.03676306079103e-05 0.000834408924587082 0.000124416158654661 1 1.37590898464657e-05 1.06698210412537e-05 1.66166420889624e-05 3.29398973971662e-05 9.30779425245554e-06 1.96717387266343e-05 1.44397407386698e-05 9.29779049541057e-06 1.38229246610111e-05 2.95061951451903e-05 0.000131697469665015 1.26869766912119e-05 1.07362063570537e-05 1.05793661401288e-05 4.07964902541247e-05 7.17268486744027e-05 1.1492764464105e-05 0.00191272145578569 1.00168467016548e-05 0.000111143475818865 0.000686052049230668 1.31220740714477e-05 0.000230380479854686 0.00015644451845076 3.13908906108828e-05 3.36373884748387e-05
0.0783513642298679 0.0267269191847346 0.184514109124808 0.99999999999999 0.0469504774645438 0.0268423611111714 0.0572530598314134 0.0618779342093738 0.0328816614328912 0.0994794270816082 0.048502418583128 0.0267335375750788 0.208558303232002 0.0604539036672207 0.0319880216449375 0.119850445492855 0.0395366964254354 0.0314032112643594 0.0300361262641937 0.0371190134746233 0.0625979338959061 0.0264791528729034 0.0330939291204037 0.0794455886468685 0.194636622806251 0.0281580257829955 0.0324495471077962 0.130319526674571 0.0273268400392767 0.0422173472435748
0.0477460212811979 0.0748964547687249 0.293391434825452 1 0.0316313107779977 0.0481575499111252 0.0344837396568005 0.0264959742370519 0.175341651542447 0.0510825121410668 0.0259402532932068 0.0300051272101239 0.0321818941889261 0.0515175950692451 0.0652674679689376 0.0297416701122547 0.0291812003412018 0.312649240511148 0.0251789617477144 0.0267366779478849 0.0282684276856621 0.0322409422373908 0.059288817772132 0.08968255648148 0.0370586471447936 0.0256390820796802 0.0489383257587077 0.0438138634762397 0.0294607638135221 0.0534310613909043
0.147854278717447 0.0637487115356231 1 1 0.0436633264621675 0.0306474480684559 0.0249396685381217 0.0399476873944919 0.0381750762772439 0.0241918891916635 0.0242749571811887 0.0402872686218765 0.0242160480248648 0.0462748186091768 0.0296098770406185 0.0345969732326784 0.0237934664064164 0.0633191628000248 0.0237895198633423 0.0266634839366509 0.280869561775099 0.0258139775192723 0.0281384902939067 0.0240961079094346 0.0280269598163061 0.0247009855220812 0.0261159642036237 0.105728034222409 0.0238260130456399 0.0253420412957456
0.0554619324221319 0.999999999567629 1 1 0.00451854289092835 0.0100266291495728 0.00389785804428555 0.00658369389701408 0.00368458522003201 0.00514827448829558 0.00414713535811251 0.00377674331750399 0.00385662426535283 0.00379367265952468 0.00554648381530365 0.00394853411357121 0.00418384257769722 0.00847606372241794 0.00825605936207763 0.00388463052295307 0.00474764852284881 0.00367840280694343 0.00448769492726242 0.00406939279967333 0.00369383781749277 0.00421992099981694 0.0038051716917008 0.0145391824815817 0.00394481773205024 0.00413361667906387
0.052244918269025 0.999999900945222 1 1 0.0266796022926532 0.0221380067169508 0.045035485451661 0.0390219702539123 0.0250668128633739 0.0309198689650586 0.0218914604766685 0.999821278044722 0.0715194715906338 0.0364506991050251 0.0246901826848124 0.0488647705316757 0.07033693913459 0.021887203761229 0.0224995975981847 0.0299847624667082 0.030233553114564 0.0469617268135931 0.0665641677951853 0.0222895854711612 0.0327310021406636 0.0731580990254642 0.0687280879523535 0.0221744981210618 0.0245352698352134 0.0224216893760092
0.0189525274922625 0.0631885658929416 0.0947938629255235 1 0.0397573180241769 0.0094414922030357 0.0127295932653192 0.0430408558875197 0.0104292214556768 0.0118483664472901 0.0254762590056272 0.0192188752719781 0.00902558890344574 0.0482959184916699 0.0157619583348407 0.00852554274113826 0.0154845321614494 0.00853572120582213 0.0166416085627041 0.026195607350087 0.0612180561093142 0.00860605981779017 0.0119634351077712 0.00882333455952189 0.0424316144159161 0.0636681314705088 0.0101441244865039 0.0205282450586256 0.0101229967607444 0.128515959560147
0.0195571998429154 0.394076033163054 1 1 0.1877618753219 0.0254399962678226 0.0336284360700524 0.020079755369658 0.0427619826747843 0.0220662725998479 0.452999062300922 0.0267793664899875 0.0217872155174338 0.0362370045247514 0.0200148709864688 0.0203492406740861 0.0472055107609365 0.0657808116877938 0.0193860137749159 0.024907423369072 0.0193382586109704 0.105927125387755 0.036232084060868 0.023168844341281 0.0201161392594064 0.0302286777878926 0.0196650016602643 0.0225308145852903 0.019644293314018 0.0205792745764951
0.320143386313049 0.444714298597124 1 1 0.179688219146849 0.0245453124210435 0.0550204364343367 0.0739286500530832 0.0300623668764817 0.067613133915138 0.0358204544782853 0.029796339526533 0.0624618215943733 0.0245101163697039 0.0444637077857184 0.0333437385058144 0.408910109808282 0.0309708701335896 0.0401322650955036 0.0259214748958069 0.136614062074068 0.188789022091188 0.024727979007632 0.0346184163208358 0.0273224966854018 0.0870272501595364 0.0407883585430451 0.0409031853190263 0.0972826445426057 0.177186906503596
0.023279196303243 0.0227781507051306 1 1 0.067673510829722 0.0296621500236215 0.010031305886645 0.0380768774454243 0.0147040155587319 0.0101350382486354 0.0100216104695412 0.0100070487616778 0.0807862223377832 0.0120596561220531 0.0385622177274448 0.0120206285877907 0.0138917490811166 0.0157131997182391 0.0104968216775512 0.0111614916247009 0.0519248702758319 0.0167614245288482 0.0107832155117253 0.0238041068008815 0.0100806360693224 0.015723348586644 0.0509293971247355 0.011180443974791 0.0203096992172357 0.0177599159462323
0.000168210080586317 0.00704328611541971 1 1 0.000167662041401284 0.000142497830581845 0.000218555903190532 0.000141310949433038 0.000209563864369433 0.000135981450630873 0.000138665319282638 0.000173450886062576 0.000641090679970868 0.000149611276527795 0.00154102022117508 0.000141167779591722 0.00026930678833037 0.000220029228138685 0.000152134071378041 0.000269792206966768 0.000164681869203376 0.000198685897783268 0.00020584304989868 0.000163899433706649 0.000139723206722731 0.000178658293873535 0.000158844547570536 0.000139123975263611 0.000135584643090936 0.000139746067068458
0.0311567711406545 0.00449203821107724 1 1 2.02929009296415e-05 8.04123423725489e-06 8.17104717654171e-06 9.46914559329937e-06 7.44460071400166e-06 7.73857087610352e-06 1.37234908353934e-05 0.000211173824815614 1.21574195446339e-05 0.000105779219555679 1.36167828970191e-05 4.16817206554398e-05 7.34707070872975e-05 6.8276519010757e-06 6.75499566316073e-06 9.20426158712573e-06 3.2907268164073e-05 1.34703161577265e-05 6.651413596237e-06 1.11887383389409e-05 9.49625566082357e-06 7.96691895788015e-06 2.06144974560507e-05 2.12675168531629e-05 1.01206292544287e-05 3.29309642812525e-05
0.0501037949718159 0.135835084657792 1 1 0.0172094701706166 0.0204245723961829 0.0173308237096403 0.0256549161449688 0.0182768586079217 0.0233099402690511 0.0175928621520213 0.0205962040054346 0.0197802069281289 0.0181795981207996 0.0382361234424091 0.0277087435606114 0.131493861064797 0.0180772284103464 0.0369415901888998 0.01770277733475 0.0317154559324641 0.0636734336878202 0.0185562714490441 0.0181439628828588 0.0390913943708325 0.029390759507581 0.021838017030838 0.0331002447502922 0.0217359719457229 0.0222322280174738
0.0470673112456211 0.239835530148484 1 1 0.0381668947276597 0.0289378141149041 0.0317544591378681 0.0580526947591482 0.0304007275588173 0.0352283051905049 0.134706010516611 0.0333455912512962 0.0290185146736275 0.0478627021632824 0.0296073696432012 0.116796066322658 0.228278436424054 0.0359308301214039 0.0322683532907059 0.0289459307621954 0.0293804102785767 0.063492923365856 0.0465456057677054 0.0289368588865294 0.209561856352508 0.0362900689743808 0.0593607068250305 0.0394273980878661 0.0350774278644763 0.0583351051422701
0.0161437418075899 0.999999999999999 1 1 0.0164044627614426 0.015571428409984 0.0281611527946373 0.0156331933567806 0.01484960649919 0.0194749831778218 0.0148518235351904 0.0148797242091356 0.0232143707945061 0.0148127017213164 0.0148971094649147 0.0210905641931181 0.0184435223310566 0.0148399842205993 0.0184114061830274 0.0154357633131172 0.0149170775854872 0.0148532915185416 0.018442945740641 0.0221932654314644 0.0267557360220587 0.0150442485234419 0.0517220054909608 0.015679227753466 0.0201320927708594 0.0761886350249084
0.00557233689419112 0.0117855551207381 0.192235313767516 1 0.00560112166345805 0.0178191090459839 0.00722147619089786 0.00611859767581835 0.00555403714140101 0.00770035549406778 0.999999999920667 0.0871069131484831 0.0086762480295226 0.0186837131878413 0.228683292356519 0.0333323016410098 0.391457763725625 0.00554425868269726 0.147742008403914 0.00683366389189743 0.999998066501925 0.0567797813643609 0.00688505983266596 0.0633583590312942 0.01086016219073 0.00820013553058963 0.00804039507362031 0.00673310762785295 0.0657923099466764 0.0139080563588928
0.0146234678773617 0.409310333215156 1 1 0.0150464327992633 0.0639004962570637 0.0139988153678324 0.0140743279396872 0.0172448314892252 0.0160720705193167 0.018113155434242 0.0182991356247956 0.0328932385043248 0.0141487832065323 0.109385423057961 0.0150832357915864 0.0141430358716153 0.0141270055350429 0.0140111723992261 0.0351527658912486 0.0177492340668512 0.017930992673604 0.0148787328764544 0.0142277868114241 0.188341475132834 0.0159762669694893 0.0207382830373519 0.0167018059205402 0.0368553005221229 0.0169468559157651
0.000854818530784729 0.999999978015054 1 1 5.9610194074855e-05 8.23637167202129e-05 6.80924993226029e-05 7.31562137060715e-05 6.52958840464679e-05 6.0879786657364e-05 7.14659055661704e-05 0.000110777582387311 0.000131747509625413 6.3610483492571e-05 7.34492496001771e-05 0.000116954912736222 6.18744053070275e-05 7.18175864246051e-05 5.82996683750059e-05 5.93150316346991e-05 9.52724538001437e-05 5.90311684152134e-05 8.4529478474149e-05 8.25579695552525e-05 0.000230401953251191 7.14783144104558e-05 0.000164850971591135 8.04002263893322e-05 6.95495562383908e-05 0.000105745758242515
0.0616752307761218 0.0839212340259267 0.99999998708623 1 0.00759574714074729 0.0190462945787162 0.00721405831001287 0.00711251751193021 0.0087511300343267 0.0130650451992617 0.00793758025045399 0.0345562664842405 0.00737820716994853 0.999623317779697 0.0141602857215687 0.00721431843767872 0.00728468000645555 0.97223356874129 0.0224166547747594 0.00692985170776517 0.0276581672345348 0.00734372360363855 0.00702911802464901 0.00911222686579383 0.00872771315426912 0.00697435819018877 0.00879609795527414 0.00686232932217079 0.0313481028009942 0.0618250474357573
0.000307164177561381 0.999859169299193 1 1 4.57836269718292e-06 4.3327489823719e-06 3.59451615494777e-06 1.71570813658484e-05 4.25324151032136e-06 2.42590662541398e-05 3.88197047895833e-06 2.3672212996817e-05 9.33021209259532e-06 4.02163024915136e-06 3.58990686666338e-06 6.32129978095364e-06 5.7527188168649e-06 4.43815321948815e-06 3.59573704133975e-06 0.000201080691576205 8.48464784086733e-06 6.04619297650544e-06 1.18475903815307e-05 3.81014564487803e-06 1.37520559018167e-05 3.72580745366946e-06 3.80304368852169e-06 6.50840688953824e-06 5.8889560984321e-06 3.71077381566831e-06
0.0951138769931644 0.237014953620259 0.999999999998729 1 0.0594548266829221 0.272432389199823 0.0279595274860197 0.0262445820092246 0.023654889043625 0.03125071393501 0.0464368844533012 0.233559385292912 0.049293905901334 0.0199425764820533 0.0205090681683056 0.0200716106910328 0.0208257405486002 0.0311459299802659 0.195282430843535 0.0207509532336956 0.0203974195038497 0.0209695805790998 0.0264411330477017 0.0549270915089826 0.0200187690944547 0.0202174496223345 0.0288179000920522 0.0598237839676091 0.039864524795157 0.0274595157227969
0.0471801121686086 0.222520646587271 1 1 0.0408879785633179 0.0322813518185535 0.0329648284947892 0.0321607742952805 0.0535150250058324 0.0323299014281925 0.0659530323664695 0.036981265204344 0.0372142551071326 0.0339626063974118 0.0411373017042431 0.0463165891082774 0.0348295795089218 0.0332091402734721 0.0342864654408874 0.0456752197088005 0.0532790923078278 0.180662145754512 0.0761090048448333 0.0320657166053343 0.0362617528100682 0.0320612892280195 0.0320854975093096 0.0996617605375912 0.0435359943090092 0.10527339345412
0.0210703870411586 0.268316684438006 1 1 0.0227389581101725 0.0182028496316435 0.0240654500961702 0.018880503029432 0.0389222659389171 0.019345309494193 0.0718537257605077 0.03665811822684 0.0185140939704008 0.0183605185898432 0.0269547763664466 0.0177740988657895 0.0201080264477836 0.0181544364983034 0.0338937133659895 0.0201569840941979 0.0447481823723924 0.211417016215905 0.017747579739041 0.0208122972106057 0.0250200301557413 0.0182127250889434 0.302269888919299 0.0217332686308827 0.0219560810385485 0.0370607876077977
0.993051559893031 0.998380506609371 1 1 0.0100510501525407 0.00802669569011805 0.00715835451544733 0.00937170140429899 0.00637939895352868 0.0141128980898146 0.0122039298692297 0.0042724468318901 0.0042922878451086 0.00473373343161243 0.0079107183743623 0.0104490242905669 0.00427382915668373 0.00417886662517652 0.0230030445011776 0.00457027918047015 0.00508668686387548 0.0042092538259576 0.00421574570110939 0.00554211231814339 0.00443337412005218 0.00586436698261183 0.00545789966225907 0.0190291907284169 0.00629790791490203 0.00429219854213259
0.00173528669417577 0.999999985344137 1 1 0.000736322158980118 0.000823824654883287 0.000996837294904851 0.000615343895544296 0.00106439059982044 0.00126813288834404 0.0012124352280779 0.000693796850080419 0.000676932571258448 0.00137189748360667 0.00319868340450902 0.000663519612544072 0.000647848041059107 0.000617755767528538 0.00084614286136131 0.000988076806172855 0.00160405814644393 0.00113655205209706 0.000629613356390668 0.000643527406400501 0.000614177963882967 0.00063978862917935 0.000669136643946189 0.000670303153846641 0.000988945030457988 0.0021093974965225
0.0394906572742354 0.151493407598824 0.110841395629167 1 0.25429389273582 0.111491678111989 0.0926255563962861 0.0456892011679407 0.0344950436613134 0.0369384474133124 0.054686932516952 0.101404645443206 0.172990052740326 0.04008339710473 0.0352440424519689 0.0338085072947896 0.0390028280176623 0.0631136911098085 0.0510643599401955 0.0503909557135548 0.0342373228011815 0.034042738938182 0.999998980953669 0.0337887395417183 0.0348948364195899 0.0479242415148132 0.0557536576829931 0.0355280135451911 0.0350427314309791 0.198952464570676
0.0315244612641979 0.999995127714335 1 1 0.000554281225921494 0.000517722707585433 0.000516364078715026 0.000522391289736968 0.000520347942094768 0.000521933179284506 0.000538683866139311 0.000893511790138191 0.00222211442978137 0.000940649147319617 0.000517685829494741 0.00171719516466284 0.000519597282406026 0.000572281964344556 0.000516502596718316 0.000516689349035038 0.000591846583537836 0.000801754151678269 0.000799469242209749 0.000543745386394345 0.00143072228878383 0.000515865776987368 0.000572095842629405 0.000699386517344025 0.000836774484476943 0.000785080891278711
3.24895194425689e-06 0.00102741172058718 1 1 0.000158464137754999 2.80178707978695e-06 2.64653583059715e-06 8.82671280000302e-06 3.97793329987017e-06 2.46555247174207e-06 1.25871700182856e-05 5.83619206906416e-06 2.61974823465572e-05 1.97639398846761e-06 1.72525880229868e-05 2.18750482006147e-06 2.18609761970523e-06 5.46307341948715e-05 6.06938539227109e-06 5.29102981083884e-06 1.97777563049062e-06 2.02652513492385e-06 2.13886576305722e-06 2.50348755992391e-06 2.21069141981278e-06 2.46398237291334e-06 2.1296045797925e-06 1.8294347494896e-05 2.01732942373134e-06 3.4340194647875e-06
0.0498066193958173 0.0579280414714033 1 1 0.0392632244049469 0.0437344572849694 0.12626940807613 0.0553800477349909 0.213177000033412 0.0454764912406969 0.0507533382415912 0.0404591344123131 0.0659458895992046 0.0450902610481759 0.0400913521250089 0.0530911204840219 0.0397852504525538 0.0381704295710967 0.145069588734567 0.0437899579209978 0.0511063023864095 0.0463736244584463 0.0670616346149421 0.0420731993578695 0.046042351510539 0.0391734987924153 0.0473361121170827 0.0467133020690449 0.0395392409819576 0.0398912160314363
0.205419935752898 0.0314993823513646 0.999999974348375 1 0.0221661389710684 0.020379613816184 0.0454977447517668 0.0248643982635289 0.020473647081596 0.040657079521673 0.0265444151992148 0.0199173221279413 0.025015504657004 0.0210975537592193 0.0197226464509229 0.0295363777785564 0.0563077611790233 0.0316997130953331 0.0324526359271859 0.0210104808077088 0.0210450519164378 0.0198965424272213 0.0571785129376524 0.0215675733639292 0.0419410207286998 0.0350883332891351 0.0199463175288371 0.0212426853179176 0.0229084546348731 0.0201539342614475
1 0.999999999999998 0.000787565511385369 0.999999999982904 0.000156817721893243 0.000133444911951663 1 3.32567413103835e-05 2.35575269132982e-05 0.000233807321537993 0.00109653773437091 0.000209366072062567 2.79328080862173e-05 4.97766814117062e-05 2.6101559627234e-05 2.54112348496704e-05 2.44395565079936e-05 3.84977717731161e-05 4.24631926652097e-05 3.07101215908379e-05 0.000195919552811064 2.87094925679465e-05 0.000371120999040464 0.000139134616078063 4.02978440983137e-05 9.34789963153992e-05 0.0209621979469161 0.000138271491707642 4.48013084175525e-05 4.51745657851221e-05
0.000356711733883186 0.000105252047244986 1 1 0.000104962195426217 0.000138798305772569 0.000130333835953622 0.0001266493999319 0.000174293824769856 0.000343416095983429 0.00286082410240418 0.000181276476180492 0.000101727746139701 0.000142431840664536 0.000163761110112848 0.000100550292446266 0.000445280087876032 0.000150879602310416 0.00203762340237823 0.000344383998700959 0.000181772329794549 0.000740134582575491 0.000758269495937824 0.00012078807271243 0.000261835824991286 0.999998729152867 0.000247766871952715 0.000890593024820419 0.000102998037959323 0.000105339272288507
0.000115785601844776 0.999993348295065 1 1 6.12880434279761e-05 6.75581370591649e-05 6.9651648786806e-05 8.46935399949622e-05 9.55568979269517e-05 4.42345801170418e-05 5.4257139407099e-05 4.5664433699133e-05 8.84507637177734e-05 5.07804673404166e-05 0.000101583476403988 6.23274667084228e-05 4.1521624479679e-05 0.00522792135297279 4.66630766196019e-05 4.31777523859367e-05 4.52907729828755e-05 6.87982877660698e-05 4.75038735635591e-05 8.1109018186587e-05 0.000185451099682599 4.69978973923757e-05 4.64925501509894e-05 0.000399899292120365 4.38224053991298e-05 4.15631913974757e-05
0.000898341889415177 0.0360578202946753 1 1 0.00106029028475041 0.00739478869214727 0.000917075256576916 0.00229704462452995 0.000936942123886508 0.000951939132563751 0.000984961633598069 0.00306998614631604 0.000893207155914011 0.00272183300446627 0.00402511663920435 0.000901077303121167 0.00125604754602859 0.0056673410259096 0.00098034876178843 0.0162439945412339 0.00451303016309568 0.000922942198536614 0.00091903866174925 0.00296487670634882 0.00145543605916831 0.000944455048461856 0.00243884254163595 0.00192519618579023 0.00112246133565475 0.000944490951430232
0.0300419897902571 0.0231759091679942 1 1 0.0143066011554606 0.0147583823204513 0.0145226250162975 0.0735474729821974 0.032001162521011 0.0154256325434611 0.0156872147938453 0.0162379007057115 0.0145039321864461 0.0164588773569846 0.0161835397530546 0.0311094942347648 0.0146893978274535 0.0253499009717602 0.0144989086899934 0.0149622871730478 0.0149854994409646 0.0523170705447437 0.014655850270924 0.0147203120191527 0.0159765742753908 0.0343400261105016 0.0146459405383593 0.0150728440921595 0.02401474808071 0.0181735280944985
0.00141392347020985 0.970691385685815 1 1 0.00130044350764535 0.00166588591978079 0.000846010903088223 0.0014462714551069 0.000833320225781753 0.000826074517856656 0.00549721846022588 0.999695349144538 0.00490161938391376 0.00161335446891586 0.000866570651372744 0.0114143063823442 0.000822959856597083 0.000834090478347149 0.000816418418920106 0.000913727124476571 0.000919188174848928 0.00145731724232201 0.0018602353708832 0.00111179843081832 0.000935576134507898 0.00632571438190366 0.00081631942551752 0.00100468534494202 0.00090393107463449 0.000889728137967838
0.00032294646895703 0.000248357834593205 1 1 0.000320007984399795 0.00035272459398239 0.000221453399761873 0.000224502407008109 0.00034413355214169 0.000346879671947242 0.000269244957418091 0.000218199786862439 0.000284264901032172 0.846588979348615 0.000225998438397546 0.000236035162732628 0.00022433472163641 0.000208345492920481 0.00374724278428706 0.000370445983207568 0.0002106215511406 0.000276185846438959 0.000385917276207071 0.000274984823939839 0.00041226789023352 0.000301862514486828 0.000256480154051997 0.000262569211838759 0.00114029730589327 0.000424136782264273
0.405823353370664 0.18465396117542 0.999999999999999 0.999999999999999 0.104899181590733 0.273303525849603 0.115250305953616 0.0957992296076478 0.0430227129945592 0.0494455572089887 0.0501227832977391 0.101049230978064 0.0404550486553452 0.058112526847513 0.0442936539988404 0.043880876049849 0.253326281665028 0.0969995888913233 0.102272661853146 0.0403291406898096 0.049413770183419 0.0737327673333762 0.041007321584115 0.0409752301073635 0.0934476095904023 0.0606615843145629 0.0403227853433439 0.0521951770973035 0.195320020150796 0.0674063291695299
0.0217645609098601 0.999980795523193 0.11340745468063 1 0.056511152913453 0.0239854500287919 0.0919550649213645 0.0240549920907813 0.0214633610712602 0.0213908316779453 0.0566516107175632 0.0744093272657728 0.057189310913539 0.0227168939817133 0.0495902150207934 0.0709462536477212 0.0330144605188897 0.0302597460197251 0.0302226042973888 0.199370011013179 0.0836992973318598 0.187248444516033 0.0251140676447512 0.0216710114281353 0.0289181754314248 0.0244982795665017 0.0352016883323244 0.0433094568399927 0.0440233520658287 0.0557548125669288
0.997895319329571 0.999999238846264 1 1 4.92234770649302e-05 3.92869533496487e-05 3.60360508677715e-05 4.15918975549268e-05 6.52546540610421e-05 4.89537246178839e-05 3.78956703561695e-05 4.50885171759952e-05 4.19286378173789e-05 5.53759633238338e-05 3.65795563019855e-05 0.00011501786823942 3.88018761677822e-05 0.000188143356379067 3.67874467001039e-05 3.88406256438545e-05 4.74502284245615e-05 5.5512289647397e-05 3.58360607362052e-05 3.69069626102725e-05 4.47064580549883e-05 0.00059159741341086 0.000109745359257896 6.85854173264611e-05 4.787017543606e-05 6.17589744280611e-05
1.36025757486724e-05 0.00697077152207082 1 1 6.21665539934924e-07 6.3820198037412e-07 1.10253610707822e-06 6.20428803554951e-07 6.9149848735961e-07 6.32528047606051e-07 8.74495302172207e-07 7.08025820306268e-07 7.43322809415581e-07 2.45812882926355e-06 1.07828635453888e-06 6.20746170132414e-07 8.1111104777154e-07 8.28918395701095e-07 8.23658398041438e-07 1.03229024717155e-06 6.37313642970483e-07 7.01319978424486e-07 7.25962941316993e-07 6.47518073160214e-07 7.00525299324184e-07 1.11131094393535e-06 1.57242959308856e-06 2.89713919054968e-06 6.2052381410993e-07 1.48815891809484e-06
0.0323120720789668 0.0326941232981697 0.383208759223947 1 0.0330798296096319 0.0352939711430593 0.109169333681869 0.0393734446764988 0.137408037037561 0.0711031734421892 0.0449114817978451 0.564164741315337 0.0389372255653415 0.0452755770505701 0.30219640734206 0.0320016680876433 0.0322751428926094 0.178503656500085 0.0736057412108159 0.0371802130397225 0.0837923093006113 0.0350048708793196 0.0353536965144583 0.0318234372616935 0.0320914529400339 0.0334952900374528 0.039567767884514 0.033045189567469 0.0723793289843579 0.0667765468945896
0.143022702734428 0.334301146524207 1 1 0.0255702375681641 0.0387633871963953 0.0263469708078882 0.0714709745688186 0.0310181630013616 0.024219390290301 0.024411551933509 0.0305014854847948 0.0263358407370312 0.0456041762103021 0.0284900151190592 0.0868255401923687 0.0244068032794422 0.0608076473939976 0.0334331034330768 0.0405987266099641 0.0244530140264004 0.0479946260792159 0.0405070066445061 0.118262624303521 0.0260716802563377 0.0299148510164814 0.0287867072972031 0.0253197370246646 0.0245663387659847 0.0241213863077437
0.0492309607727832 0.035143557598178 1 1 0.0395230221869779 0.0344661845875821 0.0402049770965328 0.0338400288570767 0.0334989245274414 0.0345474945272083 0.0353362714484448 0.0418891857201392 0.0366150924058495 0.0352745254569362 0.0355203515281391 0.0357915472671665 0.282680195108396 0.0337621072518199 0.0502863074194709 0.0334949451462218 0.0345314945388334 0.0335704177996106 0.17040995601099 0.0407170095417163 0.166883881327845 0.0336377130042167 0.0357455311895639 0.0383577201111907 0.0501322169295454 0.0342689954721878
0.000555092978135496 0.999999993462165 1 1 0.000449994231903506 0.000222822006635037 0.00804942439601208 0.000223771325471245 0.00050530284120287 0.000306107872232175 0.000723556081282162 0.000230865212021092 0.000496972067256185 0.000279123449578811 0.000286029882989869 0.000262182478195649 0.000332347609916184 0.00200293595632384 0.000273073748566555 0.000267042874804058 0.000269539923631767 0.0002523968289041 0.00191939385474293 0.0015017030839507 0.000219245348283215 0.000252277091531639 0.000260531224184901 0.000254231730311916 0.000272030791170885 0.000334483597333124
0.0658690830085191 0.538889377199028 0.99999999917415 0.999999999999976 0.0656963712475973 0.0863160522197283 0.0737594784273881 0.0661259497029794 0.0887880436047541 0.0691476031499936 0.0966740469861201 0.127319622509458 0.225050600007217 0.141143601597709 0.0731514064989905 0.0655074003332385 0.0680080289301149 0.0662781574140908 0.0654051046613983 0.0654880181760564 0.0660977298244856 0.112103700443772 0.0693107443903045 0.0656806692493955 0.0725009458120782 0.127194385472683 0.0653721044293376 0.0674283811189357 0.090354239643883 0.0898248781372287
0.000542408925856663 0.0155112975768426 0.000738880639550632 1 0.000652821298466 0.00157900964967095 0.00241952253626188 0.000298720457624801 0.000266643650662535 0.00256720178155267 0.00284246806845423 0.00187423568357381 0.000680781538896946 0.000269085297911253 0.000303885186448749 0.000287941541885384 0.000632727406590927 0.000259827955597758 0.000272058608455028 0.000642313416560181 0.000298933121887113 0.000258286881083425 0.000270000787685798 0.000260991600744775 0.000445953693000378 0.000263181593160966 0.000252297960181891 0.000392292412067285 0.000818570953978526 0.99915409621187
1.69850772381297e-05 0.0207234044114473 1 1 1.69729779380123e-05 1.40746755463717e-05 0.0019291681084399 1.4020372162471e-05 2.7568720637472e-05 1.50461552098635e-05 2.0373326031442e-05 3.57775516951486e-05 0.000151943716041547 1.38442327383137e-05 2.70709419831761e-05 0.00015590085312811 1.52557149143417e-05 2.15056205374875e-05 3.50051738887691e-05 1.63256535690159e-05 2.20564883288699e-05 1.64319780455724e-05 1.4822829969896e-05 2.55022034352237e-05 1.51183278609412e-05 1.44450776885519e-05 2.2213475075028e-05 1.91210002228326e-05 1.644538041079e-05 2.01731429442242e-05
0.0241347912214929 0.00531612665311865 0.999999999407487 1 0.000115616602178514 0.000301231613538011 3.6493298080531e-05 3.1231401714904e-05 0.000170127268342202 0.000924304066899806 0.000176783020334637 0.000116735916259048 3.29795553897227e-05 5.92174422855418e-05 0.000106452214302499 5.26411818294603e-05 7.0450996003002e-05 0.000839635599121702 3.36118258889018e-05 8.1327144375809e-05 4.15077547218923e-05 8.7002521415025e-05 3.44874408523266e-05 3.55036380742524e-05 0.000138816492433302 3.04260109321719e-05 3.01658686349127e-05 4.20062453737602e-05 4.01788205707243e-05 4.73521625109496e-05
0.00338358039795505 0.992393589766486 1 1 0.000993910688404265 0.00262449768286677 0.00402669580644666 0.00125548372028583 0.00849213233214352 0.000874636359148639 0.000937914146137753 0.000896477282307462 0.00208639465625282 0.00117860670549408 0.000899201857328391 0.00122699084442357 0.00265518161742007 0.00148104065513155 0.000870588811100914 0.000941726865870463 0.000896853042593349 0.00333753982039553 0.00237651347071721 0.00560996473510811 0.00110157029998859 0.00101220913295796 0.000925216801684003 0.00150341037174095 0.00163541533017053 0.000893532116146178
0.164661328065128 0.999994593546064 1 1 0.0209773242092949 0.0239683231961804 0.0207646762961672 0.0558746158574482 0.0196931362512365 0.0228546810599121 0.0285442154484178 0.0225430899460293 0.0321584845952022 0.044021998237238 0.220782851113818 0.0603877287019219 0.129273826268177 0.0346369814993139 0.0361616397246111 0.0206840243460665 0.0979952005736112 0.235313032999084 0.0196952512856178 0.0289394498839376 0.0197457133962471 0.020015979594616 0.0244242716404629 0.0199662768032183 0.0232946670314977 0.0499297804708565
0.000290404192049509 0.000119612800170699 1 1 2.22166699173076e-05 2.44218804771323e-05 3.26452364388663e-05 1.38823337659799e-05 1.73473433969784e-05 1.19609685810262e-05 2.17848337314974e-05 1.27431261910393e-05 1.11963576193697e-05 2.04642693717449e-05 3.26055086994348e-05 2.29309748714934e-05 1.19553605680833e-05 1.11315089009745e-05 1.47058665592725e-05 1.44466481623029e-05 1.12494072821434e-05 1.18231546641923e-05 1.06456984316772e-05 1.16028376279109e-05 1.22591760121082e-05 2.98902311878235e-05 1.10868063670777e-05 1.29525381875606e-05 1.29656419955992e-05 1.1963955466987e-05
