0.0800637682394785 0.431648431145901 0.4271179171417 0.999999999999846 0.0530489336744715 0.27694743429476 0.0536039830657509 0.0601891412320968 0.064707051669211 0.0492352659144304 0.0723719127996622 0.0533925927377469 0.276537625386206 0.0537395438848459 0.057112658703292 0.049750300320261 0.0526804838334088 0.0620884633058453 0.482831164600365 0.0509204027424806 0.0989963027433776 0.049519525891052 0.172129057442368 0.178954651474708 0.0488858184205624 0.243004069339497 0.0759606611549077 0.283692487006454 0.133237093896801 0.0754860880082898
0.00254528448732982 0.999999999962781 1 1 5.4763974948413e-05 6.02449582296494e-05 8.14391130155023e-05 3.95626693295847e-05 6.79766267119852e-05 5.42550678538367e-05 7.06165796477976e-05 4.27808546284991e-05 3.92390752946836e-05 5.38074895763963e-05 0.000145133578936862 5.41621617813348e-05 6.18017295336282e-05 6.54637541929182e-05 4.16726390954913e-05 0.00167888413997519 6.90834905533455e-05 7.52735431106544e-05 4.68309210556184e-05 0.000144946523758072 0.000133109721306535 0.00030553944093481 5.62188313166789e-05 5.40071682619825e-05 0.000108916278306004 4.09896486835981e-05
0.00270801631165263 0.999999999999977 1 1 0.000986601415258526 0.000758821435445922 0.000886262135028959 0.000757130075885848 0.00078548499421971 0.00168894167646227 0.000973681241642543 0.00155372397347453 0.000735555570309465 0.000810814412819272 0.000736541391183398 0.00158270157173623 0.000760847483877503 0.000879554682137074 0.000760773264978587 0.0007423081152651 0.00102651375198215 0.00135979198042735 0.000904973307409684 0.00087605086880016 0.00236992039745387 0.00535302917175751 0.000913549364424115 0.000886582226147681 0.00109421296620738 0.000747563242404881
0.999996820294043 0.999999997618575 1 1 3.45342615337696e-06 5.3055699833493e-08 1.49853490938323e-06 9.37156372504688e-08 1.59636623586756e-07 3.7145500209057e-07 3.73885947757557e-08 1.03703291287616e-07 4.33330642479746e-08 9.98785272265934e-08 1.11319004347799e-07 7.42001616815813e-08 3.94418327998025e-08 5.85529660313e-08 1.0561790946273e-06 5.75029679428241e-08 7.78293948955344e-07 5.19995801973039e-08 1.21005407138775e-07 6.56362930673282e-08 4.59365675498091e-08 7.44386547957276e-08 1.3539424537079e-07 7.24687538866675e-08 3.81576451546906e-08 6.07820811460158e-08
2.52072779373114e-05 0.0015628273076731 1 1 1.46384270047761e-05 6.27343546699688e-06 7.48596209576569e-06 1.2710978974817e-05 5.31694876712008e-05 6.57579272067554e-06 2.26775886332797e-05 1.12683811038794e-05 6.46096531564666e-06 5.50075034142505e-05 2.77640209300767e-05 2.66376899699106e-05 2.67085091301134e-05 7.60281753775516e-06 7.25776099474995e-06 8.80893129873161e-06 6.09623238698731e-05 6.90156313176704e-06 7.77209593483263e-06 1.49016336514762e-05 8.2549376588803e-06 7.32974751571636e-06 9.98136281304962e-06 2.19350533040563e-05 2.82027524167727e-05 6.95279369600232e-06
0.28978702916621 0.137289476706233 1 1 0.136787067819857 0.0513283432976971 0.0432612454494494 0.0716650821267929 0.0424936221856742 0.129833398412502 0.0439844601842768 0.0473176237392452 0.0828221315492361 0.0421750816911431 0.0554454579870566 0.0423117264954088 0.0517963147057253 0.0440225367932735 0.0424986051697692 0.0420923022381172 0.0966229566712631 0.042592714484284 0.244059751905764 0.0563286838692743 0.168184786530762 0.211898541976142 0.0439625541940656 0.0465089891166441 0.0435236146622799 0.0602702542763419
0.0227778425190985 0.108673527029065 1 1 0.187454922692707 0.0189716411361229 0.0178141586710358 0.0189408381250333 0.0705879553679558 0.0201197796532183 0.0180922126260571 0.0273670148088727 0.02999316993047 0.0650525165999197 0.174388626012934 0.0235042593287759 0.0208177485556825 0.168499827032513 0.0443337007660927 0.0203214589828703 0.0185286531020398 0.0328656126629653 0.0214739468787415 0.0177905599116223 0.0330682008784747 0.0258984429829204 0.0214962127905339 0.0231944611235977 0.0267559836427107 0.999982374392826
0.124348948382821 0.169166302250649 0.999999999999999 1 0.0592856333085835 0.0724663355424081 0.0570282997215749 0.0501205921788618 0.0585486118201508 0.0691228380900756 0.0626183727149913 0.0639478996495265 0.0711768141257444 0.120512457962614 0.0480831841502477 0.063213696979235 0.0510212952406507 0.0827548524097605 0.10324763062444 0.0547073819982296 0.055844367544639 0.0509235518607208 0.0496199767216751 0.0537849575254422 0.0517621416702005 0.0479638120587665 0.0996897418185747 0.0481460396711664 0.0518527837970941 0.339112617455535
0.999933225520787 0.447636962152006 0.615812801194931 1 0.0238770885224421 0.0221867319160425 0.0219025512936633 0.0259373140411081 0.0273552555553718 0.168634699395094 0.0357707569149528 0.0239581238629537 0.0939707709502706 0.0348623140303542 0.0289022757604356 0.0268577469083389 0.0246596564893061 0.0584817816607325 0.0753375809515248 0.0767671433204613 0.0238490624817731 0.0488003245172378 0.0228678328773573 0.316796930327508 0.14623193120017 0.030044577431546 0.171961903934943 0.0257810399324283 0.0246573548959265 0.0239866116077083
0.156651035321967 0.26542824982336 0.524917036937512 1 0.0462646259304486 0.0534077007501345 0.0757904563295611 0.0362006986392496 0.183767429676312 0.0409052066260281 0.0347914671714955 0.0748484565509804 0.0652798934255521 0.202207833621216 0.0336142258576335 0.0725214364624294 0.0486124101688791 0.0353217688867291 0.0361908882262294 0.0325372359871164 0.0819631782641553 0.0375147665561986 0.0517838933062645 0.0862991160185824 0.0430866938872468 0.0325346853120491 0.0355121955971117 0.0374850709415742 0.0448009392416383 0.113188076786408
0.131197732627795 0.0101842065732077 1 1 0.00857836271748047 0.0101918726316482 0.170945246046541 0.00770318002574788 0.00772301370888362 0.00904480995617218 0.0533704690234171 0.0139602093703944 0.00870587331904393 0.0078550841567181 0.0108038122448887 0.00765281304198984 0.00942670820797786 0.00792966985589549 0.00795521629217444 0.00885914605564631 0.00764860234121467 0.00926311349374864 0.0444008208412232 0.00778653923490336 0.0110824091501565 0.0110909365825436 0.02041440245282 0.098792182952635 0.00903398308700143 0.00794809465266644
0.299752138362645 0.190834465618253 1 1 0.131595192542517 0.0457517602414697 0.0698971171976365 0.045036181086616 0.0452831930906894 0.15654494865776 0.0505252231183791 0.0578329929407415 0.0547778774897923 0.049210951558616 0.0545673563087946 0.0508977097312875 0.0542086389272637 0.0496953712677428 0.0453022648857794 0.0623875841358881 0.0622568553797495 0.0629021995569162 0.0636697473233131 0.140041830216338 0.0660172489102769 0.0481265101031558 0.102224375455737 0.0723804795484051 0.0893746961711304 0.0764092525847596
0.125664076851763 0.275457419413314 1 1 0.17160773982036 0.0828593727776136 0.0962533297415047 0.0277619501380331 0.112336672177034 0.0251818360717146 0.035422404596997 0.0249475441677371 0.0482586852006804 0.0293669865990978 0.0253600640116403 0.0291647200953596 0.025989426773933 0.0284781712037836 0.038998383748447 0.0257472428988477 0.027998981844099 0.188930117814167 0.0425988538552228 0.244325548823765 0.0634676286820698 0.0259447381077516 0.0265370534119014 0.0253083710822247 0.0256029813145606 0.0278056631810434
0.0613541051015263 0.0663971042014024 0.250887813842087 0.999999999994786 0.0657903650783596 0.0617269669946113 0.146975051294141 0.0680644527292966 0.0653695028830689 0.104508390964391 0.0836199189313288 0.0627517533319963 0.195221204298051 0.0614522881832448 0.106850321372853 0.106132908837363 0.0614640476778523 0.0673828090000353 0.106943515004499 0.0819604293053351 0.17924501198788 0.0715788644902151 0.0686631838635551 0.0650570398855973 0.171047191669319 0.0613907695207956 0.161129857241935 0.0643339623853945 0.0644692790184613 0.0654800128208128
0.0177947467734764 8.23530675397866e-05 1 1 2.09848429321147e-05 2.83793553668144e-06 6.38325758595126e-06 7.59795146498821e-06 2.64549795125912e-06 2.37465334862463e-06 2.62831381725448e-06 3.3850372546107e-06 2.44323485519837e-05 2.35604342402329e-06 1.50910028147155e-05 1.20170632489369e-05 2.36850122226073e-06 2.40866149725516e-06 2.54894852226295e-05 4.15977812162627e-06 2.92573369486959e-06 5.15354887142827e-06 7.28095494084702e-06 2.58434222555337e-06 6.51271706553214e-06 2.52553291213431e-06 6.09886204742116e-05 3.24161266340717e-06 6.04739243592611e-06 4.09610590490495e-06
0.0944977471611965 0.144009399842931 0.649359953108863 0.999999188201587 0.0898669095093791 0.0551845968086372 0.182599408622339 0.0451091099091365 0.0533306923494178 0.0461222095594178 0.0586203751159193 0.238791619843751 0.100132538053511 0.222735849824356 0.0559010287069366 0.0917370426633096 0.0451830584052795 0.0811159857420047 0.0463338415191836 0.0451221841758392 0.0905523887083887 0.0589004117800388 0.290371060325065 0.0529018825007642 0.0675676025679877 0.0747117257166269 0.0869929627539068 0.0974508401149574 0.0534711024058661 0.0453020496976766
0.282526870669067 0.999999997657259 0.999999922970322 1 0.0251914584005652 0.0214479937581397 0.0224443383452783 0.0515132554240549 0.0207546664744531 0.0332577676798228 0.0210308194181128 0.0221818730306428 0.0259347994600172 0.0330288482581618 0.0230592533708699 0.0218179582450919 0.0332359048919312 0.0213182947771504 0.0227927121806417 0.0220388614053967 0.0207121839938644 0.0218718917560276 0.0242287672743809 0.0283386575328926 0.0256900190193231 0.0208042822326009 0.0244622912474789 0.021527193262618 0.0233058394654747 0.0293722032982338
0.156689865467978 0.260453064493968 0.465910843411896 1 0.0184854026467423 0.0133018106191654 0.0224710966442356 0.0134332487034876 0.0185116140062681 0.0184597105961799 0.0150353765295927 0.0449364534030356 0.0134569297515248 0.0131764561008012 0.013168035590377 0.0131492440578775 0.0132055354340445 0.0152957306583253 0.0250211363702775 0.0132273421835465 0.0219131028772238 0.0673924525676255 0.032640827581448 0.0426583025110873 0.0149598797234627 0.0172129946644135 0.0132539132187857 0.0199079076061665 0.016588878099652 0.0171737130263439
0.00486938123389669 0.00626224039929812 1 1 0.975846502611615 0.00265371977773099 0.00223959318863576 0.00389442109241533 0.00139821344205093 0.00193929495526168 0.00307146378445755 0.00136689423748748 0.0104822026257889 0.00129491864399744 0.00212368860266032 0.0059030878777413 0.0013498295857497 0.00165748464792803 0.00141597761597467 0.00232847137436798 0.00474445972528059 0.00180775393225374 0.999993713338326 0.00249431289397295 0.00131196254853228 0.00373283155891913 0.00129740604108985 0.0139994588692768 0.00140737549549907 0.00151204683390038
0.00253009488666844 0.999999994373343 1 1 0.00197813725734208 0.00196413491224978 0.00321294410102879 0.00453733330392214 0.00189484936401552 0.00282862389617389 0.00187094077872418 0.00235064585940536 0.00262466941848039 0.0234120600454024 0.0022993895503326 0.00279643422133125 0.0198462732778778 0.00193232108216357 0.00246033601475171 0.00189022001015848 0.00187790105094898 0.00186912427661079 0.00230660138497663 0.00202344729853821 0.00363645517553723 0.0024167522520987 0.0132235073226814 0.00209090072876561 0.00290462439789019 0.00501733981796981
0.00029556777906059 0.00148884802528748 1 1 0.00023961843280107 0.000566601834889879 0.000223575167122458 0.000255260481625719 0.0169899879113864 0.00032134436209097 0.000660141371689904 0.0056639030053085 0.00122901564021516 0.000611130448824881 0.000228558868227147 0.000290151718805753 0.000634067701139163 0.00792425111546669 0.000249633556368867 0.000231610777699731 0.000804526447001908 0.000228158688968971 0.000226990618525158 0.000223005890641059 0.00106156520375611 0.000224661286030603 0.000478367560650006 0.000284841697232197 0.000328228084267468 0.00211987953474491
0.0017363010382111 0.0140352760848693 0.999999999999989 1 5.15006141443841e-06 2.48574849492922e-06 4.87635417711907e-06 6.36620843205149e-05 2.37940037017825e-06 2.43763746499148e-06 2.45139013466122e-06 0.000186588330949644 2.51357270897312e-06 2.90404855141091e-06 3.94461600305984e-06 3.44889468106846e-06 9.23886288850539e-06 3.18260455500763e-06 2.65228399276562e-06 2.50999500917004e-06 2.58986231070901e-05 7.03363320520012e-06 2.55423361605889e-06 3.45035903884794e-05 2.56531165843121e-06 3.0501529592053e-06 2.43069323679901e-06 3.31092992778004e-06 9.34903978211388e-06 3.46421465646785e-06
0.0407762686096657 0.0434798109108173 1 1 0.0494215187153649 0.0375136075618077 0.0414777752740556 0.0335431248786235 0.064025821077391 0.0326647061829087 0.0386097623886165 0.0421440842520551 0.0319874659651446 0.0399515563136091 0.0317053672980256 0.0417438184292832 0.0318987823939254 0.035726996865136 0.0322503459607918 0.0545272157436528 0.053497981088101 0.0336247207516169 0.0315989799050695 0.376733667921456 0.0337447945463347 0.0318376162688462 0.037861316234876 0.0396298241897048 0.058563572436877 0.0417829610931616
0.037928948920488 0.0627935114256908 0.557542686246815 1 0.0231986992310547 0.0890306549403888 0.0498051536456738 0.0261588057894503 0.0224867618167525 0.0227454610089203 0.0594277429160419 0.04201612199478 0.0225197738854902 0.0328817049935616 0.0231555524868335 0.0413781706065003 0.0828185814998113 0.0245058679723064 0.0226521027107156 0.150599093926168 0.0226938725820119 0.0369153821188776 0.0762551553318787 0.025708684479867 0.0307692310595513 0.0563467891542135 0.0252372909727969 0.0234911482883471 0.0302532161415076 0.0228884602289968
0.0314151348062555 0.999999998802027 0.999999999991415 1 0.00799384079057264 0.00802675417633569 0.00861748097491799 0.00814147044422942 0.00886715906661117 0.00799284313873039 0.0085403071706226 0.0105973198565695 0.0084226315045336 0.0167063082523622 0.00843077874430076 0.00801997355511219 0.00845365774814699 0.0149417351011177 0.00930454478826637 0.00824055880279262 0.0100396038724506 0.00799782145985839 0.00815351362700067 0.00932122851870421 0.00873980955009968 0.0155865630648395 0.00800086401878231 0.0106081736548256 0.00803823848152185 0.00819239666509086
0.0224296867720797 0.0268967833604293 1 1 0.014582666386379 0.023160278110683 0.0527864813440869 0.0144923794170282 0.0294164311507571 0.0183930687275152 0.217086116360243 0.0197621565459176 0.0386836387313797 0.0143292504196242 0.0152218193376888 0.0147444231217665 0.0165718549393541 0.0170644990180269 0.0143658709686132 0.0154664367610802 0.0146790811134778 0.0808192272530713 0.0196564305726735 0.047689245579808 0.0143236446053752 0.0269213289601059 0.01798312845185 0.0557071442852347 0.0158396507583253 0.0166478495725589
0.000123308167327085 0.0173180575004661 1 1 1.50167462253936e-06 1.48355510953824e-06 4.60066522300906e-06 1.10035466882596e-06 2.06079095399492e-06 4.84224242092157e-06 2.57395691984907e-05 1.92615382821337e-06 2.08660320977216e-06 2.02143009464528e-06 1.07332194576593e-06 1.11228755139692e-06 3.77129734119297e-06 5.73256686827728e-05 1.30453846425294e-06 1.12692578146945e-06 1.53038258854377e-06 1.50553768585304e-06 1.14889366098492e-06 2.99287323846098e-06 1.49655606467292e-05 5.96776090910911e-06 1.28225561446538e-06 2.81443171783469e-05 1.20563691718978e-06 3.31563960365155e-06
0.0411009188843381 0.999750982235077 1 1 0.00891609526675397 0.00681123995473798 0.00857236169033471 0.0153760319045333 0.00719911969458031 0.0160463775070895 0.00691256854668232 0.00710421238999503 0.00770623895322742 0.00759332161664228 0.0130937324168959 0.00873744851769576 0.00689115122134198 0.0101675332266049 0.055306564258557 0.00872104824483111 0.00799612115899584 0.023630271381314 0.00739302959587262 0.010468317440153 0.0107055446836819 0.00916463350906094 0.0188334838613663 0.00671255859400788 0.0171625723070553 0.00771364914657158
0.0384264132041792 0.0318597841059234 1 1 0.0076738347410229 0.00778926769098998 0.00911364971287909 0.00818630398001341 0.00756272174896688 0.00901671733391107 0.0103907014228698 0.00751654262243628 0.00795362980036207 0.00751439622981009 0.0115760534449876 0.00776700589427692 0.00766670620345633 0.140426169450837 0.00941402838498639 0.00938869707082024 0.00756534904112283 0.00930119509138494 0.00756344259706976 0.00864674478171934 0.033855912336655 0.00931763298167909 0.00949198518985916 0.00857858775710152 0.00784091902551143 0.00761503449367573
0.0138641673887143 0.0511152526633419 1 1 0.017204731229769 0.0289070410798018 0.01444526250596 0.0139475054337709 0.0145715473122707 0.0266428501353556 0.0139476046167403 0.0163148212653703 0.0138912288866272 0.0342861441075226 0.0191940006489127 0.0149264974722954 0.0151560003106121 0.013864027260458 0.0283310786958488 0.0138618868740217 0.0144641295293148 0.0237103259041636 0.0153973672235097 0.0139890153338287 0.0146020626628678 0.0149125865983369 0.0149202385661433 0.014862053640293 0.0143639751568401 0.0202294437384365
0.0138887602958029 0.999999999234363 0.999999999999161 0.999999999999999 0.00639786905963502 0.00589270785177165 0.00589788767507937 0.00673455397655753 0.0139205904415353 0.0099558841761066 0.00593495231129937 0.00887888098349265 0.0220869440162 0.0179181559739724 0.0764698745542279 0.00693092250575555 0.00658540480602088 0.0162893203302633 0.0273700706784 0.00595363860155296 0.00751669926291332 0.00595851530072922 0.00849504216313224 0.00632230980710513 0.0330323205799605 0.00619055117906597 0.0240935357313132 0.0251701881246985 0.0398230030602565 0.00620118813219217
0.000627120721083063 0.000485490306529446 1 1 0.000172476768812824 0.000160762452637853 0.000177743947755049 0.000163185984422554 0.00015977020522584 0.00025239451121617 0.000163731562570324 0.000339636039674573 0.000158057205503104 0.000202119857185989 0.000172751321515174 0.000165408605969697 0.000179042999779666 0.000652026452788057 0.000169666599543761 0.000166962651709457 0.00016691503303834 0.000670914467413408 0.000291328301219806 0.000404909772793949 0.000185082417374249 0.000174664544686731 0.000172997175317935 0.000390568620251996 0.000178414733780663 0.000362987145928195
0.500825691970819 0.23790383072737 0.999999999994828 1 0.0388004325434588 0.0685725734958268 0.0422882196192141 0.0471368935692954 0.040996542542895 0.0420726213213455 0.0582790480161518 0.0455519718393222 0.0408139786485086 0.0492532705310488 0.0385848184886581 0.0435495513057353 0.0924550536945146 0.0399384124074792 0.0384648150712881 0.0944041951942511 0.0877084376706176 0.040940111472027 0.0454010056887231 0.0392262566728105 0.0428536020812217 0.108244255449592 0.0388312292247498 0.0541794210312276 0.0397245223369432 0.0435872658398641
0.0315083164169506 0.203780778836598 0.44289370627835 1 0.0324303684536476 0.0501712813066897 0.0685986032867754 0.0375290704565866 0.0417890043098678 0.0354667112910451 0.165601637123343 0.0377205875039452 0.0349034330123361 0.038552440398858 0.168095587994676 0.033488618181564 0.0367823910287604 0.0317983669049048 0.0428687293125014 0.0317579011840819 0.0314211607869045 0.120095963271492 0.151898656950732 0.0965137284641427 0.0336135650959378 0.0314098166543545 0.135627653825885 0.0345472546126224 0.104844960895942 0.0356389234613794
0.133221091499213 0.085739997600662 1 1 0.0462981935359301 0.0279543074029955 0.0278256205650398 0.0443809819561745 0.041563599213957 0.0622092380586038 0.0437316572776435 0.0369836666384403 0.0397356621691922 0.0257151034935547 0.0271561449990813 0.036547223439753 0.0301652036031363 0.031985887600654 0.0256187256624572 0.0255374123263672 0.0269558602848624 0.0254321213014774 0.0271985552405711 0.0262953607192502 0.0387096208924742 0.0254641616799484 0.0349235967506545 0.0304451641591557 0.0273456100118113 0.0297623615367743
0.00879004262385241 0.000205679411595328 1 1 3.25423205352893e-05 2.14071867208343e-05 0.000118053759217807 6.26277234161421e-06 1.39947121137185e-05 1.49169738423716e-05 5.33015807082649e-05 7.23756532007291e-05 7.33817338594012e-06 1.84288909558239e-05 5.97024770698784e-06 4.3829858838107e-05 5.50317201275519e-06 1.40342294644435e-05 6.04438339546487e-06 8.97970497037992e-06 5.49318559184275e-06 6.03524163056424e-06 1.74598880249288e-05 3.16346502237108e-05 7.27200299366348e-06 5.94428286706528e-05 6.74982605353147e-06 3.43724515101673e-05 1.85736411799642e-05 5.58782692439141e-06
0.00493185069292246 0.999932016693396 0.999999999999999 1 0.00515693826249286 0.00363965916643016 0.00615868860789526 0.00438391320416742 0.00461393979871583 0.0036338798512372 0.00380553008402018 0.00411268668498155 0.00426305851732312 0.00380571717106848 0.00819077679534508 0.00779127878367902 0.00434779104134342 0.0146962824145895 0.00397986450746934 0.00368300840642755 0.00366969075424584 0.00650767521306583 0.00595588397283298 0.00434382292175928 0.00398921011513276 0.00371568680888879 0.00680342520609079 0.00462703633791062 0.0175165242478701 0.00852926413086397
0.124969165885409 0.370279900995835 0.999999990914264 1 0.0936250240349823 0.0664730756270405 0.0430737984373442 0.0763798085304661 0.110683142613388 0.0437748113085613 0.0612321647122739 0.117212804535483 0.0466933124562252 0.0460376770965704 0.0645250473718598 0.0441505654865805 0.0528303331582867 0.0444826518666522 0.0436515201105447 0.0492752774716028 0.0470645339128493 0.0432465852849104 0.0677828705149043 0.0522760942054959 0.0432232270773298 0.0875064218158611 0.0432062306574568 0.0596388545932031 0.0503013559253151 0.0475585629933959
0.00843016425478138 0.999999998750189 1 1 0.00746418205749733 0.00910452412746299 0.00747173278437252 0.0080080564676086 0.00705549841101594 0.0142761720074047 0.0071650982559599 0.010435068349916 0.0113875856197548 0.0070778092127346 0.00780518942703867 0.00905196637450612 0.00790269407973754 0.00736173841988885 0.00911776979588663 0.0202789911876732 0.00880379806549636 0.0071648101757783 0.0128899088248791 0.00713349905619709 0.00824070364012641 0.0166390485009809 0.00799260835285653 0.00717080132059822 0.00718091995799086 0.0138182193666512
0.19540077067378 0.417091376593173 1 1 0.102982986292672 0.0568144346892369 0.193588724826335 0.134094536723655 0.0916624253609187 0.067353388543388 0.0626422586219578 0.288004329809903 0.0956885389565025 0.0988188088112429 0.12851099526295 0.0562139294183397 0.0761866712755851 0.0640419289876138 0.0590204196869231 0.0574444051037162 0.0576525354896205 0.0563562801568209 0.0893914805791484 0.142567462164817 0.0668183763947298 0.0628515550536967 0.0577139550142876 0.0584094298258928 0.0565171807663758 0.0621369775865148
5.74698743383006e-05 0.999999980350694 1 1 6.60084753900669e-05 6.92254225187483e-05 5.94774129863973e-05 4.91578949792792e-05 0.000565039271956391 5.88611196010724e-05 5.92098229672544e-05 5.39454773484938e-05 4.8714800294225e-05 4.93896139752703e-05 4.95727721324668e-05 5.06346584080442e-05 0.000146527465347823 9.60279409704112e-05 5.87354475590773e-05 5.65548658481019e-05 5.11462382559724e-05 5.09286598903147e-05 6.33710165734991e-05 0.000122140500836254 4.89888917794001e-05 4.80223880205966e-05 7.65388675827428e-05 5.50566416037679e-05 4.91169136266345e-05 5.30004117945682e-05
0.00582349562849782 0.99999962813355 1 1 0.00129988326157149 0.00104574023939619 0.00144265717396308 0.00127749173253855 0.00108770851764572 0.00115559206110871 0.00148357368439767 0.00137952962452526 0.00103464650536644 0.00192851739867117 0.0135273224087931 0.00108860841837477 0.0013791009559585 0.00166356580003046 0.00187900284782938 0.0011086028552566 0.00159730832661842 0.00125319149819281 0.00111119698122664 0.00191590948950338 0.00105346145899199 0.00150482588119194 0.00455383554286537 0.00111013382562064 0.0241400512388551 0.00642383125930279
0.00391735367546442 0.982567984499588 1 1 0.000407450272088661 0.000133691420569848 6.81005746853147e-05 5.19718227754984e-05 9.98744932748652e-05 6.89892371313894e-05 4.40438463803483e-05 4.00252378506272e-05 6.32467805897763e-05 5.51441187628399e-05 3.87698707542405e-05 3.86951058762852e-05 0.00117602718112197 3.94566374806171e-05 0.000159791005915344 8.51284232463723e-05 0.000144712112769563 0.000194553751195592 4.46270292824291e-05 3.86390482203236e-05 0.00203318492447291 6.59323886547103e-05 4.35948515014051e-05 5.12065293055697e-05 5.30425808030754e-05 4.06210118145678e-05
0.000232071299479997 0.999980735126483 1 1 1.32294805577082e-06 3.15256845184742e-06 7.11508883366463e-07 9.35716927719099e-07 6.41804634715637e-06 0.000237584548752556 6.92717896866313e-06 1.00577159717341e-05 0.000111786232095623 6.41506497589539e-07 7.18210975803046e-07 6.43970334102129e-06 1.83418477484043e-06 0.000272445900831642 8.80631087607497e-07 9.53643876311361e-07 6.11603795617199e-05 5.61180111496862e-05 6.91977408040501e-07 6.7109240353691e-07 6.12274165401328e-06 8.10987302091171e-07 9.59081670148798e-06 1.94325578739551e-05 4.57986621493767e-06 7.41117394453816e-07
0.0301743042751088 0.162108237165468 1 1 0.0373787042114875 0.0264620606319943 0.0226155658472178 0.0233543880226813 0.0258197487463061 0.0235467677336563 0.0234142401214265 0.0295627408263951 0.0404857905121889 0.0275978354650234 0.0242034601048646 0.0369861482466356 0.0244140137821438 0.0453351724659555 0.0298827991784417 0.0391511624041727 0.025643609112028 0.0250238296529127 0.0258226597508407 0.0237193895999317 0.048719754955137 0.0348965435386112 0.039450848157624 0.0638933478427117 0.0551480350759298 0.0303853184723912
0.12786131565893 0.99999981129179 1 1 0.038068942702821 0.0168280898730128 0.0298603575534707 0.0168729083368605 0.0168544180577341 0.0176490407862315 0.0187752102105185 0.01877016156219 0.0172326717963989 0.0304562188972358 0.0181770565989546 0.0189396809824547 0.020206634602337 0.0168285103066877 0.0168326533750693 0.0218074901224984 0.999999999999845 0.0243479860598375 0.0197625901113306 0.0172555892559753 0.0168471540117825 0.017172167496586 0.0169754224530421 0.0262787514039807 0.0465185791103947 0.0192985238495642
0.000238227951788406 0.00108726003112358 1 1 5.26755665407608e-05 4.81733185471178e-05 0.000182004071324071 0.000241946568836582 3.6120890007707e-05 4.01682370847478e-05 5.30525380206814e-05 7.53277278706665e-05 3.72878521323061e-05 3.67465001961387e-05 3.75371485547005e-05 3.46547767493544e-05 0.000241302144850852 0.000128553405974507 3.92521847683014e-05 4.85990197597319e-05 3.33212441030462e-05 3.27518942178084e-05 3.77678323699726e-05 3.31443718698532e-05 3.73978317252943e-05 0.000179649293156059 4.63431460030472e-05 4.03587400559235e-05 0.000101051525417728 8.56377714523182e-05
0.0513975727124815 0.44871079553707 1 1 0.0342338985704573 0.0190919264302165 0.0214389444970147 0.16314194740278 0.0203643391612743 0.0214996453545471 0.0223181389581252 0.021503835651119 0.028369633228485 0.0194923973739435 0.0250088163091231 0.0190106872902779 0.0190419480082892 0.0211940084631344 0.0219524583726501 0.030859441031066 0.0230540477372582 0.0189774202881097 0.0319137239919628 0.0816401336426659 0.0196345727197501 0.0472567028108455 0.025894514903387 0.0190854564094409 0.0189954452831758 0.0189843930048414
9.98128605449455e-05 0.999999999608616 0.999999999999999 1 7.13083513724788e-05 7.54505585507381e-05 8.38489922916352e-05 6.26391909755997e-05 0.00186215506544385 7.81327399855813e-05 7.8749378402021e-05 0.000100540979715125 7.2619846543609e-05 7.0893878219902e-05 7.27448461000924e-05 9.07047033660291e-05 7.02529267921914e-05 6.33432136331047e-05 6.33576247996981e-05 0.000120653538726812 0.000214192381718159 8.32277264993797e-05 6.47028200890798e-05 6.89883343495401e-05 0.000142708022643045 6.87499314042661e-05 6.40004552682205e-05 6.42172024633014e-05 6.52987168979768e-05 0.000128979319258038
0.0929015592614854 0.208448776456424 0.9999999999824 1 0.112754257407453 0.0566841544683624 0.114991890586198 0.0548532603542496 0.0968505669484389 0.0577432028278755 0.0550874560353394 0.0645205461878946 0.0558740908384672 0.0625748140405578 0.0539790386553032 0.0635574838757827 0.0538649925372588 0.0546335576370289 0.0538048207613365 0.161771034022427 0.0593428667965109 0.0811510642970605 0.0687937405213993 0.0772234524598848 0.0540730807053598 0.0551961442462215 0.0620355202057116 0.0646342165926215 0.0537432990292743 0.0965867182212358
0.0633263513144156 0.999984943830238 1 1 0.0481345760389665 0.0457648701318398 0.0419652168905132 0.043468660326045 0.0613551951756656 0.0422310246393377 0.0506922989320707 0.203100778906655 0.0422772847835985 0.0518301851344988 0.0447825992267616 0.0755198057565327 0.0484953977866123 0.042106617972629 0.0420962095028879 0.0840694679859306 0.0471315929618468 0.0431037005533408 0.0480129886310583 0.190660958507607 0.0688358096536263 0.0449623880463557 0.0424103046356222 0.0537644252982225 0.0441527138768409 0.0458686616714727
0.0119396527726029 0.00469413778455696 1 1 0.00215291879935675 0.00380211918632378 0.00202426007653977 0.00121632752409306 0.000649952725536918 0.000772084687251096 0.000718849751649264 0.000692708330072511 0.000672999511383332 0.00169162510043952 0.000745315222400511 0.00121404121615198 0.00105856799692283 0.000716325180394328 0.00186557635111517 0.00167076345482209 0.000684964622272966 0.00131414410664954 0.000860921976135631 0.000757707068769098 0.00105866267459342 0.0021045176146115 0.000704337062092275 0.000764459841467446 0.00110721043161055 0.000653227507170562
0.0981700108638482 0.178547059281538 0.99999999999218 1 0.0665343498625406 0.0838583619373953 0.0311460607068212 0.0277440569675204 0.0203089944686197 0.196195224274517 0.0419157797062464 0.0331180013715286 0.136975411426822 0.040851959211455 0.0253994295430966 0.0229275380325127 0.029402199243717 0.0281056487726907 0.0210331910399795 0.0305166255932108 0.0202437238045595 0.0215606161183894 0.0244236455214877 0.0240255675646319 0.0493512283071817 0.021674921803349 0.0214586114246672 0.0237084957106376 0.364877865862727 0.0358956912221655
4.36674168713402e-07 0.999999999758961 0.999999999999781 1 1.41224449912158e-07 3.67942019741108e-07 1.28827434275891e-07 1.07795020909407e-07 1.31894117294529e-07 1.02675159152632e-07 2.06107549360901e-07 1.03550176433487e-07 1.523501883538e-07 3.25504532883159e-07 4.67459517428104e-07 1.26733902816589e-07 1.06431906399251e-07 1.30811258158836e-07 2.91267208696322e-06 1.21290830924492e-05 4.42719820692439e-07 3.80263884052212e-05 5.49471915411992e-07 1.54465739199416e-07 1.02171525462325e-07 5.60471445143484e-07 3.69588113557917e-07 6.64682813900086e-07 1.06084007578389e-07 2.79887825527236e-06
9.80599223755485e-05 0.999999999848078 1 1 2.89579396391959e-05 0.000114390965410327 2.92199164064755e-05 0.000214790044667734 3.42208308623526e-05 3.97555681798112e-05 0.000101073640324967 2.89595463754955e-05 4.44986714027706e-05 2.97151765829007e-05 3.07728707996668e-05 3.12062269022251e-05 3.01159229363357e-05 6.60397342066021e-05 9.02104339596255e-05 0.000177811559844088 3.75334211801803e-05 3.05958974239351e-05 5.21969599568406e-05 0.000430251536873039 7.7339438618429e-05 0.000244548452584481 3.28967426289628e-05 3.00726056530198e-05 3.19454162932553e-05 8.15083650007598e-05
0.244282031745962 0.00735055328563927 1 1 0.00993350252910985 0.00657464882276448 0.0073378602552161 0.00776347593957538 0.00666577429205695 0.0067271460103312 0.0153840149319804 0.00643175604451363 0.00662176337659637 0.0196890483129486 0.0125467674153876 0.0197944649930285 0.00666300076659299 0.00919717064655745 0.00688391609958383 0.00894862808426544 0.00972177848215283 0.0132464983303069 0.00649157678089352 0.0220335559397881 0.00991273438829265 0.00660515030273046 0.0111799713346126 0.0066872346176603 0.006527313832139 0.00712403454936206
0.217181185358711 0.0623334709825503 0.266475821279081 0.999999910786892 0.0671100221740398 0.036506135720365 0.0762208850908912 0.0885917234595434 0.101263829347244 0.0679520378781114 0.129038870632626 0.0412276340817062 0.267403751302549 0.0367089331688139 0.0489081746333442 0.0556244266784237 0.0477879049681141 0.0408681253434894 0.0446604835141037 0.0484026097327437 0.0341344399277497 0.0345418389767335 0.0336768063657954 0.033797776143396 0.072637288260661 0.157305496083592 0.221267015697038 0.0496884088586328 0.0361180556139403 0.293920038453676
0.0144831029579892 0.999999999989139 1 1 0.0184420978975793 0.0132364248467027 0.010105329060948 0.0104316178311613 0.0102251152650575 0.0112790092223581 0.0107857215110616 0.0128501949970199 0.014196123304597 0.0101170135409256 0.0105459696677411 0.0136731491583557 0.0178645660489517 0.0100047337743095 0.0105205945510009 0.0117887317571845 0.0104103912696643 0.0117357874214444 0.0212429255364845 0.0104556870483892 0.0105912853816088 0.0124216013907179 0.0172345061406641 0.0188958490898439 0.0142753794976274 0.0126924710802011
0.932083796153477 0.999999943015555 1 1 0.000249573868529418 0.000377042760706936 0.00248942130911489 0.000426006359327546 0.000270258242460186 0.000294568349687441 0.000606220475336094 0.000286567859980824 0.000908563807901941 0.000420826629163762 0.00115211858004627 0.000427374437521277 0.000284449414520882 0.000339522558099326 0.00026122889809066 0.000247204202713958 0.000250212303012587 0.000600489360733203 0.000274312136833599 0.000314027104694636 0.000275767901047885 0.000259164508110588 0.000253495320124864 0.000449541523564689 0.000252768762918909 0.000276581602112524
0.0324823669535994 0.99993450964857 0.999999999999951 1 0.022631598154192 0.0224819899136551 0.0254769998308567 0.0288738315334661 0.0587298481526402 0.0208519023681074 0.0898907124572059 0.0350341406841853 0.0223233249368879 0.0268289364322092 0.251673030316529 0.0231121638014989 0.053923723169592 0.0216081357912067 0.0214098094541926 0.0254363440621527 0.0297405651841572 0.0700315443827728 0.030365948240854 0.0201608965052723 0.023492219905161 0.0689601486577759 0.0356280280388634 0.0201815783441058 0.0233007104123495 0.02710683458239
0.00169963559389852 0.999999995240131 1 1 2.51537906107435e-05 3.69617090524299e-05 4.11669799819103e-05 4.05460224081056e-05 0.000129747392109802 2.46149063468648e-05 3.00929864268662e-05 4.35429198482051e-05 2.72936624902131e-05 2.766143670907e-05 2.54050628201163e-05 2.59251089023138e-05 2.60982112172403e-05 2.73243988234695e-05 3.02138284086206e-05 3.99617586567258e-05 2.75268707492504e-05 5.97820160607165e-05 4.11634506609637e-05 2.56238411328047e-05 5.07231358338744e-05 2.47645070829972e-05 2.62088403240046e-05 2.43747454522492e-05 2.72742258997649e-05 2.53414654600714e-05
0.0447244197335986 0.0532682589737055 1 1 0.116544655308924 0.0390815474507082 0.0323532269489173 0.0328979539382094 0.032301875708691 0.0341535213474853 0.0347797774121392 0.0413883429703067 0.0326443871543305 0.0357366722505126 0.276375984991026 0.0698671193098058 0.154137629075158 0.465549799900119 0.29667713426294 0.0765978040083874 0.27892630726892 0.0322948934311565 0.200182869139476 0.0444764634520831 0.0391397777040047 0.0745635322491879 0.032556251538 0.0336101784708273 0.0328333224735999 0.0385080428064029
0.207199128243057 0.130609737176674 1 1 0.031281650886718 0.0343891023087288 0.030327789968619 0.0372952417445738 0.0576609177232622 0.0557903497929954 0.0344368217721492 0.0302855365585468 0.0362422373380998 0.0313862599688227 0.0303191449950874 0.0374691434076736 0.0307357465272547 0.0328150103366578 0.0416814274377412 0.0624023243903336 0.0325524209434036 0.0297781381649657 0.0806484742697123 0.0334622550850284 0.0472853732308398 0.0566952838017039 0.0967945508106522 0.0528574126482054 0.0563924295338132 0.0298698962203421
0.979833444647809 0.062576542939036 1 1 0.00365335314340542 0.00101485765600617 0.00254204494737009 0.00130488448495492 0.00102005787520243 0.00106974457398235 0.00191573440858972 0.00103226797678635 0.00139271145091957 0.00104370167714152 0.0096179790587515 0.00105575915582634 0.00152237394858157 0.00246786738505345 0.00128080397239438 0.00108960458611818 0.00125661841560276 0.00102678496651498 0.00112362507897057 0.00115410501136248 0.00129075746913954 0.00132157968310609 0.0111261978428537 0.00162786083123256 0.0012330565236226 0.00117923413501031
0.00356622498571568 0.0470888297059104 0.999998817972214 1 0.00414266532273144 0.00664296992941271 0.0547287645378818 0.0563679521381933 0.00366219371018706 0.00622493478481412 0.00615101047363786 0.0120339335709089 0.112067328534294 0.0105174066327179 0.00408873354711825 0.00388217562835214 0.0120825964809689 0.995612042847681 0.0202744474257982 0.0105535403134973 0.00420124211155193 0.00501845801793133 0.00398924437093184 0.00549827719469376 0.0971503766015887 0.0095855749852003 0.00360368871314265 0.00389985366141721 0.0112355909360488 0.0525791041560159
0.000145110130181036 0.0020213930780375 1 1 1.89782671866645e-06 3.97789799078119e-06 6.43751208129206e-06 3.4139284718071e-06 4.54813447370306e-06 2.1658608400088e-06 1.88545266655016e-06 2.52920636530929e-05 1.05650007788949e-05 4.14156307193547e-06 3.55841268762092e-06 1.76049826372537e-06 9.40759525402957e-06 2.05967877775493e-06 1.58202545171848e-05 2.87539512910939e-06 1.75473361985201e-06 2.39385808531445e-06 2.08274991164714e-06 1.74352426152158e-06 2.10557846946902e-06 6.70144760561708e-06 2.6350081182569e-06 2.96060858506753e-05 2.87075283156302e-06 2.30847923143873e-06
0.0385238574474025 0.14963657181816 0.999999999958864 1 0.029306938358646 0.0583276491551362 0.0851703342062996 0.0395973801926143 0.045695426354431 0.262078084260885 0.0278475867504292 0.243032157703971 0.03148944211121 0.0262407029731806 0.026254837793628 0.0271683688641838 0.0287889215397762 0.0292375954029693 0.0367156767506106 0.0278496759129907 0.0382682791611524 0.176455911993828 0.0326388880765994 0.0533745656190493 0.14702160325861 0.05086577777285 0.0327659380572914 0.0344026372877633 0.0329199088136093 0.0690161592092765
0.206184565771305 0.507418510587464 0.99999999995625 1 0.0208214342353609 0.0462414747900374 0.0228252994720832 0.0219835257561183 0.023358571945947 0.0257662671216838 0.302384628866238 0.0208572556096415 0.0880553817830523 0.0237536660188936 0.0206826813174916 0.0656399012004535 0.0218092466350644 0.0491878346513546 0.0279194781310022 0.0302114807157985 0.0214573206981223 0.0206744052783848 0.0412986024292036 0.305838319932575 0.0268377953209215 0.0213126101434837 0.0241949317251813 0.0218933570408268 0.0441174349047079 0.0494275501876382
0.0120335560142514 0.178109085809107 1 1 0.0146198216780503 0.0121846842161816 0.0111119633030404 0.0119895417937186 0.269659885627059 0.0120005126579646 0.0187930066285175 0.0395023547218413 0.0297652826512158 0.0144314937302238 0.0319349529953759 0.0119031257861426 0.0229318927444546 0.0838083775853902 0.061128653665807 0.0114019907833829 0.0180555104378354 0.0246885591841698 0.040300180244122 0.0178531541892015 0.0177579661506073 0.0154826965945675 0.0117228154265961 0.0139616354243398 0.0254136173243105 0.0125918269054898
0.0529327388984812 0.017397329394936 1 1 0.00764442427756673 0.0167804399122082 0.00767722759549161 0.00765220391956378 0.00915855538160382 0.00814798738846301 0.0113607140780853 0.0103616242523484 0.00928386466040332 0.0151754649335866 0.00910878931595549 0.0077323163973938 0.00784997064311055 0.00769337473547949 0.0100879607218292 0.00964778881335182 0.00765576612115271 0.00768043754284553 0.0120930797894342 0.00808311447353316 0.00852140939200563 0.0089518805590092 0.0134401265482594 0.00838436373459572 0.0102623240361868 0.0178489854640617
2.42283427854817e-05 0.0011398314075175 0.99999999988912 1 2.6386945173984e-05 2.82405964362464e-05 2.68754327629184e-05 2.46913266749305e-05 2.23615627490403e-05 3.21134825046476e-05 2.3602788062016e-05 0.000933343991022517 2.2355145520403e-05 0.000138026114677281 4.84269380968128e-05 3.64417662428451e-05 2.66130852117907e-05 2.73280664506714e-05 7.88007456233863e-05 2.70099361329157e-05 9.73923065114013e-05 0.000161756201019547 7.79466944935692e-05 6.85297392574169e-05 0.000117846558586265 3.55524510813332e-05 2.91470074597067e-05 2.48909592950319e-05 4.18714670123999e-05 0.000709323809360729
0.000996563993521771 0.0542665149513915 1 1 0.000775008234844887 0.000676449584732342 0.000605523437572808 0.000607872394342346 0.000661301267261383 0.000622471795096557 0.00061014911455759 0.0012640477461997 0.000645678033545316 0.00994033474418132 0.0015289977636993 0.000606283791275475 0.0201301263046599 0.00124068730548788 0.000665144593977929 0.000688410655918514 0.999999999996492 0.00169862891840677 0.00236672452053321 0.000615758032780134 0.000836555311963805 0.983078893044888 0.000916594561739537 0.0021924147006076 0.00149074539695415 0.00408809263389975
0.0253303238658972 0.999998770141439 0.999999999586066 1 0.0227822360390559 0.0207117148346865 0.0323591713060977 0.032036862280024 0.0740219068704813 0.0200961918964268 0.0200843986108117 0.0269300753554023 0.056992070500513 0.0638521566357431 0.0316670487973765 0.0224610279589781 0.0435958620966157 0.026434110775698 0.0196034848790383 0.054180478521452 0.117309860568673 0.0712708241565551 0.0358485420860022 0.0656853927479503 0.0194742419370908 0.0229585933623407 0.0295597826685724 0.0215902298105727 0.0257184928353681 0.0265128519376254
0.0477965762342691 0.997355961242737 1 1 0.0144886209287737 0.0122083875573175 0.0649305027381958 0.0120269468948031 0.0130915977673631 0.0125767261028874 0.0127070373927263 0.0127051604406418 0.0120227739555844 0.0170485768242151 0.067582879901404 0.0217250785640658 0.0124164639001946 0.0120363601955887 0.0126260124186296 0.0130715449138641 0.0167334890630539 0.0164810776205551 0.0128268227844645 0.0140231982254847 0.0168556498266227 0.0170172565816548 0.0381712021850764 0.0123354083670407 0.0378395778746873 0.0121347027612458
0.279689577002155 0.385625728823212 0.99999999999998 1 0.0190044745616421 0.0148046280868578 0.0360969524450415 0.0637981061864399 0.0104138919277251 0.0128290957430016 0.0109889280488342 0.0150790791397308 0.010715660370768 0.0105653700339883 0.0133900669877313 0.0403097382543613 0.227622391803378 0.244362571042757 0.0215763693120921 0.0131642292591868 0.0439799649275615 0.0129197725133831 0.0109507624119016 0.0109972949313933 0.0160585206223418 0.0160485533474033 0.0100586497394151 0.0136966389377379 0.0263278437148605 0.0100982591049483
0.0339108777858815 0.0898451669033058 1 1 0.14966577182142 0.0339105406587991 0.0363572356323023 0.0344155293096908 0.072714367337924 0.0351267364729138 0.132033037200738 0.053702910032649 0.0367473413397357 0.0471264380767644 0.035883377342126 0.0562679279929525 0.0349530217422609 0.033673633844815 0.0364241024183586 0.0342648944673445 0.0711567277684961 0.0495792428859596 0.0403436807677274 0.0475509428278611 0.0557383862957492 0.0550195476102757 0.0834359315357819 0.0461972463239062 0.0347955477407683 0.0911905796593937
0.0297002779933236 0.292226677220079 0.999999999880096 1 0.0175370204489911 0.0135153849913562 0.0135161612332579 0.0178764965162594 0.0198354772782832 0.0192816800452321 0.0135995502896735 0.0211707835975042 0.0136538271754085 0.0135942614405565 0.0135187673501017 0.0302039629918264 0.0156911875201852 0.0154421778491836 0.0173648631430513 0.0314446769198123 0.0343118015740959 0.0157097810479531 0.0135243390846287 0.0169469380594417 0.0247641644051552 0.0152397600409973 0.0135155365215263 0.0135354854821776 0.033529580470278 0.070353221172333
0.996466001643734 0.999999999998364 1 1 0.000211226550554389 0.000166173172669093 9.87057882297915e-05 0.000123575553751976 9.34730493125091e-05 0.000117313127099949 0.00250787661544505 0.000181875233686513 9.1772410408586e-05 9.91356780845054e-05 0.000114760437183836 8.74594059594447e-05 0.000133439223012122 0.000144156527165817 0.000238703893631009 0.977966170221346 0.000264196024901686 0.00010080832192727 8.89427279540111e-05 0.000230692912183583 0.000136447227951364 0.0010116252890251 0.000366288876810561 9.09200349882289e-05 0.000350388645850908 8.69731863386569e-05
0.0818545826866707 0.291016964527306 0.999999686234947 1 0.0608459978544688 0.0593660330409994 0.0717418660687736 0.0602771254288589 0.0756883293199547 0.0645975755127342 0.134751062282902 0.0741742277020805 0.0604700558853819 0.131730568830585 0.0853658108877684 0.0973697994683078 0.0601303252402823 0.0601017510688866 0.0779060092112654 0.0617425461803975 0.0592864146677647 0.0590901059526436 0.0638067590738999 0.0700347389264169 0.19096041136675 0.0964912009693502 0.13014965162998 0.0655781112585767 0.0595217600703539 0.0604547346744799
0.00616034425701628 0.00498740237690132 1 1 0.00277898464644655 0.00274159867736046 0.0025145965481761 0.00241244358162807 0.00237104877148142 0.00239045991762488 0.00304680911057376 0.00235954183903186 0.00348399871512517 0.00328017228635058 0.00255555184441658 0.00238899205826459 0.00264675296468175 0.00605462258379541 0.00289183374140867 0.00262733321585429 0.00248325145562311 0.0029943661252636 0.00362242742831098 0.00329101246541585 0.00368460090357692 0.00244965402564767 0.0242119018487638 0.00511774167502932 0.00239250586042927 0.00292739029630273
0.000351225036002489 0.000692080295931707 0.999999999989572 1 0.00141636822807822 0.000197702547602652 8.08986421979574e-05 6.46397368528895e-05 9.68315686712407e-05 0.00119734995030929 5.62221842320687e-05 0.000196371228042724 7.47137770631401e-05 0.000194401141943135 0.00109557412795103 5.8056537482476e-05 0.000316803711797431 0.000305346206477708 0.000123314072954184 0.00035818503108187 0.000129047363239487 6.02683467160192e-05 0.00600003110326364 0.00117321542862459 7.4039346741217e-05 0.000156305777939791 0.000118918102948395 0.000113009594932323 0.000137810715970188 0.00320920557130211
0.0452124597051629 0.565029460809499 0.999999999999759 1 0.250979544175703 0.0571063312531624 0.0420577194123917 0.0520909107201992 0.0673459565668996 0.0409339265643165 0.0559596886773235 0.0525787662321341 0.0376024196017588 0.0484048331744694 0.0398635921242995 0.43347924358019 0.0492936060385851 0.0696952631548744 0.148891100905919 0.105783919053671 0.0436890299224276 0.0445776859755314 0.0429216979052424 0.037362309794386 0.118425451741268 0.0373189840968378 0.0384245687124776 0.137047751713563 0.046757158691333 0.183991138071984
0.999958636990266 0.99997226482247 1 1 0.00550234055130272 0.00444625997940651 0.00487230460571508 0.00434416908351887 0.00695396617355326 0.00447276078772985 0.00493301999806572 0.00472316606297662 0.00439511925109515 0.00494934563231408 0.00466472465322321 0.0282733655756432 0.00450151876384119 0.00434565889161453 0.0046087129751381 0.00464186145149326 0.00514991962270983 0.0047414458600249 0.00763846681947467 0.00557890719683718 0.0108294739058858 0.00724213140350549 0.0133790325311741 0.0043464780147725 0.00435505251529766 0.0046701038709025
0.00423168480464609 0.00227168871891514 1 1 0.000563189836732314 0.000404166276852358 0.000377758853083887 0.000424470709684432 0.00223211114039168 0.000394898170801405 0.000687226932871265 0.000970803431245337 0.000432287506004658 0.000390419567627309 0.000627334671404189 0.000370179031192963 0.000379679854322412 0.000429466911206045 0.000400107237361169 0.000997481229703112 0.00283174031560918 0.000374744384018522 0.000542310620773923 0.000375716076897126 0.000372689717469621 0.000362494032659089 0.00140206925734443 0.00394847903588524 0.000364649348076895 0.00167153794165786
0.331453545669421 0.999999090117823 0.999898685399475 1 0.0218057575664663 0.0179351278831429 0.0211213505065907 0.0373186082656579 0.0176644666210175 0.100529188877674 0.0222332352278181 0.0181926867568452 0.0231771054082242 0.0173930330335383 0.0207615801157759 0.0854247277638522 0.0201481421965469 0.0180494580699435 0.0233503336472386 0.124520008033362 0.0357502620274167 0.0619576392996034 0.056102097924793 0.0177556200537119 0.0193880110326486 0.0281171980446804 0.197783169468471 0.0757346283059386 0.0245636591959374 0.0644983977460142
0.00447024998570611 0.999999999996574 1 1 0.000215964252193279 0.000473232428380599 0.000212214460586835 0.000255611849265258 0.000216822780937154 0.000298230396479915 0.000240923282104566 0.00199920460546532 0.00580781171760048 0.000551057757631312 0.000484372753646323 0.000323264176758431 0.000210317680544359 0.000225761932176938 0.00020722547715335 0.000544819216415138 0.000239718362919139 0.000301063620248732 0.000213908529751894 0.000279808959623096 0.000231022640362122 0.115192874748831 0.000550777583935624 0.0015244282549729 0.000492254012605775 0.00250127485175067
0.119386800079162 0.999999990963559 1 1 0.0607710624076094 0.0357056644098617 0.0890845406906016 0.0353040309973689 0.0461302326583689 0.0365827091158002 0.0418381734427054 0.0364796919873985 0.084062258975187 0.0556630822120159 0.0352784212409293 0.0425656437397237 0.0958725176565651 0.0358442851103263 0.0372021448485821 0.0675588216491703 0.0396454624492669 0.0512672862002266 0.041150255800849 0.0352898892868925 0.0439095493015732 0.0825299677557026 0.0363030163170226 0.0360556223281689 0.0357153792557822 0.0536264854427899
0.0254790034539994 0.00741864370471379 1 1 0.00304851071989798 0.000565099937594127 0.00146013252532839 0.00621726222015395 0.000452554402052052 0.000486937566521628 0.000617526406990643 0.000450970204084578 0.000512284347939485 0.000460218801906831 0.00164094669169168 0.0026772433853669 0.000538233554806311 0.000569623287583587 0.000870432199571503 0.000902280285127177 0.000471386536276985 0.000472135162420062 0.000546438662669124 0.000560518107431185 0.000701848210035938 0.000453300500132925 0.000454965035464383 0.000660032265618948 0.000466710355451982 0.000615464038139057
1.03668889158692e-05 0.00083339820112005 0.000124468459105409 1 1.37593010022252e-05 1.06713214875764e-05 1.66267333513437e-05 3.29526415407955e-05 9.30995866765816e-06 1.97084902039402e-05 1.44476323734599e-05 9.29968888452315e-06 1.38252530055283e-05 2.94584300294387e-05 0.000131492576212811 1.26930012781523e-05 1.0738774533614e-05 1.05872835433063e-05 4.0831690455434e-05 7.17592951637869e-05 1.14969348260496e-05 0.00191258723665433 1.00194365473261e-05 0.000111421823902669 0.000686927740921939 1.31247321314421e-05 0.000230073227770022 0.000156361924625759 3.14057031872705e-05 3.3657628141226e-05
0.0779586651323012 0.0266221137240263 0.18250945645202 0.999999999999989 0.0466693917954242 0.0267704640013461 0.057790419407815 0.0612895535086566 0.0329360671835105 0.100245299410076 0.0494908857329985 0.0266301261614497 0.211990618742941 0.0607945687473429 0.031853994136524 0.118387457594068 0.0393338252592113 0.0312654707065373 0.0300763611845558 0.0372498379724548 0.0626197190125232 0.0263926571442763 0.0328222800156294 0.0796991283890242 0.192820146140343 0.0281215498542474 0.032768937031654 0.128006612296797 0.0272062823506636 0.0421176134850634
0.0399071095690399 0.0718218645920116 0.287330918675887 1 0.0346974413012646 0.0319859642425071 0.0276169405825919 0.0264867047312981 0.138472900879039 0.0427735600062036 0.0275856469704573 0.0276015871122527 0.0332306353976005 0.0279250402117426 0.0474478903635284 0.031042830199414 0.0297056940004581 0.301558529824852 0.0293779478978757 0.0286822993923268 0.030408572336906 0.0337520175280895 0.0662703931537236 0.201211996550154 0.0273381057383405 0.0354277585516959 0.0600549794221054 0.028490222480249 0.0473130629991306 0.0372072504801071
0.136443960375751 0.0630094785566281 1 1 0.0412798949804053 0.0310845051690191 0.0255992967894408 0.0374451484053728 0.0372950393879312 0.0245249615238368 0.024573527485379 0.0405897364641933 0.0246002658821024 0.0447935135914279 0.0302639318469929 0.0322943208957513 0.0242264315023231 0.0619726395200406 0.0242354225919873 0.028144051192328 0.294751704159003 0.0273566379104049 0.0284801967246306 0.0245624067282044 0.0295400930773947 0.0252212218789942 0.0270921642004265 0.111877004187116 0.0242443156465101 0.0261183769811399
0.385053568942966 0.241148198499196 1 1 0.0114691296117551 0.0776177192284043 0.0178244591704072 0.014797803353141 0.0117461908427151 0.0573417343175713 0.0122088054395945 0.0174054788073621 0.0114598607145544 0.0108496752373631 0.0104192823187826 0.0323474408292925 0.0103046552386402 0.0528901457652222 0.185499248957855 0.026137690231149 0.0274169169357698 0.0111523861463902 0.0828963409720671 0.0121459988911513 0.0104056227803649 0.0793474329291948 0.0150787429106013 0.0917899902032561 0.0126416970955485 0.0159341479550116
0.0516916756966425 0.999999907096613 1 1 0.0262927806542723 0.0218299518993761 0.0445292528972062 0.0386153081619147 0.0247712790046974 0.030675376972995 0.0216092701663957 0.999822081248869 0.0711531413285634 0.0360867623567906 0.0243328604124787 0.0483647729642034 0.0690356863283494 0.0216076719137488 0.0221941768648812 0.0295730063469036 0.0299290533294698 0.0464247902634443 0.0657450966419272 0.0219985372014015 0.032187411126776 0.0719418491043787 0.0679435291725921 0.0218685916497482 0.024237054104745 0.0221017744251286
0.0194587724164274 0.0609952339570423 0.0940385100845524 1 0.0410955551207651 0.00944770387579574 0.01277212065168 0.0417794310632775 0.0107051220004978 0.0117329043623938 0.0255242470333585 0.0188560579942144 0.00904285928419846 0.0519681037286603 0.0158069055715053 0.00861221844141458 0.0160159364808542 0.00861944670440973 0.0163302219193074 0.0260642570906114 0.0617799495089122 0.00864951517646839 0.0120344097106706 0.00897942691448039 0.0438754865484664 0.066857890552155 0.0102227538411841 0.0207936354830678 0.0103825911331366 0.132428388179858
0.0184975959889527 0.342420048245358 1 1 0.172760817592536 0.0238911535258425 0.0297875490170404 0.0191360436319072 0.039556705184518 0.0205440348755155 0.325040244023564 0.0253699949970293 0.0207723831997919 0.0292719498721035 0.0189489093605564 0.0191192219288709 0.0387689107051813 0.0605102008366819 0.0186783573875119 0.0249396396425563 0.0184433620719351 0.0943027171542344 0.0392912265102823 0.0223834764237953 0.0191996589535208 0.0314070790675374 0.0184327867658473 0.0207249186423262 0.018930253955512 0.0193197995797361
0.318852803953907 0.442195586579858 1 1 0.178944494451454 0.024286955934112 0.053691091724771 0.0738000863824649 0.029783185960831 0.0674682391769511 0.0351831041113032 0.0294791547338191 0.0619762910227438 0.0242390332710888 0.043725774560496 0.0330111560580525 0.407456632948409 0.0302394083380616 0.0397821541837078 0.0255777739414359 0.135733021202325 0.191349127325698 0.0244110590728643 0.0343787753899294 0.0268515116864412 0.087410741342456 0.0402738972190332 0.0410009366209363 0.0969118883950816 0.176811134403914
0.0285783181982067 0.0150773660876113 0.999999999923654 1 0.0658719369577097 0.0204884265515026 0.0122667201997756 0.0794301676698085 0.0154654664755077 0.0115067935254475 0.0118543375910621 0.0115390229946652 0.143695390755384 0.0135835447943938 0.0442745862344969 0.0131483491032257 0.0220663292186105 0.0189271150619579 0.0133708604182036 0.0131342735091835 0.061806172396299 0.0195206522460273 0.0125888819178698 0.0251867988055898 0.0123958504811158 0.0154255493578622 0.0420313559082849 0.0126560067728929 0.0198331134124512 0.019856022718138
0.000168070217173577 0.00699858449021917 1 1 0.000167034256853826 0.000142238538304973 0.000217604988418052 0.000141078774708259 0.00020916101841173 0.000135857135001083 0.000138461246494193 0.000172667447018271 0.000647560734852171 0.000149592189853665 0.00153959480804977 0.000141040372194312 0.000267587591770924 0.00022042239706288 0.000152009038432377 0.000271168796825094 0.000164183997073741 0.000197950191262453 0.000204984356096727 0.000163688570730347 0.000139519457121096 0.000178540968449603 0.000158631819215604 0.000139080879270392 0.000135420425927624 0.000139698118528875
0.0546189180742607 0.00567916373924238 1 1 7.35438282832845e-05 1.16610258710237e-05 1.2653208138147e-05 1.10347801347555e-05 1.26625877933106e-05 1.13953140422618e-05 1.87423685442667e-05 0.000172691426892135 2.302480114591e-05 0.000200236185036395 1.65929185319547e-05 5.99940533984045e-05 7.4426198450217e-05 1.19359947011732e-05 1.17023965223728e-05 1.65088472805497e-05 7.98287650151108e-05 1.44066279276212e-05 1.17185001071718e-05 1.59362092241322e-05 1.16488425114802e-05 1.21130014515414e-05 2.20898148185489e-05 2.7538149482198e-05 2.19390974683931e-05 2.71435150882571e-05
0.0488693799210197 0.133308449285731 1 1 0.0167953901829682 0.0196830862782519 0.0168927806485099 0.0244369202245576 0.0178319526649116 0.0227271326762162 0.0171938503671727 0.0193853706367537 0.0193635686578676 0.0175786368371702 0.0406324958292341 0.0258477835914779 0.119196007570118 0.017682451066927 0.0398273090834094 0.0174123138347821 0.0318544910211433 0.0609566666604625 0.0181427770634617 0.0177830592934398 0.0380955644711709 0.0288664323329052 0.0223751216250001 0.0323443516338612 0.0208787944948114 0.0221168374712487
0.0477869031895958 0.23792946654823 1 1 0.0377927983544722 0.0287081827444149 0.0314346882811477 0.0539960208955939 0.0299640450119818 0.034172498229562 0.133109707363997 0.0327042412986972 0.028740885314662 0.0480133598788733 0.0293053754679284 0.113985803498572 0.223250871960583 0.0355609035591156 0.0318754066801777 0.0287043236522845 0.0291581093710787 0.0617999719701346 0.0433322414829934 0.0286994612238819 0.208603232418915 0.036081867194256 0.0574766209527499 0.0382294622322213 0.0344676866981086 0.0582095736067517
0.0164524832394567 1 1 1 0.0167762419330464 0.0157787712839575 0.0287172802706753 0.0158612721860742 0.0150373556805233 0.019536400794864 0.0150689662513963 0.0150742068426649 0.0238895318463788 0.0150153654277868 0.0150860111872982 0.0214333256823218 0.018634765850405 0.0150488331832928 0.0186326433845343 0.0156419471929518 0.0151264119657709 0.0150536427592191 0.0186446635095118 0.0225810076522385 0.0272559486928251 0.0152207944558479 0.0529530675303892 0.0159270240829076 0.0206124511732992 0.077498446804923
0.00561358180459248 0.0119703937990469 0.203830407970635 1 0.00570380547873972 0.0175982736202541 0.00752712755702001 0.00607310499110381 0.00561890110420182 0.00776085191656528 0.999999999910006 0.091511028425183 0.00891639065196836 0.0188674475786368 0.22507968652706 0.0382798631455794 0.398750150381376 0.00555343453952506 0.146897906972436 0.00662569763158516 0.999997906355121 0.0565887208326541 0.00701585700800023 0.0676033890264507 0.0108378750270021 0.00855798927514406 0.00846157893648825 0.00669195777311915 0.0656593854771735 0.0160524013500103
0.014320280125445 0.406204929707045 1 1 0.0147433565859553 0.0631646663289905 0.0137043291387322 0.0138067613982414 0.0168131500463419 0.0156660188328682 0.0178473444668037 0.0180163906702618 0.0324093961441486 0.0138496123468993 0.106697094124928 0.0147284966828286 0.0138410363864733 0.0137854530474268 0.0137211184935616 0.0341698208221846 0.0173963772711059 0.017595831397353 0.0145720327938187 0.0139430226988213 0.181328193422711 0.0155354913916805 0.0202281641479679 0.0163093288180743 0.0357100157210658 0.0165644955817671
0.000861194890738659 0.99999998159108 1 1 5.98877722148838e-05 8.28816982314518e-05 6.84288480268247e-05 7.35553491677532e-05 6.55999581623545e-05 6.11275192319294e-05 7.17369859098982e-05 0.000111292331788637 0.000132230325251559 6.39105934802098e-05 7.3718423130309e-05 0.000117507308804554 6.21343509266126e-05 7.2195575439582e-05 5.85543513068609e-05 5.95822035173166e-05 9.57552495419733e-05 5.93133505382148e-05 8.50250401117636e-05 8.28177961782472e-05 0.000231488223864318 7.17793767813779e-05 0.00016530183715846 8.07088689815938e-05 6.9894464436393e-05 0.000106187773769806
0.0601201393221598 0.0880678369566782 0.99999999879916 1 0.00763219385331515 0.0193718375061243 0.00724864524642632 0.00714779356214412 0.00871768325061795 0.0130367951615709 0.00799798200716029 0.0346574245782408 0.0073871226633313 0.999610555786267 0.0143331749156319 0.00725687821732868 0.00731403116646057 0.950491473177437 0.0222373626019609 0.00695918579518129 0.0276323761572619 0.00740982642724475 0.00706250487380378 0.00901952570123166 0.00872420872061308 0.00698682260758998 0.00878899763031549 0.00689217124528474 0.0316554908238892 0.0614381637583106
0.000309193176168177 0.999860123741887 1 1 4.57606939752164e-06 4.34462953091685e-06 3.59918416059646e-06 1.72292416122932e-05 4.25779009638472e-06 2.42984221997533e-05 3.88671936812912e-06 2.37446501913929e-05 9.34761750803759e-06 4.02431033119655e-06 3.59418396889133e-06 6.32287385049501e-06 5.76619829451008e-06 4.43998290333703e-06 3.59992348397675e-06 0.000200962504728341 8.50457822587636e-06 6.06015623594303e-06 1.18845963769099e-05 3.81824581441315e-06 1.37828979509536e-05 3.72919742619437e-06 3.8050222733732e-06 6.52586984006831e-06 5.88722604499825e-06 3.71364331452906e-06
0.0965526629980309 0.236232895871278 0.99999999999864 1 0.0582935453902543 0.27816538373032 0.0278853369162335 0.0255040056247339 0.023157893186241 0.031077800592049 0.0449826602550194 0.225803838690802 0.0502744727703717 0.0196784014558533 0.0202021107286877 0.0197692829549375 0.0206235666673444 0.0285123933770115 0.192919281185405 0.0205181052330836 0.0201498851999679 0.0206553363615504 0.026292825593037 0.0536066159275719 0.0197904835564711 0.0200055284929779 0.0284925455936329 0.0568095810292828 0.0388645011799663 0.0269276277864644
0.0455403983297832 0.222975098036603 1 1 0.0384127257746308 0.0310994751001453 0.0319637937592494 0.0313181243870606 0.0519130997245868 0.0311508911974571 0.064064006996203 0.0359834160805536 0.0364651403697855 0.0328772507951794 0.0395737528533363 0.0433385608915237 0.0337032848097085 0.0323286196039345 0.0328261650006304 0.0429545752503636 0.0498709418458855 0.165252077772641 0.0744752376248043 0.0309399755526694 0.0350262859165863 0.0309270201230566 0.0309499976836639 0.0991019501214142 0.0414000105267845 0.108221833532931
0.0208061769393457 0.256284002112619 1 1 0.0219647958968473 0.0183016831868557 0.0237286684193446 0.0186562575035379 0.040308667063737 0.0188489292654334 0.0734827833210178 0.0369877452967803 0.017990357076112 0.0181216952624875 0.0268218444713129 0.0176250839381464 0.0204799511012689 0.0178868936850202 0.0328730998629305 0.0203394246926915 0.0395729372214232 0.196204856605597 0.0175990420389008 0.021074949805501 0.0249758642320482 0.0179303061572051 0.303121302378714 0.02106698349031 0.0203561009004289 0.0378418810711761
0.992632638900343 0.998629205443483 1 1 0.00984563535387695 0.0078018043133159 0.00693365686119274 0.00921820543548679 0.00616132800043911 0.014068781006304 0.0121933801547868 0.00405144871878005 0.00407145842534495 0.00451406537315402 0.00770596420125014 0.0103488408877802 0.00405834660158522 0.00395737119879402 0.0233687217334473 0.00435974353778523 0.00485070803788157 0.0039868289989774 0.00399418590765999 0.00535096521769496 0.00422668857469966 0.00566189235307146 0.00524024656050082 0.0193072414356006 0.00612021381262196 0.00407441581745127
0.00173441963653764 0.999999985216154 1 1 0.000736158435959422 0.000823716409745767 0.000997054341809966 0.000615190681078626 0.00106432087058905 0.00126818166570997 0.0012123525916008 0.000693762915202401 0.000676742126040186 0.0013707591382941 0.0031979454518779 0.000663288274720841 0.000647648443088067 0.000617575905588308 0.000845750230586417 0.000987429882684188 0.00160374587787249 0.00113644626628839 0.000629423082162628 0.000643359506455332 0.000614021525658703 0.000639601513881649 0.00066895844978776 0.000670055820051196 0.000988358423355429 0.00210802233449647
0.0373750299616966 0.15402096142436 0.116055643319158 1 0.256107327123092 0.110276648912998 0.0729124251708136 0.0465257179390854 0.0435329076108348 0.0381141700643509 0.0599720095438497 0.137768105175252 0.171559590293096 0.0423304609564312 0.0376787808930893 0.0353452802545392 0.0374762578549164 0.0659870487904513 0.0514806076649991 0.053140157151563 0.035439128951543 0.035407875037564 0.999997820002473 0.0352197446646925 0.0364670671994385 0.050442518180435 0.0572364409683155 0.0369472441279662 0.036869835901628 0.151907490304852
0.0339384277188225 0.999997442326275 1 1 0.000582720825676231 0.000546493704368989 0.000544491591011886 0.000551243109352839 0.000550002793112792 0.000551781170391674 0.000567952164662211 0.000946789418915239 0.00231639696312524 0.00102002125893608 0.000546115627344745 0.00169614767216297 0.000548988291482644 0.000601768680832726 0.000544333947644748 0.0005452019463692 0.000621617736006885 0.000839536945408614 0.000841381218847581 0.000575544277669815 0.00155445563952339 0.000543963847818518 0.000598755719326327 0.000748863098865016 0.000906479428196882 0.000807033035487903
3.24923677419431e-06 0.00103126379871465 1 1 0.000158573741994461 2.80207343150707e-06 2.64920006398661e-06 8.83460308709338e-06 3.97856615275138e-06 2.46629193456638e-06 1.25798171715097e-05 5.84221004529262e-06 2.62453224786352e-05 1.9787908157598e-06 1.7259555168736e-05 2.18920419325919e-06 2.18974816457163e-06 5.46876904020666e-05 6.09310358801185e-06 5.2884978661849e-06 1.98016519858957e-06 2.0289795209516e-06 2.14187917713105e-06 2.5048719018983e-06 2.2114228780401e-06 2.46552400362532e-06 2.13177446395374e-06 1.83143473094782e-05 2.01975737723625e-06 3.43678610670306e-06
0.059870245200052 0.0468464209085092 1 1 0.0329225814925271 0.0352086813829839 0.0771476454390191 0.0396023501236376 0.175939948690795 0.0413446156817864 0.0414553245178838 0.0324770461622013 0.0447525535773293 0.0721323655421622 0.0341506729067514 0.0463458739059631 0.0326732243635333 0.0331400225039122 0.0498832771812989 0.0323786955461669 0.0830625279623523 0.0403422426549896 0.049482476406662 0.036235398840613 0.0325701526983732 0.0330170146023188 0.0354265993553523 0.048424316412784 0.0370111267010003 0.0356394194371602
0.2122179976363 0.0326764266902462 0.999999996450064 1 0.0227203947362596 0.0209880411881384 0.0464220468456398 0.0257885480655305 0.0212893056933838 0.0418192133348476 0.0272312580529084 0.0205682404978608 0.0256555594963903 0.0217503433905007 0.020367617973576 0.0301422964253346 0.0583262618041861 0.0328913036742872 0.0339875273577231 0.0216393194061293 0.0217767132614615 0.020524551533149 0.0590588463727234 0.0222239893435525 0.0425573995852354 0.0366417828165959 0.0205627433530058 0.0220271821733788 0.0236531925005171 0.02079210400981
1 1 0.0057398548808858 0.999999999999976 5.69626262160172e-05 0.00196911857305859 0.999999999999995 3.90708191074784e-05 5.59766898765579e-05 0.000500238205895398 0.000678598341608105 0.000101746537883751 0.000124859391249843 8.16460451168455e-05 5.5393415701821e-05 4.35104121420116e-05 4.79356411043907e-05 4.4613208337263e-05 4.72799563355775e-05 4.86579214274974e-05 0.000159124103667696 6.54478474793052e-05 8.83398239078792e-05 0.000197777514782338 4.11179976812504e-05 0.00025236597014755 0.999892623383712 0.000349641514113319 4.22531966570716e-05 7.23170994371136e-05
6.6251498897496e-05 3.1856958659926e-06 0.999999999999841 1 2.63509019704511e-06 2.51605154244494e-06 3.28662407367286e-06 8.73415951663237e-06 1.09232464291509e-05 7.07439446190339e-06 3.08304013429961e-06 2.6261890209156e-06 3.02002410168534e-06 2.6881385523092e-06 5.37731189564905e-06 5.55826968484663e-06 6.27996699398281e-06 5.40290410322442e-06 0.999733831382044 3.19133405191074e-06 6.93772219029221e-06 1.34488379039954e-05 7.25077865699753e-05 3.18332172621894e-06 7.10122517788569e-06 6.3113634997114e-06 2.53864119791336e-05 8.00458510865631e-05 4.08162591314376e-06 2.46553847293995e-06
0.000114774491033032 0.999992834518658 1 1 6.07760064655904e-05 6.6846644825147e-05 6.89896595471584e-05 8.35611621509136e-05 9.49780404395639e-05 4.37827392141266e-05 5.35570807067565e-05 4.51358773679855e-05 8.74026710150355e-05 5.01331276169248e-05 0.000100878419352357 6.14014886198833e-05 4.10596474880176e-05 0.00521432013266665 4.62017135572923e-05 4.27356314861571e-05 4.48305262699122e-05 6.79872196729381e-05 4.69546491205231e-05 8.03312488064645e-05 0.0001823356517755 4.65795351042297e-05 4.59593831908522e-05 0.000398175880259255 4.33249804602243e-05 4.10953295304495e-05
0.000865141660955082 0.0454101467638346 1 1 0.00100190501946729 0.00743413242822244 0.000885552955514513 0.00234216164978496 0.000889591481591734 0.000931099667669799 0.000965050416221525 0.0028601112850456 0.000875475827743166 0.00289186985729428 0.00417025853457242 0.000862379858801221 0.00131285012725568 0.00426656189343744 0.000957080248031206 0.0176666271043922 0.00441465979177447 0.00090842019713322 0.00090038361166167 0.00297743730151323 0.00137880060022899 0.000914738120672665 0.00217777108893091 0.00166412483335932 0.00115355343969126 0.000924237230829461
0.0300012201481611 0.0233794872434402 1 1 0.0143523068873445 0.0147803270094072 0.0145833776192689 0.0739513424588919 0.0320578023808893 0.0155076604560703 0.0157289264025141 0.0162942209085531 0.0145733526066094 0.0165342293606948 0.0162077616693436 0.0311333312903742 0.0147141892265255 0.0253718473635556 0.0145292457433881 0.0150166702811589 0.0150150759361816 0.0526078307697212 0.014690648012767 0.0147392014422618 0.0160965441311188 0.0342963248989246 0.0147011430209814 0.0151613214021729 0.0241581882627286 0.0182909347174569
0.00140900481260586 0.971365879752897 1 1 0.00129846071538486 0.0016596463082772 0.000845399191914953 0.00144073381104104 0.000832807123803625 0.000825704039086217 0.00550237148588284 0.99960793059828 0.00489618775956957 0.00161108375844754 0.000866456856761677 0.0113316554418973 0.000822659001923798 0.000833869346646199 0.000816118909758079 0.000913148070527559 0.000918236751922485 0.0014569050942177 0.00185318095116771 0.00111029682826669 0.000935507852826256 0.00631024956954662 0.000815979037729786 0.00100509867500242 0.000903633580007002 0.000888332416874249
0.000740350846846871 0.000471073612241413 0.99999999999975 1 0.000332499753167292 0.000812386234211093 0.000200321891602795 0.000196429684015564 0.000358384306938131 0.00262540274027179 0.00036035341583962 0.000301832580084649 0.000282747881791168 0.0331894205939353 0.000189362958732509 0.00177300357676913 0.000192953907601989 0.000188063259572213 0.000705021254775673 0.000196996825635565 0.000542989751354361 0.000387323487470059 0.000620070455860322 0.00040557991052903 0.00471284926310256 0.00025045707790472 0.00026831965318852 0.000186138708281658 0.000303638235126358 0.00247712019666979
0.408213664625968 0.164468657764447 0.999999999999999 1 0.105319057372381 0.263196854917775 0.113645171384208 0.0906596336806893 0.0419936475913388 0.0488495362624154 0.0493357669916676 0.10107280668101 0.039530277241183 0.0563301256321328 0.0433015558969375 0.0429796122776892 0.256865295202423 0.0943738755276621 0.101609748798821 0.0394361003876567 0.0480963057368964 0.0717344506795483 0.0401686106806791 0.0404789353513014 0.0884977762472257 0.0601088736264531 0.0394413830055265 0.0514177701656481 0.187172867670638 0.0663078210584962
0.0225430957166145 0.999999992382076 0.120007021708802 1 0.0609009558022998 0.0251875859616746 0.0873726860993118 0.0250106896122365 0.0221419335161265 0.0220674967164241 0.0635158211845867 0.0806714974317323 0.0573840072153678 0.0229521502768669 0.0532548685557412 0.076425949662566 0.0344108425038844 0.0292433663794101 0.0319088422095622 0.216096878968074 0.0919556089901671 0.179846820902373 0.0255751877138769 0.0221986478132324 0.0310383661819552 0.0250191316947173 0.0370651215563735 0.0470950575586729 0.0433385463934653 0.0644952748334275
0.997907272656201 0.999999348085234 1 1 4.92357489858541e-05 3.92753806721657e-05 3.6048515630438e-05 4.1607619570061e-05 6.53062561738471e-05 4.89771002639694e-05 3.79130631401603e-05 4.50945946036674e-05 4.1935617422717e-05 5.53942860551659e-05 3.6593778408478e-05 0.000115059084896618 3.88151909666012e-05 0.000188257622567245 3.67968353283121e-05 3.88608991690464e-05 4.74667367041937e-05 5.54764972974242e-05 3.58473625664546e-05 3.69172414173002e-05 4.47126471240233e-05 0.000591483822538152 0.000109700552604286 6.85794217306634e-05 4.78796701868234e-05 6.17637436388652e-05
1.35973723143223e-05 0.00696962769175646 1 1 6.21686126689447e-07 6.38227827476356e-07 1.10258257346452e-06 6.20451155564083e-07 6.91494838056528e-07 6.32539596367998e-07 8.74542997020278e-07 7.08048510933423e-07 7.43352151388876e-07 2.45798210729564e-06 1.07830000384279e-06 6.20768695780427e-07 8.11099091335699e-07 8.28927288143433e-07 8.23632771984606e-07 1.03216427616015e-06 6.37338610665061e-07 7.01349687881603e-07 7.25933897105513e-07 6.47535506881347e-07 7.00538845377352e-07 1.11134116553835e-06 1.57250612309312e-06 2.89769718841981e-06 6.20546041996128e-07 1.48822421508488e-06
0.0313499062794897 0.0324032404284414 0.351589436581791 1 0.030929311315791 0.0378483816275782 0.0994145999493923 0.035484612009073 0.125442477831746 0.0701837574549589 0.0428146804798304 0.501450216954594 0.0328764387759227 0.0433106736808473 0.292002297985384 0.0313258195157985 0.0313510248355551 0.189045036437088 0.073002438301396 0.0363835342192692 0.0832355853895406 0.034648562043901 0.0348892085289363 0.0311876244655372 0.0310769358333198 0.0350485114425404 0.0334911117228127 0.0325480437370134 0.05583084529872 0.0593872951608847
0.145755780382155 0.34015488055761 1 1 0.0257396581469018 0.0388501369659546 0.0265603246294231 0.0729489452320793 0.0311405175601421 0.0243733758953215 0.0245789590053778 0.0309007794138993 0.0266129512777175 0.0461531861530097 0.0286542956001758 0.0867960903006991 0.0245288054664665 0.0610961608859923 0.0340152544091116 0.0408358037610644 0.0245849092329623 0.0473106660121386 0.0407873549838874 0.121034674404935 0.026303466170484 0.0300585839239466 0.0289602033938622 0.0255293389424148 0.0248114722693804 0.0242908688466938
0.0484499540989174 0.034625149698731 1 1 0.0390689025090217 0.0339444914405099 0.0396875385903732 0.033300130060997 0.0330126221867135 0.0340230929901137 0.034830012803616 0.0409532476954424 0.0361321790768402 0.0347556134308119 0.0350369200306012 0.0352907045005444 0.281258007582614 0.0332581452363497 0.0496202483587096 0.0330059267199067 0.0340088062450036 0.0330860049812414 0.168940260364174 0.0401356999348234 0.164029242790395 0.0331550832067801 0.0351757963292625 0.037750100619363 0.0497150960797136 0.0337479729306541
0.000555164596881208 0.999999995832867 1 1 0.000449151538866932 0.000222511463262576 0.00806047672540378 0.000223609157167126 0.000505036950773752 0.000305514580712374 0.000720870882272684 0.00023060788625795 0.000496347627893301 0.000278205302333911 0.000285399804631048 0.000261879139075272 0.000332072549822593 0.00200319918085501 0.000272738232800163 0.000266571829005802 0.000268891738952171 0.000251927155266896 0.00191911170880632 0.00149843588252807 0.000219049114042247 0.00025192700473653 0.000260328178388836 0.000253638567304648 0.000271607906073834 0.000333755287162285
0.0658638900679041 0.538776199492485 0.999507393069815 0.999999999999971 0.0659413657160364 0.0854905949813 0.0750020774993286 0.0664085483222333 0.0877845576217505 0.0690873610671711 0.0973642139497604 0.126901736371204 0.230783933537261 0.141444968131412 0.0729783719114327 0.0655337455751009 0.0680092466875157 0.0666566352447778 0.0656149251577051 0.0656751869531815 0.0665386776509218 0.110941255195396 0.0693140581037843 0.065940483725044 0.0725516162959371 0.130090548637679 0.0654964948883758 0.0679333279920187 0.093444572395963 0.0919034104257038
0.00117223190975002 0.00151389559210413 0.000457322464793797 1 0.000135193277937096 0.0001206212808883 0.000754722138172959 0.000124048223861917 0.000128911158356004 0.00487483243566689 0.000279868486212642 0.000186112185851517 0.000183907855636933 0.000211073453029176 0.00013374726796811 0.000169901044905774 0.000216050077382013 0.000182538503814444 0.000110630059737105 0.000399561059202691 0.000122845597680499 0.000193227422036535 0.000114595403191586 0.000154053009425614 0.000134303440973649 0.000120148768044004 0.000121917521035519 0.000116791632103319 0.000284838249886565 0.00109479916910871
1.70392912720585e-05 0.0202870030898262 1 1 1.7002030260338e-05 1.41142239500347e-05 0.00193000684619227 1.40539314127386e-05 2.76102712447601e-05 1.50936341070107e-05 2.04138562527323e-05 3.59223876228443e-05 0.000152740000527785 1.38791907513536e-05 2.71828002860186e-05 0.000156396263596204 1.52886635055305e-05 2.15778892576068e-05 3.51126882913722e-05 1.63731840084891e-05 2.21323981712818e-05 1.64811479567151e-05 1.48644764618178e-05 2.55580358970997e-05 1.5163406987595e-05 1.44785005196102e-05 2.22801082069291e-05 1.9204993590205e-05 1.64891292036007e-05 2.02401245882333e-05
0.0241292332821325 0.00533136365705289 0.999999999368516 1 0.000115196534867135 0.000300774706424534 3.64398314200987e-05 3.11876066809713e-05 0.000169829400623045 0.00092416262114714 0.000176136082848055 0.00011644546338152 3.29301984484109e-05 5.90819314862934e-05 0.000106124601580215 5.25955502912456e-05 7.03744545638152e-05 0.000837088002813569 3.35632089371041e-05 8.11743114479402e-05 4.14684954931355e-05 8.68522613632905e-05 3.44427599408004e-05 3.5450909864454e-05 0.00013885491032728 3.03779490279377e-05 3.01206212123262e-05 4.1911100351677e-05 4.01151750367701e-05 4.72732268007592e-05
0.00337775701127085 0.992246792011892 1 1 0.000990907009532749 0.00261330910497304 0.00401271179114593 0.00125189091689737 0.00846171721031019 0.000872234475657652 0.000935223684345066 0.000893981863212989 0.00207948333117025 0.00117459100433381 0.000896730900858178 0.00122368246431648 0.00264886448421031 0.00147760958718546 0.000868179565017502 0.000939082618975573 0.000894349331483246 0.0033322191214713 0.00237030589888521 0.00559164679179924 0.00109842027603058 0.00100930437745572 0.000922542603827625 0.00149929282382433 0.00162995759797635 0.00089097574741126
0.208636804529351 0.999996926276966 1 1 0.0211748161472888 0.0252380848514736 0.0226813781367121 0.0637738737940687 0.0206231396476081 0.0245581515789607 0.0284009527990622 0.023357596648778 0.0344293149471122 0.0556923063663443 0.223221072332386 0.0670466800419501 0.14158175140901 0.033441155197739 0.0344323387267456 0.021564809958564 0.101498903892215 0.28600798887007 0.0205150262629022 0.0342501193059718 0.0205841036886228 0.0205710230786829 0.0254374912909059 0.0212198307325807 0.0244830846139414 0.0520523164731159
0.00029008346529702 0.000119704503249052 1 1 2.22046877367266e-05 2.44287329530524e-05 3.26590566035456e-05 1.38781667620158e-05 1.73362488398165e-05 1.1955442638989e-05 2.18006130572324e-05 1.27401957726869e-05 1.1194526856384e-05 2.04693437564352e-05 3.25991671086268e-05 2.29297560498942e-05 1.19494761764427e-05 1.11303736877177e-05 1.47057194642697e-05 1.44405457295216e-05 1.124645249162e-05 1.18238227331258e-05 1.0646447529572e-05 1.16017101383648e-05 1.22570555716184e-05 2.98906041774627e-05 1.10858794888369e-05 1.2953371307578e-05 1.29670348184563e-05 1.19625804667622e-05
