[1] "Average Estimates for Betas: "
 [1]  0.0473992273  0.0828416360  0.2095999311  0.3087365002  0.0025802145
 [6]  0.0220875802 -0.0174906245 -0.0075814324  0.0222577796 -0.0204406938
[11]  0.0046693692  0.0164405832 -0.0039851903  0.0206784028 -0.0061563298
[16] -0.0009319029 -0.0130749435 -0.0142460560 -0.0217372599  0.0228564055
[21]  0.0026060781 -0.0276439405  0.0150722606  0.0091235598 -0.0046012677
[26] -0.0087441998 -0.0201055987 -0.0020882989 -0.0104683721  0.0092948605
[1] "Standard Deviations of Betas: "
 [1] 0.1532475 0.2230893 0.1873277 0.1396511 0.1593866 0.2407462 0.1745705
 [8] 0.1535902 0.2379757 0.1452561 0.2192266 0.1616267 0.1214827 0.2403692
[15] 0.1651341 0.2597863 0.1177207 0.2559076 0.1868854 0.1476844 0.1228128
[22] 0.1968358 0.2854269 0.1254492 0.2258000 0.1325253 0.1889724 0.2335655
[29] 0.2253833 0.2030620
[1] "Average StdErrors for Betas: "
 [1] 0.1249295 0.1469400 0.1295101 0.1267268 0.1407671 0.1415252 0.1393852
 [8] 0.1321713 0.1476119 0.1243683 0.1497581 0.1309194 0.1193287 0.1494778
[15] 0.1325381 0.1413293 0.1302986 0.1283229 0.1461435 0.1319983 0.1299937
[22] 0.1323018 0.1382560 0.1229365 0.1570403 0.1349333 0.1531077 0.1387890
[29] 0.1490116 0.1520488
[1] "Positive rate for exposures: "
 [1] 0.06428571 0.13571429 0.34285714 0.68571429 0.05714286 0.05714286
 [7] 0.08571429 0.03571429 0.05000000 0.07857143 0.06428571 0.03571429
[13] 0.07142857 0.05714286 0.10714286 0.05714286 0.05000000 0.05000000
[19] 0.06428571 0.05000000 0.03571429 0.05000000 0.05000000 0.05714286
[25] 0.05714286 0.05000000 0.07142857 0.01428571 0.02142857 0.07142857
[1] "Bonferroni-corrected positive rate for exposures: "
 [1] 0.007142857 0.007142857 0.078571429 0.314285714 0.000000000 0.014285714
 [7] 0.000000000 0.000000000 0.000000000 0.000000000 0.000000000 0.000000000
[13] 0.000000000 0.000000000 0.007142857 0.007142857 0.000000000 0.007142857
[19] 0.000000000 0.000000000 0.000000000 0.000000000 0.007142857 0.000000000
[25] 0.000000000 0.000000000 0.000000000 0.000000000 0.007142857 0.000000000
