[1] "Average Estimates for Betas: "
 [1]  0.057162527  0.099005001  0.196368321  0.318169995 -0.001928703
 [6]  0.004404748 -0.009173301  0.005730294  0.008949801 -0.014649721
[11] -0.005012602  0.007472738 -0.001311887  0.004739560 -0.002588903
[16] -0.011045105 -0.017012447  0.006533624 -0.023128381  0.018420857
[21]  0.003925331 -0.012377941  0.002663823  0.008773598  0.014377717
[26] -0.005370447 -0.015601341 -0.005994881  0.023354836  0.012267087
[1] "Standard Deviations of Betas: "
 [1] 0.1195216 0.1262842 0.1264926 0.1271949 0.1187149 0.1213821 0.1290267
 [8] 0.1020093 0.1165448 0.1257764 0.1266275 0.1103587 0.1201175 0.1254027
[15] 0.1292964 0.1242579 0.1156996 0.1100467 0.1270894 0.1125693 0.1201319
[22] 0.1186278 0.1201102 0.1213913 0.1180983 0.1151091 0.1283827 0.1088275
[29] 0.1043647 0.1290056
[1] "Average StdErrors for Betas: "
 [1] 0.1190248 0.1186472 0.1187532 0.1191942 0.1198819 0.1179361 0.1194106
 [8] 0.1171058 0.1191687 0.1196002 0.1195980 0.1180475 0.1173423 0.1166206
[15] 0.1184313 0.1170686 0.1186786 0.1196548 0.1192819 0.1176921 0.1182939
[22] 0.1173900 0.1153915 0.1166395 0.1184141 0.1174832 0.1174267 0.1203867
[29] 0.1187953 0.1174436
[1] "Positive rate for exposures: "
 [1] 0.06428571 0.14285714 0.35000000 0.72142857 0.06428571 0.05714286
 [7] 0.07857143 0.02857143 0.03571429 0.07857143 0.06428571 0.02142857
[13] 0.07142857 0.05000000 0.08571429 0.07142857 0.05714286 0.03571429
[19] 0.07142857 0.04285714 0.05000000 0.04285714 0.05714286 0.05714286
[25] 0.04285714 0.05714286 0.08571429 0.01428571 0.01428571 0.08571429
[1] "Bonferroni-corrected positive rate for exposures: "
 [1] 0.007142857 0.014285714 0.107142857 0.350000000 0.000000000 0.014285714
 [7] 0.000000000 0.000000000 0.000000000 0.000000000 0.000000000 0.000000000
[13] 0.000000000 0.000000000 0.007142857 0.007142857 0.000000000 0.007142857
[19] 0.007142857 0.000000000 0.000000000 0.000000000 0.007142857 0.000000000
[25] 0.000000000 0.000000000 0.000000000 0.000000000 0.007142857 0.000000000
