[1] "Average Estimates for Betas: "
 [1]  5.707452e-02  9.363813e-02  2.066386e-01  2.949723e-01 -2.203268e-02
 [6]  3.036133e-03  4.920260e-03  9.089941e-03 -8.114315e-03 -3.375608e-03
[11] -4.408470e-03  4.151846e-03  6.826277e-03  2.280739e-02 -1.117847e-02
[16] -6.032453e-03 -2.094260e-03  3.532318e-03  3.051426e-03 -4.240479e-03
[21]  3.734099e-04 -5.577856e-03  6.655157e-03  4.180338e-03  4.621158e-03
[26]  9.403951e-05 -1.218362e-02  3.870913e-03  2.211524e-02 -6.588837e-03
[1] "Standard Deviations of Betas: "
 [1] 0.08164809 0.08991585 0.09363726 0.09330738 0.08018254 0.08938909
 [7] 0.07607007 0.07583474 0.09623202 0.08585629 0.09881010 0.08449319
[13] 0.07776301 0.08264194 0.08950135 0.08081203 0.09001147 0.09043877
[19] 0.09151369 0.07714377 0.09236371 0.08130172 0.09470629 0.08564076
[25] 0.08619506 0.08970598 0.09538911 0.09635900 0.07637056 0.09344598
[1] "Average StdErrors for Betas: "
 [1] 0.07246638 0.08042583 0.07848323 0.07705408 0.07492221 0.08078754
 [7] 0.07477758 0.07275126 0.07734584 0.07819141 0.08026921 0.07875783
[13] 0.07289096 0.07537393 0.07299792 0.07929377 0.08283199 0.07488967
[19] 0.07918440 0.07998592 0.07201541 0.07384880 0.07291931 0.07662836
[25] 0.07607028 0.07459069 0.07425344 0.08000756 0.07613658 0.07696608
[1] "Positive rate for exposures: "
 [1] 0.11764706 0.32941176 0.72941176 0.88235294 0.07058824 0.07058824
 [7] 0.07058824 0.04705882 0.09411765 0.07058824 0.12941176 0.10588235
[13] 0.04705882 0.05882353 0.08235294 0.02352941 0.05882353 0.12941176
[19] 0.05882353 0.04705882 0.12941176 0.05882353 0.10588235 0.10588235
[25] 0.05882353 0.07058824 0.11764706 0.07058824 0.05882353 0.08235294
[1] "Bonferroni-corrected positive rate for exposures: "
 [1] 0.01176471 0.10588235 0.42352941 0.70588235 0.00000000 0.00000000
 [7] 0.00000000 0.00000000 0.00000000 0.01176471 0.00000000 0.01176471
[13] 0.00000000 0.01176471 0.00000000 0.00000000 0.00000000 0.01176471
[19] 0.00000000 0.00000000 0.02352941 0.00000000 0.02352941 0.00000000
[25] 0.00000000 0.00000000 0.02352941 0.00000000 0.00000000 0.02352941
