[1] "Average Estimates for Betas: "
 [1]  0.0566380450  0.1035009431  0.1958778366  0.3233344390 -0.0064466376
 [6] -0.0004386542 -0.0031653363  0.0041849331  0.0136199098 -0.0104931435
[11] -0.0080408440  0.0095858931 -0.0086027749  0.0125528824 -0.0020169649
[16] -0.0096600826 -0.0208560193  0.0055437191 -0.0179660420  0.0158990067
[21]  0.0062026891 -0.0096540006 -0.0000257487  0.0031259899  0.0126546501
[26]  0.0013409185 -0.0194475851 -0.0083583550  0.0298366505  0.0103875832
[1] "Standard Deviations of Betas: "
 [1] 0.1287380 0.1282195 0.1398093 0.1355614 0.1395157 0.1406873 0.1421328
 [8] 0.1121700 0.1335613 0.1378961 0.1320510 0.1233665 0.1310329 0.1355958
[15] 0.1409550 0.1350619 0.1304271 0.1256453 0.1335582 0.1333785 0.1345472
[22] 0.1244023 0.1398486 0.1310847 0.1279529 0.1260431 0.1325761 0.1198518
[29] 0.1169140 0.1328515
[1] "Average StdErrors for Betas: "
 [1] 0.1295900 0.1295997 0.1289631 0.1297128 0.1312838 0.1286481 0.1301381
 [8] 0.1265764 0.1309501 0.1302399 0.1303233 0.1279631 0.1277108 0.1279135
[15] 0.1287635 0.1275031 0.1289332 0.1312557 0.1304859 0.1280473 0.1299352
[22] 0.1281578 0.1264127 0.1271895 0.1293512 0.1274367 0.1271071 0.1317127
[29] 0.1298804 0.1274361
[1] "Positive rate for exposures: "
 [1] 0.050000000 0.114285714 0.342857143 0.664285714 0.064285714 0.064285714
 [7] 0.085714286 0.042857143 0.042857143 0.064285714 0.078571429 0.028571429
[13] 0.064285714 0.064285714 0.085714286 0.050000000 0.057142857 0.028571429
[19] 0.057142857 0.042857143 0.057142857 0.050000000 0.057142857 0.050000000
[25] 0.035714286 0.050000000 0.064285714 0.007142857 0.035714286 0.050000000
[1] "Bonferroni-corrected positive rate for exposures: "
 [1] 0.007142857 0.007142857 0.085714286 0.314285714 0.000000000 0.014285714
 [7] 0.000000000 0.000000000 0.000000000 0.007142857 0.007142857 0.000000000
[13] 0.000000000 0.000000000 0.000000000 0.007142857 0.000000000 0.007142857
[19] 0.000000000 0.000000000 0.014285714 0.000000000 0.000000000 0.000000000
[25] 0.000000000 0.007142857 0.000000000 0.000000000 0.000000000 0.000000000
