[1] "Average Estimates for Betas: "
 [1]  0.0458358733  0.0985505992  0.2171839981  0.2983185618 -0.0376256133
 [6] -0.0037212426 -0.0076698086  0.0086855506 -0.0011946818  0.0044492276
[11] -0.0055877639  0.0096797708  0.0026314374  0.0145315763 -0.0114891155
[16] -0.0169357080 -0.0088356703  0.0009894395  0.0082526920 -0.0004850289
[21]  0.0026485053  0.0116950836  0.0050125192  0.0012240908 -0.0109825350
[26] -0.0108723705 -0.0271883871  0.0092285720  0.0271690598 -0.0042763035
[1] "Standard Deviations of Betas: "
 [1] 0.09631782 0.10279323 0.09727422 0.10351735 0.09970583 0.12274726
 [7] 0.10414668 0.08710976 0.09848357 0.10618426 0.09553537 0.09952738
[13] 0.10102605 0.11158473 0.10681887 0.10210910 0.09845650 0.10011376
[19] 0.09590176 0.08368508 0.10998147 0.08178439 0.11016784 0.09350583
[25] 0.10246159 0.10111158 0.09470158 0.09804232 0.07668787 0.10854815
[1] "Average StdErrors for Betas: "
 [1] 0.07503594 0.08640031 0.08858382 0.08279189 0.08300782 0.08478021
 [7] 0.08319472 0.07941974 0.08051292 0.08912506 0.08217223 0.07985576
[13] 0.08142820 0.08368721 0.08141635 0.08484267 0.08403004 0.08589880
[19] 0.08545290 0.08443268 0.08078244 0.07980809 0.08040446 0.08464387
[25] 0.08377094 0.08274347 0.07976216 0.08621928 0.08582574 0.08333791
[1] "Positive rate for exposures: "
 [1] 0.12000000 0.37333333 0.69333333 0.88000000 0.16000000 0.13333333
 [7] 0.09333333 0.04000000 0.10666667 0.06666667 0.09333333 0.12000000
[13] 0.12000000 0.12000000 0.08000000 0.04000000 0.06666667 0.12000000
[19] 0.09333333 0.04000000 0.12000000 0.05333333 0.10666667 0.10666667
[25] 0.14666667 0.08000000 0.13333333 0.06666667 0.05333333 0.12000000
[1] "Bonferroni-corrected positive rate for exposures: "
 [1] 0.02666667 0.10666667 0.36000000 0.66666667 0.01333333 0.01333333
 [7] 0.00000000 0.01333333 0.00000000 0.00000000 0.00000000 0.01333333
[13] 0.01333333 0.02666667 0.00000000 0.01333333 0.00000000 0.02666667
[19] 0.00000000 0.00000000 0.02666667 0.00000000 0.02666667 0.00000000
[25] 0.01333333 0.00000000 0.00000000 0.00000000 0.00000000 0.00000000
