[1] "Average PIPs: "
 [1] 0.12434697 0.41589478 0.90261874 1.00000000 0.03906309 0.02624593
 [7] 0.02771302 0.03121425 0.02805802 0.02695715 0.03936909 0.04764192
[13] 0.03135833 0.03210948 0.03164156 0.02803765 0.03493232 0.04081471
[19] 0.03996919 0.03246871 0.05039310 0.03177231 0.04339813 0.03414023
[25] 0.03050155 0.03455991 0.02802383 0.02596574 0.02749647 0.04720654
[1] "Percent of time PIP >= 0.1: "
 [1] 0.26428571 0.62142857 0.96428571 1.00000000 0.10000000 0.02857143
 [7] 0.05000000 0.02142857 0.05714286 0.05714286 0.05714286 0.08571429
[13] 0.07142857 0.04285714 0.07142857 0.04285714 0.06428571 0.05714286
[19] 0.07857143 0.05000000 0.07142857 0.07142857 0.05714286 0.07142857
[25] 0.07142857 0.05000000 0.05000000 0.03571429 0.03571429 0.07142857
[1] "Percent of time PIP >= 0.5: "
 [1] 0.071428571 0.350000000 0.892857143 1.000000000 0.007142857 0.000000000
 [7] 0.000000000 0.007142857 0.000000000 0.000000000 0.007142857 0.021428571
[13] 0.000000000 0.007142857 0.000000000 0.000000000 0.000000000 0.007142857
[19] 0.007142857 0.007142857 0.021428571 0.000000000 0.014285714 0.000000000
[25] 0.000000000 0.007142857 0.000000000 0.000000000 0.000000000 0.014285714
[1] "Percent of time PIP >= 0.9: "
 [1] 0.064285714 0.314285714 0.864285714 1.000000000 0.007142857 0.000000000
 [7] 0.000000000 0.007142857 0.000000000 0.000000000 0.007142857 0.014285714
[13] 0.000000000 0.007142857 0.000000000 0.000000000 0.000000000 0.007142857
[19] 0.007142857 0.007142857 0.021428571 0.000000000 0.014285714 0.000000000
[25] 0.000000000 0.007142857 0.000000000 0.000000000 0.000000000 0.014285714
