[1] "Average Estimates for Betas: "
 [1]  0.0379839145  0.0994286709  0.2204563259  0.3008727762 -0.0201483268
 [6] -0.0067029155 -0.0023353865  0.0002115667 -0.0056387127  0.0080231337
[11]  0.0237244901  0.0056408483  0.0012178982  0.0339526544 -0.0170693390
[16]  0.0117747558 -0.0174006026 -0.0025178732 -0.0242776208 -0.0078143736
[21]  0.0128567742 -0.0044669998  0.0074474690 -0.0016934478  0.0186631323
[26]  0.0006173357 -0.0265925765  0.0143161215 -0.0177210659  0.0049137316
[1] "Standard Deviations of Betas: "
 [1] 0.13592911 0.09901094 0.10146428 0.10518385 0.08394192 0.08692231
 [7] 0.08846519 0.13015681 0.11271356 0.08983681 0.17995505 0.08689215
[13] 0.07751447 0.15471524 0.09760924 0.13704674 0.13726828 0.08746890
[19] 0.16605028 0.07816388 0.08938117 0.12202499 0.16355449 0.08308117
[25] 0.15060165 0.10708201 0.21129812 0.09869948 0.23421585 0.11799153
[1] "Average StdErrors for Betas: "
 [1] 0.07979936 0.09952551 0.08823032 0.07243618 0.08215308 0.08607254
 [7] 0.08495329 0.08384242 0.09465075 0.07877888 0.10207827 0.08078858
[13] 0.07328277 0.08397795 0.07935590 0.10818566 0.08376681 0.08151040
[19] 0.09342813 0.07909196 0.07663437 0.08387716 0.08996161 0.07733869
[25] 0.09246062 0.08245546 0.10131741 0.07903654 0.11111076 0.09670648
[1] "Positive rate for exposures: "
 [1] 0.08974359 0.37179487 0.75641026 0.89743590 0.16666667 0.08974359
 [7] 0.05128205 0.03846154 0.06410256 0.08974359 0.12820513 0.07692308
[13] 0.03846154 0.06410256 0.08974359 0.03846154 0.07692308 0.14102564
[19] 0.06410256 0.06410256 0.08974359 0.05128205 0.11538462 0.14102564
[25] 0.10256410 0.06410256 0.10256410 0.07692308 0.06410256 0.08974359
[1] "Bonferroni-corrected positive rate for exposures: "
 [1] 0.01282051 0.10256410 0.47435897 0.69230769 0.00000000 0.00000000
 [7] 0.00000000 0.00000000 0.00000000 0.01282051 0.00000000 0.01282051
[13] 0.00000000 0.00000000 0.00000000 0.00000000 0.00000000 0.02564103
[19] 0.00000000 0.00000000 0.01282051 0.00000000 0.02564103 0.00000000
[25] 0.00000000 0.00000000 0.01282051 0.00000000 0.00000000 0.00000000
