[1] "Average Estimates for Betas: "
 [1]  0.059545922  0.101862475  0.200210247  0.320295241 -0.014879714
 [6]  0.009826735 -0.006774969  0.013306360  0.008029078 -0.018179700
[11] -0.007513994  0.009332381 -0.003973716  0.007999314  0.002105969
[16]  0.001276376 -0.003416510 -0.001901203 -0.011048229  0.020475704
[21]  0.008098825 -0.010508958  0.004878105  0.009893355  0.005286683
[26] -0.008396193 -0.011446876 -0.003898658  0.025185642  0.011218556
[1] "Standard Deviations of Betas: "
 [1] 0.1273578 0.1314270 0.1426943 0.1464362 0.2164472 0.1286222 0.1392508
 [8] 0.1185432 0.1374948 0.1348549 0.1408062 0.1605504 0.1450503 0.1396594
[15] 0.1425836 0.2160195 0.1953164 0.1483932 0.1420633 0.1294973 0.1335149
[22] 0.1403621 0.1365823 0.1271921 0.1404634 0.1237205 0.1339914 0.1199611
[29] 0.1135424 0.1467859
[1] "Average StdErrors for Betas: "
 [1] 0.1286658 0.1286769 0.1299992 0.1312734 0.1366207 0.1275155 0.1300382
 [8] 0.1289165 0.1327720 0.1359225 0.1327714 0.1380517 0.1374509 0.1282737
[15] 0.1306110 0.1357441 0.1362345 0.1388003 0.1312120 0.1308894 0.1296118
[22] 0.1359197 0.1275004 0.1277078 0.1301864 0.1266785 0.1282976 0.1310715
[29] 0.1331531 0.1291982
[1] "Positive rate for exposures: "
 [1] 0.06428571 0.15000000 0.32142857 0.65000000 0.07142857 0.05000000
 [7] 0.05714286 0.03571429 0.05000000 0.04285714 0.07857143 0.01428571
[13] 0.05000000 0.05000000 0.10000000 0.07142857 0.05000000 0.03571429
[19] 0.07142857 0.05714286 0.04285714 0.05714286 0.05714286 0.05714286
[25] 0.05714286 0.05000000 0.08571429 0.02142857 0.02857143 0.05000000
[1] "Bonferroni-corrected positive rate for exposures: "
 [1] 0.007142857 0.007142857 0.092857143 0.307142857 0.000000000 0.021428571
 [7] 0.007142857 0.000000000 0.000000000 0.000000000 0.000000000 0.000000000
[13] 0.000000000 0.000000000 0.007142857 0.000000000 0.000000000 0.000000000
[19] 0.007142857 0.000000000 0.000000000 0.000000000 0.007142857 0.007142857
[25] 0.000000000 0.000000000 0.000000000 0.000000000 0.007142857 0.007142857
