[1] "Average Estimates for Betas: "
 [1]  5.073522e-02  9.902394e-02  2.009028e-01  2.999433e-01 -1.515907e-03
 [6] -1.342906e-03 -1.346408e-04 -1.539859e-05 -5.609544e-05 -2.255900e-04
[11]  7.106444e-04 -8.334437e-05  2.373085e-03  1.010507e-03  5.620675e-05
[16] -1.832009e-04 -5.926070e-04 -1.642694e-03 -2.853698e-03  1.111293e-03
[21] -6.235184e-05  8.780075e-04  6.539363e-04 -1.170610e-03 -9.537755e-04
[26] -2.664042e-04  1.173409e-03 -1.351445e-03  1.731606e-03  1.286538e-03
[1] "Standard Deviations of Betas: "
 [1] 0.01660575 0.01625666 0.01434891 0.01548553 0.01646587 0.01415418
 [7] 0.01492185 0.01530148 0.01389157 0.01672887 0.01600099 0.01677776
[13] 0.01404727 0.01514130 0.01557259 0.01647864 0.01524030 0.01427901
[19] 0.01572188 0.01476313 0.01450088 0.01451766 0.01597617 0.01577203
[25] 0.01505113 0.01490967 0.01552721 0.01580512 0.01568426 0.01333255
[1] "Average StdErrors for Betas: "
 [1] 0.02140000 0.02124427 0.02128581 0.02139409 0.02141608 0.02115016
 [7] 0.02144272 0.02096832 0.02132930 0.02149473 0.02150117 0.02126534
[13] 0.02104107 0.02090164 0.02129885 0.02088890 0.02127549 0.02150580
[19] 0.02138803 0.02104268 0.02119099 0.02098276 0.02069459 0.02091465
[25] 0.02118905 0.02103471 0.02114362 0.02154619 0.02128457 0.02115131
[1] "Positive rate for exposures: "
 [1] 0.685714286 0.992857143 1.000000000 1.000000000 0.014285714 0.000000000
 [7] 0.000000000 0.007142857 0.000000000 0.028571429 0.007142857 0.014285714
[13] 0.000000000 0.007142857 0.028571429 0.014285714 0.007142857 0.007142857
[19] 0.014285714 0.021428571 0.007142857 0.000000000 0.014285714 0.021428571
[25] 0.014285714 0.014285714 0.000000000 0.007142857 0.021428571 0.000000000
[1] "Bonferroni-corrected positive rate for exposures: "
 [1] 0.221428571 0.900000000 1.000000000 1.000000000 0.000000000 0.000000000
 [7] 0.000000000 0.000000000 0.000000000 0.000000000 0.000000000 0.007142857
[13] 0.000000000 0.000000000 0.000000000 0.000000000 0.007142857 0.000000000
[19] 0.000000000 0.000000000 0.000000000 0.000000000 0.000000000 0.000000000
[25] 0.000000000 0.000000000 0.000000000 0.000000000 0.000000000 0.000000000
