[1] "Average PIPs: "
 [1] 0.09499191 0.28879610 0.74998360 0.91999951 0.02499506 0.05496232
 [7] 0.08997519 0.08000145 0.06999973 0.03503630 0.15499913 0.15000000
[13] 0.10000006 0.07499994 0.17000650 0.09000001 0.14000013 0.09999893
[19] 0.07000000 0.13500001 0.15499890 0.15500000 0.11500406 0.12032852
[25] 0.13999852 0.16499190 0.13000209 0.12005605 0.14499988 0.12004161
[1] "Percent of time PIP >= 0.1: "
 [1] 0.095 0.290 0.750 0.920 0.025 0.055 0.090 0.080 0.070 0.035 0.155 0.150
[13] 0.100 0.075 0.170 0.090 0.140 0.100 0.070 0.135 0.155 0.155 0.115 0.120
[25] 0.140 0.165 0.130 0.120 0.145 0.120
[1] "Percent of time PIP >= 0.5: "
 [1] 0.095 0.290 0.750 0.920 0.025 0.055 0.090 0.080 0.070 0.035 0.155 0.150
[13] 0.100 0.075 0.170 0.090 0.140 0.100 0.070 0.135 0.155 0.155 0.115 0.120
[25] 0.140 0.165 0.130 0.120 0.145 0.120
[1] "Percent of time PIP >= 0.9: "
 [1] 0.095 0.280 0.750 0.920 0.025 0.055 0.090 0.080 0.070 0.035 0.155 0.150
[13] 0.100 0.075 0.170 0.090 0.140 0.100 0.070 0.135 0.155 0.155 0.115 0.120
[25] 0.140 0.165 0.130 0.120 0.145 0.120
