[1] "Average Estimates for Betas: "
 [1]  5.167840e-02  1.002204e-01  2.014540e-01  2.973510e-01 -6.441844e-03
 [6]  3.320942e-03 -2.385484e-03  2.505555e-05 -7.752604e-03 -9.528684e-03
[11]  9.147899e-04  2.422682e-03  1.116257e-03 -3.477997e-03 -8.649511e-03
[16] -1.358830e-03  7.871669e-03 -4.184381e-03 -5.078679e-03  2.393217e-03
[21] -6.766526e-03 -4.057485e-03 -5.337798e-03  3.558785e-03 -3.055286e-03
[26] -1.183577e-03  1.866897e-04  1.520467e-02  2.815672e-03  9.622765e-03
[1] "Standard Deviations of Betas: "
 [1] 0.07051028 0.07813798 0.07383231 0.07663047 0.07159847 0.06896953
 [7] 0.07678159 0.06969783 0.07634128 0.07395431 0.07540941 0.08257303
[13] 0.07301486 0.06765299 0.07634670 0.06946638 0.07451679 0.06720112
[19] 0.07356145 0.07328578 0.07446999 0.08016265 0.06808317 0.08051022
[25] 0.07646017 0.07678249 0.07293360 0.07443684 0.08103991 0.07795646
[1] "Average StdErrors for Betas: "
 [1] 0.02208675 0.02210472 0.02213839 0.02236345 0.02218639 0.02238181
 [7] 0.02221492 0.02215555 0.02224198 0.02224182 0.02227389 0.02230330
[13] 0.02220948 0.02226078 0.02207889 0.02221083 0.02203810 0.02221650
[19] 0.02219796 0.02232740 0.02219223 0.02218260 0.02221500 0.02211452
[25] 0.02211585 0.02219097 0.02222484 0.02213327 0.02214297 0.02220888
[1] "Positive rate for exposures: "
 [1] 0.665 0.780 0.970 1.000 0.475 0.480 0.545 0.510 0.505 0.490 0.550 0.580
[13] 0.550 0.495 0.515 0.485 0.540 0.505 0.515 0.525 0.550 0.580 0.490 0.550
[25] 0.495 0.535 0.555 0.510 0.535 0.535
[1] "Bonferroni-corrected positive rate for exposures: "
 [1] 0.465 0.650 0.955 1.000 0.305 0.320 0.375 0.300 0.320 0.300 0.325 0.350
[13] 0.340 0.275 0.345 0.290 0.280 0.285 0.320 0.300 0.310 0.340 0.265 0.365
[25] 0.325 0.330 0.365 0.335 0.380 0.330
