[1] "Average Estimates for Betas: "
 [1]  0.0183082092  0.0894151823  0.2211433103  0.3219105332 -0.0092946070
 [6] -0.0038731300 -0.0166913477  0.0133169623  0.0093176236  0.0078466334
[11] -0.0124444277  0.0136677143  0.0165648229 -0.0045414493  0.0113678184
[16]  0.0095929994  0.0043289270 -0.0028993543 -0.0052936273 -0.0121959710
[21]  0.0120052088  0.0010224601 -0.0006200038  0.0111126077 -0.0270418461
[26] -0.0135215585  0.0127709144  0.0118319188 -0.0018286922  0.0227889340
[1] "Standard Deviations of Betas: "
 [1] 0.2210217 0.1761052 0.1583968 0.1820176 0.1731984 0.1783614 0.1903106
 [8] 0.1666082 0.1913516 0.1924880 0.1929331 0.1819174 0.1777262 0.1732085
[15] 0.1672941 0.1888631 0.1875360 0.1802404 0.1773115 0.1774406 0.1859873
[22] 0.1846527 0.1681909 0.1888112 0.1768628 0.1696066 0.1582650 0.1768140
[29] 0.1846775 0.1870979
[1] "Average StdErrors for Betas: "
 [1] 0.2124510 0.1692546 0.1670310 0.1662844 0.1659460 0.1657702 0.1666544
 [8] 0.1681948 0.1657826 0.1672794 0.1677560 0.1665706 0.1682491 0.1677649
[15] 0.1656296 0.1662875 0.1697756 0.1679416 0.1667389 0.1677597 0.1672080
[22] 0.1672048 0.1663815 0.1667415 0.1664220 0.1680856 0.1672670 0.1638518
[29] 0.1652190 0.1675466
[1] "Positive rate for exposures: "
 [1] 0.070 0.105 0.265 0.530 0.055 0.075 0.075 0.040 0.080 0.080 0.085 0.075
[13] 0.060 0.050 0.060 0.080 0.060 0.070 0.050 0.050 0.060 0.070 0.060 0.080
[25] 0.080 0.045 0.015 0.080 0.080 0.080
[1] "Bonferroni-corrected positive rate for exposures: "
 [1] 0.005 0.005 0.035 0.110 0.000 0.000 0.005 0.000 0.000 0.010 0.010 0.000
[13] 0.005 0.000 0.005 0.005 0.005 0.005 0.000 0.000 0.010 0.010 0.000 0.010
[25] 0.000 0.000 0.000 0.015 0.005 0.015
