[1] "Average Estimates for Betas: "
 [1]  0.028730335  0.094854526  0.219181267  0.317418260 -0.014643225
 [6]  0.006573438 -0.004711669  0.002283036  0.003069900  0.013900737
[11] -0.021568214  0.014274705  0.001113485  0.009965887  0.011189178
[16]  0.018462427  0.004051976  0.004617332  0.004877353 -0.010859433
[21] -0.009756354  0.004196844 -0.001000697 -0.003344902 -0.013149299
[26] -0.008291320 -0.005536824  0.013773554 -0.004753036  0.018098637
[1] "Standard Deviations of Betas: "
 [1] 0.1727699 0.1508973 0.1357787 0.1595606 0.1448487 0.1636119 0.1696786
 [8] 0.1452288 0.1551517 0.1498386 0.1543161 0.1622465 0.1450375 0.1435284
[15] 0.1551226 0.1634947 0.1672745 0.1540421 0.1544287 0.1449810 0.1559352
[22] 0.1558228 0.1576621 0.1543969 0.1425904 0.1490794 0.1449782 0.1530277
[29] 0.1559585 0.1581363
[1] "Average StdErrors for Betas: "
 [1] 0.08102305 0.08117656 0.07802884 0.07991523 0.07991573 0.07930209
 [7] 0.07951705 0.07959685 0.07816466 0.07935622 0.07890371 0.07905224
[13] 0.08024415 0.08033383 0.07883002 0.07943724 0.08062159 0.07936046
[19] 0.08016607 0.08130275 0.07952281 0.07939204 0.07907219 0.07943942
[25] 0.07858336 0.07964735 0.08044982 0.07836320 0.07865226 0.08027435
[1] "Positive rate for exposures: "
 [1] 0.350 0.385 0.700 0.855 0.270 0.300 0.310 0.245 0.280 0.250 0.315 0.285
[13] 0.275 0.250 0.280 0.320 0.325 0.250 0.250 0.255 0.285 0.255 0.280 0.310
[25] 0.290 0.265 0.230 0.240 0.280 0.280
[1] "Bonferroni-corrected positive rate for exposures: "
 [1] 0.130 0.160 0.415 0.705 0.045 0.100 0.120 0.055 0.075 0.075 0.095 0.085
[13] 0.065 0.050 0.075 0.085 0.110 0.090 0.105 0.055 0.070 0.065 0.100 0.090
[25] 0.045 0.060 0.060 0.075 0.090 0.095
