[1] "Average Estimates for Betas: "
 [1]  0.0272455022  0.0909501265  0.2199739714  0.3209645825 -0.0098578743
 [6] -0.0031917610 -0.0140514914  0.0134890220  0.0071352904  0.0094948067
[11] -0.0108095753  0.0144354256  0.0146528930 -0.0041967258  0.0107722108
[16]  0.0093166513  0.0060376817 -0.0025087149 -0.0039254141 -0.0122434961
[21]  0.0107314832  0.0023212718 -0.0001724141  0.0101495414 -0.0255316806
[26] -0.0118525257  0.0142463309  0.0115466362 -0.0002979633  0.0213010099
[1] "Standard Deviations of Betas: "
 [1] 0.1929098 0.1727326 0.1568175 0.1791923 0.1718887 0.1751983 0.1873538
 [8] 0.1629890 0.1876535 0.1872533 0.1887913 0.1800928 0.1709312 0.1654182
[15] 0.1614041 0.1863314 0.1831574 0.1754253 0.1777013 0.1730327 0.1830378
[22] 0.1821923 0.1630319 0.1865337 0.1742935 0.1651915 0.1567158 0.1721353
[29] 0.1829316 0.1816943
[1] "Average StdErrors for Betas: "
 [1] 0.02906153 0.02946871 0.02905009 0.02891665 0.02883458 0.02883728
 [7] 0.02899458 0.02924039 0.02881275 0.02903802 0.02919151 0.02897321
[13] 0.02927014 0.02916040 0.02879961 0.02894667 0.02952860 0.02916665
[19] 0.02900134 0.02923420 0.02904166 0.02907314 0.02896678 0.02898804
[25] 0.02891086 0.02931317 0.02904603 0.02848463 0.02875453 0.02909476
[1] "Positive rate for exposures: "
 [1] 0.790 0.755 0.885 0.935 0.745 0.740 0.770 0.735 0.795 0.750 0.790 0.780
[13] 0.765 0.740 0.725 0.775 0.790 0.715 0.815 0.785 0.730 0.740 0.710 0.785
[25] 0.720 0.705 0.725 0.775 0.775 0.700
[1] "Bonferroni-corrected positive rate for exposures: "
 [1] 0.635 0.640 0.805 0.920 0.585 0.640 0.620 0.595 0.690 0.590 0.655 0.670
[13] 0.625 0.620 0.515 0.615 0.655 0.565 0.660 0.620 0.590 0.575 0.595 0.660
[25] 0.550 0.565 0.595 0.565 0.625 0.590
