[1] "Average Estimates for Betas: "
 [1]  0.0297016747  0.0928697985  0.2132120388  0.3145820683 -0.0161073543
 [6]  0.0045589097 -0.0111765529  0.0013770824 -0.0018248728  0.0134341059
[11] -0.0195108312  0.0123286548  0.0037188345  0.0144730975  0.0052995727
[16]  0.0205519674  0.0013307826  0.0055408473  0.0075946381 -0.0152772273
[21] -0.0122077028  0.0039212443  0.0034801992 -0.0078419626 -0.0126780452
[26] -0.0105527927 -0.0022742676  0.0101829017 -0.0009917064  0.0213275534
[1] "Standard Deviations of Betas: "
 [1] 0.1666306 0.1576198 0.1364254 0.1568258 0.1503710 0.1652779 0.1693571
 [8] 0.1450344 0.1505042 0.1525376 0.1501541 0.1645173 0.1409503 0.1386475
[15] 0.1538598 0.1621281 0.1652592 0.1539173 0.1536838 0.1452222 0.1550462
[22] 0.1514665 0.1609494 0.1542873 0.1457885 0.1522237 0.1456421 0.1493934
[29] 0.1534351 0.1578167
[1] "Average StdErrors for Betas: "
 [1] 0.04787817 0.04780602 0.04555776 0.04668655 0.04681633 0.04659954
 [7] 0.04672094 0.04744894 0.04578988 0.04608024 0.04617258 0.04610023
[13] 0.04642380 0.04803192 0.04641059 0.04704664 0.04784530 0.04602186
[19] 0.04730887 0.04784974 0.04650377 0.04625803 0.04616215 0.04689855
[25] 0.04636050 0.04665724 0.04694709 0.04590183 0.04663844 0.04672820
[1] "Positive rate for exposures: "
 [1] 0.565 0.590 0.825 0.905 0.520 0.520 0.560 0.490 0.480 0.525 0.540 0.515
[13] 0.480 0.465 0.500 0.535 0.510 0.475 0.495 0.490 0.455 0.480 0.485 0.530
[25] 0.520 0.540 0.485 0.490 0.480 0.525
[1] "Bonferroni-corrected positive rate for exposures: "
 [1] 0.290 0.365 0.640 0.830 0.235 0.245 0.295 0.210 0.235 0.235 0.265 0.245
[13] 0.220 0.195 0.275 0.290 0.255 0.255 0.245 0.245 0.255 0.230 0.265 0.260
[25] 0.265 0.255 0.205 0.245 0.230 0.275
