Average Estimates for Betas: 
0.03767865 0.1011303 0.1792552 0.2534001 0.006197662
-0.0006202089 0.01006715 -0.004562307 -0.004792109 -0.01279041
0.006397499 -0.005886005 -0.00151191 0.0005118943 -0.004711767
0.005820386 0.006062158 0.001761911 -0.0009018783 -0.008367819
-0.001653298 -0.009009127 -0.011009 -0.002280084 -0.004639106
-0.001144178 -0.0007786944 -0.004326048 0.004852079 0.008250619
Positive rate for exposures: 
0.4444444 0.7878788 0.9494949 1 0.1616162
0.1616162 0.1313131 0.1717172 0.2121212 0.2121212
0.2020202 0.1919192 0.2020202 0.2323232 0.1616162
0.1313131 0.1616162 0.1717172 0.1818182 0.2323232
0.1212121 0.2626263 0.1515152 0.1717172 0.1919192
0.1919192 0.1616162 0.1414141 0.1616162 0.1818182
Standard Deviations of Betas: 
0.05913831 0.06057701 0.05727534 0.05953338 0.05567513
0.05566536 0.05645037 0.06527846 0.0599439 0.06557948
0.05663959 0.06054447 0.0541939 0.0616418 0.06856779
0.0577684 0.0556081 0.07615465 0.07198361 0.0666406
0.04950211 0.05982186 0.05233636 0.06203641 0.05522958
0.04792112 0.0593821 0.05063317 0.05935674 0.06768443
Average StdErrors for Betas: 
0.0322744 0.03404539 0.03383514 0.03306502 0.03341679
0.03426042 0.03331896 0.03301912 0.03342162 0.03276203
0.03330871 0.0335314 0.03231772 0.03435302 0.0344297
0.03354262 0.03361823 0.03459849 0.03463133 0.03387343
0.03356114 0.03506456 0.03242332 0.03356748 0.03349567
0.03246899 0.03294955 0.0328506 0.03224563 0.03333796
Q-value positive rate for exposures: 
0.2323232 0.5757576 0.8888889 0.979798 0.08080808
0.08080808 0.06060606 0.08080808 0.1515152 0.1515152
0.1111111 0.09090909 0.1212121 0.1111111 0.1010101
0.08080808 0.1010101 0.1515152 0.1010101 0.1313131
0.06060606 0.1010101 0.07070707 0.1010101 0.09090909
0.07070707 0.08080808 0.09090909 0.1010101 0.1414141
Precision/Recall/F1 based on p-values:
0.4059278 0.7954545 0.5375427
Precision/Recall/F1 based on Q-values:
0.5057252 0.6691919 0.576087
Power at FPR threshold of 0.05: 
0.1111111 0.3838384 0.8181818 0.969697
