0.0279802526499939 0.999999999189238 1 1 0.999998441066556 0.0218248974296837 0.999999999984401 0.0214175385118028 0.0200463212891698 0.999980094914542 0.0317323213459979 0.0271048476259322 0.0212149686626425 0.0288194172101647 0.0278994967449478 0.0213790795957857 0.0359891655248676 0.0210532584580748 0.0138985270085447 0.0305644259393042 0.025021354384718 1 0.0302519126464218 0.013171641239215 0.0305324542058032 0.0245743451764532 0.0542388020876436 0.0492503493343337 0.0591815015749293 0.0607276228101287
0.132799559294213 0.99999998172416 1 1 0.0276721143298283 1 0.0318511761357073 0.998938967919018 0.024693359232409 0.0372192300620036 0.0463804780937894 0.0334832290903124 0.0237570189281616 0.0226379611308865 0.0708705557766736 0.0299652903603679 0.0411529547744546 0.0572171973708288 0.0200756669734473 0.0840198742426825 0.062170055277175 0.033997153457194 0.0362292646593853 0.0353372630485005 0.0345963470694499 0.0262593963714544 0.0325212589045361 0.0200247074168576 0.0246413612169504 0.0475392346123948
0.999941452242257 0.999999999993315 1 1 0.0377079359794975 0.0319730058843946 1 0.0209001507437666 0.0478625339736648 0.999889493013356 1 0.0258884112543645 0.0377172922407235 0.0408911631343563 0.0385188097740993 0.0395435130170272 0.023620877507471 0.0374709905375473 0.070705911896627 0.0465508612046119 0.0297061140208495 0.0319304659623609 0.0312326507392535 0.99999999999976 0.0252133657620173 0.999954424910845 0.0573254875899073 0.0283261268392198 0.0336271028757055 0.0582504237665411
0.999418803127294 1 1 1 0.0216976910907364 0.998641611594118 0.999981665834023 0.0289533812480289 0.0308107004470043 0.0337033163039857 1 0.0162905042891776 0.0192265725847757 0.0160380208180571 0.0263517250744111 0.0181812880705956 0.997628238838622 0.0284966943580838 0.0817502706419607 0.0140206192033313 0.0410587544230597 0.0281552402112221 0.0156963476984311 0.0320203719292728 0.0173141726101942 0.0258752879948342 0.0265622914934929 0.0197368305211257 0.0510954707796962 0.999999989041072
0.999994039896517 0.980316272933194 1 1 0.067824580134389 0.0710802716237304 0.153278816003588 0.0805946657168902 0.0818470084704532 1 0.999999978779407 0.0902160173529321 1 0.113370560720259 0.0844719935950486 0.0729420994823683 0.0679110660808042 0.0824578248835491 0.0839692349833256 0.0768872203045023 0.0686485426102554 0.128186423809501 0.0659594704917584 0.0660501966568451 0.999999969614871 0.0848560002538111 0.100901293644017 0.0812485679917517 0.0636731493202397 0.172423241900874
0.999460238765127 0.999999749454641 1 1 1 0.0407603874439968 0.0556079081369464 0.0428143395452849 0.0372387938192166 0.0281072424622324 0.0345741478137247 0.0760071413843836 0.037394908673926 0.0237081192502343 0.0322621632801461 0.0257681771467121 0.0871061460686595 0.0209674362119133 0.0425689677679545 0.0536547029157215 0.0813561239003174 0.0250631913757906 0.0331986195602384 0.0301569549277391 0.77099768030283 0.0481229180772352 0.0543543412801072 0.0369116785752491 0.0417579108359957 0.060803047739096
0.999999999636447 1 1 1 0.0332961052124159 0.999993040288716 0.0300438854319437 0.173873373669742 0.0377554589695943 0.119955979276728 0.0312386151684132 0.024336254042014 1 0.037844661635386 0.0304851728883402 0.0388931413337275 0.0642330504027043 0.0470812091902343 0.0296986836237288 0.0297886568894699 0.0278646109751172 0.0873226827118604 0.0437592111652682 0.0383288916932354 0.0473141328149457 0.0344916041438885 0.0668458428099976 0.0531251577366662 0.0321734022203223 0.0219731273686916
0.999999912008796 0.999694281477997 1 1 0.0208234316361625 0.0145724705600758 0.999999999999932 0.0138701318881393 0.038609094890688 1 0.866814370644393 0.998066936608706 0.025964462543369 0.0492474803443486 0.0306307025756719 1 0.0427622855101139 0.0332925600903815 0.0277473897188804 0.0257286104821616 0.0198029687517726 0.0204316770533458 0.0319107899471882 0.0195893624773917 0.0217823199859066 0.0192842390138133 0.0211797117996995 0.0176450253042004 0.0157495498913933 0.0364523189425937
0.999926726488315 0.885651349715639 1 1 0.0219916269215302 1 0.0338260273444957 0.999999999999998 0.0327687683865843 0.999583710546052 0.0319031550215417 0.0178751275189383 0.030927317307716 0.0349427421979569 0.0665667503918647 0.0308942239489515 0.0263618824037936 0.0218506914210511 0.0296053824815974 0.0535288523964684 0.065275999879629 0.0350770960018805 0.0219179210497125 0.0421879469092348 0.030463426134573 0.0432029349850434 0.0522797059564316 0.0268171445803271 0.0286956690644229 0.999999485812246
0.0182344394268544 0.999999999582039 1 1 0.00950565801559489 0.0171151171652141 0.0110624532455171 0.0203027259676815 0.0159542402298923 0.0138132445584481 0.0230528971780682 0.014024374349602 0.012748760720888 0.0247344526955525 0.0149832257683348 0.0151546646481191 0.0254882450432249 0.0138292491760951 0.0199278027218869 0.0176659755887022 0.0202698866313673 0.0104232999451531 0.0237905966622484 0.0193985352789801 0.0102093358842301 0.0143866428831954 0.015370585859386 0.0131128831761432 0.0161549907219429 0.0188891015580982
0.0808608280198857 1 1 1 0.999984238564478 0.989651263552717 0.0349747527576698 0.0521392503570611 0.0292038435365842 1 0.043579715148788 0.0289059648114963 0.0955445676398091 0.0307638700461558 0.0359499267927536 0.0465363489245538 0.07489986733582 0.0579764209404271 0.0734861231958887 0.0349578887189902 0.0404365668467134 0.102412355620394 0.0340879236757132 0.0351688296572259 0.0707364924072716 0.0276912102641115 0.0511092618404587 0.0943641713889511 0.0622146805765982 0.0863773092228629
1 1 1 1 0.456908448141894 0.153603028198538 1 0.0555921697701646 0.0558432233633296 0.999999999547921 0.999999999999966 0.0561778785163808 0.0936571590964781 0.117519556487639 0.0337091196908562 0.252976169440824 1 1 0.113899255440128 0.125148151814709 1 1 0.214279741595398 0.250380987480082 0.0407495101302854 0.203241284244429 0.0498964726296696 0.14354461707468 0.999999999763544 0.0414322752625625
0.999999909082926 0.99999999998558 1 1 0.999999999999179 0.0456537530026233 0.999997574121243 0.0277644960160275 0.999987221791406 0.0283793353200424 0.0296066675915594 0.923387417451285 0.0327314525851853 0.0258644705501843 0.0215666415209579 0.999998865774693 0.0329075687316063 0.0404370362149625 0.0196999570633607 0.0239356873086348 0.0414455416822282 0.0247892945605999 0.0257420651624257 0.0393964057821551 0.0342728150934616 0.0251515413151837 0.0209188101991555 0.0414386832811624 0.0181770129352448 0.0210264411532256
1 0.999975547621508 1 1 0.0761916715656376 0.0967600942644817 0.0615249179804913 0.0632682711611977 0.97947424631347 0.0768889933757987 0.0590827001947037 0.988760683473294 1 0.115100581773258 0.0749425884912299 0.0773900253985835 0.0744431392641489 0.0621574681274847 0.103837308686542 0.074180235700286 0.0888024096354152 0.0564757399234732 0.0576822131600151 0.0678934171864547 1 0.0726363732179618 0.0510218000499061 0.0729727574037169 0.999999995594713 0.0560738160080362
0.999999999999998 0.997469191671144 1 1 0.0127498132256572 0.0217470158610121 0.00769124980912506 0.00814195854526722 0.0115273716561181 0.0132087782740069 0.00745295227193565 0.0081806795169681 0.00871475314851833 0.00974557775796348 0.00852229407013694 0.00952698676292751 0.00671032975000352 0.0104627844677787 0.00902410949430987 0.00636778209548039 0.0142655061117158 0.00739060404224012 0.00774412790638201 0.00660856590471492 0.00855492454057905 0.013389507707849 0.999999993645167 0.00659962002933023 0.00643923491214549 0.0124734072429248
0.999999423711421 1 1 1 0.0498361323526251 0.0662895838569993 0.0425804740184096 0.0683949217716604 0.0370595470685274 0.0515579130233148 0.033222359008947 0.067014604746073 0.0530881231668989 0.0363566849133362 0.0514810652827299 0.999995627810151 0.0340387706860064 0.0401708038830222 0.0457681649082848 0.0348585359434462 0.0237517511662648 0.0336916118647619 0.0351888404200161 0.0453722404806293 0.0223306780745196 0.0255525715253553 0.0371156190912001 0.0334669087337425 0.0477002053892527 0.0687333038759248
0.0608076143571413 1 1 1 0.0470598380226491 0.0690780111613809 0.107940914751922 0.0905061390488532 0.0838527343228295 0.0417684687329928 0.0814379985710006 0.057932840665477 0.115107616458267 0.0814182970950763 0.0484113382004092 0.0612057055639511 0.0541949103877336 0.049653680104303 0.0442842286484996 0.0439901698739298 0.0776863013449619 0.044782322077057 0.0509846036492312 0.0373347974304352 0.047954714704091 0.0553389193964274 0.0475909934712632 0.0441300729555676 0.0335386891740168 0.107524388510206
0.999999999870133 0.999999999999967 1 1 0.0169041717320322 0.026899339305721 0.990628758894916 0.0416235092150314 0.0309628088759559 0.0197827780683477 0.0302646343535197 0.0243070262003096 0.020825655260659 0.0473121381349243 0.0273057116686182 0.0310255035020597 0.0195536665486582 0.0145790119909878 0.0219628186672189 0.0295013151158481 0.0245694253732276 0.0207432293413334 0.0289143080063573 0.0300981244984572 0.0215926694223908 0.0326713972930239 0.0220291426841497 0.0213599412906496 0.0151241674149609 0.0412508208877216
0.0350666462720668 0.999744683504628 1 1 0.0257838896145347 0.0279358640529324 0.0346729385020494 0.0904433095834226 0.0999478093840357 0.0530764646312269 0.0362078074074473 0.0254976830697526 0.0283062195119597 0.0700455520571638 0.0260052254307175 0.0228992054293435 0.0314445342302809 0.0250814584324336 0.02946681574098 0.0973117989137391 0.0292985801198093 0.0313046072002515 0.0256261531941047 0.0399781324118574 0.038074861749257 0.104692668634217 0.0284118984938154 0.0386484526503662 0.0746339576585671 0.0201928736090603
0.176544957827529 0.999999999999938 1 1 0.0353359531165 0.0382739920500266 0.0289694750754411 0.0359965902485685 0.0633663874078453 0.999999206058265 0.958890143915939 0.0646001867559884 0.999999999722488 0.0387918164761097 0.039819288997285 0.0287080422387493 0.0410546716572542 0.0272982662868455 0.999999999999999 0.0301125704077175 0.999999999999924 0.034137416018336 0.0587882918164347 0.0349702276518409 0.999999999999979 0.0374914736349172 0.999999999996928 0.0585894934981609 0.0255840359137622 0.9999995681013
1 0.999999999999998 1 1 0.0270839885487189 1 0.0564775377036751 0.0215497365975045 0.0234996384507742 0.051116008584329 0.0183720829382203 0.0558249709079174 0.0403831174094523 0.0294760075944106 0.0206794183393716 0.024731995195843 0.097591790248298 0.027153244358593 0.0351927361127543 0.026602809259865 0.0673860515127148 0.0936852917967905 1 0.160864422917034 0.027211239551383 0.0233322940902477 0.0579371584977585 0.0453965826124701 0.0295996659710316 0.0306997743106511
0.999955086181308 0.99999998853732 1 1 0.0325795570033575 0.0520719042418313 0.0395602382395589 0.033776717338228 0.999999959802563 0.0459405330883373 0.036500625094679 0.0392007161507594 0.0272435863264866 0.0374494442030058 0.0415601996761978 0.0347268216935913 0.0329353393776185 0.0288401764823143 0.999998203627512 0.0437981919459466 0.998707003076083 0.050320207845201 0.0468783564375996 0.0482074117870117 0.999839602859139 0.0423952737145555 0.040386959206269 0.061871247031606 0.0351497650129368 0.0433290904446734
1 0.999999997967304 1 1 0.0232776686792528 0.0242180942504032 0.035893114696874 0.0675951545568233 0.0581998088935287 0.0756005862733784 0.0353890301708972 0.0348853932722983 0.023032332212553 0.056363690405086 0.0381618762557226 0.0191507363669264 0.999999199963734 0.0225624384715042 0.0355164757512427 0.0575142613471984 0.0384303997230455 0.0328454859888676 1 0.0348864746915946 0.0283385791424399 0.994658764808348 0.0393055003269773 1 0.0257638525418801 0.0368900725025201
0.968055387822005 1 1 1 0.99999999999234 0.0145222766452578 0.0133173446839241 0.0146783919026329 0.0128730539929566 0.0187112586028041 0.0131546918631401 0.0115842875530046 0.0106969816112812 0.015142402211096 0.0132987081175623 0.0175685313374355 0.996640945915327 0.0159987419051982 0.012899643151245 0.0105731165373247 0.0162889944866574 0.0240755083911993 0.0105566389960627 0.0269132940106935 0.0196078042630613 0.0153861056561578 0.997657323508465 0.0122427196779933 0.0139828962501434 0.0171312788305658
1 1 0.999999999999813 1 0.0187072929702965 0.0236560050448054 0.0185329451943687 0.99999999411144 1 0.019501878758164 0.0244356734011433 0.0146616833094141 0.964722613791125 0.0234576076947905 0.985900674494174 0.0306647044504774 0.999999999673354 0.0217596645811412 0.0334516997799286 1 0.0281997644991078 0.0421276199341454 0.0389851115688765 0.032925930233602 0.0152380829008271 0.0271629379223675 0.0256222125691287 0.0274433863103201 0.0393729518864285 0.0265437899057729
0.99999999666303 0.9999999997143 1 1 0.0504857590960613 0.0374093464792836 0.037154722088382 0.0508103700693638 0.0341128985427577 0.0496137625688423 0.0391590100125404 0.0433357538818047 0.0473819229885939 0.035263760609401 0.0387773290679843 0.0463450877484954 0.080075116059984 0.0587399699949253 0.0643768244615149 0.111117370852149 0.0377818191564943 0.0315740728434084 0.0450836700164619 0.0308500572459627 0.0542619753269679 0.054520792822882 0.0363768629972107 0.0294038736371796 0.0406464646549132 0.0969700608670515
0.999999999995571 0.999996289683456 1 1 0.0361355747256216 0.0292587908972463 0.0306173073494597 0.0363251761548447 0.025532351742459 0.0581143771762349 0.0276045943197121 0.149564853220504 0.0395618059191152 0.0545264929882793 0.0252417245742839 0.0793908504783982 0.0820496933000374 0.0325829146165887 0.0495956434063216 0.0905980462175154 0.0660564138905854 0.120144139421916 0.0258993591666672 0.0497625848889508 0.028996389913039 0.0517106798835145 0.0334323851703505 0.0444651245976545 0.0287360906970222 0.0983958078695971
0.162395201973929 1 1 1 1 0.0316070163810491 0.0248834456853901 0.0259905244674714 0.0475004952181739 0.0792423017348863 0.0410762453959127 0.0328376170939251 0.0357529598921998 0.999869207377089 0.0514926285645271 0.0432209896999386 0.0501584703276929 0.0417845063702921 0.162252757154641 0.0396940857163037 0.0632252427208138 0.0325132126394558 0.078954455104547 0.0604448365671818 0.0470023823183425 0.0742728490200854 0.999999934273447 0.999999999999986 0.0457301808811732 0.999968147233993
0.869543051381517 1 1 1 0.0559293998072347 0.054276438077542 0.0406090081387411 0.0825116774123796 0.0460482006761115 0.0574287248971808 0.0474494581793928 0.0460654068743321 0.0340938299688192 0.0538845341534041 0.0458362247762927 0.0346234915865191 0.0503491370781556 0.0423389366785183 0.981060905439668 0.0396766389921828 0.0283405612914638 0.0530868904686177 0.0278424767037218 0.0421267517940568 0.0287649370683227 0.0348218134145252 0.0697282498919893 0.0573168640122985 0.0400636728996357 0.0428086095945779
0.97780171497568 0.999999999999999 1 1 0.0403888871034858 0.0456476288708971 0.0361767890267217 0.487969286330312 0.0637158371939189 0.0403702036821556 0.999907944221367 1 0.0403543160566889 0.0422505035057541 0.0535014333119064 0.0302710351947493 0.0394838764211149 0.0334320634588361 0.0406011201999056 0.0835086866533656 0.0344393399360897 0.0443426977755137 0.0315911384448512 0.0344770587085683 0.0558577324356535 0.0414417942392162 0.0538690186760953 0.0413823159164231 0.0351241614905001 0.0273478152840408
0.999999884064413 1 1 1 0.0281690941781827 0.0325364630754374 0.0143764815096865 0.0223651117992324 0.0175724047089367 0.0177971489258617 0.0293147039808574 0.0428127299620243 0.0209846942016966 0.0153948323156796 0.0251298836972602 0.0215671859036202 0.0228698704259016 0.0170726328219103 0.0162422404281701 0.0268539584718417 0.0220558665581727 0.0186245726812708 0.0270246736310631 0.0172846406836448 0.0137229896192897 0.0279223533679176 0.023053368631979 0.0167568056912107 0.0284900167339809 0.0172215853776203
0.999340461595127 0.999998645064123 1 1 0.0216650675678873 0.02459246802699 0.0300566040703534 0.0379508687233687 0.0179683409628798 0.0495822608169434 0.0227336301272172 0.0208808338169904 0.0185373633383418 0.0225576629447712 0.0211383577319456 0.0285652339195147 0.0164809508804845 1 0.0264601291950017 0.0248241251913772 0.0163033495498713 0.0165491713685856 0.0258574786686476 0.0160360542300283 0.0274030436793096 0.0180791804571372 0.0103838452100334 0.0221170530561273 0.0152280667894508 0.0189939838075944
0.9924691175903 1 1 1 0.150611936745783 1 0.117748877799407 0.604590012919945 1 0.0874928140971321 0.0814909059666775 0.139614746137409 0.0963255023790399 1 0.130856134500102 0.0980784579344282 0.121711559717744 0.0927173259909561 0.0936847724092166 0.0863400656521104 0.156328723186988 0.0726345418357437 0.99986684996916 0.0752031097555572 0.110306766776 0.129667327626607 0.0905828401407537 0.115133732140923 0.191371410632617 0.125702322834051
0.999999829881506 1 1 1 0.0837920980387373 0.0818065328813231 0.992227930465708 1 0.0860961655457028 0.119546606707347 1 0.0819145039111114 0.0728967573251663 0.0836577640819341 0.135304983949638 0.0719515990872334 1 0.0794852778160985 0.0831448222435428 0.0859243321585043 0.0801876092641879 0.0885854816522943 0.0938291318292267 0.10366322258772 0.0849936070985969 0.102488547153865 0.0650367455732387 0.0660863779109426 0.0948859692485636 0.0990259593806724
1 1 0.999999999999323 1 1 0.0318893769829046 0.023502570687733 0.999995129458219 0.0152132128674102 0.0170940038737105 0.0167155857770581 0.0188016329943561 0.0104044574666847 0.0274235382951868 0.0797240168800915 0.0209548861721356 0.0380386122520651 0.0159416816617862 0.0531257715323382 0.0179172272016384 0.0225134648079167 0.026109026272416 0.0170979416330131 0.0213818743774535 0.0317643364141041 0.0243120160342966 0.0335769390738703 0.112647473230832 0.0159517898870041 0.0487744921836909
1 0.999975512423687 0.999999999998887 1 0.0418646333549082 0.0141494478689815 0.0214019831579231 0.0324017217767927 0.0188941908713125 0.0319209998291545 0.0222090679854491 0.0194557129275624 0.0319687157384864 0.0270873617852918 0.022078581377464 0.0320323720761249 0.025503055987244 0.0260712127861189 0.023209936177347 0.0345067184806503 0.0278180226446554 0.0271440519538497 0.0296988676958051 0.019233499204459 0.0277700219342227 0.0360890304672874 0.0448425814649136 0.0252430631519045 0.040651654493952 0.018184269558985
0.999999999790438 1 1 1 0.0199789602473541 0.957654420087346 0.0285637445821532 0.0458712042753564 0.0312864401320556 0.0268855845378536 0.0256221409139933 0.0369218262416283 0.0363705548556175 0.0282933231385417 0.0186678137095856 0.0192734993282299 0.0565775495758976 0.0197223425822757 0.0198671356734449 0.0164672405044075 0.0194215754367778 0.0138152167908063 0.0149196121496377 0.0299607983195032 0.999999453360354 0.0676107567471643 0.0242186141519862 0.0204575504911542 0.0205226420202306 0.0149824608528242
0.999999999999693 1 1 1 0.999999768289742 0.999999999999424 0.118787561722793 0.0618059564725802 0.0374845273043588 0.999999999999965 0.999999999999999 0.0607236033943248 0.0434577137451674 0.999947865038683 0.999999999998793 0.0472901434193032 1 0.238367728383377 0.0556612758837738 0.309362076850133 0.118476591301866 0.154564132839168 0.288917763279067 0.0839391347766187 0.102901723719437 0.0571189537680423 0.203133379326312 0.239858114767888 0.0790289807918396 0.0886080318625794
1 1 1 1 0.0933625982289309 0.0653557848411974 0.297030563761903 0.0868769587112271 0.207977261368577 0.0786570554907242 0.999999351994732 0.0818600528339938 0.106352740198469 1 0.162991788359983 0.0896323659561075 0.118614650707774 0.133515638193674 0.107403269815371 0.0880077557148633 0.0948847972199851 0.114662612021189 0.117719524497627 1 0.999999999996626 0.201839840379443 0.196038738427064 0.128314037786689 0.0757872318034893 0.105842075176563
1 1 0.999999999999997 1 0.0322511393312953 0.0237658800503648 1 0.0323995599453795 1 0.024594465603632 0.025156111871069 0.0298355019547272 0.0425080035494141 1 0.0195696775982853 0.0256171428745 0.0346190609263985 0.0864337919322969 0.040143821029117 0.0407246692405449 0.0202006075727954 0.0351525158999038 0.0424002673617837 0.0785479457006334 0.0608083862291792 0.0594234284917878 0.074290283222467 0.019203814025929 0.0371748668043419 0.0292126252351735
1 1 1 1 0.0771072747526528 0.0425330003133674 0.99999999999989 0.422453204683193 0.212485532291446 0.0403865007881969 0.353597986487455 0.215091955890399 0.0513954276926595 0.0521008977204281 0.0609467178434465 0.0553841344255163 0.0374655451073052 0.101329420747774 0.345742720918349 0.999999999999998 0.199155608196709 0.238452086161719 0.0876479937739933 0.0646632838132974 0.43074219468023 0.0982415190746776 0.126447758331843 0.999994761037758 0.0735366773317245 0.0792726882165767
1 0.999999999978748 1 1 0.0335135489042881 0.0198368884215142 0.0123675477077361 0.682890859579122 1 0.0153995371402533 0.0178706191556318 0.0179111845319345 0.999999999999995 0.0203529160241769 0.0104858100296421 0.0234105132718605 0.0196883334248856 0.0427250891819283 0.0170053757417954 0.0207984772136424 0.0186000619820631 0.0144648415322597 0.0140618321697245 0.0198998299503741 0.999999999928138 0.0196414246237666 0.0205589023228027 0.0229330091246748 0.0171282838675313 0.0358362142187797
0.999999594566339 1 0.999999999999999 1 0.052399509968123 0.0767435743549789 0.0479578991898236 0.998895021160865 0.0592894579006975 1 0.0522487342935007 0.0861612934930118 0.0512236583057583 0.0520261028091994 0.0587121683444196 0.120461491033828 0.169311782051382 0.132168964667284 0.0464540518193627 0.0472240217353281 0.999999830894827 0.142437172306888 0.123269444458196 0.0747782604974089 0.0668950720773089 0.0641638098310542 0.0534109137591239 0.999999028459324 0.102130603884363 0.110123969986035
0.999999999998979 1 1 1 0.080761755201152 0.0993203306687949 0.999906574896385 0.0895912333525913 0.0959451870917097 0.115640842696827 0.999999997129318 0.0810379659564843 1 0.113935613862672 1 0.134082160500699 0.0943991111864174 0.0989734673024637 0.12331323536081 0.0706808048238199 0.0888178525661844 0.13401383273808 0.120622401152603 0.0764703416123419 0.122729496959078 0.113821117441881 1 0.0875141262698128 0.0862334730323659 0.144553992684623
0.0621209948284394 0.99999999998174 1 1 0.0158245935057697 1 1 0.0198745546563042 0.07320705046008 0.0283428846394518 0.0339479022528234 0.0227041158986477 0.0297348952239407 0.0354770243840916 0.0294324353973766 0.0507859535218521 0.0485685773967642 0.0684228470781977 0.0369834531265266 0.98956694244017 0.0337136987512929 0.0302080306405687 0.0269825490512848 0.021474925608069 0.033394412168109 0.0745702840761405 0.02496730439701 0.079146363301017 0.0201016631368461 0.0211033942714671
0.944540561316847 0.999999999999957 1 1 0.0142931967094397 0.990664066710437 0.0374314034525348 0.0193121856225585 0.0315661077935943 0.999999945055959 0.0209035413327998 0.0103625482066597 0.0221569082443914 0.0163591436624915 0.017852722090989 0.014035966686139 0.0288954628237086 0.0350085438424268 0.0395521579191453 0.0496162348924083 0.0302706292992974 0.0202208888574984 0.0456865178510049 0.0245184875802383 0.0277212676177981 0.0155811643918046 0.0229336768738203 0.0242413476522289 0.0250808577874438 0.0203933536817535
0.777990335313653 0.999999978948106 1 1 0.999964081822935 0.0126414472280897 0.0233419515811362 0.00991593798095458 0.00928456982486869 0.00550939796941463 0.00749952487425953 0.00804089047049172 0.00932848017122623 0.0111709274458268 0.00748391020661687 0.0221427635767463 0.0136577871345043 0.00769162100792298 0.0229568306538951 0.00680059855140935 0.0120444773370154 0.99993524791529 0.0161687286411303 0.00676166862149019 0.00621143142493252 0.00916338813353179 0.013324711052905 0.00662757813613857 0.0150286513434454 0.00791183150325314
1 0.999999988246955 1 1 0.999999999882274 0.99999319835596 0.635744787467001 0.068815518380293 0.0983705799067081 0.997545811397881 0.130113349984222 0.0855342746601145 0.0826890962943679 0.0978703171457646 0.999999949241735 0.0675873652398664 0.999999999957183 0.0865650497846437 0.0848382481376249 0.0633813661949539 0.05501777471643 0.0664003711258639 0.0808333719428354 0.0712964820284029 0.118862037405773 0.999999999999995 0.081302429959025 0.100456727964499 0.999999999996905 0.0737943027201511
0.999998635508011 0.999999999982417 1 1 0.0342935843643921 0.999999999999986 0.0534154226112845 1 0.0261675762984593 0.026367510646844 0.0396190004604473 0.0610238343157659 0.0275600160104337 0.0255566192596522 0.0193104863781977 0.079438881892457 0.0933720561410765 0.998068554502288 0.031098684465264 0.0355153867787691 0.145294359879581 0.0227715241187577 0.0708816715620937 0.0237989934025019 0.0233245781401505 0.0223201818810588 0.0208374099143215 0.0518028156880714 0.0210444962703317 0.0480153689470119
0.999997144827061 0.999999999999999 1 1 0.0361298082611466 0.0477632684145338 0.0329392537679006 1 0.999998773569285 0.0370332404587767 1 0.999999999999973 0.042175957972988 0.0331258212632979 0.0336896877861659 0.0421934374360495 0.0931791973002692 0.0541041006876458 0.0292816247947659 0.121052029671332 0.0392330667979129 0.0570288539001311 0.0544491790844679 0.0365344646304673 0.0310455234936627 0.0456873769430728 0.0394198526096842 0.0310967848230722 0.0342083325106837 0.102842112890051
1 0.999999958400965 1 1 0.0213139851073954 0.999999995100542 0.0292091656052332 0.0424181145484969 0.999999999999992 0.0176334851373788 0.0206253488501499 0.0319354115611044 0.0783568995890068 0.0243137488429798 0.999999999972995 0.0225028625190494 0.018960955154547 0.0247165406769888 0.999999999999999 0.0201578091981877 0.133366661611975 1 0.0247830388474639 0.0220950879098653 0.0213906020182367 1 0.0302614282593777 0.999987289882533 0.0235524274829318 0.0169612940022741
0.999999786452276 0.989994315285227 1 1 0.999999993706176 0.0472746786226047 0.0317195186096071 0.997001746763281 0.99429490136717 0.998754374485907 0.999993257424308 0.0454485749838882 0.0537209708430532 0.0859995180349831 0.999963112800407 0.88367514657678 0.0385892756503694 0.0603017966363599 0.0449841461882302 0.0459698330637023 0.0544899487257338 0.999999999998754 0.0558108270282569 0.0362492735090062 0.0563937061800256 0.0471054506986401 0.0497946838797597 0.0605972242447231 0.0502788914603985 0.0340437976628245
0.993333829354398 1 1 1 0.959649764128447 0.0144305825765232 0.021080999716855 1 0.0167143914832396 0.00988423725965404 0.0224962666043286 0.0168717328652799 0.00786481605882305 0.0161155342538307 0.0187984385577998 0.0131528739869703 0.0143265001536053 0.0144715235099745 0.0192172489326532 0.0115426901998655 0.0122946930849166 0.0145897916585239 0.0235576186529856 0.0276180792132504 0.0234498405559478 0.0133563313209221 0.0210410963568657 0.0105833198951776 0.0111792296569533 0.0285135925057735
0.0162535804495245 0.999678991431948 1 1 0.0185893145653715 0.0413518154934553 0.0227706768336831 0.0219218873676038 0.0143660448490512 0.0255028539977243 0.0200689644702201 0.017592511003452 0.0208289143457477 0.0130103797260244 0.0300740710641942 0.0385079137030102 0.023291996089396 0.0230219847942618 0.0152403372916755 0.0185930651459338 0.0236341157628055 0.0174159728718924 0.0310599365659384 0.0158146441156208 0.0432545666278779 0.0274579676410287 0.0151658517778923 0.0318121065709402 0.0149259992984898 0.0482395880937261
0.970415431589131 1 1 1 0.0314638964952461 0.0880524651812645 0.0314414548639363 1 0.035502076925588 0.996950355374007 0.0258093324004364 0.0301912836292628 0.082883041312288 0.0387953836449875 0.045437979876248 0.0174158751279657 0.0270604966085141 0.0404401452499487 0.0351725318723228 0.0534851766930559 0.849601320181757 0.0321962842960624 0.0440739563958031 0.035116623441815 0.0464672689770793 0.03879002533402 0.0300065526225947 0.999819590162621 0.0260774303735699 0.0351495798456279
1 1 1 1 0.999999999999997 0.0505082813240507 0.048847137637719 0.0533781124547676 0.0535356888030732 0.0528743465554832 0.0442430284712612 0.0368016601615132 0.0396296196494086 0.0390200296751479 0.0445592275148599 0.159249605118292 0.0615201691758976 0.0495762874644985 0.0431033897215092 0.0530503202232188 0.0428057222948515 0.050725877696317 0.0414019646796761 0.045800356277539 0.0660249552564646 0.667280620783806 0.0448676701846413 0.0433831451757147 0.0694760757572853 0.077071086493908
0.705629409956389 1 1 1 0.0355955556493632 0.515544423386732 0.0218042392616985 0.0328677121966576 0.0187598121577119 0.0299077664903106 0.0154024859130822 0.0205468996041547 0.0282906896225958 0.018399835410849 0.999996521198057 0.0165106007435235 0.0153504180385016 0.0180740950548999 0.0255820363116651 0.987789867203755 0.995929377122687 0.0446259150146118 0.033304967453289 0.0193891371338067 0.0198949701100168 0.0200230924000253 0.0228281965752939 0.0184029077834799 0.0219410831238844 0.0670517362929252
0.8174271555508 1 1 1 0.999917230625337 0.0094871867551759 0.0337986816188122 0.0159494963999 0.0157092665587244 0.0148319402550638 0.0125015107019235 0.0188679019456655 0.012339247536166 0.0187289830016012 0.0132932098800058 0.0131731370125338 0.016817699691154 0.012687721310876 0.00904821390352595 0.022151075022751 0.0169968778737324 0.0141797804954743 0.0144108474454037 0.0818745102755625 0.0203912251931669 0.0138574914968128 0.0144711520716969 0.0106261635176993 0.0193173712046343 0.0244020680405375
0.118992269464158 1 1 1 0.0288939165651523 0.999938069768024 0.0215347416436974 0.0452350025169401 0.0331180983359067 0.030287467548113 0.0535131242297139 0.0348953466157926 0.048831816478249 0.0431912578025903 1 0.0404800074446345 0.0531878439043889 0.0289786898456426 0.0448444060720078 0.034091245460407 0.028954446481593 0.023994097541748 0.0342863886405247 0.0315652437798754 0.0458710766148402 0.249855585267858 0.039378902839753 0.998781634241023 0.090930678448317 0.0326171607523189
0.999999999805268 0.999999995747491 1 1 0.088861615471474 0.972346057307609 0.0978308125379275 0.0571453756878892 0.0472309179361072 0.0770401094081768 0.999999357707908 0.0999886001583677 0.0632966933638774 0.0445554983013932 0.0430997924397265 0.06402836791473 0.0308697954586639 1 0.0564750738246199 0.0405122554615448 0.101304406035011 0.0453723344626311 0.0816677248043037 0.0486933226979592 0.0478910178332547 0.0609216701072925 0.999999999929387 0.186670115537933 0.0519806215013033 0.0502021487140856
0.112186561384057 0.997442410361471 1 1 0.083887907282405 0.0657902727108186 0.130725446534028 0.952740862317091 0.0754878269626617 0.0780400721144319 0.0715445587578856 0.216672969193939 0.0957669165660603 0.999999999992063 0.0933050753637813 0.0604335590830392 0.204773523337274 0.999999999988978 0.128994172382874 0.0701936975377151 0.061570236936594 0.091790176993187 0.078901295443355 0.102400007215812 0.0449388642576163 0.149299710504232 0.0746154481854738 0.065866330122892 0.134587901932447 0.0665269669738988
0.999541798948858 0.999998254760289 1 1 0.0507778860319696 0.99854959307613 0.999996792476924 0.0350855991016916 0.0298873776129478 0.0534412879736266 0.0591579976961111 0.0361520838266954 0.0803294435085986 0.0337364830287717 0.962729298886595 0.999996967113323 0.0501646940372591 0.0618392610739676 0.0290709518758505 0.0445527433166625 0.0726870793660881 0.0649224104128733 0.0438873570501653 0.0375209806458324 0.0538206956934001 0.0598284588345764 0.0652673988823322 0.0516382300769962 0.047254579809395 0.0475254615263596
0.999986385910766 0.999999997316666 1 1 0.0979265217550118 0.0517379758710748 0.99999999892068 0.0482063105080165 0.059796702552292 0.0259724539043119 0.0687687894992507 0.085347482498549 0.0558855992763275 0.0819090510499094 0.033709188207231 0.0270475968205633 0.0381230647035948 0.0264958081830677 0.999987761311897 0.048932588150036 0.999999999985287 0.0849815458587562 0.078698940407643 0.0562905236442861 0.0803708256899966 0.030742268149011 0.0384948671839218 0.0273401373071167 0.0243554607729838 0.0437176012622543
0.0826502151496489 0.985374393520029 1 1 0.0183072248845525 0.0112276480039246 0.0111130464313743 0.0146672339767936 0.0248305234581225 0.0119995352959291 0.0106580131170055 0.0146002130822549 0.0271798951422875 0.0166194540917693 1 0.0175932143035876 1 0.0148030839077403 0.0153502923946186 0.0195984904650222 0.0131709333098159 0.014696357214811 0.0322291421670292 0.0135754954426544 0.0187806570963605 0.0165455602560087 0.0177961437384944 0.0801304488105512 0.013093250376883 0.0152382297444391
0.995008093479529 1 1 1 0.9492695610209 0.055091762232869 0.0284076474245193 0.999811994900607 0.999999669679695 0.986096716511034 0.999996583636919 0.032723526892742 0.0427779168578082 0.0425776441457949 0.0405559737097003 0.0202789072252992 0.0202609750305865 0.999999999999965 0.0371481821936628 0.037414985804177 0.0292056029438086 0.0355926560844061 0.0325309762776477 0.147115754419486 0.0485999837613109 0.0582967446154072 0.0271460834409691 0.0290158459298896 0.0361333842984222 0.0301455210065702
0.377455272622399 1 1 1 0.105272173960595 0.0549283694104175 0.04423394117778 0.025816359344021 0.08981754000043 0.0516937677593436 0.999962077385553 0.0282465201991691 0.0217334811784363 0.0174766849775543 0.0162196902389092 0.999999999999998 0.0623747155196411 0.0156030713545035 0.0913790952613643 0.280655354398808 0.0516160994301972 0.0283406457060488 0.0410558593357465 0.0175332383109478 0.0407262943080207 0.0209811027058483 0.0690541879997918 0.0531541297348789 0.0274611584580726 0.0833752649263769
0.0274490056438733 0.999999999999926 1 1 0.0219808939832594 0.0220655956393514 0.0110104922260261 0.015904396032269 0.0138108424941741 0.0122248283056279 0.0113042514385938 0.013207101626126 0.0173348091099241 0.0104389928892338 0.00933975240428586 0.00881396919200095 0.0126804162635156 0.0118526695800283 0.0135053153786577 0.00645240756419907 0.0148069711688472 0.0198122518383541 0.0429830600922316 0.0137620591093813 0.0257768862371209 0.0109573493456339 0.0114456986992221 0.0133585344332721 0.00940758243525397 0.0191878022190112
0.999775352526527 1 1 1 0.00992095749063948 0.00723318965372477 0.00937819264131246 0.0109476044956723 0.00894605110003521 0.00969175045924808 0.0140837606644452 0.0155727325063197 0.0123290270308639 0.00684183651040904 0.00954536393640326 0.0181405553809666 0.00773383981298958 0.00886224199949659 0.0318813519942283 0.0228272237196813 0.0124225825716431 0.00767203776540337 0.012607281949789 0.0230336132150738 0.0113313956445561 0.0158708823997999 0.0120041357967304 0.0152738329239517 0.0073495113579588 0.00980217613110401
0.0343904579614102 0.999956016114029 1 1 0.0309605968362469 0.0265975674241274 0.0285052620144884 0.0254903093719121 0.0177174494448602 0.0407551988134954 0.0208950084946159 0.0521238592399337 0.0258505325674828 0.0180510743615584 0.0304457855473614 0.0565793107126963 0.025975169075462 0.0274818146446487 0.0185188521738411 0.0402645100610138 0.0337357912672563 0.0139490505448827 0.0205475654599429 0.0205977602683545 0.0266077636841934 0.0287212155733898 0.021585271706778 0.0244115590906757 0.0289681480988953 0.0386741489737549
0.998123117636574 1 1 1 0.045911526732483 0.999943645996915 0.779858274517494 0.127625000311072 0.0835283751967512 0.0734788580376878 0.0769968827997796 0.100936037328129 0.0656998731687954 0.0864378791218683 0.999728800155494 0.0751484430794158 0.0940348370995436 0.110191672770084 0.0828772184931621 0.0823033688868118 0.999999999651442 0.0627909452471466 0.098278271642033 0.106638060363573 0.0732367974788558 0.0565553042044536 0.0634201446028559 0.0786791748815067 0.0655308206196107 0.99999999999988
0.990871125262459 0.999999961928877 1 1 0.0236379851031608 0.0161044955284353 0.0202896143890141 0.0130298818686818 0.0124647952808246 0.0186455259992647 0.0219393977102942 0.0181621823653711 0.0149667387314448 0.0181699615891907 0.0142631818311508 0.0298892545478032 0.0146164829616297 0.0253243267165812 0.0217980206746857 0.0158389598605895 0.018345607916047 0.0404477111597801 0.0253818927112576 0.0251020677547326 0.023054780190392 0.0228574971592059 0.0501987474384775 0.0251521297356241 0.0217054305060046 0.0197301944684337
0.0595984788651227 0.999990622210813 1 1 0.0213429059832492 0.0240783461122782 0.0386693223686103 0.0247987817415677 0.0242233249563312 0.0262769631662504 0.0291009742944238 0.0948774787392743 0.0159345242926775 0.0248468041972696 0.0251145731445755 0.0301530973573038 0.0323352126150516 0.999999916102314 0.319241849726209 0.0303209308610282 0.895949755851726 0.0252396909788981 0.0187623618183654 0.0255859511566838 0.0235230467509797 0.0280553154354538 0.0341508848094795 0.0238366028211848 0.0193893086296644 0.0325645564793263
1 0.999999994470427 1 1 0.0410556297720845 0.999609991211237 0.034450062246134 0.0343140629816003 0.0316561709081423 0.0499359523111045 0.0230367720631863 0.0321494953943005 0.0386048629036491 0.994675111507991 0.0241219422999061 0.022265437736694 0.036566012084536 0.0477908488224557 0.999999697637724 0.0496354038440917 0.0223165448683236 0.982948278592958 0.0314052581216098 0.0409371097468633 0.035683877146538 0.0624195899563904 0.0322012936261334 0.0255429364549163 0.0273966001388255 0.0356936656808629
0.999992285623734 1 1 1 0.0577345735751819 0.0673547693090272 0.999874191450181 0.105689346693228 0.999999781222864 0.0753196049798532 0.0726899897936946 0.084183404858008 0.0583221658905583 1 0.0503424295169376 0.088946060850941 0.0544301105801394 0.0740442779566196 0.0531942317421513 0.0761132626094804 0.0589382002825887 0.0634403094176871 1 0.928281662506608 0.0566020148595665 0.0433392098555128 0.067980621580774 0.07596528661761 0.0353140891173486 0.0724224972188152
0.203854489907692 1 1 1 0.0243386932891992 0.0149824994250868 0.0168923552460186 0.0188782102615502 0.0322550904696803 0.0144779752882153 0.0213377590805095 0.00964622832985473 0.0122664773896752 0.012667556927457 0.012204866599568 0.00913946086125395 0.00976317275726135 0.0118035252485463 0.0328938805274335 0.027086649320562 0.999999999034993 0.0117101513791081 0.0373614314279426 0.011087275113144 0.0187858448422684 0.0161160256188311 0.0177649529561624 0.011525400668699 0.0289352095535979 0.0109773982264035
1 0.999996267435715 1 1 0.049121936312689 0.999999999841333 0.0164105953256186 0.0226944088507284 0.0187065312349514 0.0157434278329255 0.0196711321270999 0.0209705002614887 0.0256137202944047 0.0173889510758739 0.0239202096599784 0.0214747536031085 0.999999999999996 0.0238363196061379 0.0235015776328029 0.0198759647896485 0.0214252739110202 0.0218156398401632 0.0300085837052725 0.0133812315774812 0.0163711874750182 0.0253427225802826 0.0269966352749376 0.0233760449668425 0.0165869325768045 0.0160240421125668
0.962771717127311 1 1 1 1 0.0609727961383892 0.997842139807603 0.0423714997333087 0.0336056915292342 0.0280362630727594 0.0348721786055816 0.990634412934702 0.0253617569583298 0.0371795572881021 1 0.0386896726138973 0.0285837592792408 0.0435256435331883 0.0639385745886147 0.99575459031905 0.0523986506239077 0.0681542836268862 1 0.0446411636780646 0.0338125878389179 0.0257580534952305 0.0376152646479568 0.0357200714627034 0.0534642331277294 0.0297403630786267
1 1 1 1 0.82840418454356 0.0382828422129493 0.960263849742496 0.0253489623134364 0.033344055202849 0.0329302274068566 0.412179459262941 0.0258554620412141 0.0336824507520882 0.0522093531535424 0.0257410667632302 0.0347740755707744 0.0274057921264441 0.0205899908269059 0.0245303176101189 0.0523945743281774 0.0233929382556224 0.0458191193301144 0.0277381348344529 0.999980121923923 0.0511820758517959 0.0277075728181894 0.0211757109424527 0.0318602425307173 0.998172350807133 0.0278389777656433
0.999996647968844 1 0.999999999999995 1 0.0133229333658412 0.0160493283598593 0.0298922185905262 0.0219064373304219 0.0353722545860988 0.0315277179751233 0.0194796750500219 0.0363695580360562 0.0189632479788563 0.0409719983310918 0.030414806574104 0.0196246287212483 0.0238042837424312 0.015892775080891 0.0307803553876362 0.0381673228581173 0.0168928067588324 0.0145880606244335 0.9999985506491 0.0167150247475709 0.0222199606661275 0.999998983376775 0.0417743104090644 0.0167019302580306 0.0250493075517358 0.0198513352895271
0.997751846967842 0.999990112599463 1 1 0.0273114742811261 0.0226420498709756 0.0210453120094717 0.0147823004921486 0.0216140348003679 0.0187870602170371 0.0118174118433196 0.999999999962207 0.0310242973045651 0.0179151592955061 0.023093959871834 0.0152305839079037 0.0198445622698221 0.0381609439263374 0.0135225901207013 0.0210409357841044 0.0169720237902158 0.0230327124670173 0.033775747607678 0.0243518421581297 0.012957146668113 0.014026257088024 0.0169015924614452 0.0198840961533073 0.0212216997166095 0.0121328596068899
1 0.999929818737064 1 1 0.02068155729764 0.0296146815751029 0.0198308920090449 0.0108129565016339 0.999909478444727 0.00746938717598566 0.0101614023193085 0.0136971988889656 0.0144547793424546 0.0073190812797389 0.0183450375715014 0.0151443617813649 0.01420446043192 0.0102030189583 0.00998481083108183 0.026151676250408 0.0116228889254041 0.0262830084563435 0.0109408139882506 0.00753716622388767 0.0168290860533177 0.0121298801787946 0.017086328416053 0.0207563402499191 0.00908927073896104 0.010493063655525
1 1 1 1 0.0236472874114385 0.018460497394856 0.0295711768322943 0.019398501831418 0.0275013550901074 0.0210329239201685 0.0181946420924682 0.0131101468457095 0.0274441061586523 0.0218602015603419 0.0459500818806795 0.0370430160935138 0.0228902846736471 0.0173280348585865 0.0209025655868571 0.0248609659281779 0.0220104440225715 0.0241602105906761 0.0266098251948337 0.0222156070134539 0.0221966993020178 0.025514326516532 0.019136428236559 0.0317205621534121 0.0256388828212033 0.0172395617281164
0.999999999998661 1 1 1 0.0153118978661616 0.0195314902097499 0.0306310869218176 0.847759550440304 0.0204513922924993 0.0622392296881179 1 0.0354038660323747 0.0209401733973725 0.0124578348369402 0.0261583686255686 1 0.0434924875176855 0.99999997508633 0.99901155498706 0.0205380527049178 0.0221006749798344 0.0256409467894463 0.0316677428401519 0.999992472594043 0.026143060250025 0.0424616055673167 0.61621331844078 0.0273152676555368 0.0381781296692422 0.0222932497428854
0.447998183166491 0.999999973910513 1 1 0.0605132637456205 0.0429406026785755 0.0394696554360306 0.999999997985489 0.999999994987803 0.0307675614424598 0.0504566678965358 0.999999999999999 0.0617976238515818 0.887875701462812 0.0504114534759387 0.0375350233217961 0.0582503607549792 0.0370399439378488 0.0360452267337195 0.0354449184037886 0.64646129703443 0.0417120455671923 0.0393851148248352 0.991873830392732 0.0599855460203526 0.0382735348052129 0.999999999944504 0.0450110100658936 0.0299763524325078 0.082360568779454
0.999999999999981 1 1 1 0.0217364064563578 0.0328521751256469 0.0408201576982319 0.0241771542108247 0.9999900695558 0.972542103377853 0.0318571928630579 0.0196067556339085 0.0189456440706721 0.0385612745169194 1 0.025255555287823 0.0450251892930834 0.027430220084792 0.039658624191985 0.0265806513095762 0.0511817876123966 0.0277892130717032 0.0283031074768224 0.0384449723293873 0.0304528244643055 0.0236151149373209 0.0348884448993345 0.0408137246641734 0.055197442072451 0.0584977448352206
0.999996177745088 1 1 1 0.999834910435474 0.0295102486219346 0.0261481618953894 1 0.0344082831608188 0.0235883684808038 0.0263176017092965 0.0400548827798903 0.023988272466684 0.03320264707193 0.999999994674652 0.0314430939576741 0.0320130522331171 0.0308474028295341 0.812983673386786 0.0283011050437353 0.0226669389559756 1 0.039508837764725 0.014725127806192 0.052057899980667 0.0217187746649808 0.0433980986397795 0.0525179425225226 0.0219798997145038 0.0392076764347027
0.999932130091423 0.999999566714925 1 1 0.0285901247896443 0.019211267582584 0.0238894245667589 0.0206225493611878 0.0149227677822693 0.0232522817141811 0.0337689060264836 0.033565710682169 0.026989462112069 0.020101461659105 0.0179318532881488 0.0274164092761933 0.0190712985663263 0.0272575474091076 0.0220117204709872 0.0167031814013566 0.022326002957336 0.0245616997903566 0.0240598134492184 0.0327341237862431 0.0233479398251499 0.026230025798073 0.0120602164208192 0.0266080482745774 0.0207423339526901 0.0220513594479108
1 0.999999805314103 1 1 0.999338528198258 0.999221294807011 0.0255444581659016 1 0.9999999999999 0.0263334930765671 1 0.0392575123782419 0.0358020774400275 0.0220884158897857 0.0505407237505321 0.0297521760267346 0.0329072573316115 0.0263437674229874 0.119989003608643 0.0255819905035253 0.019669006548068 0.0297024546830412 0.999999999930165 0.985081907616693 0.0237735522535606 0.0397830146626149 0.0273249100431947 0.0313146712879737 0.026644480139981 0.0279467559523437
1 1 1 1 0.048164163574709 0.0633280779934217 0.999994977564846 0.0771884622312072 0.0672933780005359 0.0683829797376131 0.0468421121651394 0.050557996955102 0.0804831747650374 0.999601819738696 0.0418612541957809 0.054561862249826 0.0499149169370734 0.0447873003730795 0.0486110074373592 0.0815095063756951 0.0388400663294076 0.0561379160690058 0.999999990986714 0.0458345601527151 0.039391147949987 0.0689569171446525 0.085564785233852 0.067620781749522 0.039506927855527 0.0418768970115238
1 0.99999975722388 1 1 1 0.0503337295778871 0.0473625295532517 0.0392888918297674 0.087720950183543 0.0564828927132683 0.0680128616048646 0.0771401388139833 0.055424655077404 0.0862822245211153 0.0635153479876912 0.0627636688046666 0.0702462316122535 0.0534619145128122 0.189040882250821 0.0792628431237024 0.139126244497403 0.0704473629348563 0.0447563217572335 0.0916076325554328 0.0749064827413088 0.0366535938144238 0.107319760106568 0.0533418287658765 0.0664309390008502 0.0799393175389193
0.999976807808378 0.999999986792803 1 1 0.998967638647311 0.0487828653011857 0.999306390618821 0.0592556563838897 0.0645261398911381 0.0423903250574105 0.0392257562528637 0.051534787595946 0.123978910583514 0.0462178443787867 0.999999999996426 0.0442577486090886 0.0490566760504494 0.062961021460375 0.0369039175861846 0.0462998363490478 0.108767444751929 0.0419446194408011 0.0599039369815259 0.0843246613843738 0.0762361283775339 0.053292545494423 0.0612036854382639 0.996617566904795 0.0288449167501383 0.0527684839888809
0.992333420429623 0.984492421784388 1 1 0.0258437736145629 1 0.0419519658925267 0.0593463990247396 0.0296425902622561 0.999999282342025 0.0481263462794633 0.0208553842896685 0.0360633837009788 0.0362080754259089 0.0436916834200742 0.0339521762575895 0.0268963809948521 0.0269242315661467 0.0185829795675356 0.0182682101426952 0.999999946530847 0.0334500965529148 0.0193530368547077 0.999999992899964 0.0256728975307452 0.0148623521996543 0.0245973418069451 0.0229183411559237 0.0260804637737952 0.0184662242723024
0.99938334095896 1 1 1 0.0111946076712799 0.0107831830762211 0.0452939702495124 0.0619162939125375 0.0168138683889084 0.0134285498083601 0.0175623784287261 0.0230293807449744 0.0186601378542197 0.0278071933990389 0.0204578584901283 0.0285259621491326 0.0343806088742331 0.0506066396534434 0.0140965237946125 0.0138733197954277 0.019772542053088 0.0439987351667858 0.0212013738280951 0.0203270997344484 0.0141922310163597 0.0279330357338299 0.0208408113864512 0.0520112236942838 0.0151258716436096 0.0259319677228148
0.999999956874687 0.999189842272117 1 1 0.0103215558698435 0.0121722346865524 0.018294296053483 0.0190919897901883 0.0178598041690168 0.0120884238976982 0.0230371379974743 0.030452475775699 0.00692751239181222 0.016329754545274 0.0190002830449005 0.0139356755466175 0.0110882602171197 0.0123343834145702 0.0117096175495603 0.0166751826459953 0.0127935120889852 0.0155817115547677 0.0122653511298038 0.0117353946755074 0.0162437640786458 0.0120562691939297 0.0179751658922822 0.0067109851242303 0.02152691162 0.0197151751817681
0.999999999999999 1 1 1 0.0656435106366503 0.058334727281818 0.0736413804191304 0.0499929721132887 0.799118306860307 0.98104640941903 1 0.0683813078585821 0.0413265793272334 0.0615628097868269 0.0897552503972755 0.935566561045449 0.999999876763172 0.999998423154477 0.0671205701063089 0.0534784274693865 0.0463076622761691 0.0568532072949243 0.0364818852941633 0.0603075881738788 0.040613715179208 0.0498326167535993 0.0654621962946046 0.0456801208895421 0.0713617763025712 0.0390369716236629
0.999989737563136 0.999999999999942 1 1 0.0741080461734028 0.0889538018398794 0.940483889261995 0.938564742233979 0.0491666339307731 0.057764780244219 0.999994471972314 0.0529249847800456 0.999140145002299 0.0437819575951691 0.059014933468344 0.999999999964551 0.0516806196608032 0.0527899258046223 0.0480320845610853 0.0470072051244373 0.994985465129981 0.0630459955089947 0.0515164132180248 1 0.0443423325008842 0.0553374314186258 0.0435151326881044 0.0392523644163291 0.0551342356978477 0.0494354349166003
0.942699370285622 1 1 1 0.033292008234415 0.962133317560278 0.0302027454393521 0.0324645623826277 0.0325310616286245 0.0391166799116881 0.0326330405207195 0.0296616808817587 1 0.0485579276539603 0.0258459257824363 0.998560377243906 0.0353022031193642 0.999634070449351 1 0.0340850685318643 0.0292632194810106 0.0353789572393455 0.0236748899086104 0.0298825991246134 0.0421470251322741 0.0356484138517119 0.0571140321543311 0.0210607723070834 0.0350007640577463 0.0363496929249617
0.995778745387848 0.999999999379595 1 1 0.999946531625655 1 0.0260215813201088 0.0259743342368243 1 0.0364438858859176 0.0371415973491465 0.0347279419889526 0.0212397235361604 0.0292650101957799 0.040578075265868 0.0774215826015565 0.0510116030029885 0.0191000999709323 0.132199593011614 0.0149239350555763 0.0398721385093375 0.0281360276970919 0.0507953937394872 0.0306882092500166 0.0163020796733014 0.0561426790371629 0.0539994413755974 0.0255546824047113 0.10378348062963 0.0372921301886717
0.013627147211701 0.999952643238706 1 1 0.0140721369510347 0.0148045429552275 0.0105805435964726 0.011736472337817 0.0160680498941909 0.0106322681473223 0.0169315909708555 0.0147069712738559 0.0770689634006869 0.0158123926696578 0.0107658568307 0.0137759241403782 0.00987737362039998 0.0154392207299728 0.0239983657843308 0.0181238919086154 0.00725181314494494 0.0084590151786601 0.0196102424232242 0.0198532794146465 0.0143408362688138 0.0144080373295209 0.0116874899389992 0.0185756908024772 0.00986010408501747 0.00976082207559903
0.999999999999163 1 1 1 0.999923293703606 1 0.999741761031489 0.99999108295617 0.0272216712341931 0.999999996082929 0.0441499800873537 0.0349407357621421 0.999999990719173 0.0485509440800964 0.0288761074832637 0.0445401918017467 0.0354680961123303 0.999999999986088 0.994505620167892 0.0407683172776465 0.0289595135644038 0.0341571358385806 0.0461710209086372 0.0407084759308107 0.0261106972760365 0.0269932602592713 0.999999587127832 0.0236556515164577 0.0320111044451197 0.0291098831089228
0.142034301421873 1 1 1 0.059377723073932 0.993611344799112 0.0432272068593609 0.999994386935786 1 0.999996457897716 0.0500581568219646 0.0798177700752277 0.154369477690357 0.0354418056583397 0.0903869873086658 0.0614589238097172 0.065937365945966 0.0765850898641037 0.0573140084379876 0.0520640817092465 0.0537192470070715 1 0.0478708525162965 0.0473142569711087 0.0689179373696032 0.0536634546907316 0.0518773774365754 0.095912059639757 0.0620847983573648 0.0395708983436488
1 0.999999999999993 1 1 0.0665819053097381 0.0287338249224682 0.0175571128953831 0.0739907859127118 0.0214517601266839 0.0411293898570133 0.0407208652347975 0.0477187889644924 0.0312152987335028 0.0555817883028423 0.0399101370158683 0.0669077818062124 0.033449311328235 0.0383759175193024 1 0.0937123646296382 0.024615598525668 0.0578642887436579 0.047771699354628 0.0226675237719072 0.0233348181515053 0.0432187783562785 0.0428685913428112 0.161633566247957 0.152536607010231 0.0862404287928201
0.975206808230738 1 1 1 0.0444032212736669 0.0379885407374295 0.0230589223538258 0.999999880125717 0.0248493750552018 0.0173524796469728 0.0257259102971472 0.0150825887245246 0.0203874535857593 0.0202187196913419 0.999999274424575 0.0217293990357152 0.0347265055269615 0.0196210016756764 0.0225071814968182 0.0233681204222476 0.0263156735866571 0.0271352207365677 0.0303437221889645 0.0262620644551922 0.0245966232268731 0.0307290279918192 0.018603390755828 0.0179561023886291 0.0229319012903774 0.0244287891508307
0.999999996863555 0.999956626920578 1 1 0.0560537610231453 0.0597784299409945 0.0679002909418576 1 0.0446856790941582 0.0599221487859901 0.999266594463709 1 0.059247594839885 0.075041692314232 0.161688030596227 0.0832698129365124 0.0803032485599469 0.999993078002983 0.0787861823756485 0.984934706139325 1 0.0639136287268354 0.0458460550776947 0.0690706168463963 0.0680413997779087 0.0627428945601847 0.101849201206663 0.999999959524935 0.0963173203667123 0.0521194367365542
0.999996639026849 1 1 1 0.026690604671193 0.0223531094620847 1 0.0270982387455789 0.0187014077748917 0.0254319077806923 0.0223647864910456 0.0253431490726248 0.0315790625744817 0.0202615447746851 0.0166630835859989 0.0334501358313385 0.0384249834892315 0.0288785446106243 0.0254322828661719 0.0150854004477611 0.0319401789968871 0.0239966485303338 0.0279236868935966 0.0184399041339356 0.0180631039461313 0.0462907413794981 0.0388428480504002 0.045633677971386 0.0227347512428984 0.0362000375333729
0.517956213825717 1 1 1 1 0.19080335086014 0.156518259022612 0.149336837783695 0.0326548523861886 0.0574617218131315 0.0765596162605257 0.0514926482006254 0.041547804490808 0.0668211522723314 0.0837910829885462 0.0419308073617202 0.0966244341286971 0.188509045935352 0.0905349761091108 0.0680800961712309 0.0572061108572345 0.0362130498124238 0.0638183899940912 0.185607615687047 0.0520064155638875 0.0723323604830303 0.531160779144946 0.387607298614629 0.0798999226523555 0.126224499736611
0.999999999999971 1 1 1 0.0251221480432312 0.999999899915277 0.023455668857619 0.0369641653767512 0.0198167569043157 0.0412545671459068 0.0333308451380633 0.0603164349846615 0.0268325136931288 0.034630983630228 0.999978081594745 0.0443318993203055 0.0514510374896284 0.056393265834714 0.0268291276980759 0.0352035059329593 0.0396189308967222 0.024491816748608 0.0230828111324398 0.0265733084738873 0.0289931209843001 0.0154636618581888 0.0479995607178023 0.0287358269273611 0.0334281823978608 0.0349206143925582
1 1 1 1 0.873200939229582 0.0191158797728109 0.0184094369589907 0.0157410114857724 0.0214268143255597 0.993989472266171 0.0116286007319666 0.0118853746422949 0.353071466732767 0.0166455404158776 1 0.0123353277903159 0.0101544445256293 0.00864214354953963 0.0364654461659013 0.010967473141972 0.999969733256938 0.0148092280177221 0.0255381416508658 0.0157156671351643 0.0200537719369537 0.0183294594650483 0.0119466083955048 0.0192837776850387 0.0433843427661855 0.0162071761912905
0.0317867070677473 1 1 1 0.0167903427290277 0.022683516317314 0.999999994030851 0.0199955091289135 0.0180501357807145 0.0249443115533602 1 0.0168630752425578 0.0296257788784385 0.0175932813164089 0.01855283105741 0.0136514173082437 0.0307361452810492 0.0171374376940333 0.0183134521765093 0.018484416411077 0.0183026461135866 0.0302442458263034 0.0180724594622097 0.0187450361887054 0.0185608141235782 0.00924346916606689 0.0150863212023593 0.031231936127421 0.0156432281142841 0.03767205745443
0.338932976195154 0.999999992856984 1 1 0.906320865400233 0.018144119687677 0.0268392298112781 0.0281854491697112 0.0184435079714479 0.0424885365438433 0.0190181987688927 0.0236999612519403 0.0205267126975954 0.0198272476181297 0.0258485746505064 0.023671014344128 0.0226303725307355 0.0263359511533537 0.0304566043759285 0.0273607847679354 0.0214822988898005 0.0174729797157693 0.0107461819237357 0.0171487163358023 0.0311991705533998 0.0177714347143471 0.0182042867677313 0.0254218390124071 0.0175119335510545 0.0152516817035482
0.999999999999967 1 1 1 0.0694996987604851 0.0532832371391198 0.0619826209684456 0.0494400010610795 0.0298455857019932 0.0321507962293603 0.0301242233602795 0.0323103761750604 0.0479498764837116 0.999978811683831 1 0.0471297397317217 0.999979566369624 0.0635291193218864 0.066729712496596 0.291839379785021 0.999999999999952 0.0970157744472386 0.0563327834289126 0.0349655453048362 0.0418684246567904 0.0622569672760438 0.072103566993203 0.0399252539349679 0.0315250670911835 1
0.999999951430198 0.99999999999513 1 1 0.0277247544015855 0.0370943459820307 0.0512445476310716 0.0460811844752069 0.0520985530771895 0.0492869662530523 0.0257576366032204 0.0283972908947864 0.0356071600097601 0.0641275131335355 0.0457481381561721 0.0438138519839462 0.0331481866555781 0.048556480575181 0.0428350322269191 0.0273697858420866 0.0407371943104318 0.0454922119684729 0.0559055747923162 0.0239155263982935 0.0337281690863921 0.035322978862862 0.0605114453553282 0.0462520118603731 0.0276853998110598 0.046532614244768
0.999999980432562 1 1 1 0.0106910423689746 0.0153252698292555 0.0231266817005684 0.0675252672421131 0.0144156523492213 0.0139743222899303 0.0264900956853225 0.0138718784135452 0.0170996625850112 0.0168226847968873 0.0319131117108332 0.0214789426083127 0.0230862643422075 0.0172677568767888 0.0269285321523757 0.0144507202295195 0.0181391963266084 0.0241377073157295 0.0135388244527532 0.0207770279777338 0.0142728683149812 0.0107615818965466 0.0163688135738428 0.0161530875368086 0.0171133065086991 0.999902764242488
0.0340906442868295 0.999999891063127 1 1 0.999988639622153 0.0155023883773427 0.0146314285717299 0.748696806637414 0.999991303744025 0.999999999997445 0.0321857501505539 0.0395655262980186 0.0229128119818123 0.999982384805712 0.0525371250523863 0.0707817949620769 0.0313725315999358 0.031431430840011 0.0203541838370608 0.017450765813937 0.01867666636192 0.0229050818425468 0.991235588767575 0.0653542718495835 0.020770260675944 0.0200286463577413 0.0220439595915961 0.138437723393311 0.0140106966848809 0.0208176586866995
0.5447984875607 1 1 1 0.999999980463827 0.021324981632611 0.0203660746135577 0.0232613891539633 0.0230747792982993 0.0338464731540726 0.0307179913070681 0.0270092696588935 0.0240699892700804 0.0285910941667098 0.0309171621157157 0.0235699783039997 0.999999999999998 0.020867731731946 0.437678128498539 0.0255917084706083 0.0277146618089841 0.0187741311618337 0.0285400686339907 0.0525341609896242 0.0252654957266103 0.0169590098545166 0.0306331515178404 0.0290282161125506 0.026428537003103 0.999999999978641
0.0138776219305221 0.999999981574551 1 1 0.0094932793057263 0.0148228999722654 0.00812528980190497 0.00894305831107201 0.0112755580807957 0.0082886478276194 0.00724113040812557 0.00587530118779545 0.0113050629464183 0.0180775582717247 0.00541855229977617 0.00896720848469457 0.00691590072246817 0.0172869122755744 0.0105663962566758 0.0108636682212503 0.00788314491450937 0.0123919278609824 0.00577277364563555 0.0115492457309238 0.00771879391247576 0.0129969524328399 0.0113272390064237 0.00772719263529087 0.0197132991962603 0.00717676432237191
0.999998939343653 1 1 1 0.0332326944291648 0.0131007542743884 0.0154058902415164 0.0483033785180819 0.015793580202624 0.00740277701005509 0.0130985958714697 0.0208353590227398 1 0.0165051152682616 0.0179146685165916 0.0172773726985431 0.0134331723472121 0.012826727372088 0.0175891232327281 0.0199279971311478 0.0184889535327262 0.0204421228100807 0.01645614139846 0.033462503797736 0.0175773770357134 0.0253651489315758 0.0145002867568172 0.0236082948682564 0.0146095511073876 0.0226528005036941
1 1 0.999999999999875 1 0.025924309210713 0.0297710027919577 0.0292403812975466 0.0276106050189926 0.0367551791071068 0.0214207910907177 0.0501961476553929 1 0.0448287755040467 0.0319260352067909 0.0310548833123647 0.0599366416053103 0.0417893807707183 0.0269110237694342 0.0296584419373311 0.031114031053371 0.0200862969008995 0.0447904602928854 0.0300104742806244 0.0446844683597043 0.0384702313375967 0.027360468551467 0.999999999999978 0.0306260771651666 0.0266816397610826 0.0461745908011915
0.999898610732709 1 1 1 0.0872805581701118 0.0389993950134154 0.0440574112553921 0.0535924741298021 0.99999999999998 0.0820825880612737 0.0376468180667363 0.0354064261214975 0.0389136675438205 0.0443291190229472 0.156059121580972 0.999064344842703 0.0457711988197858 0.0629950849947973 0.0417994793538501 1 0.0433883385715746 1 0.0540668312602225 0.047476148751782 0.0507002601007451 0.0848533800711715 0.0279847555065574 0.73081270678447 0.0504181233433331 0.999999998992117
0.999994269538208 1 1 1 1 0.0701395568274323 0.0180412437749342 0.0296041729131402 0.999696077259897 1 0.0867232641013854 0.0159808980126793 0.0196966458443717 0.022373622841161 0.039176820245022 0.02451738536949 0.0258359229505858 0.0342455352089883 0.0212795515374271 0.0747932444610878 0.0154547072255357 0.0199389335314722 0.037431077990606 0.02057411035778 0.106335954322891 0.0203031668066621 0.023864604389806 0.0219147210763464 0.0475033482028391 0.0363348695678134
0.0736395327483118 1 1 1 0.0306182390647828 0.0299586609953912 0.0307023722509034 0.0617777830026984 0.0316884733490221 0.0453706115361883 0.0650500979480887 0.0558902890459821 0.0421471731867319 0.0568580905426087 0.0405423328799042 0.0397445698546733 0.0436814843550061 0.0376293456253295 0.0402406555761862 0.109795154276236 0.027837770679305 0.0340180236220282 0.0415653495912398 0.0334361387856682 0.104841136851902 0.0319818001724866 0.0415059772207997 0.135844961358191 0.0389344984087715 0.0427649300204594
0.0894542547771846 0.999996744065975 1 1 0.0216322979250355 0.0694755483418567 0.9999999996742 0.039008571474839 0.059493433848621 0.0194657686044659 0.0203597325289452 0.0532178699572643 0.0155320783108066 0.0192613714957313 0.0335641701917291 0.0402912275075787 0.0215586504156017 0.0260244593322772 0.0176303155006305 0.0183521235878579 0.0889514509735401 0.0264370186805147 0.0275959046991057 0.0409990134002615 0.0404855155404897 0.0392595590450032 0.0719396026815916 0.0255510230648417 0.0196524057066259 0.0289397014490803
0.999885901478077 0.999999900051261 1 1 0.0194971208678338 0.0125049933561724 0.0195639372321597 0.0139536611165111 0.018629204349015 0.0220035763038078 0.0174545435937202 0.0160070351684318 0.0137558142795694 0.0122417022509566 0.0149226279165097 0.0140635502913008 0.0177280256591379 0.013111985332627 0.00922884592947726 0.0150668051960121 0.0190811306426222 0.0150263898594539 0.00971981092676688 0.0236118534648625 0.0158933166033145 0.0197486590976284 0.0145311503322041 0.0119491578094741 0.0108380175845071 0.0148689463657304
1 1 1 1 1 1 0.080753875717628 0.0492454102225894 0.999929693113059 0.320658023729249 0.999999994235444 0.0365833975160202 0.0932381980350093 0.0402113216851409 0.0654275713053297 0.101781717684495 0.0327854465698142 0.0735188110669976 0.0824358199374504 0.0456970452118686 0.05438676582986 0.0480389815089531 0.0455241145749415 0.0547128778193163 0.0372080280983423 0.0412141678528409 0.0424320064804735 0.0435816555455573 1 0.994737797263347
0.999999999999999 1 1 1 0.109387342092279 0.0271279161258697 1 0.0254939837572957 0.153028389995131 0.0344078257847972 0.999345543727647 0.048130668106895 0.0218115899589388 0.0358171512632505 0.0545696344764569 0.0664443779212933 0.0261231460953767 0.0828658469926263 0.042490687701921 0.999999999788774 0.0445692406697991 0.0335979786551416 0.0295140690515973 0.0449002643087618 0.0241597808064661 1 0.0222606513004915 0.0502239996485717 0.026254289547764 0.030357601428079
0.99999999999999 1 1 1 0.999999999999968 0.99999999999449 0.0595627854107018 0.03771681628063 0.0400621841848666 0.0349961592427582 0.99999999986634 0.0701655780300643 0.999730739795604 0.0376304085245334 0.874623325003575 0.0421371563393307 0.0288763626940058 0.0583983976148281 0.0355554352087625 0.0429039991013406 0.0295038322843797 0.0525916001913487 0.0618044276796436 0.999737103396909 0.03733869065444 0.0516841432904367 1 0.992660583008683 0.0380588550102 0.0359916278269931
1 1 1 1 0.0148303225741351 0.0323876069674991 0.0206624252733395 0.0223163624621046 0.0905404841061624 0.0280301144937046 1 0.0252429869811889 0.0251254118523858 0.0410343096532694 0.0200531805909335 0.0709137860700039 0.050904091889004 0.0352650483964509 0.0368737744872387 0.0377223852823468 0.025821634804989 0.174544830257943 0.0302204986288241 0.0486252760816945 0.0214072800830004 0.0324019937291767 0.0299149651350976 0.999499513640419 0.0374038080103285 0.0252526600949849
0.999997712398803 0.999998794306491 1 1 0.0203107451441242 0.0278160545271078 0.0163203469857439 0.0216438703040366 0.0118719132759179 0.0230792239486463 0.0153883673556936 0.0162158800821754 0.0184509642526622 0.0156952983040428 0.0204441200421088 0.0131891692831271 0.0129472684180976 0.0258636332027288 0.0154707859501131 0.0186419722380033 0.055852103512794 0.0151247496451559 0.0138356355722834 0.0105161101379878 0.0141969749789187 0.013386004896246 0.0116064965093227 0.0143945727120528 0.0222248447363719 0.0232629103016256
0.0335751197008033 1 1 1 0.0357322522834711 0.931312106661115 0.999866926078843 0.0277403798745329 0.0388265635391273 0.0161876942257017 0.0271507984247233 0.0278713573114162 0.0201771740003971 0.0536972267863259 0.0235586191357736 0.0466482084962422 0.0277126482937328 0.0299753720519869 0.0349650866009896 0.0222189717509534 0.0353470466648161 0.032870320829418 0.999999999999857 0.968508972655073 0.0273026522114036 0.0266164262829595 0.0226639089901106 0.0458135373969785 0.0219645954333543 0.0368227177290935
1 0.822915913172665 1 1 0.0715240366548506 0.0171909862973083 0.0141404683187609 0.0350301451874913 0.0708011138587514 0.0229401788088114 0.0257286162035258 0.0139696789734923 0.0311618564478713 0.0612937453949821 0.0192806065905119 0.0600758718091255 0.0143457696233171 0.0345083543552605 0.0425674596529637 0.0199605420853035 0.0329551764674975 0.026514071454194 0.0159682509252423 0.0304669296190662 0.0276486551316566 0.0215546470078102 0.0177095574587688 0.0398207263630184 0.0881078571196972 0.0474243473225836
0.999999999485036 0.999999999987793 0.999999999945423 1 1 1 0.0352754887675923 0.0249748729599867 0.165615166146115 0.0482346001137088 0.999999132776982 0.0294908430160176 0.0532958825591153 0.0354730549198824 0.0591875374241765 0.0549010618116741 0.0297621337252075 0.0517821901119834 0.0271654661790935 0.0303678201253113 0.999998051168311 0.101729247657013 0.052898629365997 0.0326945660291803 0.0289479354134055 0.0335866349399446 0.0397299995993093 0.0259653810406603 0.0352196924602248 0.055543138333524
1 1 1 1 0.999999989572832 0.0568380266336936 0.068777689208246 0.0738391104681291 0.0501708304075974 0.0881792270403813 0.0700086031422888 0.0410869288291801 0.999999999968554 0.999999999999997 0.0459399377197073 0.0761860542224886 0.0988378795500146 0.0839551680471882 0.0818633031684084 0.0808016279109068 0.0702989170040221 0.041032912305814 0.0836517724671053 0.128136760534567 0.0893086447789525 0.128153627992969 0.108940955405981 0.204549483884676 0.105492363538534 0.0597408783660821
1 0.999900865734641 1 1 0.0437407507417726 0.0342040236316711 0.0609575183677608 0.0339446700220929 0.0391333937892662 0.880919660201497 0.999923642450614 0.0408799585891125 0.0285177990116077 0.0402007668062421 0.0531460573276955 1 0.0341117231692117 0.121148703642551 0.0417589884608576 0.0488547760438145 0.0439761247190791 0.0469921727222131 0.0361569406909095 0.0255727512786015 0.0326358046747213 0.0401764289870274 0.051205457597039 0.0439487190451504 0.0524709988120208 0.034561645359153
0.999999999979363 1 1 1 0.999996762424287 0.0199916127874991 0.0208371525705779 0.028230078788597 0.999992639361765 0.999636070788042 0.0223100914086231 0.99893585083402 0.0303635961551776 0.0246111371845656 0.781110381831447 0.0199871999398193 0.0314532936851083 0.0215971955238569 0.999999999976974 0.999907212549785 0.0212988414257831 0.0289497153500056 0.016171807405133 0.0194501518402455 0.0309165530258388 1 0.872887387686344 0.0186443524887746 0.0326141639098397 0.026319665317151
0.823363905172987 0.999667157173337 0.0938216288589641 1 0.0708536785512728 1 1 0.999980005240573 0.050549973754506 0.0807278211740631 1 0.0673690776422546 0.0959732377813444 0.0585208961615946 0.122780170257351 0.999999999999928 0.0843657318832022 0.0580331837195451 0.0491837403135365 0.0587301745301014 0.224437320829106 0.0679451720134379 0.103438116996883 1 0.0631365661294893 0.160739694463933 0.0711166875715434 0.0445237019355904 0.999999999996056 0.156799656248818
1 0.999999999999997 1 1 0.998807882413544 0.999999852022313 0.0239244208704623 0.0157843284004637 0.0326152017233664 0.0273377446422238 0.0317561129660126 0.0288266043675813 0.0130292324837223 0.0390135435786609 0.0415098811807945 0.0188560974331673 0.0287259532965716 0.0244626811504959 0.0245803158492611 0.999999999915996 0.0192427756918985 0.0247266344164585 0.0109153531855019 0.0308000675252798 0.0162500109925363 0.041181869368295 0.0273659757323939 0.0313906526706703 0.99986918864411 0.0266766475810981
1 0.999999999221685 1 1 0.0154108883694384 0.014471128620437 0.0300632290830688 1 0.0224225108226765 0.0108810674465484 0.0128864546298965 0.0241418798795509 0.0229133448409871 0.0209734154640437 0.0255662266350966 0.0133304092181898 0.0216721868913838 1 0.0151831485168463 0.0295554069342721 0.01305059241703 0.0131065213758313 0.0155067305675709 0.0334195854833587 1 0.0281515006636814 0.0168449114986259 0.0162127971158241 0.0143478533774345 1
0.999989209266339 1 1 1 0.169079693551489 0.0330929133786045 0.0471092514974726 0.999999999999999 0.0670138921735611 0.046161159698014 0.0325283278385519 0.0244953473980434 0.0268795688098801 0.0248393647198916 0.0750964408436062 0.053425765756731 0.0750333878044385 0.0286418484361997 0.0250571911555183 0.99800529358838 0.0314778099311933 0.0392244162916222 0.0349923557209384 1 0.035054232250288 0.0285489437393629 0.999991761464632 0.0228194294590182 0.0278350903255293 0.999999999999998
0.88979582417693 1 1 1 0.999999689892566 0.0284384579414397 0.0436831028462271 0.0325467331331298 0.0189713755219671 0.0288065601592663 0.0387767633814758 0.0535825869941557 0.0673272606522447 0.0394830175703835 0.0209817230555356 0.101280652125274 0.0346420964865981 0.0785641813739112 0.038391387960095 0.0606328621393579 0.0367610816939703 0.0470163597246841 0.110947312788954 0.050004405009022 0.0294141320560469 0.125622770460767 0.0715857990654361 0.0329418094663136 0.0333922711435949 0.0288891817439082
0.999999999856978 0.999996563963121 1 1 0.999996770596788 0.999889943814061 0.0336471229200552 0.0332359917499232 0.0528329951947791 1 0.038872774141179 0.058740660930407 0.0324179599540317 0.0354682300532947 0.058107345012063 0.0772353724498172 0.0254196337256963 0.0348885005090874 0.0524612750837526 0.0500790487568425 0.0411646939207926 0.034780238406258 0.0768107056624198 0.0707653034709624 0.072127572595328 0.0996358398941384 0.130442981881117 0.0802712025340001 0.0946955585004887 0.0735311451492648
0.999393027274226 0.999999999994281 1 1 0.0285210575743641 0.0171143524399681 0.0411782642138542 0.0319224162734868 0.03121823760348 1 1 0.0177417030094311 0.0347744962614799 0.0218603358694882 0.0340740991953069 0.0486104910666216 0.0600617845796673 0.0450180634317201 0.0410698725836642 0.052504293685129 0.0271982347878321 0.0214705482967033 0.0625730343334099 0.0752580311295327 0.0536541682779527 0.0249426134863941 0.0186889826689658 0.0492917601790752 0.0496779958131656 0.0180545441002392
0.925407761947581 1 1 1 0.984410503514895 0.981294226739047 0.0295122339082966 0.04219406206043 0.034323392966261 0.0823928981331223 0.632849856341711 0.0426862350852926 0.0599312597882 0.0459928084525085 0.0391053494401853 0.0576458436131555 0.0346134307846238 0.0343736777192286 0.999999999766032 0.0270418108395897 0.982253216989423 0.0387282946642987 0.0340511757036145 0.99940266945016 0.0478999250624561 0.0322089161671255 0.97655059755229 0.0366549044868141 0.808118051290693 0.0406800218945854
0.99999999545749 0.100129199278001 0.999998580816742 1 1 0.0576421558059554 0.0678337113930974 0.0831138265580493 0.999999980220167 1 0.0924563219889877 0.999999999997207 0.0828840167457239 0.992789323233462 0.0851940320999078 0.0540763380873149 0.0612331776181845 0.941094469525485 0.999879662971315 1 0.0826821670724903 0.0621383796698701 0.070217996992593 0.0917370453822757 0.999999689809708 0.103518829836886 0.0956699204785496 0.112390192587272 0.0837653054770652 0.0904488719425968
0.999993190057702 1 1 1 0.044167927076641 0.999999999985609 0.999999999999995 0.0180822728891371 0.032211772881911 0.0185861607476765 0.0395716252254739 0.0262085738402045 0.023401203269479 0.0431698685885031 0.0166328426131986 0.0310577869222859 0.0186615199806521 0.0232288463049982 0.0233043437563394 0.0259092992889307 0.999461422904321 0.0486388846660827 0.999999999996885 0.025274070822766 0.0171410769902111 0.0283536400838101 0.0265834224642378 0.0201930700383303 0.0152487951384072 0.0209955304737784
0.0807589941956638 0.99999998099026 1 1 0.0682972789195931 0.984072418823289 0.999997569567816 0.046373606267522 0.972591653704223 0.0430248136061103 0.788549147194072 0.0403603182888252 0.0479063600548078 0.970572848979842 0.0595931559574248 0.0538839908071896 0.0594947580329301 0.0393608402130047 0.999999369235075 1 0.0252918193620583 1 0.0290288974168242 0.0378367237781914 0.12225979153092 0.0314079483337684 0.0378697259099097 0.044177737115175 0.0359170131305402 0.0275797006766104
0.999999999904569 1 1 1 0.999803491583101 0.0378278116405241 1 0.0120140204474309 0.0186028222219986 0.0226445208953735 0.0116292688843054 0.999993460474485 1 0.0146625050681028 0.0375627897284827 0.014921684932276 0.0201925159931352 0.0310000977272107 0.017374706047021 0.0497708792509679 0.0189639787826174 0.990937703780965 0.0164148440693562 0.0211731576882581 0.0309560856172312 0.0341468025826384 0.0227754361698194 0.999999421600164 0.0216780548225891 0.0127398987717947
0.993945751774257 0.999999999999997 1 1 0.0228365380649165 0.0104536399602581 0.0189246678374332 0.0185116456141808 0.0166358730731061 0.0163942487736485 0.0167001526777554 0.0133874386799292 0.0228417282997431 0.014367882394153 1 0.0183812828810486 0.0201315437320342 0.0331221535088742 0.00993574701936017 0.0179776991254922 0.0140622482359327 0.0118579749248003 0.0172497586602414 0.0138339321170891 0.0166692217452995 0.0159772490579635 0.0168722153205564 0.0126794297165786 0.0221726719177753 0.0191958575888865
0.999999996817881 1 1 1 0.999999999973234 0.999999999994184 0.999998274131614 0.999914337535697 0.0447754847949601 0.998701537173323 0.0817830407374972 0.14659483425184 0.0582137635110264 0.975761678175066 0.0465542947573427 1 1 0.982454995498963 0.0596319852581922 0.056243527081915 0.074384958400191 0.0308087967636691 0.0445107245531178 0.0660709344316874 1 1 0.0908678903816937 0.100810311962086 0.0257005972707661 0.0532895691824283
0.980823401531411 1 1 1 0.0672185218728635 1 0.0559085372871578 0.999999996569925 0.0802163701125082 0.103606473138866 0.0428529422180619 0.914481045594282 0.656559474386895 0.0789981624880207 0.0771628464062979 0.112312414249167 0.0674819062827219 0.0735502925991159 0.117616019483344 0.0660810539702944 0.0901678275265679 0.0893050011449483 0.101599929084815 0.0695775863167132 0.0980018360268621 0.0741065312629425 0.999999992499577 0.99965191913318 0.085088768884059 0.999991645270155
0.99999982203989 1 1 1 0.0265392864197269 0.0140152796080174 0.0175280126163234 0.0166880027569738 0.0156662426316406 0.0514072042673801 0.0218750150045453 0.0290149058638257 0.999999985931893 0.0175975087144636 0.0175519173700414 1 0.0541402681830194 0.0159913580957892 0.0215201708476751 0.0352057051605587 0.0161801670004373 0.0776021906340382 0.0237705726622455 0.0311236213784543 0.0196103576806974 0.0158024558321352 0.0300707361477077 0.0200380587209577 0.0152969885300966 0.0335488766103756
0.0117948159259008 0.999999998304829 1 1 0.0197893998890099 0.0213067117687075 0.0213263248105517 0.0153461294524886 1 0.0176586970906343 0.0198118614540105 0.0175086216936672 0.0168017254253937 0.0558919096980028 0.0120203619696645 0.0320890638700218 0.0244964892097916 0.0335537652570845 0.0223562777222351 0.0419456872735651 0.0577631559141513 0.0119742926438627 0.0134841921805043 0.0115383961032697 0.0232420929919783 0.0129520576704566 0.0243983361476788 0.0141943708153389 0.0182397913813368 0.0184101165192796
0.999999943039476 1 1 1 0.0376526803286018 0.0301882950309831 0.0969987668471702 0.0560070857640376 0.0376411732185261 0.0239869543220573 0.0534498466065875 0.308899261932692 0.0347348065972622 0.0386311021314972 0.0276195570214521 0.0286306602826323 0.0282187468648546 0.0351760562701168 0.0326981202532525 0.0285119834271461 0.0511167895427996 0.0230335939845304 0.0296306629600104 1 0.0195071710748216 0.0261980528899577 0.0386838375729299 0.0342658785083334 0.0282448816689878 0.0320243093647883
0.128582336763046 1 1 1 0.0344041207431225 0.0531113731674778 0.0550463467974641 0.0656938849998192 0.863208295159328 1 0.0407916671095804 0.0647555049480214 0.0811082248471295 0.999563252938291 0.0845381895905919 0.0484165846104108 0.999466448370596 0.0536950696573697 0.0344145043891142 0.0434281614437971 0.0457799172961445 0.0615382152829677 0.0388327975823299 0.0641619273489012 0.05765663781339 0.0552672460186492 0.0317769676021905 0.0655271586326475 0.055564308344909 0.999999999997826
0.973523364646663 0.993813300903276 1 1 0.0286522185681153 0.0136844808942157 0.0162570672855906 0.0432763587960255 1 0.993179308795503 0.0208467471284706 0.020783012080387 0.0179471581963674 0.012518950982738 0.0169500635491771 0.0181955421037919 0.0147371401832049 0.0252209699338736 0.0158854422653734 0.0188925898169641 0.0215174143560793 0.0155634452287696 0.0203011538106188 0.0248991435736111 0.0121997132994932 0.017866874502993 0.0200313721945488 0.0146225231102126 0.0168707392766259 0.0144863137662979
1 1 0.999999999999987 1 0.0251911665069142 0.999971103783421 0.0318047714651705 0.0233251196498808 0.0288195600861143 0.0321809321399831 0.0413957585726797 0.0222754183083824 0.0354770120404972 0.025496991871928 0.0645352876655797 0.0229749254598886 0.0397521191666697 0.0235412157014222 0.0228777874029603 0.045825389499505 0.0361805547297954 0.0808932150441769 0.0174258679064941 0.0152602230657577 0.0259576205327515 0.0318218584906116 0.032082589767682 0.0337510121890965 0.0229735475784345 0.0231386827063919
0.999999999774702 0.999999999999999 0.999999999999946 1 0.0219578021156974 0.999980829394429 0.0344938103239758 0.0218439735253887 0.0521682641910199 0.0401748033284541 0.0229353471278011 0.0243242572053318 0.0233350771664315 0.0303971016490131 0.0192508964021756 0.0250248589672554 0.0167557190189417 0.0221417124991393 0.0218673170573046 0.0220103356273746 0.0221882906120212 0.0333423952499396 0.0211357156359495 0.0252886042765045 0.0471257221748327 0.025477852399672 0.0155576024471245 0.0220466512898801 0.896140305771196 0.0246762525309939
1 0.899618795239034 1 1 0.0216658859068715 0.0223016572183754 0.0255493192417783 0.0150846659081939 0.0257278928256708 0.0220631313694098 0.0263330516979564 0.999646309175108 0.0229060295989181 0.0360293901279735 0.0236254759153305 0.0237454710292804 0.0287568351282388 0.0268063834695124 0.0163489932206329 0.0365193571273081 0.0478506614636227 0.0218919096811845 0.0151815646055573 0.0171448981604917 0.0182574163375757 0.0229522898805292 0.0154244661665178 0.0110967691155149 0.0330979013067042 0.0257465027605166
0.999443614493926 0.999999999951814 1 1 0.994631633345562 0.0322683419705727 0.999068008590072 0.0793712608553767 0.092200927646013 0.100451662552125 1 0.0489939523360372 0.0617332979603523 0.180839177896119 0.0512345448182125 0.0481515664206953 0.102438790226637 0.999999999996232 0.052228776107238 0.0394291341374362 1 0.060513083935078 0.0743713272582071 0.083081109557666 0.0735477428558825 0.0484978740704022 0.0751117916657171 0.0524330642159131 0.0585707304424771 1
0.999999999978308 0.9999999960797 1 1 0.0495277429159119 0.999999289479523 0.999999999931951 0.0212310981042175 0.0509378925638119 0.0475825678300511 0.0422052958699317 0.0311660290706314 0.0716698367607458 0.0388316766831077 0.999999998406353 0.0279319719888788 0.0368190634793013 0.084248432313564 0.0537430090424056 0.0271452520992056 0.149084273114227 0.0360691674525138 0.0498182898444914 0.0937929432334104 0.0396597475298353 0.0402068504611168 0.0467349688751411 0.999999999998568 0.0318608338526793 0.0339408060894583
0.951390666472087 1 1 1 0.074537389651488 1 0.0722095314701654 0.999999999954725 0.0841897256149031 0.072010938273932 0.0704954326375272 0.0802029669119623 0.999999999999627 0.0694600100408584 0.0634383701072044 0.074417734468168 0.0886052061166345 0.121410200579704 0.0918613442503924 1 0.0822447052917918 0.0709269270969514 0.0930855228189214 0.0791745105384269 0.0618316211327891 0.0700014308689628 0.108268116028936 0.0793539666603904 0.0985289771404956 0.0988903385505654
0.0134202778577481 0.0167479242938804 1 1 0.0848605930931917 0.0130667010563369 0.0208234162835865 0.0802526686974827 0.0341611212404116 0.0272809730502479 0.0326709545999063 0.02090765137136 0.0115361260700254 0.0137941776239591 0.015824102454824 0.0414872720197512 0.0175385284350507 0.0236994550365636 0.0118455892677666 0.0239915179692403 0.0166799702026575 0.0147079408937841 0.0235670116731787 0.022935781349555 0.0249100660579992 0.0226508133199111 0.0233231435325503 0.018980555539351 0.017356680830797 0.0226519509422433
0.0450824134025654 0.999999999999998 1 1 0.0158820173206089 0.0136916039604839 0.0170890699401721 0.0107930102196963 0.00899761924632825 0.0114845220534817 0.00887665187792663 0.0174272082269611 0.0130905849156699 0.0119525602941617 0.00684927162336846 0.015535023715646 0.0062105823616726 0.00755285881111201 0.0143685901699062 0.00910508153282119 0.00934554619819827 0.0116182527226042 0.0105128677783699 0.0123055721657387 0.00955490803590953 0.010123234300399 0.0146553960643988 0.0119481230780673 0.00865060781825333 0.00839778480629816
1 1 1 1 0.0674887273841858 0.103932914488009 0.999999999999999 0.0506930677003294 0.133839170523606 0.109597014136435 0.0603975942868472 0.0593904479577803 0.0839065480337006 0.0535904694833133 0.0512561218417088 0.116496201736775 0.0629894750042959 0.060466052007202 0.0624664511240882 0.0454251795305139 0.0769463528825372 0.0752866951828733 0.0431527515966063 0.072857389814018 0.0671314341536384 0.0609474223447884 0.0928235092435812 0.0961250612378644 0.0731987630232984 0.321938041442282
1 1 1 1 0.0628395303659613 0.999999999661097 0.99999999999736 0.999882686209395 0.0621640444601317 0.0490569593291791 0.0339142715175785 0.11685036696014 0.0732059117921181 1 0.0314355952945292 0.170140628053704 0.0783720147498124 0.0691538803012138 0.15559809325458 0.0531906521864415 0.999999999999793 0.999995098132482 0.0721900931313089 0.038887902965518 0.0340162285921667 0.0687632998204442 0.135820542831057 0.0502924712002574 0.05771852279278 0.0480457580413466
0.999473102580185 1 1 1 0.0100486376514135 0.814066947343161 0.022995609899776 0.0126314149978285 0.0133174408443864 0.0128658041229315 0.00980348901141648 0.0135734028672575 0.0491405061482898 0.0279869234603533 0.0110535672367277 0.018835054028451 0.0132151004591075 0.0121392769069776 0.0137019367137566 0.0341729122290376 1 0.0106594168756208 0.019693056385354 0.0209929369697082 0.019140151341218 0.0325111221200086 0.0136153027113375 0.0136862106076 0.0113758951167779 0.0300790490853307
0.999968792635689 0.999999999992799 0.999999999798124 1 0.0355181100787342 0.0299753228467772 0.0318336978941096 0.0350767503312289 0.999999999999795 0.0280326553804239 0.0275469278642045 0.0428904889338493 0.041069591065616 0.0223836217242005 0.0627047879420878 0.0414740894658598 0.0261764555395041 0.0425632430099026 0.0676822569738373 0.041720508600142 0.983414245100888 0.0316825653369911 0.0228278651149281 0.0344597489750242 0.027261883335685 0.034063927839017 0.0337674976256961 0.0942371250132783 0.0264288919556606 0.0292454226472783
0.946622370106536 1 1 1 0.01177467480175 0.0211145419722515 0.0206303176750658 0.0120160693704452 0.0142362590408137 0.0238054606232299 0.0173364084856249 0.925683334806648 0.0142479336432952 0.00820835098643991 0.0233316027251206 0.0108007861485737 0.0205541189262584 0.01935252697169 0.0143574461881905 0.0198737368252084 0.00934275075410584 0.019116481702542 0.0134480993082818 0.0194634416361861 0.0161915531830127 0.0194685721866972 0.0136896094759777 0.00952232774312722 0.0127354403858365 0.00982634517378944
0.0676115233468662 1 1 1 0.0184391589562789 0.0202085819964259 0.0283724545153973 0.0386664022682659 0.04161065093241 0.0256140925445344 0.0279802376979106 0.0337105641368131 0.0246334966245709 0.0257185014908039 0.0451488028754287 0.0284618952738941 0.0215551885800078 0.0318799506050943 0.0221359813226758 0.0155139994700689 0.0364747057508168 0.0256260443227558 0.0366899253936792 0.0167994998225366 0.0507729845843461 0.0266437570833554 0.026854598160902 0.0161282881183137 0.0306380454054506 0.0183722569617877
1 0.999982897388008 0.99999999999995 1 0.0287783152749994 0.0155309431123465 0.012955340254278 0.0257323210904387 0.0226560264881785 0.016338158987417 0.0526820788065929 0.999999969915004 0.0159928908503888 0.0344771621736308 0.0152513383571288 0.0199228343784777 0.0234829447008847 0.0120424671625734 0.0229488276735977 0.0135571493296175 0.0169642201954638 0.187099936554701 0.0191992019539879 0.0223643351901952 0.0191116474054529 0.0282737729428542 0.0195716639819007 0.0162152163161482 0.0251338097730806 0.021332648909012
1 0.999998324680001 1 1 0.999999999999984 0.999999999999991 0.068980035783605 0.0254609364251903 0.0211439119586946 0.0318437778554105 0.0212226223072336 1 0.0194649164198517 1 0.0271080717651192 0.105668509306317 0.01994486554994 0.0144803246463259 0.0218668237922198 0.0248834398125161 0.0257411906922206 0.0222831354192649 0.0324328097159717 0.0394362131970368 0.0188887768848471 0.0440723737053588 0.0772448220805994 0.0737239046755322 0.0266202567192243 0.0389716412740672
1 1 1 1 0.0549720354390906 0.0180241883273718 0.0870259675112997 0.0272888806105526 0.0436132169170572 0.13651161264981 0.0205083886313009 0.999985454621914 0.0317922448294709 0.0257662855959587 0.0245651704834458 0.0249945281769064 0.0381533529761132 0.0700239493209412 0.0337055587207591 0.0347699442283776 0.0219056213043842 0.0503315848976801 0.0419802116172273 0.0398336546054975 0.0603166696635568 0.0690166344458649 0.997084787917384 0.0294661262877334 0.0305394401847616 0.0406370869880929
1 0.999999984846628 1 1 0.0335867165902018 0.0345452377416058 0.0429478567561871 0.0619976311236842 0.0372058152137474 0.0652491560248887 0.0321986898448792 0.0516467932495293 0.0383168224783959 0.0956529531040885 0.999838871235914 0.101965479345222 0.0339589082714832 0.052472192853572 0.0574711442976001 0.0315157683516076 0.99580558320988 0.0413911631280777 0.136371014469713 0.0422666328589475 0.999999999998657 0.0483561587520988 0.0281349312847948 0.112685170703658 1 0.0564416980086225
0.0533915493818429 0.999999999999896 1 1 0.999999048022022 0.0214276047844493 0.0385610923332758 0.0286193901532003 0.999861722062537 0.0626415597599959 0.02360775718371 0.0339125406446434 0.0326387619524561 0.0298257703026967 0.0512162186142758 0.0270754306195985 0.0350578373983351 0.0500817482856813 0.0318183870942169 0.0318133701186853 0.0335948346903076 0.03746064044261 0.0448065836098047 0.0209744646954318 0.0602341101563376 0.0247773781969787 0.0737971578394095 0.0474161213294673 0.0260994600803177 0.0311917354908773
1 1 1 1 1 0.0695025916063718 0.0494799960496607 0.0887227867143918 0.0423482444614981 0.0529850745809711 0.053682713940695 0.0533509854735075 0.0516927329596574 0.0893780744513757 0.0501028265035702 0.0579881962306896 0.0346065916996141 0.0535408853452491 0.060595943155998 0.0531897664781779 0.0784251034140384 0.041764863336173 0.0496113590002722 0.0594122761825476 0.0484329611226022 0.0391381079648756 0.0496284462833252 0.124881239937289 0.0745234384460695 0.0527343947692999
0.999999995569792 0.996336570802855 1 1 0.0174020009164951 0.0149153298804802 0.999999999999999 0.0192247249574896 0.0139685974496369 0.0199286479910079 0.0164503978932634 0.0274686102441675 0.0173896925250924 0.0318637032694995 0.0346179086675625 0.0202740131282719 0.0492122172662438 0.0196854451627441 0.0178580138925032 0.0162583074799617 0.0268055082828116 0.0234123795024458 0.0208117737008141 0.0233456392817573 0.0142144426179006 0.0216329325770976 0.0268559050233437 0.0253033114770642 0.0223349250040725 0.0333757067897014
1 0.999999861340259 1 1 0.0556199159773013 0.0574344702254296 0.0634958462224281 1 0.0528707850007005 1 0.0682605248949107 0.0659685077214995 0.0934756742577322 0.999994230682313 0.0535004384293378 0.0468846910540859 0.0516469137328587 0.0603116436548091 0.0598554282956165 0.0843997635340267 0.0805536365665879 0.0601837831659364 0.99993098406923 0.113846032672469 0.0693970651733239 0.0535444228817785 0.0530295542080759 0.0443618231530243 0.0665460773558513 0.065939715628588
1 1 1 1 0.0848557698267374 0.16331031777759 0.086697530406592 0.109803019610221 0.397262172828942 0.277438029720128 0.228563440235825 0.0690383906373939 0.0729178826978181 0.0589896113612147 1 0.165899510798337 0.889637050591934 0.0686690597826112 0.0901049865524314 0.0719186730626979 0.0582226416115187 0.146825020983243 0.177006166753182 0.174708615117254 0.0616158773802077 0.0854000274703165 0.208665680803642 0.164407376794797 0.177320493137081 0.154555022793777
0.174340886587297 0.999999999999998 1 1 0.999393036698612 0.0267848351283002 0.999959794044281 0.999962265750086 0.999999999999955 0.999998043186012 0.04839179103576 0.0358777185753539 0.0346818205429572 0.0316455331810911 0.0485198107772552 0.040662895454616 0.0866120861204883 0.0515774863927617 0.0376735658545132 1 0.0322459023064318 0.99999999999698 0.022218229994169 0.0772866937818253 0.0457965449373071 0.0618318397794017 0.0397895738961496 0.074604445826474 0.0630014651680691 0.999991798651379
1 1 1 1 0.0314894218832078 0.0321815381089007 0.023843867225007 0.0441946480674967 0.926791880746425 0.0353420890001385 0.0424851056865214 0.0375491140899239 0.0231737272353432 0.0388420662966056 0.0216250365166569 0.0227343679688997 0.0458919033958439 0.0357218013066037 0.999999999999911 0.028059046149571 0.0343162319315988 0.0521927810782189 0.0286354418272255 0.0524994250363411 0.999999999995311 0.0322102301365375 0.0209112222053629 0.0240413937530739 0.0424291375182546 0.028029804245745
1 1 1 1 0.0532373801743975 0.0511538234070176 0.0529868344612313 0.0554627136462703 0.0684342299566737 0.0353916311928327 0.0660973931345803 0.0845507323267364 0.0801858424566946 0.129283305824259 0.99999998090531 0.140754422848078 0.132504219165421 0.0513579000137006 0.999999999999996 0.0439550404708148 1 0.0735893112936952 1 0.0787278102327202 0.0880522991801301 0.0941049800756111 0.0820843719285421 0.110918609451216 0.131566068401282 0.0539876820741965
0.999251185746626 0.999999999927561 1 1 0.0228810877304133 0.999800311965894 0.0266865941741179 0.0197425825110061 1 0.0325011119724609 0.0225856314772972 0.848795490136404 0.0236524909997279 0.037717571784783 0.0258145874799817 0.0296596268745138 0.999997020401208 0.434487569347116 0.0210172987414909 0.0224489442516226 0.0221657737768842 0.580352580067477 0.0251808942821942 0.947113233118266 0.0212992137294385 0.0434478160286143 0.0301009563912384 0.017180239558733 0.0272111135579258 0.0363295910497871
0.0294484179630505 0.0609314603254927 1 1 0.0418929224263069 0.0162519746920526 0.0159859853852621 0.00883144449394735 0.0133544703413594 0.0465077694177064 0.0154049576792157 0.0138916137775194 0.0130078275266025 0.0177853360426447 0.0207818297618731 0.0108738250758655 0.0131473472073439 0.0222013003852557 0.0285901758328773 0.0121439158676393 0.0144233856562332 0.0200347714557862 0.0131542391351404 0.0115981032830026 0.0225509256710658 0.0280534480331386 0.0214466076011113 0.0138231376685113 0.0140477611148005 0.0139531678640629
0.0646028366130867 1 1 1 0.0269603154566438 0.0758692601124596 0.0376668210056953 0.126044732145395 0.999999145988116 0.0440921793893997 1 0.0459631716102938 0.0509519622739925 0.102310015648897 1 1 1 0.0345466078477578 0.0413730536550007 0.0436275167335044 0.141380166929625 0.0350144734924944 0.0349593818283795 0.0508361019716886 0.0295339225189664 0.0445186881791195 0.0249993908624808 0.0642903471578762 0.0829264741253017 0.022668234557088
0.067836870232825 1 1 1 0.0189523454687323 0.0202668604341412 0.999906435870066 0.0143893644857956 0.0329124878772458 0.0218989787675226 0.985316595725589 0.0166777855879253 0.0118072929570483 0.022672278929083 1 0.0105747142557352 0.0388991961371257 0.0183835547915292 0.0754709345299862 0.0171904517221899 1 0.0137709279141963 0.026143759289577 0.00961698833453561 0.0169228575066765 0.0327850134875762 0.0209173464891524 0.0360432003889375 0.0248923875677888 0.017255845879018
0.928864211932753 1 1 1 0.981898767257957 0.0869290645860479 0.0973591515785918 0.0945189353794383 0.116772365649959 0.112043628988122 0.101202273910901 0.0972037814523194 0.0935952020948977 0.0835557327724499 0.0986424765666679 0.125414161105055 0.99999999805255 0.0854110394433782 0.923063610538728 0.104484174727552 0.878839021614381 0.0848948933705248 0.106956223138547 0.134750792452621 1 0.0953054074104155 0.0846880979797534 0.0955399641527866 0.0954837574530046 0.997271163906143
0.999999998689915 0.999999999151398 1 1 0.0285373516426733 0.0166392795074504 0.027276945966774 0.93816457040658 0.0140629898225907 0.0134125497200167 0.0301676873778834 0.024807021090038 0.0263587164870865 0.0206304433397815 0.0657626830507553 0.0232024635914256 0.0159032766534336 0.0459889077723965 0.0370315821832875 0.0265739122912574 0.0134944613282018 0.0219920182152563 0.0172949611806844 0.026604846230728 0.0500940175019832 0.027006787950557 0.0151316434937985 0.022420426588368 0.0382682961172031 0.0427178005005252
0.0831707153831586 0.999999974198918 1 1 0.0129200879336703 0.0106218694317961 0.0157002013486196 0.0115848145785553 0.00934406103576935 0.0212813542724859 0.0244961093371664 0.013080634720854 0.0122422407973111 0.0445658115670142 0.0118135852469258 0.0151580425438145 0.0140267561592421 0.0106669368995924 0.0681526761221031 0.0202841017974873 0.0682597733205386 0.0132476226194662 0.0351013585241724 0.0120057181320157 0.0180307720682386 0.0119120314553662 0.0200457050288932 0.0258835607285194 0.0166736339593461 0.00955447938729126
0.0265979309290858 0.999999999999514 1 1 0.0100764394051709 0.0115644547250439 0.0167235956530392 0.0165846169054057 0.0122759880694689 0.0512076031931413 0.00993674495706154 0.0357781354526725 0.0142528512926764 0.0198687309497269 0.011310008145106 0.0153854420972649 0.0207541144698349 0.0150578424543013 0.0146262445363969 0.0170242599819583 0.0138076836338239 0.0186096523675336 0.0112725318030054 0.0297334835149839 0.0114697155060326 0.0148032462086882 0.0257477256355571 0.0145268757705548 0.019712321870138 0.0147205777512777
0.999999999999979 1 1 1 0.0353843382268355 0.0387940609578448 0.0357721588398081 0.0323997409232349 0.894092562731463 0.999994651018316 0.0495387896309777 0.0424984476691149 0.0317647238416437 0.0210756097113135 0.0388411033789461 1 0.0339812503460406 0.0242653533937928 0.0442618361224191 0.0335409698573735 0.0317644654284394 0.0315049811408563 0.0253580101542322 0.0213369160812799 0.0309920260989249 0.999999993376232 0.0436170066928768 0.0346000084111471 0.0372988912718568 0.0289339112400508
0.0299964805921638 0.999999999345414 1 1 0.0325514150728371 0.033060851290437 0.0276412297715299 0.0378664842205521 0.0433810948313653 0.0442668933362177 0.0231788554004141 0.0432311621382712 0.999999998672505 0.0303599666311112 0.0209225399692172 0.0289131858572097 0.0286182840280019 0.0342888406109056 0.021730413875318 0.0275242822253057 0.0221891015716078 0.0429204946071514 0.0195684358260195 0.0236561255756794 0.0253687276503802 0.0341564063162995 0.0224476118174456 0.996224574085168 0.0254073815676401 0.0320248627797246
0.999999286916377 0.999999521641219 1 1 0.0159212829915704 0.0289145570892801 0.0387526528316712 0.988852185282021 0.0230964354155525 0.999574999500183 0.0192063200942827 0.0179457270995022 0.999995502527342 0.999995502895563 0.0196655084897852 0.0272000265722259 0.0251463483114494 0.0363829885338101 0.0195054705335107 0.0206275024665002 0.0199049926832687 0.0378350034319908 0.0276789766297949 0.97848113931229 0.0205065231996883 0.0244855034879344 0.016246279801042 1 0.0314634514347524 0.0176638026422438
1 1 1 1 0.0749656548747917 0.0857322459476716 0.999999998297614 0.0647704015495043 0.0802681477167124 0.100048126153066 0.978963103569589 0.0732535404862652 0.117223104874004 0.918548551536224 0.0577084051947523 0.120976300695451 0.11623265081874 0.0834227050664786 0.0880119848606863 0.10710629421155 0.0652050113200116 0.0795675130725469 0.999996268622673 0.0631405563475552 0.0862114546588955 0.0939308649749003 0.0660084902007074 0.0884018115161304 0.969509778171055 0.0884960444266973
0.999999561481849 1 1 1 0.0322361208733579 0.0596644228697348 0.0706429482998009 0.061072264760361 0.0583298483779949 0.999998968136919 0.785296232079145 0.0565342927403135 0.0614297988698771 0.041984979979163 1 0.0740526708004856 0.037326812341349 0.0308691538174194 0.0564699896991439 0.0569183273056508 0.12486484908975 0.859003668771295 0.0536264355265833 0.0499521450454139 0.055881746968793 0.0657141484273973 0.064124378382281 0.999566225105199 0.0405772409233367 0.999999999879211
