0.0278633814134016 0.999999999189118 1 1 0.999998440509628 0.0217313250491142 0.999999999984402 0.0213247817542966 0.0199554791704034 0.99998006564764 0.0315995277232836 0.0269843063496735 0.0211206184928919 0.0286964114001269 0.0277788971854452 0.0212835942415738 0.0358349280095592 0.0209605427587705 0.0138356265332503 0.0304319326522756 0.0249101777660675 1 0.0301245197710768 0.0131148480041926 0.0304012561059361 0.0244644781057429 0.054015170935486 0.0490386544909687 0.0589303456768537 0.0604764393114666
0.132025025537545 0.999999981699345 1 1 0.0275102062652109 1 0.031668374979985 0.998941498738638 0.0245461483347098 0.0370014989621335 0.0461175281638962 0.0332850372322716 0.0236134336407288 0.0225053918796408 0.0704875024558662 0.0297953275418468 0.0409208376372846 0.0568676937843633 0.0199632279662402 0.0835383688338813 0.0618645529927285 0.0338126986301046 0.0360310133243191 0.0351806799145895 0.0344048006796307 0.0261068994392839 0.0323394433672515 0.0199053835218546 0.0244923208546934 0.047264094551685
0.999941588368177 0.999999999993415 1 1 0.0374651491326774 0.0317912242610193 1 0.0207714264796901 0.0475893774275603 0.99989302685481 1 0.0257301842947076 0.037498733365267 0.0406504274241712 0.0382965058807785 0.0393228548834823 0.0234729911583215 0.0372605489103651 0.070356808941936 0.0463092554783754 0.0295216488954163 0.0317281705579223 0.0310624076743709 0.999999999999748 0.025071107859499 0.999954690109075 0.05712297057684 0.0281720069413818 0.0334749837772639 0.0579361068036724
0.99942847391255 1 1 1 0.0215357512821542 0.998715247274916 0.999982433333159 0.0287691307592243 0.0306083506720991 0.0335889684325735 1 0.0161915837601161 0.0190826907712561 0.0159481510212199 0.0261735707735332 0.0180597205456423 0.997652693974763 0.028325620072294 0.0815548516347205 0.0139155371618863 0.0410222912420202 0.0279485694972941 0.0155763300071392 0.0317964518667412 0.0171916127688103 0.0257023233460664 0.0261945343724965 0.0195883816765046 0.05087832867173 0.999999989343276
0.999994354932146 0.980487708266258 1 1 0.0668756429055188 0.0700534566494651 0.152028697738148 0.0795783572716312 0.0808085254197868 1 0.999999980001653 0.0889935058925813 1 0.112012245241918 0.0834386389290126 0.0720996918531848 0.0669009818870553 0.0813278410337451 0.0828328551069483 0.0758045230140731 0.0677009283513744 0.126743622065602 0.0650370777746289 0.0650335680368214 0.999999970785679 0.0838420954412001 0.0995413262782445 0.0802301003286187 0.0628225041722129 0.170765709579471
0.999459995745962 0.999999749857188 1 1 1 0.040561104725102 0.0553492122426267 0.0426019721311626 0.0370500641636453 0.0279601150615402 0.0344055242779278 0.0758197923725015 0.0372079301676956 0.0235907095444642 0.0320995240058628 0.0256296650795418 0.0867008368891568 0.0208616972795838 0.0423458067994138 0.0533966853270124 0.0810250339599452 0.0249279448045548 0.0330279560981004 0.0300132797309822 0.770767681899983 0.0478725922193152 0.0540792381198726 0.0367141861559808 0.0415799563113308 0.0605131590226508
0.999999999638437 1 1 1 0.0331199080753483 0.999993098215934 0.0298875920353567 0.173195514629962 0.0375762466934613 0.119591376689719 0.031082431645613 0.0242239987419837 1 0.03767560452015 0.0303270259877652 0.0387181485092403 0.063965838423415 0.0468747271929513 0.0295515529220073 0.029631746184513 0.0277257231783731 0.0869818599459345 0.0435600480557354 0.0381194412397596 0.0471064716404072 0.0343372654324471 0.0665767242487725 0.0528930745740063 0.0320066277520484 0.0218576282716021
0.999999632243493 0.999708941517593 1 1 0.0183408423757586 0.014240626816716 0.999999999870271 0.012791602625734 0.0293766082805639 1 0.0176367005103228 0.997574206762068 0.0224552178364812 0.0376059359291208 0.999999997013953 1 0.0423336930630368 0.0365493932542763 0.0313763560309012 0.0210170603987733 0.0181904166904329 0.017298170179093 0.0262193934129727 0.0155702753251434 0.0187997029330305 0.0151659189964303 0.0178473077654393 0.0166864035344236 0.0144510518922614 0.0317995827837756
0.999926656877463 0.885121556375248 1 1 0.021889850117413 1 0.033678794510088 0.999999999999998 0.0326539159468976 0.999586362440362 0.0317638584165648 0.0177964585724472 0.0307860499473815 0.0347975693115506 0.0662904462516958 0.0307675745748386 0.0262432946086182 0.0217622112047048 0.0294841340521189 0.0533162855214099 0.0650183101883727 0.0349298628186593 0.0218260880024408 0.0419830379056253 0.0303468671604533 0.0429828799908639 0.0520497686914325 0.0267021763715363 0.0285676972395675 0.999999487138064
0.0181516452076257 0.999999999576457 1 1 0.00946157588781249 0.0170390868803537 0.0110112831776051 0.0202092227926099 0.0158808979146687 0.013749589322429 0.0229489576009223 0.0139599457428358 0.0126899786309165 0.024624094555295 0.0149147752707635 0.0150849268315639 0.025372705193533 0.0137633922192377 0.019837166414001 0.0175853475898556 0.020179046226544 0.0103750075789339 0.0236811662376581 0.0193044291825067 0.0101625189653358 0.0143209613512081 0.0153006117281117 0.0130519111511171 0.0160830634753623 0.0187938875836355
0.0801601282563932 1 1 1 0.999984838109553 0.989881873685639 0.0346487396941121 0.0517142431451382 0.028910541672007 1 0.0431708662029494 0.0286111060939548 0.094775141061334 0.0304578363874268 0.0356021039066819 0.0461000804829443 0.0744119403822535 0.0574864422045782 0.0728829627871584 0.0346249650133289 0.040042564143034 0.101548524882836 0.0337511033952999 0.0348077129453199 0.0701125354380499 0.0274100511991118 0.0506437922994923 0.0937527233936278 0.0616902440727553 0.0855883061657154
1 1 1 1 0.456216217580153 0.153090298523373 1 0.0552967512095728 0.0554569066873791 0.99999999955266 0.999999999999965 0.0558460363535461 0.0930897403806747 0.116954191875766 0.0335015772262379 0.252163385715049 1 1 0.113170885707474 0.124672766229394 1 1 0.213504022071485 0.248777317948863 0.0404729871747092 0.202392003978938 0.0496034796448009 0.142864586639903 0.99999999976173 0.0411513886007691
0.999999908882404 0.999999999985565 1 1 0.999999999999192 0.0453737584851125 0.999997572564219 0.0275768019905982 0.999987173066818 0.0281805574077659 0.0293727398708468 0.92292346782371 0.0324890594709355 0.0257201066060103 0.021417537279097 0.999998876777066 0.0326924558516491 0.0401857622215004 0.0195622526572649 0.0237693883399978 0.0411377421912235 0.0246093423770707 0.0255690878223799 0.0391347794438832 0.0340581127040682 0.024975848057566 0.0207726258977438 0.0411627648541276 0.0180240135959944 0.0208879531199754
1 0.999975730188726 1 1 0.0754711628702555 0.0958756188199171 0.0608551906290011 0.0626087067918131 0.979948906725518 0.0762144270280829 0.0584635311010442 0.98905766516763 1 0.114150580418115 0.0742168809616942 0.0766117502570242 0.073703262624458 0.0615560049042719 0.102850521278851 0.0734197744595309 0.0879382118384702 0.0558784534866846 0.0570506992516367 0.0671749525145704 1 0.0719330859237095 0.0504839686568557 0.0722407176832446 0.999999995571879 0.0554814082334628
0.999999999999998 0.997457198132155 1 1 0.01269895483387 0.0216720462907438 0.00766025242761503 0.00810924288633752 0.0114815742461054 0.0131556725860066 0.00742359226229417 0.00814759530911224 0.0086799404246144 0.00970655675672516 0.0084912090892163 0.00948854427510393 0.00668293348029414 0.0104206031843853 0.0089877856574947 0.00634304376317618 0.0142075779816671 0.00736055499412469 0.0077133506995799 0.00658223665329627 0.00852020754210869 0.0133359769495458 0.999999993625075 0.00657324239315293 0.00641306524605767 0.0124237987886475
0.9999994250499 1 1 1 0.0496037330128414 0.0659984507382892 0.0423754199221825 0.068086575131864 0.0368867036440735 0.051318951047146 0.0330710836922635 0.0667085764494842 0.0528495542300165 0.0361890334895543 0.0512418507879837 0.999995650090138 0.0338566884148253 0.0399712142233213 0.0455290561737076 0.0346984449286513 0.0236320035182015 0.0335239143232072 0.0350393328422192 0.0451805546446984 0.0222117252670661 0.0254223188255994 0.0369339740172622 0.033307424421324 0.0474728366000129 0.0684292131510684
0.0605601719285843 1 1 1 0.0467945192947851 0.0688210144004074 0.107655078269934 0.0901407451108964 0.0834970990850512 0.0415804982431542 0.0810800378580572 0.0577054230880653 0.114517069968713 0.0812364780119383 0.0481824334333107 0.0608799391247545 0.0539675405951461 0.0494366525869846 0.0440302131461268 0.0438679196310775 0.0774394286831817 0.0446078665862879 0.0507257410131544 0.0371364162464679 0.047731141262543 0.0550765506395943 0.0473392168868193 0.043923755495281 0.0333563836372646 0.107168467946085
0.999999999869913 0.999999999999967 1 1 0.0168297303875686 0.0267870379513205 0.990629651372913 0.0414502002634279 0.0308302723312349 0.019701590385671 0.0301529496709271 0.0242074781061121 0.0207354939396128 0.0471094169625657 0.0271923646776715 0.0308983772561018 0.019466197247931 0.0145159501088067 0.0218659760606583 0.0293792448609109 0.0244632141252671 0.0206545027036987 0.0287926826374526 0.0299663881730943 0.0214967643089844 0.0325268408739884 0.0219398049024667 0.0212711709933864 0.0150596716299111 0.0410771803656284
0.0349051347168223 0.999742986131382 1 1 0.0256768237142334 0.0278094426037646 0.0345214341310721 0.0901521967548086 0.0995914658990248 0.052878445587563 0.0360716216898651 0.0253850354908773 0.0281819985937645 0.0698282993505236 0.0258855072805116 0.0228055835046391 0.0313104399394225 0.0249691526209381 0.0293290478688537 0.0969136068478845 0.0291646986941513 0.0311622392254599 0.0255127714675839 0.0398236266014717 0.037909817110066 0.104270956507194 0.0282805188468996 0.0384793521665712 0.0744377082043227 0.0201020560100189
0.175538968725273 0.99999999999994 1 1 0.0351002839255187 0.0379607470383361 0.0287278069495358 0.0357402683062414 0.0628866251066881 0.999999203726075 0.959671393810727 0.0643131423089774 0.999999999739768 0.0384880709566294 0.0395640261102784 0.0284902447463091 0.0407320467956495 0.0270832866022558 0.999999999999999 0.029855811363303 0.999999999999927 0.0339193851140561 0.0583488821427084 0.0347108405003547 0.999999999999981 0.0369762897400991 0.999999999997155 0.0583189313396139 0.02539153713883 0.999999579383186
1 0.999999999999998 1 1 0.0269062134454927 1 0.0562114570659155 0.0214167414380315 0.0233462120903016 0.0508522441562229 0.0182584118079583 0.0555254404577346 0.0401654734491076 0.0292832154342597 0.02054874145445 0.0245690616987803 0.0970435493154703 0.0269745760468344 0.0350042534541779 0.0264251219125365 0.0669937244263366 0.0932820776202662 1 0.159832032541804 0.0270381991304793 0.0231935461270955 0.0576337696515485 0.0451521147968719 0.0294259385702886 0.0305079892209847
0.999955371169569 0.999999988628892 1 1 0.0323755569201601 0.0517856341818219 0.0393165402974179 0.0335815902611156 0.999999960363238 0.0456816150692226 0.0362714611934936 0.0389505574768012 0.0270797533969204 0.037241024429448 0.0413129731362133 0.0345475560711512 0.0327469396491104 0.0286759579378447 0.99999822729568 0.0435731437101154 0.998715709301522 0.0500195425854372 0.046589284853187 0.0479333857541532 0.999840569743678 0.0421578393547535 0.0401772423566629 0.0615255172680378 0.0349708650559507 0.0430723268095299
1 0.999999997995224 1 1 0.023135078706718 0.0240634745323252 0.0356822519242371 0.0671981387816247 0.0578540196072149 0.0752485653842797 0.0351760945906702 0.0346666087129721 0.0228841850782971 0.0560303474432861 0.0379241544068682 0.0190240275716802 0.999999202964986 0.0224170415826925 0.0352958242325878 0.0571817026826338 0.0382024309673162 0.0326372011395002 1 0.0346912051250483 0.0281553618482762 0.994640385509469 0.0390606311540493 1 0.0256009929434097 0.036652430939651
0.968047216463286 1 1 1 0.999999999992395 0.0144669047982554 0.0132656752499668 0.0146162937836732 0.0128172262044 0.0186412953429492 0.0131018534351748 0.0115374599010375 0.0106517410641049 0.0150857100109434 0.0132434931791586 0.0174970950147475 0.996612641500708 0.0159369278881893 0.0128501188079502 0.0105303745727494 0.016222437586186 0.0239816126408562 0.0105151123657455 0.0268161652483581 0.0195360721058804 0.0153145787259537 0.997657600805704 0.0121960963019532 0.0139280118544055 0.0170666748399413
1 1 0.999999999999812 1 0.0184488699827855 0.023358049000922 0.0182628130941397 0.999999994235375 1 0.0192113963391017 0.024121973130983 0.0144386696279241 0.965117058634529 0.0231306442902528 0.986095785660371 0.0302593668527187 0.999999999688217 0.0214775069657979 0.0330493568590878 1 0.0278533649499004 0.041682867545101 0.0385482830287364 0.0325365293842713 0.0150135030949651 0.0267910552914167 0.0252756302292305 0.0271024221033862 0.0388703650021284 0.0261960759268728
0.999999996702217 0.99999999971639 1 1 0.0502421664790735 0.0372279318629829 0.0369804987569501 0.0506057256840791 0.0339463318350942 0.049411739852671 0.0389818807548852 0.0431577835276775 0.0471665855440089 0.0350968411438493 0.038598836644852 0.0461213352105175 0.0797414724584858 0.0584629306818949 0.0641252533411828 0.110692678343572 0.0376007484593576 0.0314200485741296 0.0448654948650357 0.0307074459978659 0.0540438236009434 0.0542904812893348 0.0362147554442814 0.0292612651191536 0.0404778849296359 0.0966089533822483
0.999999999995659 0.999996289089247 1 1 0.035832898725649 0.0290003346741878 0.0303686610450822 0.0360076806755575 0.0253089777780757 0.0577342440968853 0.0273600027023609 0.148721583484503 0.0392498823624194 0.0541364020998979 0.0250183246876561 0.0788523823886103 0.081458851303247 0.032320005405138 0.0492348385236173 0.0900271730946439 0.0656485738163302 0.119505028829238 0.0256835754956554 0.049365657153738 0.0287517896625973 0.0513089309284411 0.0331661837007209 0.0441363462939427 0.0284821239536452 0.0976839789460698
0.161780840879258 1 1 1 1 0.0314605880868105 0.0247897608692237 0.025871513530495 0.0473022645726686 0.0789285597209939 0.0409124441488052 0.0326972610375392 0.0355884987963095 0.999869536321346 0.051301419009264 0.0430429653228571 0.0499537567553995 0.0416023752996831 0.16175149493026 0.0395186569565041 0.0629903950547908 0.0323706949629717 0.0786789397285231 0.0602242581390978 0.0468037802728072 0.0739914875219119 0.999999934514697 0.999999999999987 0.045542427886857 0.999967988694932
0.869663749398473 1 1 1 0.0549454548603729 0.0533281971677911 0.0398314974152881 0.0813776752665657 0.0452273707088099 0.0564285621285453 0.0466055160591575 0.0452132518825382 0.0334235001628501 0.0529297458234418 0.044985083373693 0.0339359569248032 0.0494537029266605 0.0415379525661611 0.980966347792003 0.0389011170280357 0.0277838528579626 0.0521405144305834 0.027284734364483 0.0413210026657523 0.028191690504891 0.0341488324302156 0.0683973980288273 0.0563093266387173 0.0393010574856563 0.0420484320485834
0.977978771199938 0.999999999999999 1 1 0.039908980021837 0.045109478861428 0.0357123091290822 0.486651828497009 0.0630043605698624 0.0398397463723085 0.999910103425185 1 0.0398457965443075 0.0417203275160425 0.0528648656192083 0.0298714260654098 0.0389823972774632 0.0329978710029672 0.0400886753893834 0.0825946107042479 0.0339976262912047 0.0437937825003579 0.0311772302396334 0.0340322684082494 0.0551982820506041 0.0409385063748485 0.0532384605495703 0.040851303781046 0.0346736015409337 0.0269896725326508
0.999999883452638 1 1 1 0.0280135709818077 0.0323662191322709 0.0142980788215264 0.0222428674041343 0.0174745503144009 0.0176979769369046 0.0291554639668551 0.0425977472983324 0.0208676317055797 0.0153079322898549 0.0249981415188121 0.0214466106580952 0.022749701226088 0.0169780754267671 0.0161500714718787 0.0267066489457854 0.0219422636597306 0.018520472984427 0.0268732417310804 0.017188399770379 0.0136448309571071 0.0277656609038822 0.022931390833544 0.0166694093334621 0.028339291810801 0.0171265400924973
0.999340658954178 0.999998642655507 1 1 0.0215488749723162 0.0244648867022333 0.0299047372555622 0.03776713950872 0.0178695665948424 0.0492996886292736 0.0226157479175209 0.0207732818466948 0.0184400226105595 0.0224344660017122 0.0210303643618486 0.0284181562486165 0.0163928546445405 1 0.0263216449028626 0.0246939546374803 0.0162215657455045 0.0164627100892415 0.0257337349819062 0.0159546778245511 0.0273083782766836 0.0179856167863118 0.0103289819377526 0.0220057775279191 0.0151489591676496 0.0188948346677202
0.99261303751242 1 1 1 0.149331325607223 1 0.116709794285834 0.6045024191631 1 0.086745419120566 0.0807546513242571 0.138287030027756 0.0954937825403512 1 0.129724578655629 0.0971514137851627 0.120527700291186 0.091823448125861 0.0927599327741827 0.085494089353082 0.155052107311694 0.0719903260985425 0.999872379534832 0.0744417708197276 0.109269180170115 0.128468690010443 0.0897472360442051 0.114133696303975 0.19015560594066 0.124613039856603
0.999999835329894 1 1 1 0.0829049796553337 0.0808311395205599 0.992651461943255 1 0.0851465762406861 0.118333900232048 1 0.0809391612988648 0.0720306950469018 0.0827891454956234 0.133135120748117 0.0710774314166658 1 0.0785306470534828 0.0821718339626306 0.0849302292211146 0.079244667714087 0.0876326826509286 0.0928133217484985 0.102601594541103 0.0840189587451931 0.101320227080025 0.0642632021264459 0.0653680254326245 0.0938639011829299 0.0979682760721272
1 1 0.999999999999321 1 1 0.0317646266352937 0.0234049356258004 0.999995123123381 0.0151509083278606 0.0170245556167283 0.0166508207222423 0.0187266565468636 0.0103616177532024 0.0273132517548553 0.0793844253502004 0.0208685466615309 0.0379068675364506 0.0158764134421291 0.0529086981556429 0.0178475145113299 0.0224232902705738 0.0260017865746714 0.0170271448105046 0.0212958139995755 0.031641065868346 0.0242170250163195 0.0334466963840554 0.112181151093588 0.015886030692063 0.04858523603312
1 0.99997541088233 0.999999999998881 1 0.0416962691323816 0.0140912476655005 0.021313196314146 0.0322739306359405 0.018816537644378 0.031799318389137 0.022117356049806 0.0193769285986165 0.0318342738730156 0.0269807213753185 0.0219885146654183 0.0319050009796416 0.0253996873791754 0.025967207309068 0.0231192791774429 0.0343764084543053 0.0277064353355463 0.0270434611988036 0.0295833694542492 0.0191549735208894 0.0276582533017344 0.0359452590855167 0.0446671966375525 0.0251397812516343 0.0404978394131165 0.0181124784888748
0.999999999791145 1 1 1 0.019882232896827 0.957610885267102 0.0284382402177603 0.0456965562665022 0.0311441226153828 0.0267600918745253 0.0255065720607011 0.0367462833856929 0.0361994671052642 0.0281638612440145 0.0185834679136354 0.0191802551514011 0.0563314692560305 0.0196247204716882 0.019776705622025 0.0163846474547356 0.0193267652675887 0.0137482487405232 0.0148430379517415 0.0298444557919969 0.999999452804256 0.0673208045348616 0.024101351878316 0.020360400847466 0.0204246220407219 0.0149120289755176
0.999999999999701 1 1 1 0.999999767942074 0.999999999999406 0.117777227980876 0.0613318905069067 0.0370194552617743 0.999999999999967 0.999999999999999 0.0600503926524903 0.0429409854942945 0.999949093198577 0.999999999998821 0.0467425056456923 1 0.238897901096357 0.0550743219048919 0.307286230691566 0.117549897145166 0.153834718772213 0.28711451335841 0.083204046111154 0.101918080862207 0.056522783342504 0.201816402616454 0.240043484344569 0.0785153403132673 0.0876715530149881
1 1 1 1 0.0926856291517526 0.0648170959591303 0.296528008314422 0.0861380338798626 0.206576484023233 0.0781041893574351 0.999999397242646 0.0813487787087606 0.105580665502947 1 0.162108010108816 0.0888290774172434 0.11789396441041 0.132720303268404 0.106555925362887 0.0873311409027947 0.0940948286985571 0.113819670397694 0.117076783586549 1 0.999999999996884 0.20080762638987 0.195235967174668 0.127432134001477 0.0751617734354553 0.104998044061682
1 1 0.999999999999997 1 0.0320793683495553 0.023628792144159 1 0.0322250933766153 1 0.0244566548118538 0.0250125716691101 0.0296665817825124 0.0423017303482814 1 0.0194579395270749 0.0254705713063074 0.0344249016129972 0.0860616569481929 0.0399134568583591 0.0404975170921619 0.0200850788096602 0.0349488007907692 0.0421670663712421 0.0781150949748678 0.060507428477433 0.0590919214162823 0.0738597528754068 0.0190947845734255 0.0369706675978704 0.0290465909070891
1 1 1 1 0.0767411164537677 0.0423522220020689 0.999999999999891 0.42155583924922 0.211689567838742 0.0401941988887898 0.352367771827012 0.214411683968015 0.0511964123009979 0.0518477281726831 0.0607093423292964 0.0550774052223085 0.0373031000447885 0.100953559847324 0.345132341204917 0.999999999999998 0.198691985028507 0.237905830383334 0.0873406531511702 0.0643947800968629 0.430248128614622 0.0978736337240078 0.126069989663424 0.99999483951554 0.073327692421057 0.0789492055128261
1 0.999999999978696 1 1 0.0333566550539246 0.0197391379033718 0.0123065297476662 0.681439022348984 1 0.0153272033436855 0.0177907929684318 0.017825643379164 0.999999999999995 0.0202537335233691 0.0104358061441804 0.0232993456272832 0.0195964541067023 0.0425273513467281 0.0169225952017936 0.0206974871661679 0.0185123708135796 0.0143940723043101 0.0139942196948688 0.0198058410164039 0.999999999928289 0.0195484489503212 0.020461141937302 0.0228256111196167 0.0170462991696055 0.0356663517463888
0.999999595439247 1 0.999999999999999 1 0.0521693161818704 0.0764256357004029 0.0477469559067298 0.998902647518646 0.0590496547326971 1 0.0519707285212034 0.0857444873065545 0.0509856718739291 0.0517884468822177 0.0584450214493597 0.120003843019507 0.168622758739361 0.131721894476244 0.0462273719246261 0.046994024171915 0.999999830360984 0.141814704005549 0.122785914387135 0.0745114782222787 0.0665981407939658 0.0638591809155856 0.0531670739841702 0.999999031372523 0.101746769587949 0.109738381302242
0.99999999999897 1 1 1 0.0799601986732555 0.0982581247094094 0.999910784131556 0.0886545546740116 0.0949899114926237 0.11446010998559 0.999999997200587 0.0802252809295405 1 0.112899745932855 1 0.132748687140867 0.093415657362381 0.0979486077255185 0.12218377693182 0.0699321905965126 0.08788621931551 0.132916588883738 0.119445556322218 0.0756880819496067 0.121539031583741 0.112840087409946 1 0.0866548718065908 0.0854011380912968 0.143196981757626
0.0617883278604405 0.999999999981776 1 1 0.0157370019328527 1 1 0.0197636929522328 0.072879937771713 0.0282086904190736 0.0337744755139296 0.0225787113546115 0.029571486595579 0.0353030737801188 0.0292794278939437 0.050546035506605 0.0483240075326966 0.0680938129423302 0.0368112671733929 0.989581615728916 0.033551855909313 0.0300596208720615 0.0268331810865595 0.0213591955599987 0.0332336798523837 0.074208598598431 0.0248400460838605 0.0788433174905432 0.0199828137222441 0.020993816568005
0.944328037760706 0.999999999999956 1 1 0.0142353089426676 0.990644878664455 0.0372867674085587 0.0192360828649545 0.031444416053212 0.999999945079534 0.0208203362388758 0.0103208307144625 0.0220672682428716 0.0162929471709186 0.0177820807140544 0.0139797871281787 0.0287798251655578 0.0348732010180758 0.0394002395063128 0.0494328561479227 0.0301526374210696 0.0201401289239148 0.0455143824394891 0.02442102110752 0.0276101190628114 0.0155186840049525 0.022841294283834 0.0241436629465119 0.0249803124623589 0.0203116040015475
0.77731824663918 0.999999978901699 1 1 0.999964099785511 0.0125879706914149 0.0232543423536029 0.00987349899809975 0.0092456196055628 0.00548595044826738 0.00746737476706916 0.00800674498252507 0.0092884999316496 0.0111231633420034 0.00745212102831205 0.0220492429909547 0.0135999521808888 0.00765893186025146 0.0228625403728226 0.00677135612406321 0.0119928823372527 0.999935168942292 0.0161008557753122 0.00673294693240478 0.0061849247778708 0.00912426932248089 0.0132682187941416 0.00659931059465713 0.014966781992956 0.00787820896142288
1 0.9999999885361 1 1 0.99999999988713 0.999993317070107 0.637332818860675 0.0681182552046208 0.0974805648430409 0.997570049771903 0.129121815965531 0.0847757417992152 0.081879705118255 0.0969720439307724 0.999999947963219 0.066913202206012 0.999999999958262 0.0857446994310199 0.0840299505428725 0.0628510519586035 0.054449698998702 0.0658002820197122 0.0800482708353639 0.0706028252617898 0.117955091918276 0.999999999999995 0.0805346140124451 0.0994982491008589 0.999999999996958 0.0731079345596393
0.999998645763888 0.999999999982365 1 1 0.0341088593697992 0.999999999999986 0.0531499272135295 1 0.0260261794101219 0.026233817790175 0.039446041610007 0.0607571632796671 0.027407526193601 0.0254107307583613 0.0192100781638449 0.0790359350269646 0.0928580811605411 0.998063430924761 0.0309266789071201 0.0353727450372372 0.14459179100177 0.0226484346077437 0.0705326199570094 0.0236620055769459 0.0231904237352357 0.0221958944493514 0.0207098901003533 0.051536824057538 0.0209344123954218 0.0477858302171329
0.999997150784087 0.999999999999999 1 1 0.0359110695095138 0.0474832163097741 0.0327417582717867 1 0.999998773271497 0.0368107947079681 1 0.999999999999973 0.0419700232285867 0.0329225845974622 0.0334803343894479 0.0419579743344334 0.0926039132698943 0.0538390830748611 0.0291208280423969 0.120459195179991 0.0390325821581416 0.056806670993845 0.0541164318214704 0.0363272529618082 0.0308514520931242 0.0454068601721012 0.0392008570172944 0.0309198655123887 0.033996801025484 0.102316982949464
1 0.999999958392813 1 1 0.0212142027632499 0.999999995128319 0.0290885299846039 0.0422378872498891 0.999999999999992 0.0175523133861283 0.0205436969009667 0.0317975313630156 0.0780217434012942 0.0242029850454507 0.999999999973046 0.0224025822423743 0.0188720094227346 0.0246123045329237 0.999999999999999 0.0200661135151405 0.132897347727719 1 0.0246647241590183 0.0219966515226068 0.0212937894491558 1 0.0301422859920599 0.999987317899759 0.023449294545738 0.0168800667683866
0.999999790087556 0.989912723165988 1 1 0.999999992592002 0.0465844125734886 0.0312372573859909 0.997013789358989 0.994355032326361 0.998735890265219 0.999993635301704 0.0448476509594118 0.0529483148007706 0.0850569831882495 0.999963833278626 0.886391277172616 0.0380130895142556 0.0595265539194206 0.0443203311264544 0.045288963475678 0.053792339625957 0.999999999998763 0.0550097020659546 0.0357198207403137 0.0555940705313946 0.0464924398171951 0.0490760983269271 0.0598182654012512 0.049596296541468 0.0335537454139223
0.993339611915572 1 1 1 0.959494541700786 0.014365446318641 0.0209881922660687 1 0.0166391324076584 0.0098391264212736 0.0223982765340385 0.0167958676551266 0.00782949149503465 0.0160438205485933 0.0187153247303334 0.0130951258376215 0.014263251586805 0.0144069639464888 0.0191321299687131 0.0114908994845853 0.0122398737866132 0.0145265147007553 0.0234548614891025 0.0274953997480993 0.0233457659250705 0.0132959839360325 0.0209482486084527 0.0105358651516864 0.0111269495241103 0.0283962007308173
0.0161844427545832 0.999676179178102 1 1 0.0185142767961168 0.0411877833180448 0.0226779584419073 0.0218309621821052 0.0143067374453419 0.025400639461875 0.0199895519097066 0.0175195017562236 0.0207473819044404 0.0129590251615153 0.0299436539135173 0.0383711873680969 0.0231964588171067 0.0229346276364032 0.0151757729302364 0.018516148794859 0.0235443726242934 0.0173480240279577 0.0309337546422466 0.0157520490362418 0.0430775049525709 0.0273512028490781 0.0151061681579148 0.0317006251915752 0.0148640830419962 0.0480589842956686
0.970372487718475 1 1 1 0.031273165005151 0.0876009100044454 0.0312565282519817 1 0.035299420138526 0.996961240091249 0.0256607222663644 0.0300145774952315 0.0824795755375248 0.038572244758263 0.0451854505409329 0.0173083776390429 0.02690564485452 0.0402091362817797 0.0349664561060434 0.0531887099955017 0.848539078102566 0.0320118558123041 0.0438301252644779 0.0349170365713266 0.0462093888361802 0.0385565940680666 0.0298301227419387 0.999820181907986 0.0259182873345528 0.0349370204620293
1 1 1 1 0.999999999999997 0.0491933787533463 0.0473569263071603 0.0519985020195063 0.0521357805421493 0.051095780230179 0.0430390217846752 0.035696391522654 0.0385449718699248 0.0379720794612166 0.0433567849864911 0.154724230104912 0.0598108380951426 0.0483068944539892 0.0418616808399297 0.0516712178633895 0.0415650236948573 0.0493324272131869 0.0401377710831557 0.0444909192750423 0.0640660640838301 0.66780754746913 0.0435664741583999 0.0422685575923496 0.0676446345609315 0.0751700845720465
0.0492657916849502 1 1 1 0.0327796828391819 0.94651464485983 0.020721588105025 0.0284663947672421 0.0183661042868958 0.0288366994612319 0.0150380418682159 0.019878088227906 0.0242117143743765 0.0181417313913623 0.999957861211975 0.015328602998199 0.0151469815598485 0.0167779133501602 0.0252435174458496 0.993707172112595 0.997518671476733 0.0560611131403214 0.0314721644574544 0.0158539546148277 0.0185178315838723 0.0193369248212562 0.0192267202170269 0.0185502573275108 0.0218552999297829 0.907649739371391
0.816658366983237 1 1 1 0.999917125997688 0.00943912938481861 0.0336164010645964 0.0158701150393532 0.0156330326468763 0.0147576918328934 0.0124379197156395 0.0187743884859668 0.0122772799643502 0.0186368359981601 0.0132265830799593 0.01311016064901 0.0167339929211554 0.0126238995159668 0.00900201694711511 0.0220408318121351 0.0169119247304572 0.0141052115384979 0.0143406606950229 0.0814772598626943 0.0202890594111601 0.0137871348697685 0.0143998493378109 0.0105726630871836 0.0192199803587838 0.0242843544255177
0.118477761615038 1 1 1 0.0287451746482645 0.999938089500396 0.021422656687898 0.0450127463454252 0.0329532812908766 0.0301326280303055 0.0532657711032077 0.0347240870548057 0.0485946309754898 0.0429733362133341 1 0.0402775501763825 0.0529373125645266 0.0288365212892675 0.0445996815970922 0.0339213569247161 0.0288063186672098 0.0238741722665801 0.034113141543803 0.031403461681449 0.0456533608846547 0.248390830066705 0.0391826530761965 0.998774974841351 0.0905386558067991 0.0324509077537766
0.999999999809138 0.999999995922969 1 1 0.0879988508461692 0.972655898464699 0.0968407450240397 0.0564961439934378 0.0466838174296484 0.0762577545982814 0.999999360335942 0.0990864840740279 0.0626463812957284 0.0440797649761824 0.0426279665429107 0.0634464015668847 0.0305291039796113 1 0.0558475861299086 0.0400464692491452 0.100396485825557 0.0448905691302427 0.0808545073629172 0.0481315660921539 0.0473783004425834 0.0602891771382966 0.999999999929349 0.185537243494833 0.051384676076337 0.0496324647734308
0.111397659507657 0.997447052813744 1 1 0.0831459257654422 0.0650954266528565 0.129723462772043 0.95355531347471 0.07484186488575 0.0773255174939126 0.0709026017543506 0.215447362070846 0.0950282908898872 0.999999999992381 0.0925822986824204 0.0598450062246053 0.20306172587027 0.999999999989625 0.12793847092428 0.069540657553258 0.0609589596941391 0.0910115008952009 0.0781403214407581 0.101520854332849 0.0444986712468516 0.148342981720312 0.0739457778447394 0.0652199764128026 0.133624186866752 0.065875696844939
0.999540233008051 0.999998239513541 1 1 0.0502161182038583 0.998560595819631 0.999996775177506 0.0346872204357689 0.0295495718675645 0.0528877527832753 0.0585451102184639 0.0357467087406269 0.0795868474535808 0.0333614604716765 0.962900218951294 0.999997035529618 0.0496252161716858 0.0611983717040137 0.0287268541805489 0.0440447064493236 0.0719315160525671 0.0642712901771931 0.0433823045632379 0.0370909309587736 0.053273839068391 0.059214477537171 0.0646037170977395 0.0510661677395038 0.0467267728511976 0.0470003380977752
0.999986495497048 0.999999997314725 1 1 0.0974102207536705 0.0514851537040151 0.999999998965033 0.0479556797881175 0.0595374565536111 0.0258088981535195 0.0685249361068906 0.0849563956151695 0.0555956122669428 0.0815851854051688 0.0335093533522763 0.0268901039622738 0.0379175737761717 0.0263401756756725 0.999987699059448 0.0486590958697984 0.999999999985696 0.0845736666809408 0.0783763423068061 0.0560389319872541 0.0800330718171315 0.0305849282717662 0.0383194299540154 0.0271776920595432 0.0241994871136938 0.0434987235000475
0.0823116116402561 0.985310921699578 1 1 0.0182319132661746 0.0111793043063547 0.011065028306774 0.0146050502516892 0.0247459713484592 0.0119492250390433 0.0106100637746053 0.0145388012523013 0.0270716853789597 0.0165494574318575 1 0.0175201594050591 1 0.0147360793592723 0.0152897683499497 0.0195156846200887 0.0131110147708979 0.0146336808587109 0.0321091569524177 0.0135159168865477 0.0186905514104861 0.0164726714860753 0.0177220068950029 0.0798097523119222 0.0130388606218929 0.0151698767972913
0.995009594272934 1 1 1 0.949110240148714 0.0547450005871558 0.0282198677056683 0.99981416682217 0.999999670169748 0.986111205395843 0.999996575835786 0.0325091421008942 0.0424987857040747 0.0423214814651633 0.0402886580289649 0.0201435034723905 0.0201308957659171 0.999999999999965 0.0369171209152582 0.0371824736098328 0.0290129578307831 0.0353562381902779 0.0323194719080776 0.14623166087115 0.0483030267809401 0.0579483459606237 0.0269705509803364 0.0288267124829378 0.0359088376353714 0.0299560933117013
0.375222942622709 1 1 1 0.105013816530009 0.0548386679740622 0.0441059604241892 0.0257194322322181 0.0895231524939873 0.0515273293638893 0.999962162485693 0.0281047552133548 0.0216396389517656 0.0174066136280769 0.0161511518334341 0.999999999999998 0.062168756244208 0.0155401232586817 0.0911033220546575 0.278467013487979 0.0514587607564285 0.0282337584766527 0.0408931964349455 0.017463011373596 0.0405852155543222 0.0208971198662221 0.0688461187271151 0.0530139394552764 0.0273653336538621 0.0831040277530449
0.0272519879689218 0.99999999999993 1 1 0.0218256973594555 0.0219026380537075 0.0109363593124268 0.0157946722090722 0.0137181193546876 0.0121418476590885 0.0112271868787669 0.0131163025723062 0.0172107627477888 0.0103686111904766 0.00927762823132439 0.00875556243422804 0.0125934070715665 0.0117714448795792 0.0134119663950143 0.00641003611940361 0.0147089357323282 0.0196729406431261 0.0426820394422143 0.0136666167846484 0.0255906327564581 0.0108840451902317 0.0113696390422828 0.0132727068128726 0.00934503724073221 0.0190443923893909
0.999774405549796 1 1 1 0.00988185118089102 0.00720341577344596 0.00933959847683885 0.0109020643432968 0.0089097652446477 0.00965169880596084 0.0140262299175586 0.015509564038132 0.0122786889132404 0.00681396160087133 0.00950559561801245 0.0180680096112428 0.00770175100636306 0.0088253364122578 0.0317570607092524 0.0227231895184861 0.0123712714277407 0.00764115289469103 0.0125570324719479 0.0229449080532125 0.0112845471518052 0.0158079361547777 0.0119570605129158 0.0152092429312332 0.00731911098605798 0.00976215779430645
0.0342283781093324 0.999955340243104 1 1 0.0308331767033874 0.0264921681393067 0.0283929820165555 0.0253872317196641 0.017639051083835 0.0405814429301686 0.020801454767337 0.05198210775659 0.025736981768821 0.017973183804171 0.0303214952892149 0.0563536124805845 0.0258697963528767 0.0273580748114532 0.0184410989817562 0.0400905218287091 0.0335863987031207 0.0138864353164101 0.0204515443095524 0.0205109851643759 0.0264983259825928 0.0285912527761533 0.0214903312165399 0.0243021850941477 0.0288472780814333 0.038510966097585
0.998185799635569 1 1 1 0.0452989434126089 0.999946614744667 0.780792825273184 0.126163069552167 0.0825249668566257 0.072548456908103 0.0760160552425602 0.0998489814300738 0.0648417029036731 0.0853907022776854 0.999730833713159 0.0741842355792249 0.0929714196320351 0.109104094435207 0.0818473431810053 0.0812919314678353 0.999999999661546 0.0620016365913888 0.097143911200622 0.105357289016485 0.0723478366915081 0.0557895127503507 0.0626248444305666 0.0776745454752519 0.0646697166825727 0.999999999999885
0.99085864850701 0.99999996190652 1 1 0.0235433704780528 0.0160391887117406 0.0202073106167805 0.0129755933625618 0.0124123854421043 0.0185771917076558 0.0218461480013653 0.0180862343596679 0.0149054025611456 0.0180888490454318 0.0142030957717203 0.0297697300685363 0.0145600288591736 0.0252205800199914 0.0217100395301331 0.0157764032138108 0.0182671897614961 0.0402927650010101 0.0252841430398086 0.0250026867594327 0.0229584161432627 0.0227691218513226 0.0500155261250547 0.025046011969409 0.0216193376298318 0.0196533525197502
0.0592189028826963 0.999990582098889 1 1 0.0212082613146463 0.0239302792744681 0.0384487032081204 0.0246485634850944 0.0240698247303471 0.0261079629083802 0.0289337201814045 0.0942491576176916 0.015837004131567 0.0246884895411328 0.0249546301734315 0.0299694520665617 0.0321289341781729 0.999999917546203 0.318278646166131 0.0301275556221192 0.895666536201776 0.0250769812393759 0.0186461353056327 0.0254267997240489 0.0233784281911352 0.0278871684334732 0.033945446875605 0.0236855502982158 0.0192629923105611 0.0323580627883656
1 0.999999994500598 1 1 0.0407546494568738 0.999612424377803 0.034189858506926 0.0340778112883865 0.0314190745249163 0.0495814384282354 0.0228657887852804 0.0319087616558106 0.0383185565362522 0.994686154340327 0.0239363270035202 0.0220960459153025 0.0362971338561424 0.0474370990224005 0.999999702936954 0.0492951585284561 0.0221499097685954 0.982933964716152 0.0311763325927478 0.0406282093446149 0.035420035460398 0.0618448934522068 0.031963414501847 0.0253440966896034 0.0271860334253489 0.0354365453968714
0.999992368744343 1 1 1 0.0570062778674186 0.0665330318924992 0.999875611726585 0.1045473572217 0.999999783835634 0.0745068443147487 0.0719041549852212 0.0831707435650049 0.0575902037188013 1 0.0496878678674073 0.0879460745792017 0.0537349161156445 0.0732008664019496 0.0525064964007551 0.075198156343674 0.0581963753736572 0.0626561211421828 1 0.928672608830193 0.055861067576178 0.042766982683657 0.0671813380637851 0.0750500841871378 0.0348370185883271 0.0715680141197841
0.203058600302923 1 1 1 0.0242309466487016 0.0149114072641434 0.0168056819466399 0.0187911274849033 0.0321044221502771 0.0144100635269394 0.0212368432593711 0.00959837132359054 0.0122050533366017 0.0126033960662082 0.0121436574781413 0.00909374952797526 0.00971458830996308 0.0117455351101571 0.0327289006152939 0.0269657930764267 0.999999999041745 0.0116516385249127 0.0371836003880155 0.0110316179995603 0.0186960055805047 0.0160361279779559 0.017675572449307 0.0114685908872741 0.028798215567802 0.0109239134685557
1 0.999996249788194 1 1 0.0488193588094892 0.999999999842439 0.0162865360185166 0.022522891093767 0.0185664917681477 0.0156250985835208 0.0195244752752644 0.0208105222587566 0.0254321385293459 0.0172582064199431 0.0237351612355243 0.0213180506933313 0.999999999999996 0.0236483188472759 0.0233213942248781 0.0197318968391753 0.0212646801047458 0.0216568389287742 0.0298024370970875 0.0132740010204141 0.0162484875126212 0.0251661514905942 0.0268048067903333 0.0232098228148179 0.0164591293712036 0.0158991298528937
0.962447913647542 1 1 1 1 0.0607460432510729 0.997824941158745 0.0422154649996607 0.0334205470101794 0.027880470408377 0.0347044056998083 0.990626406162287 0.0252346229427947 0.0370139562648223 1 0.0384946672895078 0.0284220885743679 0.0433091758098403 0.0637172136691997 0.995781298019564 0.0522333107346862 0.0678723137767636 1 0.0443787064670912 0.0336471517526675 0.0256118548777702 0.0374301597345296 0.0355491830982654 0.0532309125384006 0.029602714064936
1 1 1 1 0.827985487748335 0.0380213896584427 0.960226680231812 0.0251698553083682 0.0331141494450764 0.03270916903904 0.41073106250082 0.025675208461672 0.0334460292186213 0.0519098456874056 0.0255619459756629 0.0345351448160296 0.0272104393957556 0.0204428558852923 0.0243579149646876 0.0520499895405666 0.0232242164373997 0.0455157995068399 0.0275455993684444 0.999980210578094 0.0508441881623126 0.027511981037636 0.0210250451856044 0.0316373704460141 0.998175940239505 0.0276522470341484
0.999996646644072 1 0.999999999999995 1 0.0132657190737084 0.0159832079045114 0.02976608692867 0.0218166079261097 0.0352277662854357 0.0313990103922807 0.0193968568616062 0.0362199747112524 0.0188806535996743 0.0408129665248634 0.0302882909000632 0.0195382408223492 0.023697351428409 0.0158239035491977 0.0306537222962661 0.0380075444634738 0.0168258437610816 0.0145241455204679 0.999998554011953 0.0166450495610071 0.0221298781373993 0.999998984028088 0.0415992666687363 0.016631994782927 0.0249425755294682 0.0197645323954333
0.997748351383346 0.999990089062212 1 1 0.0271772753888252 0.0225261279364155 0.0209374589746891 0.0147007066757278 0.0214979286405218 0.0186849692568037 0.0117492284318182 0.999999999962712 0.0308371487289358 0.0178217676070348 0.022970114720681 0.0151427286658133 0.0197387063559938 0.0379620722377962 0.0134513964410254 0.0209276525150988 0.0168781961447956 0.0229096980333835 0.0336024154634127 0.0242193219042446 0.0128825235814345 0.0139501814695989 0.0168073057070391 0.0197791099896547 0.0211022442574922 0.0120654227843993
1 0.999929670246554 1 1 0.0205997105571041 0.0295058276575808 0.0197532740832744 0.0107699655685795 0.999909292898345 0.00743909473104598 0.010120393553209 0.0136422067897138 0.0143957244905711 0.00728984765962826 0.0182745828006863 0.0150852995388954 0.0141478991902784 0.0101613748201801 0.00994403761661389 0.0260542308073145 0.0115766850070623 0.0261766997800329 0.010896707960294 0.0075065394889513 0.01677183184317 0.0120817053667138 0.0170200761385858 0.0206741592572388 0.00905282841294708 0.0104517487036607
1 1 1 1 0.0235505004752061 0.0183879331551546 0.0294619943704746 0.0193198603428429 0.0273845052637058 0.0209519839722057 0.0181193111431598 0.0130587773441871 0.0273271585646939 0.0217734712839173 0.0457829746589352 0.0369038298188772 0.0228048935081402 0.0172573629741462 0.0208133502007266 0.0247619588559883 0.0219159741361616 0.0240653162419374 0.0265018325478592 0.0221212539675777 0.0221139320070577 0.0254029117370875 0.019061201033482 0.031587436394156 0.0255472962667379 0.0171731919276547
0.999999999998664 1 1 1 0.0152374069947394 0.0194339340493915 0.0304942522671109 0.847176048119403 0.0203488078211019 0.0619091613523255 1 0.0352335941904219 0.0208372099436007 0.0123977804202478 0.0260384649839026 1 0.0432744388636507 0.999999975047471 0.99900789293139 0.0204412899757916 0.0219922786585172 0.0255170889786362 0.0315190072438033 0.999992458283928 0.0260185986098738 0.0422481606868408 0.614917486417419 0.027182632047591 0.0379990409761378 0.0221871587598979
0.445515335469244 0.999999974005073 1 1 0.0601327226122211 0.0426441297110608 0.0391971290566493 0.999999998038366 0.999999994980086 0.0305508632778057 0.0501430659832398 0.999999999999999 0.0613733639887101 0.887490497193202 0.0500426573541395 0.037284444642759 0.0579360056846947 0.0367758211083419 0.0357962801801557 0.0351979072577155 0.644897581361735 0.0414180371339903 0.0391218318304433 0.991888318754126 0.0596099445995348 0.0380149974854083 0.999999999943825 0.0447123692449661 0.0297650884110191 0.0818335281711775
0.999999999999982 1 1 1 0.0214684819166007 0.0324855296999987 0.0403750872932727 0.0238921958863456 0.999990651267131 0.97271629966769 0.0314957686151588 0.0193817754293344 0.018723571824817 0.0381619363839242 1 0.0249681609833439 0.044565529615323 0.0271130676397348 0.0392442830245729 0.0262774053647077 0.0506740712976121 0.0274661451655036 0.0279986493816337 0.0380230630411851 0.0301327076026323 0.0233342794850229 0.034498641468606 0.0404211076172164 0.054658858591527 0.0580049025766985
0.99999617814957 1 1 1 0.999839357744025 0.0291002270150054 0.0257785466003976 1 0.0339564224825615 0.0232614416973246 0.0259453863506707 0.0395515933741881 0.0236543969765131 0.0327416267211089 0.999999994849536 0.0310134892893608 0.0315766197099584 0.0304486265941273 0.813636932822609 0.0279313764260883 0.0223308302431845 1 0.0390240834813208 0.0145139112695701 0.0514803268554671 0.0214126710986936 0.0428457092270459 0.051855265248457 0.0216645172711071 0.038742244880597
0.999932359045525 0.999999565468579 1 1 0.0284470738416114 0.0191146658615975 0.0237694885070364 0.0205184147382499 0.0148494774214858 0.0231405339495696 0.0336054039933676 0.0334002317020943 0.026856544077724 0.0200005607683066 0.0178407848928958 0.0272861654050337 0.0189765223078094 0.0271237275261789 0.0219039763287692 0.0166197603018629 0.0222159774476637 0.0244394663543813 0.0239460673987222 0.0325755511155227 0.0232315572053314 0.0261002245792609 0.0119998884362593 0.0264765094524839 0.0206383465701967 0.0219399975256339
1 0.999999805630546 1 1 0.999340037942053 0.999218862904495 0.0253795549989564 1 0.999999999999901 0.0261702706373309 1 0.0390232671705338 0.0355979037023249 0.0219460601449275 0.0502242313466535 0.029572368948361 0.0327059923863121 0.0261792587828763 0.11939121644029 0.0254257456377023 0.0195453972856001 0.0295176828916214 0.999999999931075 0.985055486546214 0.0236151789240007 0.0395435457621836 0.0271522178899168 0.0311224542765133 0.0264778818598749 0.0277681497668413
1 1 1 1 0.0477734766864603 0.0627696137467478 0.999995085930669 0.0766575664133265 0.0666865979937832 0.0678098660013328 0.0464053130028073 0.0501480444274258 0.0797287238416102 0.99960361641702 0.0414619037214263 0.0540682360211441 0.0494682513125487 0.0444009461955063 0.0481668151114696 0.0808720401724806 0.0384719077232692 0.0556597673887583 0.999999991084494 0.0454570298799917 0.0390577435189233 0.0683878964717277 0.0849894486354821 0.0670538063293561 0.0391706269215093 0.0415211672367435
1 0.999999578185558 1 1 1 0.0510947442128439 0.047366914155435 0.0387341793004997 0.0870684027945184 0.0567557041987052 0.0690397925209384 0.0789651446189747 0.0550684704674316 0.0871335679888292 0.063746095670742 0.0641403363160683 0.071310660393004 0.0549270247972258 0.169030501593087 0.081259929137031 0.129539144242529 0.0714452211991778 0.0452956734328263 0.0988627277584953 0.0737668205152111 0.0368421883637136 0.106116423305232 0.0543941927990741 0.0702181964017076 0.0819092773403095
0.99997698932332 0.999999986684621 1 1 0.998976891681245 0.0481364113186353 0.999334962177362 0.0584397807475577 0.0637139741554479 0.0417901101087925 0.0386534133225814 0.0508154486844428 0.122625272102396 0.0455617484472803 0.999999999996371 0.0436278242279937 0.0483899805241835 0.0621447025385997 0.0363688815625276 0.0456594344281763 0.107670977800114 0.0413470857988285 0.0591137972231949 0.0833818841030908 0.0752635649733848 0.0525641356061056 0.0603655659334335 0.996624442081836 0.0284382121008319 0.052027879467095
0.992305908245419 0.984439179321721 1 1 0.0256759016801931 1 0.0417010852627039 0.0590392591387396 0.0294661188784223 0.999999291934639 0.0478375853958352 0.0207223452930992 0.0358418297805105 0.0359924801041338 0.0434437746329809 0.033747042336407 0.0267302568502071 0.0267554408416675 0.0184656510922738 0.018150910755689 0.999999946367208 0.0332473481433505 0.0192299013660788 0.999999992912985 0.0255093809038406 0.0147700297194461 0.0244484146795678 0.0227717696085858 0.0259171725389195 0.0183483970088439
0.999382172088676 1 1 1 0.0111493536046934 0.0107405174262006 0.0451185509811838 0.0616867423497413 0.0167481956007655 0.013376276019194 0.017492902366086 0.0229326590995319 0.0185857406531607 0.0277001173912536 0.0203810737521586 0.028414892984586 0.0342665058925967 0.0504136578714272 0.0140403783605528 0.0138128777569357 0.019691963012775 0.0438380044094702 0.0211192300114045 0.0202441906972 0.0141358052830211 0.027834572326267 0.0207593761242161 0.0517753815987201 0.0150654626318055 0.0258294007340789
0.999999956413159 0.999185868096179 1 1 0.0102640243461578 0.0121037769204471 0.0181933636040302 0.0189854102749923 0.0177614721443143 0.0120183337783573 0.022916637235344 0.0303177502428665 0.00688849842242301 0.0162419293041023 0.0188976495929828 0.0138564126999027 0.0110274374767707 0.0122709017391388 0.0116439183793887 0.0165834935903132 0.0127221490652836 0.0154965006483911 0.0122012059446274 0.0116679429469201 0.0161537205690786 0.0119888881174136 0.01787216036383 0.00667301893051397 0.0213987102441846 0.0195995924741734
0.999999999999999 1 1 1 0.0647719599330016 0.0575563339236435 0.0726434517677695 0.0492787795739978 0.802372056441379 0.981474427304125 1 0.067505288560789 0.0407224746326175 0.0607438903594906 0.0887384914007125 0.935448922885106 0.999999876510342 0.999998471144288 0.0662227412489386 0.0527021807491113 0.0456285982873029 0.0560719177847743 0.0359638381883591 0.059432373805637 0.0400568424607777 0.0491046727181824 0.0645709682829266 0.0450483723942092 0.0704031967214739 0.0384841678753748
0.99998993114197 0.999999999999944 1 1 0.0732864769499629 0.0880867350258615 0.940912264600741 0.939016643456878 0.0485270813646618 0.0570526243052627 0.999994401646391 0.0522794972221564 0.999143454352877 0.0431952675424824 0.0583272793395052 0.999999999964877 0.0510052897446936 0.0520991022470743 0.0474351063176213 0.0463926312189058 0.995028735297619 0.0623628326811597 0.0508429246794736 1 0.0437455417051218 0.0546789563430344 0.0429869479039798 0.0387285574933141 0.054421503555003 0.0487887933436693
0.039000261413782 1 1 1 0.0150527881888044 0.0117762258745363 0.0118576812724202 0.0142786682450091 0.0122557321802811 0.0176862591874946 0.0151034570574926 0.012166791381778 0.00992360765958311 0.0266145747518738 0.0115924377575912 0.0142428928021788 0.00940670257400644 0.0102806270244132 0.941807687518825 0.0102844631173105 0.0116751100986214 0.0149682825317773 0.007302523260866 0.014118995035833 0.0131706317916753 0.00670195221467151 0.0196259066800855 0.00875554465285311 0.0147536907786548 0.018709993426372
0.995764922620484 0.999999999380171 1 1 0.999946756377371 1 0.0258802568413625 0.0258307261917671 1 0.0362422870122057 0.0369565894916234 0.0345230260981625 0.0211199636344097 0.0291003477036693 0.0403763453107503 0.0769782500925619 0.0507603249399401 0.0189897962654934 0.13167130868841 0.0148343999989025 0.0397814619485459 0.0279717226413793 0.0505284907190617 0.0305131907583415 0.0162017004555042 0.0558461048482971 0.0537580381869978 0.0254026272437899 0.103169357881114 0.0370702534931344
0.0135602833004764 0.999952461135958 1 1 0.0139994826458408 0.0147286992028219 0.0105262261280729 0.0116758417933761 0.0159829312622153 0.0105774612949672 0.0168430277242925 0.0146286559970246 0.0767164782580853 0.0157339795400364 0.0107095354099688 0.0137053375468594 0.0098261039602846 0.0153577316982159 0.023910358710267 0.0180429687629865 0.00721395454548812 0.008416538366813 0.0195092229654145 0.019734139426144 0.0142671884048498 0.0143329703788959 0.011627377243198 0.0184846497419716 0.00980899796598811 0.00971013296434897
0.999999999999169 1 1 1 0.999924679821182 1 0.999740120688874 0.999991022741672 0.0269752089025996 0.999999996087249 0.043779495374759 0.0346363023599342 0.999999990468885 0.0481830416308322 0.0286320786071794 0.0442160981558001 0.0351551645967817 0.999999999986117 0.994536989056758 0.0404164603213967 0.0286998280303887 0.0338766863706591 0.0458130582147376 0.0403528809244142 0.025873708400172 0.0267596498791047 0.99999959009002 0.0234385962169941 0.0317242713300679 0.0288526159054433
0.140592429003307 1 1 1 0.0585129232589199 0.993750712916989 0.0425527449531016 0.999994324949278 1 0.999996578337991 0.0493067925882746 0.0787235821023421 0.153215394221492 0.034882913773465 0.089075167401128 0.0606425310254458 0.065105266631972 0.0755441035837556 0.0564891639712016 0.0512723579150982 0.052867379350281 1 0.0471168313969467 0.0465214074908131 0.0679241680627291 0.0528372227884132 0.0511053534998084 0.0944626396282319 0.0612720103110478 0.0389653835129099
1 0.999999999999993 1 1 0.0662670488796865 0.0286040967753862 0.0174824772883152 0.0735932085958866 0.0213668010429661 0.0409532176258749 0.0405506090668438 0.0475472441583085 0.0310903622106853 0.0553542188966709 0.0397747638297216 0.0666867997445755 0.0333275256342569 0.0382357973052263 1 0.0934384263881881 0.0245050532208374 0.0576307913237646 0.0476015090207635 0.0225705488594464 0.0232393398764074 0.0430571871819794 0.0426875271427086 0.161054314046937 0.151996911766916 0.0859365301466002
0.975205519777534 1 1 1 0.0439298758479503 0.0376269206343617 0.0227947788861232 0.999999882011581 0.0245784019485962 0.0171579182895119 0.0254384476603396 0.0148986651174967 0.0201557358327568 0.0199794699125265 0.999999287067082 0.0214933531088971 0.0343760268846779 0.0193889947584077 0.0222590027186641 0.0231043330703607 0.0260412283968708 0.0268284578530845 0.0300273501644244 0.0260018804278348 0.0243149284405884 0.0304218928604112 0.0183928373364537 0.0177600906871284 0.0226687607796449 0.0241628028314246
0.999999996839655 0.999957047823169 1 1 0.0554397889621134 0.0591005965802347 0.0670886261178444 1 0.0441346917372378 0.0592786689275273 0.999298599401471 1 0.0585744661866997 0.0741525354257687 0.16008174347191 0.0823552635245979 0.0793717984084247 0.999993271560392 0.0779588397256186 0.98527453018595 1 0.0631995055187639 0.0452422533150374 0.0682499366445168 0.0673894448619545 0.0619595310727685 0.100858130838406 0.999999964609572 0.095125590053899 0.0514986675456812
0.999996643445373 1 1 1 0.026572068166457 0.0222568931391717 1 0.0269879964748876 0.0186170554074762 0.0253196254520371 0.0222642641335916 0.0252311778003257 0.0314404783706268 0.0201740203406483 0.0165877208389338 0.0333058039207773 0.0382587496986238 0.0287542918707508 0.025325636441528 0.0150182617025287 0.0318013160867125 0.0238913520826455 0.0278069901000892 0.0183562473446156 0.0179916368184669 0.0460958513333553 0.0386726395068244 0.0454777464155017 0.022633671836086 0.0360390248438345
0.513413064131184 1 1 1 1 0.189286391069967 0.155666501944965 0.1482910320766 0.0323324555280358 0.0569533484513828 0.0759561945406461 0.0510741961761392 0.041178960720667 0.0661272772728815 0.0830779892663603 0.0415265226163701 0.0958338763151393 0.186943883991664 0.089891102290461 0.0675276238850229 0.0566995338234701 0.0358677344186601 0.0632552261841264 0.184130403516091 0.0515712413209688 0.0717355843604431 0.527598824865331 0.385769158145108 0.0792450472801475 0.125234216164023
0.999999999999972 1 1 1 0.0249747279664644 0.999999900936878 0.0233206077497773 0.0367504320292172 0.0196996153869481 0.041029682904174 0.0331409127654698 0.0600096568158011 0.0266772321555023 0.0344395427229237 0.999978245428373 0.0440862832406407 0.0512080099794887 0.0560700301436645 0.0266768321089546 0.034981721792978 0.0393896474267403 0.0243456790532072 0.0229450020263505 0.026411888795861 0.0288299277338322 0.0153704980901829 0.0477273361108477 0.0285630886688966 0.0332529059293084 0.0347184335152646
1 1 1 1 0.872704706971355 0.0190138638241562 0.0183135743115816 0.0156622179650986 0.021319289908343 0.99395284256374 0.0115606244614778 0.0118217038764804 0.352612270939491 0.0165592419490727 1 0.0122692253358218 0.010102365445968 0.00859357788987924 0.0363002369440087 0.0109076689412597 0.999969639431429 0.0147324624870273 0.025437453741293 0.0156343307160559 0.0199568498842899 0.0182383234915597 0.0118809606380569 0.0191960165147859 0.0432238053969276 0.0161238257118846
0.0316143171872849 1 1 1 0.0167198045567425 0.0225885990434022 0.999999994053769 0.0199113863311181 0.0179762803339987 0.0248399929137294 1 0.0167933255142745 0.02950368943589 0.01752070635907 0.018476624081417 0.0135952546488772 0.0305796903512325 0.0170643002150641 0.0182375467593066 0.0184114513810647 0.0182291100892865 0.0301238757783238 0.017995481420096 0.0186659038902847 0.0184829166032503 0.0092047720870555 0.0150288407184812 0.0311068319025011 0.015579139263148 0.0375192514948642
0.337696626715902 0.999999992852324 1 1 0.906305769862662 0.0180545756422237 0.0267042255677512 0.0280475007215399 0.0183516104753245 0.0422867479394967 0.0189237345540146 0.02358547828493 0.0204242223959271 0.0197274093771236 0.0257338969027744 0.0235538342011514 0.0225181963067272 0.0262137905404225 0.0303064327166622 0.0272253169859967 0.0213754594882114 0.0173860706488637 0.0106929917402504 0.0170606232897942 0.0310488693282611 0.017683989894364 0.0181142903540289 0.0252948609957857 0.0174243601702967 0.0151763275610342
0.999999999999968 1 1 1 0.0687649526616777 0.0526434485568568 0.0612451860197701 0.0488154267790986 0.0294400053478575 0.0317333284775989 0.0297318920672348 0.0318943384625985 0.0473753369121351 0.999979054338876 1 0.0465526077242195 0.999981324342531 0.062866807132505 0.0659776023718769 0.291083416741302 0.999999999999953 0.0957691714604297 0.0558387459294527 0.0345307759026704 0.0413672592482139 0.0616084591607565 0.0714586722648961 0.0394305345581547 0.0311157509574718 1
0.999999951910322 0.999999999995247 1 1 0.0275776912130969 0.0368984372644204 0.0510241965934272 0.0458407443651834 0.0518502160599711 0.0490216646562301 0.0256205935840531 0.0282499934342622 0.0354207752995783 0.0638652682613772 0.0455012773570431 0.0435795737894406 0.0329747189982216 0.0482963372811377 0.0426026436504087 0.0272185559337897 0.0405630894549709 0.0452555946744273 0.0556502184424693 0.0237886751183406 0.0335459978555407 0.0351381829814018 0.0602488000011409 0.0459979886369373 0.0275336931739882 0.0462865386833973
0.999999980453304 1 1 1 0.0106377078994849 0.0152482454176898 0.0230125335541723 0.0672169698789467 0.0143431807980627 0.0139066916829879 0.0263622115513207 0.0138020742263421 0.0170127097545884 0.0167402314048632 0.0317614682098791 0.0213727268504539 0.0229747946687741 0.0171834989217172 0.0267976746514069 0.0143804820900232 0.018052404673328 0.0240204712379333 0.0134714142371957 0.0206756423028875 0.0142011154191679 0.0107068505504453 0.016287071173365 0.0160714853039348 0.0170273398545513 0.999902878009169
0.033954078827624 0.999999889356662 1 1 0.99998871958011 0.0154391651448068 0.0145697539355913 0.748584837660055 0.999991300968164 0.9999999999975 0.0320574454346374 0.0394051806762314 0.0228114776210588 0.999982262249185 0.0523410429711895 0.0705188319371874 0.0312489703901847 0.0312960740146011 0.0202652553603536 0.0173722045129491 0.0185995156236886 0.0228034014941747 0.991260983193682 0.0650916443959084 0.0206859410099853 0.0199375448956083 0.0219424046621164 0.137885671413023 0.0139491663236109 0.0207296649357678
0.544016031164025 1 1 1 0.999999980515722 0.0212357569360717 0.0202748820621022 0.0231642837615204 0.0229873127549638 0.0337385001732992 0.0305904229135926 0.0268998808366641 0.0239703715878735 0.0284788986572528 0.0308026956883128 0.0234664805378934 0.999999999999998 0.0207677460435386 0.43587046238159 0.0254886807451672 0.0275994786816215 0.0186959934252239 0.0284290158453471 0.0523492340395419 0.0251520260515176 0.0168840809366402 0.0305207215693712 0.0288953971343937 0.0263111869643051 0.999999999978781
0.0138239718461198 0.99999998150624 1 1 0.00945615620960283 0.0147679948970711 0.008093564198279 0.00890850983390634 0.0112310455360456 0.00825615905672494 0.00721271301899695 0.00585214423485592 0.0112608608723435 0.0180081476547671 0.00539724068778036 0.00893374859204832 0.00688807161230875 0.0172195980987802 0.0105256895359153 0.0108206890561009 0.00785226345308332 0.0123440895097479 0.00574943616284895 0.011504075821494 0.00768818436761887 0.0129457968297222 0.0112829641907279 0.00769726885956556 0.0196398572482422 0.00714797016273638
0.999998933783439 1 1 1 0.0331123726894256 0.0130463239503761 0.0153423876424752 0.0481127887650054 0.0157292244143034 0.00737150367704054 0.0130434128260395 0.0207472219250077 1 0.016439711436083 0.0178416032421882 0.0172037498508291 0.0133793396894251 0.0127735038677921 0.0175141775928084 0.0198443452435139 0.018410004346602 0.0203579337320892 0.0163879119717462 0.0333300963649549 0.0175029166166297 0.0252635579640582 0.0144427835703999 0.0235104279220455 0.0145477589781271 0.0225608672868811
1 1 0.999999999999871 1 0.0256492935071333 0.0294211915111787 0.0288952800532235 0.0272897280224178 0.0363824193768035 0.0211565279942471 0.0497733854593685 1 0.0443794070714678 0.0315785432593204 0.0307080630178217 0.0593961667547609 0.0413884835709937 0.0266092986188752 0.0293644649959701 0.0307569509976297 0.0198500477120819 0.0443695502872791 0.0296630741534643 0.0442511383794145 0.0380676841286806 0.027041224406062 0.99999999999998 0.0302691423889164 0.0263637280801879 0.0457104147995518
0.999899885713664 1 1 1 0.0866201798421322 0.0385915759752516 0.0436393316996391 0.0530674040287109 0.99999999999998 0.0814409058163086 0.0372405548762119 0.0350382801093296 0.0384812519978616 0.0438595441608304 0.155236708540921 0.999080136615834 0.0452449628071859 0.0624131749301921 0.0413387033538393 1 0.0429313866851601 1 0.0535507330305346 0.0470186967674842 0.0501497413108872 0.0841376135056109 0.0276719661063649 0.732025996409498 0.0498846692130992 0.999999998996939
0.999994311655383 1 1 1 1 0.0697881004089559 0.0179177063744245 0.0294103963134269 0.999694638883424 1 0.0861761481947102 0.0158712697805721 0.0195517272642955 0.0222354522934857 0.0389214280865431 0.0243349478261572 0.0256536264344958 0.0340145755974557 0.0211415916877155 0.0744418349860247 0.0153475462365724 0.0198038758854898 0.0371668047546385 0.0204603501113576 0.105574687245723 0.0201558094324237 0.0237341963233366 0.0217670783900948 0.0471850591028804 0.0360996253376026
0.0731041301679358 1 1 1 0.0304614661634404 0.0297983500557301 0.0305258589232208 0.0614634730935368 0.0315049837013071 0.0451634000908179 0.0647275574627602 0.0556300360652007 0.0419862736023416 0.056575372566241 0.0403254400935404 0.0395347113936445 0.0434838027141022 0.0374386069672075 0.0400403840928166 0.109286495700075 0.0276903451361783 0.0338447205839643 0.0413289810387004 0.033267073308198 0.104094154404494 0.0318003647519746 0.0412815591860334 0.135177122554191 0.0387295126034188 0.0425262407297614
0.0891104414120732 0.999996745411881 1 1 0.0215427095862106 0.0692094954036738 0.99999999967494 0.0388518657782171 0.0592791166182779 0.0193862681965288 0.0202709739011129 0.0530248231823809 0.0154680884718182 0.019187047835637 0.0334336605221137 0.0401397646696469 0.0214644587228698 0.0259130990876738 0.017564326662138 0.0182781322271308 0.0886207107365189 0.0263416833352548 0.0274852228267272 0.0408319242801245 0.0403316280607654 0.0391032218857493 0.0716812852298123 0.0254438946607799 0.0195709185223836 0.0288211729459646
0.999885838619883 0.999999900046892 1 1 0.0194038427496974 0.0124449158617083 0.0194713104771591 0.0138865631173709 0.0185406229565828 0.02190049914508 0.0173716193823816 0.0159303345522801 0.0136902545923424 0.0121828914841727 0.0148509796529246 0.0139960466010119 0.0176440794329712 0.0130491195603771 0.00918449063714843 0.0149946936445675 0.0189903634683904 0.0149544486497257 0.00967281493507977 0.0235024073049556 0.0158175030963524 0.0196575410668147 0.0144629713717178 0.0118918288927412 0.0107858023104864 0.0147977556611106
1 1 1 1 1 1 0.0799341812724892 0.0486214350653674 0.999931387412903 0.320854122766963 0.999999994452054 0.0360120642266336 0.0922588558872943 0.0396334584229449 0.0646459089362417 0.100778482582443 0.0322997182261714 0.0725036330313108 0.0813370819717932 0.0450309936841629 0.0537021500983963 0.0473508068252705 0.044895277628705 0.0541028375157047 0.0367248245002554 0.0406065986131168 0.0418347956025349 0.0429788661999647 1 0.994770454268141
0.999999999999999 1 1 1 0.109078192050375 0.026992235780571 1 0.0253665295940287 0.152470562325925 0.0342497270417629 0.999350875330091 0.0479212615430876 0.0217030315854534 0.0356284475257844 0.0543253781196762 0.0661138263556603 0.0259943406582899 0.0826089499665287 0.0423015518121472 0.99999999979225 0.0443469392251867 0.0334288517459692 0.029367546286702 0.0446844359526939 0.0240407691650163 1 0.022153405489682 0.0499193009467395 0.0261351116903351 0.0302149012286868
0.99999999999999 1 1 1 0.99999999999997 0.99999999999461 0.0591272458611936 0.0374261488091592 0.0397641199373496 0.0347260750406788 0.999999999870658 0.0696244547400946 0.999733104668561 0.0373467484014061 0.87415454486278 0.041819461512391 0.0286499450283829 0.0579829866456679 0.0352839377505004 0.0425875785293987 0.0292812767014946 0.0521950197779041 0.0614133170658328 0.999739682750199 0.0370464974226056 0.0512950053384936 1 0.992653223669241 0.0377644685561431 0.0357117598438841
1 1 1 1 0.014608980368791 0.0319595311205182 0.0203672310539998 0.0220014539363467 0.0899791656708798 0.0276200042794364 1 0.0248786947574079 0.0247658065134149 0.040513517590276 0.0197625295891819 0.0701238797160325 0.0503021481255309 0.0348195465306121 0.036410900907621 0.0372264565635976 0.0254420450752966 0.173262580249664 0.0298128984379232 0.0480300051296016 0.021092976313406 0.0319766598451504 0.0295024266352401 0.99950820237575 0.0369014873800834 0.0248992399127618
0.999997712741525 0.99999879280089 1 1 0.0201902974158219 0.0276499584522261 0.0162254685932195 0.0215126878881807 0.0118026837783866 0.0229414344462164 0.0152981454102509 0.0161214250750331 0.0183398906942054 0.0156044839310269 0.0203254817508089 0.013113012288159 0.0128708419310225 0.0257215810875692 0.01537979863731 0.0185349018829022 0.0555595443071314 0.0150360373540328 0.0137535380315554 0.0104539901213921 0.0141138542971706 0.0133074484528193 0.0115379113743489 0.0143102769956014 0.0220969945928478 0.0231295062906146
0.0333960186614614 1 1 1 0.0355549679412867 0.931118908716829 0.999867172561555 0.0275967583326583 0.038656616227454 0.016101181157235 0.0270084567806977 0.0277250133091479 0.0200700610074176 0.0535045022284241 0.0234332961359556 0.0464497969822213 0.0275670842481036 0.0298174505827433 0.0347905386892946 0.0221016522886833 0.0351627036585821 0.0327011391876048 0.999999999999858 0.968420426232292 0.0271666717337286 0.0264801143941623 0.0225446105260753 0.0455889519656417 0.0218499619905423 0.0366470996433299
1 0.821943919175525 1 1 0.0712300982245695 0.0171132908709184 0.0140769077029068 0.0348675622262785 0.0705451911494712 0.0228415314805924 0.0256107653366631 0.0139067810000204 0.0310261864122674 0.0610382526137708 0.0191951576891524 0.0598078993966418 0.0142818892459116 0.0343544272248013 0.042385852701879 0.0198783134283245 0.0328104192700341 0.0263999043422471 0.0158968604355787 0.030340956938078 0.0275288067048828 0.0214585638849536 0.0176332932184139 0.0396555141200661 0.0877281899667803 0.0472398891415711
0.999999999474224 0.999999999987896 0.999999999945455 1 1 1 0.0350666758501307 0.0248279110255826 0.165102531059263 0.0479555954307374 0.999999140539112 0.029316220239757 0.0530053746031711 0.035272081149644 0.0588771860780115 0.0545780660895466 0.0295863293409588 0.0515068782562212 0.0270110719294041 0.0301884141884444 0.999998060632708 0.101134476236561 0.052603982493303 0.0325067507780056 0.0287843119201883 0.0333990129083338 0.0395244747410526 0.0258164374205399 0.0350118586632677 0.0552330051185438
1 1 1 1 0.999999989714103 0.0565431596945932 0.0684999217219233 0.0736974198563547 0.0499591014202798 0.0877959460512555 0.0696961487710243 0.040906494125642 0.999999999968564 0.999999999999997 0.045734043987654 0.0758954112542046 0.0984840807851927 0.0836198707757791 0.0815441776975044 0.0804435521816885 0.0699832431624422 0.0408280510999113 0.0832867447572704 0.127727623169129 0.0889624229878165 0.127604366550149 0.108478192043632 0.203876534215074 0.105161846645105 0.0594684340397218
1 0.999901050400083 1 1 0.0432367250028837 0.0337871204936333 0.0602459007559576 0.0335279551519866 0.0386714735480059 0.880336755939054 0.999923226371684 0.0403964039119674 0.0281664857593645 0.0397358512875495 0.0524869445213364 1 0.0337008443767324 0.120192924824033 0.0412504822896852 0.0482953181713655 0.043462337851335 0.0464510969179078 0.0357234582719262 0.0252560426629 0.0322354825870265 0.0396874766004248 0.0506704754421797 0.0434412524177733 0.0518945010708376 0.0341484976506411
0.999999999979386 1 1 1 0.99999677031886 0.0199031472546592 0.0207437360673387 0.0281116585454021 0.99999264453948 0.999631843464983 0.0222068615592664 0.998934013087622 0.0302224432790281 0.0244952051554697 0.780387558596986 0.019892524653181 0.0313145746781168 0.0214946176352731 0.999999999976357 0.99990710686012 0.0211957778374932 0.0288128202601886 0.0160952860669623 0.0193611383152796 0.0307726521133076 1 0.873288167013977 0.0185566921783756 0.0324621492273975 0.0261920399786145
0.82280799056086 0.999669319225288 0.0928299756674658 1 0.0699858568799584 1 1 0.999980384308335 0.0498772963090625 0.079768654846288 1 0.0665644380285866 0.0949831557541259 0.057788014943681 0.121934753440001 0.99999999999993 0.0833847971563018 0.0574700908698577 0.0485727597724857 0.0579974172791233 0.222209726566021 0.0670967186064778 0.102366629941512 1 0.06232866690001 0.159507728531254 0.0702852347914665 0.0439253650780422 0.999999999996157 0.155384611338888
1 0.999999999999997 1 1 0.99880600054787 0.999999851892393 0.0238325666945937 0.0157197387497096 0.0324860638443351 0.0272302152166395 0.0316271170022158 0.0287126885891112 0.0129772905486114 0.0388686031294566 0.0413542148648229 0.018782175584054 0.0286152384479955 0.0243661474833518 0.0244838253442835 0.999999999915869 0.0191651533113654 0.0246290813987442 0.0108719336123992 0.0306813672953186 0.0161849924640776 0.0410207541780578 0.0272605867430006 0.0312614575958452 0.999868954955407 0.0265701621755358
1 0.999999999222254 1 1 0.0153363212881803 0.0144072249182571 0.0299320435118121 1 0.0223210423185161 0.0108289695770933 0.0128287972608581 0.0240323802215687 0.022808093324273 0.0208794987131654 0.0254512977906471 0.0132695480293764 0.0215692380729946 1 0.0151174009214383 0.0294358597103753 0.0129877389696116 0.0130456053706625 0.0154339940672866 0.0332897957299897 1 0.0280288109588275 0.0167644844617437 0.016137572497559 0.0142840167828742 1
0.999989175014806 1 1 1 0.168375626651957 0.0328915655792179 0.0468456187799425 0.999999999999999 0.0668232959560697 0.045896244150072 0.0323393336553327 0.0243455721752228 0.0267195856294802 0.0246901701915277 0.0748510508870579 0.0531064408479052 0.0747155340586297 0.0284737895669063 0.0249097009996475 0.998009353731767 0.0312939508973998 0.0389941566549342 0.0347903752631193 1 0.034860715319237 0.0283916712319551 0.999991879483986 0.022688011517116 0.0276719909762956 0.999999999999998
0.888913311586207 1 1 1 0.999999696070261 0.0283105900955518 0.0434555178457587 0.0323997165639482 0.0188849560449953 0.028675433924115 0.0386042349633462 0.0534022851811924 0.0671049127713126 0.0393324077257089 0.0208773968829116 0.101003323792312 0.0345001431187524 0.0783269963747585 0.0381850846950317 0.060424634326972 0.0366258070091142 0.0468291019904664 0.110568602791853 0.0498121865482624 0.029279803116765 0.125210156516881 0.0713493182885107 0.0328050094520056 0.0332582253825711 0.028782864561979
0.99999999986028 0.999996548309699 1 1 0.999996765751551 0.999890274622731 0.0334526353902891 0.0330508917297304 0.0525262097611622 1 0.0386545625061344 0.0583879309446632 0.0322124040836186 0.0352570312612293 0.0577744937343505 0.0767570768082638 0.0252699045490016 0.0346784051417277 0.0521649704960236 0.049781931044672 0.0409199786221608 0.0345733821994799 0.0763707553229206 0.0703483240057525 0.0717399762120065 0.0991852936461211 0.129671580124469 0.0798089073926034 0.0941464825527328 0.0730995201380413
0.999393266438682 0.99999999999429 1 1 0.0284182394112844 0.0170483939799069 0.0410427401684584 0.0318096765584119 0.0310977630878466 1 1 0.0176682327171229 0.0346489175906581 0.0217655269549811 0.0339735122722113 0.0484159843153206 0.0598670703615226 0.0448879378245146 0.0409430878275194 0.0522951701164658 0.0270987642305905 0.0213880831632037 0.0624007928775444 0.0750328959533502 0.0534830777684531 0.0248528495227713 0.0186088100935583 0.04913406045279 0.0495624433014054 0.0179784732372975
0.925449851780522 1 1 1 0.984504650027105 0.981387036520666 0.0291184624063907 0.0416523054634079 0.033866562503853 0.0816039388577554 0.632043943506195 0.0421304212733861 0.0592508785941185 0.0454022844050666 0.0385865416584639 0.0569753339057175 0.0341392513878513 0.0339038684815166 0.99999999976259 0.0266937333361111 0.982208566414214 0.0382187856322334 0.0335866863389517 0.999406656538084 0.0472865608426429 0.0317655286770234 0.976762511505303 0.0361654639718405 0.809319386252097 0.040194522758516
0.999999995451757 0.099100947652861 0.999998562297835 1 1 0.0569955054218698 0.0670794053727798 0.0822455952248912 0.999999980578725 1 0.0914669161813105 0.999999999997143 0.0820492002337108 0.99289274755617 0.0843259414884306 0.053470722383382 0.0605753902603083 0.941290552093309 0.999881784711185 1 0.0818099550576077 0.0614604615374839 0.0694415506194791 0.0908001794512141 0.999999697616505 0.102481080582341 0.0946878213423202 0.111352547440259 0.082882264757143 0.0894671563367803
0.999993159521841 1 1 1 0.0439635446160961 0.999999999985386 0.999999999999995 0.0179934039255595 0.032068014400509 0.0184973223009401 0.0393945453114444 0.0260809483876046 0.0232911940320585 0.0429663178256315 0.0165511780109588 0.0309175622306613 0.0185694537873966 0.0231229786518706 0.0232021335590744 0.0257900134580509 0.999462202726372 0.048409129387457 0.999999999996912 0.0251595405017926 0.0170622125493861 0.0282330678525953 0.0264562908764824 0.0200973209784078 0.0151782732839524 0.020900153983494
0.0802979644061645 0.999999981033565 1 1 0.0678717160379311 0.983990304983514 0.999997595515892 0.0460865040099795 0.972476600276016 0.0427618763010877 0.788306544141534 0.0401096142773074 0.0476007003338662 0.970606824780603 0.0592209795436637 0.0535546350905926 0.0591231675390438 0.0391070662692858 0.999999380013052 1 0.0251296260898178 1 0.0288458988546084 0.037590020101325 0.121232015046717 0.0312054674128278 0.0376225226019296 0.043910000511422 0.0356849192482659 0.0274051858944057
0.999999999904816 1 1 1 0.999804868019584 0.0376068375749328 1 0.011943789863975 0.0184965500617527 0.0225204262214362 0.0115616622888156 0.999993469056662 1 0.0145775217716856 0.0373543446002932 0.0148369244386123 0.0200758155608686 0.0308414040484725 0.0172751972334945 0.0495040275707805 0.0188586701678269 0.99088611444794 0.016326072525697 0.0210564540234573 0.030800268332842 0.0339679961063232 0.022646563197159 0.999999421905314 0.0215564167925992 0.0126653971645034
0.993947778334357 0.999999999999997 1 1 0.0227283080876672 0.0104034249536514 0.0188331646266586 0.0184221402377408 0.0165563963294773 0.0163173951207969 0.0166210735317699 0.0133230476261651 0.0227343468997939 0.0142981152153963 1 0.0182932654822954 0.0200362372243537 0.0329724291896721 0.00988772795467463 0.0178914602729779 0.0139961625554209 0.0118008914260426 0.0171679571289607 0.0137665381138572 0.0165878903928613 0.0159027114276719 0.0167910564958186 0.0126180658773197 0.022069340234094 0.0191052198182227
0.999999996868911 1 1 1 0.99999999997386 0.999999999994253 0.999998308961278 0.999914266325662 0.0444407761645441 0.998700948990915 0.0812493865731575 0.145674696976346 0.0577901220102195 0.975794977637091 0.0461958983096348 1 1 0.982524029758652 0.0592247480946488 0.0559427270906326 0.0738703291607907 0.0305728348060441 0.044196212102654 0.0656055396362817 1 1 0.0902459741259817 0.100222098767695 0.0254926428562054 0.052938310568711
0.981027172921521 1 1 1 0.0665763473983672 1 0.0553691198264282 0.999999996615372 0.0794032159152525 0.102694928363211 0.0424073370904997 0.915238585942346 0.657222321694934 0.0782742408396359 0.0764477415972127 0.111496666638258 0.0667824212371064 0.072803093334467 0.116636703753985 0.0654008451915367 0.0893749175384702 0.088536119260555 0.100785611052871 0.0688549337526383 0.096999869170836 0.073444244367131 0.999999992806341 0.999663010263185 0.0843851039616386 0.999991739258914
0.999999821577373 1 1 1 0.0264358978070014 0.013953032335759 0.0174510289691693 0.0166146205217543 0.015597224542607 0.051205471197134 0.0217810073310082 0.028899777450856 0.999999985897074 0.0175225122484539 0.0174752679205028 1 0.0539114325986417 0.0159228298979994 0.0214275675839931 0.0350738699820083 0.0161085139292559 0.0772612155817123 0.023671600680829 0.0309951121370368 0.0195347826675407 0.0157348008144461 0.0299456741420837 0.0199486442465804 0.0152304353006469 0.0334182314880722
0.0117352996769852 0.999999998301745 1 1 0.0196901896495157 0.0212001658344519 0.0212228796870817 0.015272161402811 1 0.0175743932120241 0.0197151441470506 0.0174207564691526 0.0167183065995158 0.0556824411451302 0.0119655790615195 0.0319402135433458 0.0243812379360308 0.03338495329854 0.0222641167015181 0.0417460192280439 0.0574927835821123 0.011911923210127 0.013416950555366 0.0114790616277791 0.0231390568483183 0.0128869167499229 0.0242765757782845 0.0141224462157615 0.0181513815436318 0.0183170071883839
0.999999942744835 1 1 1 0.0374698207599909 0.0300374084747705 0.0965741211889538 0.0557574723683375 0.0374628660177608 0.0238656720923567 0.0531971514740535 0.307939015419773 0.034569189699192 0.0384485976361501 0.027481641221798 0.0284921585304928 0.0280826820686693 0.0350070182566475 0.0325392724449283 0.0283753452817898 0.0508747158052943 0.0229254253462609 0.0294822434627788 1 0.0194076994784037 0.0260674699049009 0.038492305606634 0.0341046028432059 0.0281070948939203 0.0318732394601691
0.127681458206216 1 1 1 0.0339055953830896 0.0524291957869126 0.0543330506485341 0.064878826930715 0.864396838571525 1 0.0402637048545542 0.0639201041195645 0.0801121354400658 0.99956783769696 0.0835598556330562 0.0477413811427509 0.999485407421874 0.0530195453815694 0.0339292067935801 0.0428583964396168 0.0451468167666284 0.0607437391032657 0.0383008021221098 0.0633033108631877 0.0569533421810711 0.0545959742217695 0.0313139762994231 0.0647414045768615 0.0548409520552954 0.999999999997902
0.973450697399916 0.993785721681195 1 1 0.0285312699599359 0.0136191778136571 0.0161808391952493 0.0430660105512501 1 0.99317580266886 0.0207530675604091 0.0206888857102687 0.0178644430588923 0.0124614843122459 0.016869010021455 0.0181079834639254 0.0146675615614267 0.0251099562299436 0.0158087214855551 0.0188075495604417 0.0214281628234663 0.0154895650498275 0.0202052801358369 0.0247880855228613 0.0121417079280263 0.0177846271243629 0.0199355512844782 0.014555138618819 0.0167908241828499 0.0144178405596499
1 1 0.999999999999987 1 0.0250772608691169 0.999971139757799 0.0316638669854579 0.0232223942026716 0.0286975477005579 0.0320519599730857 0.0412319715100871 0.0221899562383111 0.0353365633369114 0.0253979330321564 0.0642594551608376 0.0228832148418793 0.0395769947566627 0.0234413507715578 0.0227786791706612 0.0456525740404402 0.0360127028368876 0.080588372442546 0.0173529394536768 0.0151956689535772 0.0258512800057377 0.0316795197641129 0.0319432525975882 0.0335972983111885 0.0228732101612007 0.0230398248109239
0.999999999776238 0.999999999999999 0.999999999999946 1 0.0218373394998174 0.999980865552581 0.0343114361743426 0.0217255390339974 0.0519020290014039 0.0399581834769245 0.022812692627347 0.024196624827221 0.0232109418198039 0.030240437020796 0.0191478893762611 0.0248895739179003 0.0166612981633206 0.0220223209856543 0.0217575115678126 0.0218865515928055 0.0220713149177221 0.0331577478626562 0.0210214512368013 0.0251522401727986 0.0468843893055403 0.0253396293478152 0.0154729216040221 0.0219258025621818 0.895766736729471 0.0245443124372767
1 0.899296436260067 1 1 0.0215370983507502 0.0221664897083371 0.0253932718683961 0.0149959207158399 0.0255748578706302 0.021927497051514 0.0261807801632985 0.99964862293862 0.0227749059969007 0.03582601617212 0.0234858054098239 0.0236040304323866 0.0285838399460429 0.0266640291487741 0.0162479549765578 0.0363109906868742 0.0475866585222104 0.0217604748969557 0.0150853620994886 0.017040899258952 0.0181402369488552 0.0228200191695285 0.0153254598927818 0.0110284782362939 0.0329117689453847 0.0256023865933481
0.999442198147204 0.99999999995249 1 1 0.994687831088 0.0321329176904276 0.999068267447892 0.079056132061379 0.0918155968184644 0.100101520310347 1 0.048809788759028 0.0614321510875298 0.180052862384094 0.0510228102678127 0.0478983608715049 0.102064345241839 0.999999999996299 0.0519906931808133 0.0392482751822649 1 0.0602387883226575 0.0740479750277605 0.0827822617637931 0.0732795823519842 0.0482617454068639 0.0748415620622588 0.052197901289479 0.0583989022858175 1
0.999999999978463 0.999999996076149 1 1 0.0492835265506063 0.999999297195804 0.999999999932496 0.0211284237655661 0.050704313529681 0.0473759154213708 0.041995806159194 0.0310215867205419 0.0713844535187627 0.0386285166878579 0.999999998400854 0.0278037622384636 0.036635637560856 0.0839021060974954 0.0534977111004753 0.0270164397059153 0.14849130588093 0.0358896603031311 0.0496005148636287 0.0933325868098352 0.039477029540257 0.0400065148722711 0.0465212992744831 0.999999999998571 0.031708521827799 0.0337839200346093
0.951809251469894 1 1 1 0.0738066843090893 1 0.071545377839576 0.999999999957706 0.0833548980154734 0.0714188561520025 0.0698126472376849 0.07959495434087 0.999999999999598 0.0687866978386611 0.0628319605241524 0.0736661703366606 0.0877678119990568 0.120469423649411 0.0910815871062715 1 0.0814076135829548 0.0701897086117034 0.0921475624933852 0.0784080668956175 0.0612410282062026 0.0692603727965527 0.10738718788976 0.0786817962140801 0.0977853028506496 0.0979451420285405
0.013366947467398 0.0166630398044089 1 1 0.0845454895669818 0.0130095335320108 0.0207376749947981 0.0799757744511481 0.0340375438526987 0.0271753022169285 0.0325500377159865 0.0208256577330599 0.011487383473158 0.0137381681998252 0.0157548342732635 0.0413465493711688 0.0174650534453074 0.0236174975783698 0.0117985612672612 0.0238929879647062 0.0166027813585484 0.0146466147764336 0.0234670777419189 0.0228514635028568 0.0247996755659695 0.0225659552677494 0.0232393318425895 0.0189029030336898 0.0172864380134643 0.0225544239075117
0.044857135646694 0.999999999999998 1 1 0.0157678943440481 0.0135832972578576 0.0169602088878258 0.0107127905044013 0.00892808771842846 0.0113951673890725 0.00881133436559478 0.0173018778422148 0.012992555294616 0.0118700136875197 0.00679788973672402 0.0154264165967823 0.00616288757086958 0.00749564886657361 0.0142506507533037 0.00903609889641577 0.00927448317937307 0.0115491110908074 0.0104352411760023 0.012219479806574 0.00948229915069709 0.0100462933306377 0.0145551147206593 0.0118634896982609 0.00858172693365 0.00833024345232669
1 1 1 1 0.0668927462538057 0.102540242118733 0.999999999999999 0.0501566271334493 0.132847968465049 0.108461914866529 0.0597861188358348 0.0587889479263327 0.0831227495519813 0.0530351906740039 0.0507457297433894 0.115472216416014 0.0623526696939278 0.0598492703811243 0.0618535097298624 0.0449566844020886 0.0762244817289297 0.0745467102277296 0.0426894537786042 0.07215058282908 0.0664531301026096 0.0603548497122459 0.0919866237130882 0.0953559341666582 0.0725110420188553 0.320608560116821
1 1 1 1 0.0625422451334497 0.999999999657303 0.999999999997376 0.999883039577254 0.0618828376447491 0.0488529792646907 0.0337454684022029 0.116463532763435 0.0729155655717637 1 0.0313019191760204 0.169554831366479 0.0780239921571743 0.0688867540088995 0.154962276166457 0.0529756388492459 0.999999999999798 0.999995099799723 0.0719229018240604 0.0387032068123593 0.0338564694340249 0.0684632632530581 0.135379078644112 0.0500580985992727 0.0574631706414181 0.047837140542525
0.999472200394311 1 1 1 0.0100065743650765 0.813026890225381 0.0229057944548091 0.0125773983317721 0.0132610218926742 0.0128125634052653 0.00976340949604526 0.013520414728457 0.0489349472276919 0.0278760211817717 0.0110102804010773 0.0187589774903548 0.0131586954401862 0.0120886241181746 0.013643562199931 0.0340342612867621 1 0.0106131359799166 0.019614543112822 0.0209108859961135 0.0190680985442034 0.0323877507895067 0.0135567785553682 0.013628028566541 0.0113279297067799 0.0299667724184828
0.99996876775845 0.999999999992797 0.999999999796452 1 0.0353636608722819 0.0298358384747589 0.0316761942380178 0.0349120176368106 0.999999999999802 0.0278953792336546 0.0274196198553327 0.0426979131575748 0.0408791255615539 0.0222792863766137 0.0624518703247441 0.0412982644345707 0.026059847146758 0.0423664246159237 0.0675103911754883 0.0415164817959562 0.983465384462583 0.0315340739980327 0.0227192041925992 0.0342915225093491 0.027137264175888 0.0339035456518594 0.0336068030078839 0.0938616702429875 0.0263031414113194 0.0291216840307124
0.946423066277611 1 1 1 0.0117242128863586 0.0210242456688194 0.0205409901924724 0.011964566874323 0.014176124122303 0.0237041865366792 0.0172620346465332 0.925454717625152 0.0141863675616162 0.00817248538707327 0.0232329639928258 0.0107547063355735 0.0204662538183507 0.0192705324702098 0.014295693313547 0.019788400517501 0.00930176366650193 0.01903451145723 0.0133901463505277 0.0193800808909648 0.0161221954273154 0.0193853983347836 0.0136306782620916 0.00948082935454475 0.0126845537356679 0.00978389325014106
0.0673297628929972 1 1 1 0.0183546642428933 0.0201200698721962 0.0282441123326899 0.038509667046985 0.0414493587813267 0.0255030990802065 0.0278544879715116 0.0335925898964795 0.0245276193224767 0.0256033347789232 0.0449479913139051 0.0283342612997834 0.0214578478590407 0.0317434993135972 0.0220384133278508 0.0154441690358702 0.0363161896135538 0.0255128266129977 0.0365128908859336 0.016722878171752 0.0505672102663282 0.026512908802016 0.0267239530716307 0.016054905571762 0.0305136240312376 0.0182888727074382
1 0.999982883454481 0.99999999999995 1 0.0286324509879257 0.0154502495409818 0.012887330547881 0.0256050350282044 0.0225455824058571 0.0162517170866132 0.0524357293366399 0.999999970071462 0.0159105286906744 0.0343099480870067 0.0151709307173676 0.0198172960656063 0.02336570627414 0.0119793726523411 0.0228307787773196 0.0134872681124447 0.0168806658083994 0.186247012462338 0.0191012437421935 0.022250007445431 0.0190105440380185 0.0281295413140855 0.0194715041406038 0.0161274942322677 0.0250047009950883 0.0212226190422939
1 0.999998323202676 1 1 0.999999999999984 0.999999999999992 0.0686208703717716 0.0253158789623689 0.0210161317671677 0.0316721166986521 0.0210931867420892 1 0.0193452192167594 1 0.0269537441253199 0.105181936507664 0.0198317173347414 0.0143945276559014 0.0217335369187293 0.0247404631217989 0.0255968353588552 0.0221386248877564 0.0322596212117282 0.039195782188065 0.0187725742373004 0.0438325992563974 0.0768603386304635 0.0733475439425219 0.0264769807578332 0.0387529783843186
1 1 1 1 0.0548243253141669 0.0179212645086116 0.08673821239074 0.0271452820010287 0.0433905747240937 0.135891757888503 0.0204066868320302 0.999985598377408 0.0316371768478234 0.0256294997130402 0.0244263360651223 0.0248500918436035 0.0379564349784971 0.0697239177777398 0.0335502233401768 0.0345971035042395 0.0217757195638201 0.0500869741026168 0.0417681826095511 0.0396392021857278 0.0600400115427485 0.0687089163476675 0.997089141139589 0.0292929054138488 0.0303648398893069 0.0404520595639352
1 0.999999984832474 1 1 0.0334332216356655 0.0343854907182664 0.0427614216746018 0.0617500883766162 0.0370297665650322 0.064980508205327 0.0320443207932758 0.0514052413237718 0.0381363353923911 0.0952927579094358 0.999838987080607 0.101509087879166 0.0337995649195959 0.0522365428416346 0.0571869523224537 0.0313650617550613 0.995798996602828 0.0411996313643482 0.13568776543837 0.0420824423627841 0.999999999998662 0.0481384899554085 0.0279993560683522 0.112208196898691 1 0.0561827136989267
0.0528919524896224 0.999999999999898 1 1 0.999999052666585 0.0213254507240298 0.0383511021737361 0.0284661161074279 0.999860735276325 0.0623404024634819 0.0234893085851494 0.0337347461069296 0.0324692981235183 0.0296791054175649 0.050985953002456 0.0269197999304717 0.0348749749650148 0.0498708092851924 0.0316691399866235 0.0316467242053609 0.0334203343598056 0.0372918456501194 0.0445992490394506 0.0208633287677352 0.0599379128788214 0.0246443935011283 0.0734169480726073 0.0471843871115272 0.0259757906048436 0.0310381985118782
1 1 1 1 1 0.0686579581205629 0.048840911544284 0.0878699617711176 0.0417953781607422 0.0523317328740912 0.0530444115227382 0.0526872459095451 0.0511177466914389 0.0882221993095637 0.0494848252700534 0.0573171128071958 0.0341471244504027 0.0529519309993204 0.0599259007227106 0.0525906914121836 0.0777035131950947 0.0412531673439518 0.0489948870288978 0.0587135652283842 0.0478369386464208 0.0386275585203102 0.0490261171985034 0.123717352821119 0.0738353792619384 0.0521511878754215
0.999999995588665 0.996319227819068 1 1 0.0173268329776733 0.0148504925694093 0.999999999999999 0.0191448227709499 0.0139056894525958 0.0198443416742115 0.0163842147745185 0.0273588268948632 0.0173167459252388 0.0317280909789432 0.0344826515774348 0.0201902930296127 0.0490096350951599 0.0195969885756055 0.0177811536142392 0.0161898434615854 0.0266951468303093 0.0233140272027665 0.0207212445455869 0.0232409123974179 0.01415385724867 0.0215395191550743 0.0267444944047796 0.025193043407055 0.0222364821895059 0.0332414292421253
1 0.999999896777518 1 1 0.0643467304462015 0.0596786368326592 0.0691261387311261 1 0.0605029845464361 1 0.0680607070824101 0.0678503254051043 0.0908407759633441 0.143187153933526 0.0559684122588753 0.0528190849281684 0.0577723962783432 0.0717960734821131 0.0639703527983959 0.0717868791964541 0.0807760420777285 0.0625466611131974 0.999967581323676 0.0990394745037434 0.0992764725373555 0.055255636540527 0.0557704511472009 0.0439313130045322 0.0719914463809779 0.0644231436124133
1 1 1 1 0.0839809657196174 0.161748516404111 0.0857159075503331 0.108763804280809 0.394408292165842 0.275596352047796 0.227813349747104 0.0682309508079826 0.0720578731988687 0.0583251160832337 1 0.163790356083164 0.891580730783525 0.0678889395589113 0.0889883225823048 0.0711100368745806 0.0575017224705695 0.145330400625946 0.175705691493379 0.173103418603513 0.0608631769949988 0.084469128210869 0.20722620120074 0.162919037290663 0.175692327437332 0.153365673011982
0.174016516081004 0.999999999999998 1 1 0.999422498599329 0.0263430145205805 0.999961984632142 0.999963541276128 0.999999999999959 0.999998107029526 0.047662299781252 0.0353814434045991 0.0341796936652411 0.0311625378701759 0.047868159011368 0.0400517066745053 0.0856841300968767 0.0509643909387049 0.0371063130465055 1 0.0317207197375289 0.999999999996991 0.021841122541659 0.0765920501099067 0.0451581480353265 0.0610602676334477 0.0392076953205212 0.0734326609624961 0.0620041723038591 0.999991945160256
1 1 1 1 0.0311761434512372 0.0318928327690783 0.0235882417559402 0.0438178498217007 0.927621671270119 0.0350017081967141 0.0420942207826643 0.0371864416895328 0.0229389455853086 0.0384882947134796 0.0213903959955706 0.0225202061648254 0.0454451633414844 0.035400890859725 0.999999999999914 0.0277957501846606 0.0339930418493778 0.0517132621534738 0.02835937478672 0.052089460930542 0.999999999995187 0.0318838509074798 0.0206820057489109 0.0237900996447498 0.0420785030895476 0.0277767735703067
1 1 1 1 0.0525176289156627 0.0504688656908583 0.0521032300977039 0.0547981078728066 0.0676226682321279 0.0349038066034421 0.0651550366733046 0.0838863045427956 0.0792063362143535 0.128191464603925 0.999999981509882 0.13927114083651 0.131521149072831 0.0507343627269449 0.999999999999996 0.0433833635204093 1 0.0726696785190563 1 0.077865383832968 0.0869758478584962 0.0931284724108555 0.0805995146382782 0.109886433676174 0.130300860789482 0.0533408645954827
0.999250369350356 0.999999999928028 1 1 0.0227756714534301 0.999800992672181 0.0265623109255289 0.0196483380670134 1 0.0323502100279295 0.0224848100603332 0.84865022525973 0.0235390041734659 0.0375511477820399 0.0256898634249552 0.0295247612021302 0.999997005297135 0.433971240347255 0.0209176593800565 0.0223469114649767 0.0220569196717603 0.579701890498134 0.0250729700062718 0.946553615552458 0.0212025127935934 0.0432602181953069 0.0299622436702051 0.0170969904937571 0.0270805719275932 0.0361696118546765
0.0293172753799141 0.0606965419096255 1 1 0.0416892472113952 0.0161744187043119 0.0159119654111851 0.00879078446493142 0.0132919870268576 0.0463498556876161 0.0153331246891025 0.0138272556329904 0.0129507291487166 0.0177070527051392 0.0206834991355671 0.0108235259957365 0.0130865005289843 0.0221012099341282 0.0284569820176362 0.012086764578068 0.0143559054731091 0.0199453488918738 0.0130902599390947 0.0115448455427833 0.0224498078883595 0.0279383709147284 0.0213431774669453 0.013761272120912 0.0139820156142999 0.013888315727456
0.0642718013173256 1 1 1 0.0268092605175032 0.0754998559404396 0.0374600579242823 0.125491384218087 0.999999153789964 0.0438336338629445 1 0.045719743596929 0.0506589379062489 0.10191888415949 1 1 1 0.0343440800277509 0.0411576463920736 0.0433579200627481 0.140643608376435 0.0348086656258936 0.0347476262738726 0.0506352360898981 0.0293701418377765 0.0442686406961241 0.0248473589270383 0.0639853086786719 0.0826234653624868 0.0225317821313197
0.06756016800605 1 1 1 0.0188615469495589 0.0201960099387237 0.999906301743731 0.0143173472400628 0.0327600240789514 0.0217929088870114 0.9853234407916 0.0165974933526537 0.0117475050213559 0.0225724810293244 1 0.0105212222773503 0.0387292268266912 0.0182920812008688 0.0751225578077582 0.0171006282893995 1 0.0137009564764837 0.0260247446750287 0.00956837601038119 0.0168419871889259 0.0326390894119379 0.020811598277987 0.035888247275163 0.0247786451219653 0.01716996751649
0.929694268516247 1 1 1 0.982537420887712 0.0854605290796647 0.0957819768872386 0.0930923712201536 0.115008399694908 0.110362212783605 0.0996654887392531 0.0956716164379628 0.0920744857919451 0.082171742780433 0.0969185610606393 0.123607791018338 0.999999997881677 0.0842224660627646 0.927066187154807 0.102872617525892 0.881332453133202 0.0834607748331835 0.105545811312087 0.133056324988742 1 0.0936247226873468 0.0833464723677221 0.0940690693759422 0.0940002820135498 0.997434291809321
0.99999999869609 0.999999999150264 1 1 0.0284007984070722 0.01655461101116 0.0271521770297336 0.937780683572459 0.0139912128472569 0.0133430361353964 0.0300206206662929 0.0246785117476327 0.026234066886287 0.0205251149867176 0.065414712320921 0.0230769185438124 0.0158195482320818 0.0457565822343329 0.0368483732714634 0.0264782787009151 0.0134199818877825 0.0218594500881 0.0172016041486961 0.0264732104990775 0.0498942563782065 0.0268695409868507 0.0150559431862125 0.0223073514873027 0.0380750124018111 0.0425107752086783
0.0828649190834517 0.999999974226033 1 1 0.0128618102381528 0.0105719369980309 0.0156357024560114 0.0115364787439228 0.00930215970392922 0.0211953318173863 0.0243981933114534 0.0130260984569316 0.0121852023211121 0.0444056694167059 0.0117645604269427 0.0151074868782127 0.0139755902307432 0.010624855817273 0.0678612978898991 0.0202076734834047 0.0680092909953524 0.0131932268588547 0.0349797382122473 0.0119519822231043 0.0179612340915969 0.0118564006222956 0.0199626763550826 0.0257815430109417 0.0166032552076301 0.00951508096412301
0.0264156670722133 0.999999999999516 1 1 0.00999310089357519 0.0114660129038354 0.0165864904689711 0.0164499766279409 0.0121716718870664 0.0509065320653398 0.00985126598574226 0.0355417236627352 0.0141341920492229 0.0197192004437353 0.0112163434199776 0.0152597113930444 0.0205887583290348 0.0149314244661347 0.0145026548996217 0.0168868626751475 0.0136934067711427 0.0184656425381849 0.011179299269076 0.0295303195029051 0.0113755199985432 0.0146797380283672 0.0255548796519139 0.0144049315403593 0.019556268460767 0.0146098429799107
0.999999999999979 1 1 1 0.0352059532829657 0.038603427333915 0.0355887749461024 0.0322312547570058 0.893630754416242 0.999994646535233 0.0492897897012337 0.0423007995517757 0.0316057272072747 0.0209647557173527 0.0386413311089501 1 0.0338082066647304 0.0241392623875301 0.0440427368425895 0.0333713626011163 0.0316014127992524 0.0313476247845972 0.0252170837505865 0.0212150875403204 0.0308317321023417 0.999999993386498 0.0434001531209994 0.0344256892581433 0.0371139271009379 0.0287840904126232
0.0298401592579812 0.999999999344753 1 1 0.032383660670829 0.0328910824826335 0.0274997759828147 0.0376788030931233 0.0431617964764037 0.0440473147253525 0.0230563760396877 0.0430096785375786 0.999999998682221 0.0302073371130585 0.020817518810031 0.0287658328353273 0.0284746640194183 0.0341148306570465 0.0216194952977474 0.0273809184576216 0.0220769102102238 0.0427191219346393 0.0194645656375756 0.0235344311162042 0.025253994813666 0.0339858663288569 0.0223296819980727 0.996224733187208 0.0252827067168557 0.0318563563783809
0.999999999525814 0.999999841354041 1 1 0.0264898392846236 0.0363562190441604 0.0414262199604005 0.999525676739126 0.0313304171200036 0.058470146362983 0.0256464046645767 0.0263314772205907 0.999999999844499 0.0417424991212654 0.028554843284235 0.0383690697491915 0.0354147916219937 0.0886171908242982 0.0282769210129507 0.0331585123669266 0.0283784684561593 0.0432220385794926 0.0448433472909356 0.999402039042495 0.0364450449952541 0.0336556938897802 0.0218997979182266 1 0.0428904069090207 0.0268714904441282
1 1 1 1 0.0742405562119539 0.0849063861032663 0.999999998394493 0.0640553751788141 0.079451098554742 0.0990776308975714 0.979302236699434 0.072510677159882 0.116228112581823 0.91881204746653 0.0571064641269159 0.119829199777443 0.115160892283695 0.0825345061339463 0.0872519248958077 0.106178206173431 0.0645362603430971 0.0787981222047883 0.999996490351005 0.0624803985270691 0.0853300811628965 0.0929804026695285 0.0653360359670984 0.0874923066195081 0.970081907048307 0.0876576603679136
0.999999557705912 1 1 1 0.0317663346892935 0.0588649595362832 0.069767053095337 0.0603094397616288 0.0576012498647525 0.999998996642038 0.786602355002661 0.0557862008927724 0.0607292046558547 0.0413599101928754 1 0.0731407739177473 0.0368302117421474 0.0304186141684816 0.0556466181231036 0.055852172918709 0.123608751518726 0.860018759779824 0.0528416567251139 0.0493098402506293 0.0552572950646553 0.0648282841629975 0.0634459838408197 0.999571892601283 0.0400014673066648 0.999999999885913
