[1] "Average PIPs: "
 [1] 0.42009400 0.87163058 0.98964720 1.00000000 0.08677807 0.10177941
 [7] 0.10055446 0.07877645 0.08987757 0.10116038 0.07338734 0.07965041
[13] 0.05678854 0.08074222 0.10404389 0.08012541 0.07979736 0.08860303
[19] 0.07820719 0.05445023 0.09937071 0.07100922 0.07803675 0.08863958
[25] 0.09915588 0.08212924 0.10782379 0.07942685 0.06631224 0.07111503
[1] "Percent of time PIP >= 0.1: "
 [1] 0.47668394 0.89119171 0.98963731 1.00000000 0.10362694 0.11917098
 [7] 0.11398964 0.08290155 0.11398964 0.10880829 0.07772021 0.08290155
[13] 0.06735751 0.07772021 0.11398964 0.08808290 0.09326425 0.10362694
[19] 0.08808290 0.06217617 0.11398964 0.08290155 0.07772021 0.09844560
[25] 0.10880829 0.08290155 0.11917098 0.08290155 0.07253886 0.09326425
[1] "Percent of time PIP >= 0.5: "
 [1] 0.40932642 0.86528497 0.98963731 1.00000000 0.07772021 0.08808290
 [7] 0.09326425 0.06735751 0.07772021 0.08808290 0.06217617 0.06735751
[13] 0.04663212 0.07253886 0.09326425 0.07253886 0.07253886 0.07772021
[19] 0.06735751 0.04145078 0.08808290 0.06217617 0.06735751 0.07772021
[25] 0.08808290 0.07253886 0.09844560 0.07253886 0.05699482 0.05699482
[1] "Percent of time PIP >= 0.9: "
 [1] 0.38341969 0.86528497 0.98963731 1.00000000 0.06735751 0.08808290
 [7] 0.08290155 0.06735751 0.07772021 0.08808290 0.06217617 0.06735751
[13] 0.04663212 0.06735751 0.09326425 0.06735751 0.05699482 0.07253886
[19] 0.06217617 0.04145078 0.07772021 0.05699482 0.06735751 0.07772021
[25] 0.08808290 0.07253886 0.09326425 0.06217617 0.05181347 0.05699482
