[1] "Average Estimates for Betas: "
 [1]  0.056098521  0.103894515  0.208413957  0.305985464  0.010445852
 [6]  0.008100406  0.003915195  0.007657968  0.010997257  0.012932791
[11]  0.015843862  0.012473126  0.002748245  0.012684329  0.006873522
[16]  0.005797141  0.003057454  0.006170106  0.009409853  0.002391385
[21]  0.008267332  0.007914444  0.010404249 -0.001711094  0.016002779
[26]  0.007018988  0.002059074  0.007394543  0.003068001  0.008749178
[1] "Standard Deviations of Betas: "
 [1] 0.06749359 0.05965782 0.07340081 0.06792678 0.06271028 0.07410461
 [7] 0.05747215 0.07151484 0.06938468 0.06659293 0.06737314 0.06815150
[13] 0.06401085 0.07084605 0.06220975 0.06654993 0.07136283 0.07014781
[19] 0.06146150 0.06435599 0.06948138 0.07042932 0.06264194 0.06486318
[25] 0.07174473 0.07546438 0.06556578 0.07687721 0.06229953 0.07071105
[1] "Average StdErrors for Betas: "
 [1] 0.02519082 0.02437128 0.02465293 0.02482970 0.02512407 0.02482426
 [7] 0.02498076 0.02461698 0.02461917 0.02486040 0.02499988 0.02550260
[13] 0.02457506 0.02515347 0.02507928 0.02483097 0.02512586 0.02457605
[19] 0.02457477 0.02468944 0.02407840 0.02432156 0.02482951 0.02521624
[25] 0.02475111 0.02548422 0.02483387 0.02473670 0.02457793 0.02536516
[1] "Positive rate for exposures: "
 [1] 0.5906736 0.8393782 0.9792746 0.9948187 0.4041451 0.4145078 0.3782383
 [8] 0.4300518 0.4041451 0.4559585 0.3834197 0.4248705 0.4145078 0.3989637
[15] 0.3989637 0.4145078 0.4507772 0.4352332 0.4145078 0.3471503 0.4507772
[22] 0.4041451 0.3471503 0.4196891 0.4196891 0.3937824 0.3937824 0.4300518
[29] 0.3626943 0.4145078
[1] "Bonferroni-corrected positive rate for exposures: "
 [1] 0.4041451 0.6632124 0.9585492 0.9896373 0.1761658 0.2279793 0.1761658
 [8] 0.2383420 0.2487047 0.2020725 0.2435233 0.2279793 0.2124352 0.2227979
[15] 0.1865285 0.2227979 0.2227979 0.2694301 0.1917098 0.1968912 0.2538860
[22] 0.2694301 0.2020725 0.2020725 0.2435233 0.2124352 0.2072539 0.2383420
[29] 0.1865285 0.2279793
