[1] "Average Estimates for Betas: "
 [1] 0.07100877 0.11907525 0.22655478 0.32328366 0.02867984 0.02377083
 [7] 0.02273498 0.01938231 0.02498292 0.02680518 0.03207671 0.02998891
[13] 0.01780860 0.02993366 0.02746405 0.02224105 0.01705320 0.02236718
[19] 0.03078641 0.01605988 0.02214537 0.02154992 0.02758033 0.02048598
[25] 0.03226129 0.01882249 0.02125223 0.02277508 0.02141906 0.02477000
[1] "Standard Deviations of Betas: "
 [1] 0.07046002 0.06622426 0.07579984 0.07277734 0.06550495 0.07237987
 [7] 0.07443976 0.07378504 0.07692579 0.06999954 0.07090140 0.06680568
[13] 0.06907833 0.07080635 0.07159713 0.07238757 0.07164840 0.07350942
[19] 0.06381939 0.06800450 0.07232566 0.07303526 0.06630838 0.06999653
[25] 0.07659742 0.07989910 0.06984638 0.07574160 0.06699198 0.07579936
[1] "Average StdErrors for Betas: "
 [1] 0.06411435 0.06184391 0.06244782 0.06298877 0.06374283 0.06276394
 [7] 0.06275114 0.06250831 0.06259160 0.06316273 0.06301294 0.06453453
[13] 0.06254914 0.06382998 0.06343692 0.06277836 0.06391721 0.06235089
[19] 0.06206058 0.06291260 0.06133784 0.06185619 0.06305686 0.06367366
[25] 0.06294756 0.06460872 0.06244079 0.06273394 0.06227859 0.06395539
[1] "Positive rate for exposures: "
 [1] 0.23834197 0.47668394 0.92227979 0.98445596 0.09326425 0.09326425
 [7] 0.07772021 0.09844560 0.13471503 0.12435233 0.09844560 0.10880829
[13] 0.08808290 0.10880829 0.08290155 0.10880829 0.07772021 0.11917098
[19] 0.07253886 0.07772021 0.10880829 0.11917098 0.08808290 0.06735751
[25] 0.12953368 0.08808290 0.08808290 0.08808290 0.08290155 0.11398964
[1] "Bonferroni-corrected positive rate for exposures: "
 [1] 0.036269430 0.176165803 0.673575130 0.937823834 0.015544041 0.010362694
 [7] 0.010362694 0.015544041 0.015544041 0.015544041 0.005181347 0.010362694
[13] 0.005181347 0.015544041 0.015544041 0.010362694 0.010362694 0.005181347
[19] 0.010362694 0.010362694 0.025906736 0.005181347 0.010362694 0.010362694
[25] 0.031088083 0.036269430 0.005181347 0.015544041 0.020725389 0.031088083
