[1] "Average PIPs: "
 [1] 0.76765106 0.98748266 0.99529965 1.00000000 0.23468372 0.24817192
 [7] 0.20027002 0.19422331 0.19280631 0.18857755 0.19753621 0.12017347
[13] 0.12073656 0.12186222 0.17362667 0.12108451 0.12270807 0.10539317
[19] 0.11835941 0.10788708 0.16610473 0.10400392 0.11092230 0.10618746
[25] 0.09678581 0.07899648 0.10716508 0.11458332 0.09002092 0.11943730
[1] "Percent of time PIP >= 0.1: "
 [1] 0.81347150 0.98963731 0.99481865 1.00000000 0.23316062 0.23316062
 [7] 0.20725389 0.20725389 0.18134715 0.17616580 0.19170984 0.11398964
[13] 0.12953368 0.12435233 0.15544041 0.12435233 0.10880829 0.10362694
[19] 0.13471503 0.10362694 0.18652850 0.11917098 0.10362694 0.10362694
[25] 0.09326425 0.08808290 0.11917098 0.13989637 0.09844560 0.11917098
[1] "Percent of time PIP >= 0.5: "
 [1] 0.76165803 0.98963731 0.99481865 1.00000000 0.20725389 0.22279793
 [7] 0.17098446 0.16062176 0.16580311 0.15544041 0.17616580 0.08808290
[13] 0.08808290 0.09326425 0.14507772 0.08808290 0.08808290 0.06735751
[19] 0.08290155 0.07253886 0.13471503 0.06735751 0.07772021 0.07253886
[25] 0.06735751 0.04145078 0.07772021 0.07772021 0.05699482 0.08290155
[1] "Percent of time PIP >= 0.9: "
 [1] 0.71502591 0.97409326 0.99481865 1.00000000 0.19689119 0.21243523
 [7] 0.17098446 0.14507772 0.14507772 0.15544041 0.15544041 0.07772021
[13] 0.08290155 0.08290155 0.13989637 0.08290155 0.08808290 0.06735751
[19] 0.07253886 0.07253886 0.12435233 0.05699482 0.07253886 0.07253886
[25] 0.05181347 0.03626943 0.06217617 0.07253886 0.04663212 0.07772021
