[1] "Average Estimates for Betas: "
 [1]  4.878172e-02  9.752107e-02  2.042734e-01  3.006312e-01  3.584758e-03
 [6]  1.661253e-03  7.237997e-05  3.011452e-03  3.911514e-03  7.026178e-03
[11]  9.017822e-03  9.721270e-03 -1.920567e-03  6.974771e-03  2.759455e-03
[16]  2.767059e-03 -3.421446e-03  2.823455e-03  6.228124e-03 -1.902722e-03
[21]  2.632882e-03  1.523238e-03  5.149883e-03 -2.990306e-03  1.127133e-02
[26]  2.463206e-03 -8.885090e-04  2.712141e-03  1.594331e-03  1.609209e-03
[1] "Standard Deviations of Betas: "
 [1] 0.06154804 0.05972397 0.06956031 0.06415286 0.06144378 0.06859574
 [7] 0.05702694 0.06760342 0.06293683 0.06099967 0.06364223 0.06219951
[13] 0.06074018 0.06735744 0.05659086 0.05918233 0.06714894 0.06749216
[19] 0.05493837 0.05918670 0.06622543 0.06802590 0.05988805 0.05838870
[25] 0.06861471 0.06989552 0.06140680 0.07009329 0.05748990 0.06661233
[1] "Average StdErrors for Betas: "
 [1] 0.02306521 0.02238909 0.02260853 0.02274967 0.02301336 0.02248716
 [7] 0.02240334 0.02266634 0.02269962 0.02290686 0.02284745 0.02316663
[13] 0.02268473 0.02319448 0.02278973 0.02275393 0.02311787 0.02259446
[19] 0.02239475 0.02269279 0.02221606 0.02241841 0.02265031 0.02288095
[25] 0.02275282 0.02323224 0.02265034 0.02271075 0.02262894 0.02314918
[1] "Positive rate for exposures: "
 [1] 0.5440415 0.8341969 0.9844560 0.9948187 0.4404145 0.3886010 0.3886010
 [8] 0.4041451 0.4248705 0.4507772 0.3937824 0.4093264 0.4145078 0.3937824
[15] 0.3471503 0.4093264 0.4041451 0.4145078 0.3989637 0.3419689 0.4663212
[22] 0.4352332 0.3886010 0.4196891 0.4145078 0.3730570 0.4455959 0.4404145
[29] 0.3886010 0.3886010
[1] "Bonferroni-corrected positive rate for exposures: "
 [1] 0.3626943 0.7046632 0.9740933 0.9844560 0.2331606 0.2227979 0.1917098
 [8] 0.2383420 0.2176166 0.2176166 0.2020725 0.1968912 0.2124352 0.2383420
[15] 0.1761658 0.2331606 0.2072539 0.2746114 0.1709845 0.1865285 0.2279793
[22] 0.2487047 0.2279793 0.1968912 0.2331606 0.2072539 0.2227979 0.2331606
[29] 0.1813472 0.2227979
