[1] "Average Estimates for Betas: "
 [1]  0.0480392064  0.0965264735  0.2029743941  0.2996613605  0.0026466684
 [6]  0.0014078064 -0.0008832077  0.0030631434  0.0022019667  0.0067806188
[11]  0.0078709078  0.0079459168 -0.0021854897  0.0061231350  0.0021995659
[16]  0.0019389956 -0.0050645424  0.0023847989  0.0050629713 -0.0032661006
[21]  0.0015488305  0.0007768570  0.0034434401 -0.0036260967  0.0095017943
[26]  0.0019271007 -0.0020020588  0.0023567764  0.0010042883  0.0008366404
[1] "Standard Deviations of Betas: "
 [1] 0.06213249 0.05872805 0.07139391 0.06452460 0.06177027 0.07026906
 [7] 0.05697512 0.06666529 0.06341178 0.06091864 0.06432779 0.06334251
[13] 0.06088937 0.06879236 0.05645522 0.05907265 0.06808260 0.06776690
[19] 0.05695229 0.06081127 0.06557069 0.06835456 0.05986974 0.05865945
[25] 0.06814467 0.07027198 0.06115252 0.07152223 0.05863261 0.06598793
[1] "Average StdErrors for Betas: "
 [1] 0.06239571 0.06036256 0.06117779 0.06153643 0.06222927 0.06079865
 [7] 0.06072876 0.06113226 0.06149140 0.06194896 0.06153089 0.06256588
[13] 0.06126481 0.06268768 0.06182620 0.06131988 0.06254469 0.06111047
[19] 0.06068250 0.06150497 0.06008361 0.06051668 0.06148571 0.06185756
[25] 0.06156791 0.06280377 0.06106686 0.06122440 0.06102368 0.06228736
[1] "Positive rate for exposures: "
 [1] 0.12435233 0.35751295 0.88601036 0.98445596 0.06735751 0.08290155
 [7] 0.04145078 0.06217617 0.05181347 0.06735751 0.07772021 0.05699482
[13] 0.04145078 0.06735751 0.05699482 0.05181347 0.05699482 0.10362694
[19] 0.03626943 0.06735751 0.07253886 0.10362694 0.06217617 0.05699482
[25] 0.06735751 0.05181347 0.05181347 0.07772021 0.03108808 0.06735751
[1] "Bonferroni-corrected positive rate for exposures: "
 [1] 0.015544041 0.088082902 0.580310881 0.927461140 0.000000000 0.010362694
 [7] 0.000000000 0.010362694 0.000000000 0.005181347 0.015544041 0.005181347
[13] 0.005181347 0.010362694 0.000000000 0.000000000 0.010362694 0.000000000
[19] 0.000000000 0.005181347 0.020725389 0.010362694 0.000000000 0.005181347
[25] 0.015544041 0.015544041 0.000000000 0.015544041 0.000000000 0.020725389
