[1] "Average Estimates for Betas: "
 [1] 0.07552517 0.12379928 0.22254522 0.32585925 0.02340507 0.02514006
 [7] 0.02215704 0.02363593 0.02353671 0.02521443 0.02374255 0.02447556
[13] 0.02202047 0.02321948 0.02747213 0.02091576 0.02304525 0.02054757
[19] 0.02592787 0.02284408 0.02320951 0.02588422 0.02422011 0.02452429
[25] 0.02301244 0.02236619 0.02419392 0.02357700 0.02116282 0.02821549
[1] "Standard Deviations of Betas: "
 [1] 0.03773464 0.03461547 0.03848351 0.03812916 0.03955845 0.03481603
 [7] 0.03421961 0.03755300 0.03813343 0.03671116 0.03353581 0.03717978
[13] 0.03565115 0.03132955 0.04822322 0.03165783 0.03921121 0.03228556
[19] 0.03336366 0.03115619 0.03433733 0.03975670 0.03567005 0.03651510
[25] 0.03316708 0.04133821 0.03342776 0.02849335 0.03664176 0.04742364
[1] "Average StdErrors for Betas: "
 [1] 0.03646721 0.03629570 0.03637134 0.03626652 0.03821729 0.03626426
 [7] 0.03501429 0.03731569 0.03598141 0.03591703 0.03643045 0.03812569
[13] 0.03728462 0.03575166 0.03532725 0.03530804 0.03672388 0.03482136
[19] 0.03601089 0.03504030 0.03571212 0.03534551 0.03653084 0.03597340
[25] 0.03567088 0.03799157 0.03491761 0.03555141 0.03553308 0.03589919
[1] "Positive rate for exposures: "
 [1] 0.58152174 0.92934783 0.99456522 1.00000000 0.07065217 0.08152174
 [7] 0.06521739 0.06521739 0.08152174 0.07608696 0.04347826 0.05434783
[13] 0.05434783 0.05434783 0.07065217 0.04347826 0.07608696 0.03804348
[19] 0.06521739 0.04347826 0.07065217 0.05434783 0.05434783 0.10326087
[25] 0.07065217 0.03804348 0.07608696 0.03804348 0.07065217 0.08152174
[1] "Bonferroni-corrected positive rate for exposures: "
 [1] 0.163043478 0.657608696 0.956521739 1.000000000 0.010869565 0.005434783
 [7] 0.000000000 0.000000000 0.005434783 0.016304348 0.000000000 0.000000000
[13] 0.005434783 0.000000000 0.005434783 0.000000000 0.000000000 0.000000000
[19] 0.005434783 0.000000000 0.000000000 0.000000000 0.000000000 0.005434783
[25] 0.000000000 0.000000000 0.005434783 0.000000000 0.000000000 0.000000000
