[1] "Average Estimates for Betas: "
 [1] 0.07268755 0.11984753 0.22603200 0.32200485 0.02767932 0.02433176
 [7] 0.02160787 0.02202756 0.02458806 0.02888821 0.03011060 0.03253262
[13] 0.01891462 0.02931048 0.02582985 0.02410310 0.01741546 0.02386827
[19] 0.02968332 0.01925837 0.02461261 0.02243814 0.02553903 0.02307365
[25] 0.03217571 0.02235003 0.02156344 0.02436998 0.02235563 0.02590057
[1] "Standard Deviations of Betas: "
 [1] 0.06468980 0.06384178 0.07299281 0.06868522 0.06282040 0.07090124
 [7] 0.06125817 0.07031673 0.07231078 0.06630774 0.06828648 0.06550753
[13] 0.06687562 0.07082303 0.06516998 0.06476236 0.07179478 0.07059790
[19] 0.06018270 0.06412984 0.06938310 0.07140669 0.06505860 0.06665714
[25] 0.07151400 0.07409696 0.06580956 0.07076611 0.06496193 0.07134351
[1] "Average StdErrors for Betas: "
 [1] 0.02278774 0.02215030 0.02233103 0.02249357 0.02277672 0.02223144
 [7] 0.02217983 0.02244707 0.02242319 0.02262203 0.02259411 0.02292389
[13] 0.02242542 0.02293639 0.02248597 0.02247302 0.02285072 0.02236595
[19] 0.02211308 0.02246173 0.02200247 0.02218754 0.02243718 0.02255402
[25] 0.02252729 0.02298324 0.02237646 0.02247826 0.02241882 0.02284825
[1] "Positive rate for exposures: "
 [1] 0.6580311 0.9015544 0.9948187 0.9948187 0.4611399 0.4818653 0.5077720
 [8] 0.4507772 0.5077720 0.5181347 0.5181347 0.5233161 0.5025907 0.5129534
[15] 0.4663212 0.4870466 0.5077720 0.5284974 0.5025907 0.4145078 0.5492228
[22] 0.5077720 0.4922280 0.5129534 0.5388601 0.4145078 0.5233161 0.5025907
[29] 0.4818653 0.5284974
[1] "Bonferroni-corrected positive rate for exposures: "
 [1] 0.4974093 0.7823834 0.9948187 0.9948187 0.2849741 0.2746114 0.2487047
 [8] 0.3056995 0.2953368 0.2901554 0.3108808 0.3005181 0.2797927 0.2953368
[15] 0.2279793 0.3108808 0.2590674 0.3367876 0.2849741 0.2797927 0.3264249
[22] 0.2953368 0.2901554 0.2694301 0.3160622 0.2538860 0.2901554 0.2849741
[29] 0.2746114 0.3005181
