[1] "Average Estimates for Betas: "
  [1]  6.105710e-02  1.028756e-01  2.028125e-01  2.963601e-01 -5.833839e-03
  [6]  6.367341e-04  4.949263e-03  2.977660e-03  4.845084e-03 -6.733438e-04
 [11]  8.467903e-04 -1.578720e-03 -1.170628e-03 -8.386946e-03 -3.239591e-03
 [16]  3.562138e-03  5.685070e-03  4.535276e-04  8.380983e-03 -6.619660e-03
 [21] -1.440675e-03 -3.757777e-03 -6.910772e-03 -3.043684e-04 -9.985046e-04
 [26] -1.533753e-03 -6.982644e-04 -7.754798e-04  2.840396e-03 -6.657713e-03
 [31]  4.792738e-03  5.089714e-03 -2.160056e-03  6.397968e-03 -1.603673e-03
 [36]  1.040052e-03 -3.809102e-03 -1.517689e-02 -1.714910e-03  1.772043e-04
 [41]  6.153757e-03  5.921025e-04 -5.993764e-03 -3.800253e-03 -3.821292e-03
 [46]  3.729257e-03 -3.007718e-03 -2.997345e-03  1.179506e-03  8.328679e-03
 [51]  1.315660e-03  2.449880e-03 -6.705114e-03 -4.034447e-03 -7.518219e-03
 [56] -1.629383e-04  6.918216e-03 -4.282092e-03 -5.233760e-04 -1.566324e-03
 [61] -3.822125e-04 -2.746405e-03 -2.880506e-04 -4.414799e-03 -1.123248e-02
 [66] -2.261024e-03  4.809877e-03 -1.480687e-03  8.910650e-04  5.573717e-03
 [71] -1.329415e-03  1.029333e-03 -4.471857e-03  2.450185e-03 -6.611778e-05
 [76]  1.437805e-04  7.720885e-03  3.980665e-03  2.198858e-03 -9.068678e-03
 [81] -5.573803e-04  4.304206e-03 -3.834444e-03 -5.450117e-03  6.722186e-03
 [86]  8.569484e-04  1.795333e-04 -5.301278e-03  1.672821e-03  7.002723e-03
 [91]  7.132870e-03  3.060235e-03 -6.735674e-03 -1.149863e-02  2.464466e-03
 [96]  4.529380e-03  6.441252e-03 -4.860040e-03  3.984695e-03 -1.507723e-04
[101] -2.208236e-03  4.944216e-04  1.917649e-03  9.189723e-03  9.470299e-03
[106]  1.808363e-03  3.386623e-03  4.441820e-03  4.382381e-03 -4.300196e-03
[111] -2.814720e-03 -7.147884e-04  4.512431e-03  1.548168e-03 -9.204948e-04
[116]  3.949639e-03  8.377513e-03  1.255765e-03  8.177591e-03  7.623310e-03
[121]  4.911717e-03  2.927466e-03 -1.437567e-03  3.549027e-03  2.702803e-04
[126]  3.702397e-03 -1.327351e-03 -1.452411e-03  5.772411e-03 -2.124935e-03
[131]  3.621546e-03  1.843537e-03  7.598578e-03  2.413832e-03 -9.081613e-03
[136] -1.616307e-03 -1.216188e-03 -5.262226e-04 -3.579578e-03 -3.152231e-03
[141]  4.286052e-03  2.694692e-03 -1.127410e-03  1.374465e-02 -7.508888e-03
[146] -1.590467e-03  5.593419e-03 -6.827820e-03 -8.187887e-04 -5.632895e-03
[151]  4.169670e-03  1.751587e-03 -2.170864e-03  4.613199e-03 -5.782801e-04
[156]  4.370041e-03  8.387054e-04 -4.889480e-03  2.061955e-03 -1.795774e-03
[161]  1.584227e-03  4.814594e-03  3.437824e-03  2.731047e-03  1.889992e-04
[166] -1.828052e-03 -3.560949e-03  8.508286e-03 -7.244382e-03  3.147485e-04
[171]  5.514568e-03 -4.910955e-03 -3.250730e-03  7.017393e-03  4.960787e-03
[176]  7.211177e-03 -1.015464e-02  1.384973e-03 -1.328182e-03  3.493389e-03
[181]  5.370098e-03 -1.039864e-02 -5.074336e-03 -6.004121e-03 -9.300811e-03
[186]  5.705758e-03 -3.821807e-03  2.486656e-03 -6.503942e-03 -8.734437e-03
[191]  1.019895e-03 -5.235374e-03 -1.565341e-04  4.792985e-03  2.856274e-03
[196]  2.578784e-03  1.110337e-02 -1.467787e-04  6.409673e-03  4.193105e-03
[1] "Standard Deviations of Betas: "
  [1] 0.07301917 0.06414840 0.07068439 0.06656880 0.05829446 0.06889825
  [7] 0.05672069 0.05963200 0.07107380 0.06832527 0.05642138 0.05902740
 [13] 0.07020982 0.07544482 0.06151579 0.05737942 0.06662602 0.06907551
 [19] 0.06559700 0.06486569 0.06199444 0.06651082 0.07067560 0.06980125
 [25] 0.06744374 0.07401625 0.06630928 0.06147638 0.06489985 0.06133985
 [31] 0.06410103 0.06925436 0.06815843 0.06318834 0.06301734 0.06656716
 [37] 0.05649250 0.06263156 0.05671654 0.05705905 0.06642305 0.06614945
 [43] 0.05864355 0.06949421 0.05901845 0.06838729 0.05661600 0.06809460
 [49] 0.06529825 0.06983089 0.07105571 0.07111127 0.07093243 0.06509831
 [55] 0.07348036 0.06409247 0.06586215 0.06272229 0.06786220 0.06279946
 [61] 0.06697499 0.06692949 0.06715694 0.07643840 0.05964989 0.07110386
 [67] 0.07667042 0.05892563 0.06051468 0.06833108 0.06007022 0.06878558
 [73] 0.07179771 0.05933760 0.06481302 0.06278380 0.06146439 0.05937630
 [79] 0.06695508 0.06115651 0.06152898 0.05910944 0.06775794 0.07102935
 [85] 0.07000152 0.05893138 0.06601585 0.06965558 0.06387329 0.08796551
 [91] 0.06781697 0.06528691 0.06442967 0.07424510 0.06276480 0.06867976
 [97] 0.07287244 0.05815149 0.06103918 0.06011170 0.06945812 0.06445863
[103] 0.06850345 0.06362890 0.05711451 0.06541587 0.06128749 0.07355037
[109] 0.06931940 0.06910290 0.06654049 0.06448886 0.06646476 0.06171613
[115] 0.06075121 0.07118955 0.07098863 0.06338592 0.07298815 0.06374955
[121] 0.06333959 0.06621710 0.06428800 0.06259484 0.06958884 0.06376995
[127] 0.06480768 0.06133125 0.07168014 0.06933004 0.06539290 0.06525066
[133] 0.06094413 0.06534282 0.06788545 0.05416859 0.06526254 0.07444587
[139] 0.06994099 0.08113700 0.06450077 0.06594328 0.06270268 0.06331881
[145] 0.06925244 0.06691967 0.07192178 0.05892258 0.07181338 0.06585252
[151] 0.06863936 0.06624939 0.05686890 0.07141849 0.06093010 0.06799598
[157] 0.05863322 0.05967103 0.06223449 0.06224845 0.06640957 0.06258797
[163] 0.06233116 0.05834824 0.05868578 0.06638511 0.06616093 0.06705113
[169] 0.06946003 0.06171279 0.06814664 0.06258024 0.07731072 0.06691097
[175] 0.06680992 0.06553914 0.06626418 0.06196846 0.06570064 0.07325189
[181] 0.06120939 0.06614951 0.06353148 0.07005806 0.06404562 0.07231460
[187] 0.06587176 0.05682589 0.06340201 0.06547749 0.05973432 0.06479919
[193] 0.07155225 0.06847281 0.06937106 0.06443677 0.06357603 0.05799730
[199] 0.06692137 0.06881929
[1] "Average StdErrors for Betas: "
  [1] 0.02725818 0.02653233 0.02734584 0.02658476 0.02701004 0.02751060
  [7] 0.02578659 0.02642266 0.02764894 0.02640045 0.02597669 0.02660916
 [13] 0.02668153 0.02715747 0.02656338 0.02632018 0.02690624 0.02682298
 [19] 0.02659172 0.02633230 0.02723420 0.02714609 0.02700208 0.02641263
 [25] 0.02736584 0.02684959 0.02678391 0.02703725 0.02674540 0.02593887
 [31] 0.02719819 0.02718473 0.02736990 0.02594324 0.02758173 0.02684236
 [37] 0.02661180 0.02714809 0.02590563 0.02662755 0.02691295 0.02750205
 [43] 0.02716844 0.02590573 0.02654067 0.02704299 0.02582959 0.02651936
 [49] 0.02710903 0.02720042 0.02720635 0.02671326 0.02707773 0.02665675
 [55] 0.02798253 0.02668807 0.02596254 0.02714239 0.02691044 0.02648900
 [61] 0.02705494 0.02680135 0.02783872 0.02681251 0.02719082 0.02776926
 [67] 0.02630782 0.02621755 0.02777895 0.02639006 0.02671978 0.02701518
 [73] 0.02652099 0.02632704 0.02670923 0.02642464 0.02701847 0.02750175
 [79] 0.02670062 0.02620519 0.02670605 0.02610246 0.02722820 0.02733258
 [85] 0.02685252 0.02705927 0.02595064 0.02755735 0.02729961 0.02653841
 [91] 0.02738417 0.02717066 0.02595156 0.02741345 0.02660451 0.02694972
 [97] 0.02686319 0.02643506 0.02711841 0.02624887 0.02705196 0.02666001
[103] 0.02657023 0.02746061 0.02632016 0.02721388 0.02668359 0.02731928
[109] 0.02724920 0.02650402 0.02783765 0.02688012 0.02638598 0.02681509
[115] 0.02626351 0.02796093 0.02694638 0.02651946 0.02720122 0.02670690
[121] 0.02662427 0.02708261 0.02705723 0.02764070 0.02669216 0.02712259
[127] 0.02708656 0.02677871 0.02751272 0.02564883 0.02690360 0.02698225
[133] 0.02635287 0.02658392 0.02617784 0.02579440 0.02651872 0.02618177
[139] 0.02656493 0.02759037 0.02672571 0.02662939 0.02663367 0.02772311
[145] 0.02777761 0.02677569 0.02687086 0.02600517 0.02723781 0.02627421
[151] 0.02690834 0.02679969 0.02654310 0.02643951 0.02637647 0.02661866
[157] 0.02654543 0.02660884 0.02741307 0.02648517 0.02737808 0.02651735
[163] 0.02703152 0.02636440 0.02557984 0.02730929 0.02649421 0.02663831
[169] 0.02654152 0.02685792 0.02697028 0.02669282 0.02623978 0.02727322
[175] 0.02726994 0.02664688 0.02602535 0.02609578 0.02721637 0.02759704
[181] 0.02716679 0.02783869 0.02683013 0.02658843 0.02724813 0.02708122
[187] 0.02682090 0.02612233 0.02688152 0.02827757 0.02657429 0.02733838
[193] 0.02723462 0.02875028 0.02645268 0.02676210 0.02712372 0.02649230
[199] 0.02758904 0.02639747
[1] "Positive rate for exposures: "
  [1] 0.5465116 0.8139535 0.9709302 1.0000000 0.2732558 0.4302326 0.2790698
  [8] 0.3546512 0.3779070 0.3662791 0.3662791 0.3488372 0.3372093 0.3720930
 [15] 0.4011628 0.3546512 0.3720930 0.3720930 0.4360465 0.3953488 0.3430233
 [22] 0.3953488 0.4302326 0.3546512 0.3604651 0.4127907 0.3779070 0.3720930
 [29] 0.3139535 0.3895349 0.3430233 0.3546512 0.3953488 0.3720930 0.3139535
 [36] 0.3604651 0.3488372 0.3720930 0.3372093 0.3372093 0.4127907 0.3430233
 [43] 0.3546512 0.3604651 0.3255814 0.3546512 0.3488372 0.4418605 0.3779070
 [50] 0.3895349 0.3953488 0.3837209 0.4127907 0.3953488 0.4069767 0.3953488
 [57] 0.3720930 0.3779070 0.3604651 0.3372093 0.3895349 0.4534884 0.3895349
 [64] 0.3662791 0.3662791 0.4244186 0.3604651 0.3197674 0.3662791 0.3779070
 [71] 0.3953488 0.3837209 0.3953488 0.3430233 0.3837209 0.4069767 0.3662791
 [78] 0.2965116 0.3779070 0.3604651 0.3662791 0.3372093 0.3488372 0.3604651
 [85] 0.3895349 0.3081395 0.3720930 0.3430233 0.3895349 0.3546512 0.3255814
 [92] 0.3488372 0.3779070 0.3720930 0.3313953 0.3604651 0.3837209 0.3255814
 [99] 0.3313953 0.4244186 0.3546512 0.3779070 0.3953488 0.3720930 0.4011628
[106] 0.3895349 0.4011628 0.3604651 0.3720930 0.3604651 0.4011628 0.3895349
[113] 0.3313953 0.4069767 0.3720930 0.4244186 0.3837209 0.3430233 0.3488372
[120] 0.3430233 0.3430233 0.4418605 0.4418605 0.3546512 0.4534884 0.3430233
[127] 0.3720930 0.3430233 0.3313953 0.4244186 0.3488372 0.3662791 0.3488372
[134] 0.3837209 0.4069767 0.3023256 0.3895349 0.3197674 0.4244186 0.3953488
[141] 0.3488372 0.3720930 0.3604651 0.3139535 0.3255814 0.3895349 0.4011628
[148] 0.2965116 0.4127907 0.3895349 0.4127907 0.3430233 0.3372093 0.4127907
[155] 0.3313953 0.4186047 0.3546512 0.3662791 0.3197674 0.3720930 0.3488372
[162] 0.3837209 0.3430233 0.3488372 0.3488372 0.3546512 0.3953488 0.4476744
[169] 0.3779070 0.3604651 0.3779070 0.4011628 0.3837209 0.3662791 0.3662791
[176] 0.2906977 0.3779070 0.3953488 0.3546512 0.3895349 0.3837209 0.2906977
[183] 0.3430233 0.4127907 0.3197674 0.4011628 0.3372093 0.3430233 0.3488372
[190] 0.3895349 0.2906977 0.3953488 0.4186047 0.3837209 0.3546512 0.3430233
[197] 0.3372093 0.3372093 0.4186047 0.4127907
[1] "Q-value positive rate for exposures: "
  [1] 0.4418605 0.7674419 0.9651163 0.9941860 0.2093023 0.3372093 0.2093023
  [8] 0.2616279 0.2906977 0.3023256 0.2674419 0.2325581 0.2500000 0.2034884
 [15] 0.2790698 0.2674419 0.2732558 0.2965116 0.2848837 0.3081395 0.2209302
 [22] 0.2790698 0.3430233 0.2906977 0.2441860 0.2965116 0.2732558 0.2616279
 [29] 0.2209302 0.2790698 0.2500000 0.2558140 0.2965116 0.2441860 0.2209302
 [36] 0.2616279 0.2093023 0.2848837 0.2267442 0.2383721 0.3197674 0.2616279
 [43] 0.2674419 0.2441860 0.2325581 0.2790698 0.2325581 0.2906977 0.2732558
 [50] 0.2500000 0.2732558 0.2674419 0.3197674 0.3197674 0.2848837 0.3023256
 [57] 0.2500000 0.2732558 0.2616279 0.2383721 0.2441860 0.2906977 0.3023256
 [64] 0.2558140 0.2383721 0.3023256 0.2732558 0.2151163 0.2325581 0.2965116
 [71] 0.2674419 0.2441860 0.2558140 0.2151163 0.2906977 0.2674419 0.2383721
 [78] 0.1976744 0.2500000 0.2325581 0.2500000 0.2441860 0.2616279 0.2848837
 [85] 0.3139535 0.2093023 0.2616279 0.2674419 0.2616279 0.2732558 0.2558140
 [92] 0.2151163 0.2383721 0.2790698 0.2558140 0.2674419 0.2848837 0.2093023
 [99] 0.2325581 0.2790698 0.2500000 0.2790698 0.2906977 0.2790698 0.2674419
[106] 0.2500000 0.2674419 0.2383721 0.2848837 0.2383721 0.2848837 0.3139535
[113] 0.2383721 0.2848837 0.2616279 0.3255814 0.2790698 0.2441860 0.2267442
[120] 0.2500000 0.2500000 0.3546512 0.3023256 0.2674419 0.3488372 0.2674419
[127] 0.2500000 0.2325581 0.2732558 0.3255814 0.2500000 0.2616279 0.2383721
[134] 0.2616279 0.3255814 0.2093023 0.2732558 0.2267442 0.2848837 0.2674419
[141] 0.2500000 0.2674419 0.2093023 0.2151163 0.2441860 0.2441860 0.2965116
[148] 0.2093023 0.3197674 0.2732558 0.3081395 0.2500000 0.2209302 0.3255814
[155] 0.2267442 0.3139535 0.2558140 0.2441860 0.2325581 0.2267442 0.2267442
[162] 0.2732558 0.2441860 0.2616279 0.2151163 0.2674419 0.2732558 0.3139535
[169] 0.2848837 0.2383721 0.2616279 0.2965116 0.2965116 0.2616279 0.2616279
[176] 0.2325581 0.2558140 0.2674419 0.2790698 0.2616279 0.3023256 0.2093023
[183] 0.2209302 0.2906977 0.2383721 0.2500000 0.2093023 0.2151163 0.2790698
[190] 0.2674419 0.2325581 0.2674419 0.3023256 0.2558140 0.2558140 0.2325581
[197] 0.2558140 0.2383721 0.2906977 0.2906977
[1] "Precision/Recall/F1 based on p-values:"
[1] 0.04401260 0.83284884 0.08360692
[1] "Precision/Recall/F1 based on Q-values:"
[1] 0.05795406 0.79215116 0.10800634
