[1] "Average Estimates for Betas: "
  [1]  5.786974e-02  1.068927e-01  2.080123e-01  2.972091e-01 -8.392528e-04
  [6]  1.743990e-03  1.538332e-03 -2.086660e-06  4.437550e-03 -1.076489e-02
 [11]  3.582933e-03 -1.317353e-03 -7.442837e-03  7.238934e-03  1.163735e-03
 [16]  7.548940e-03  1.144116e-02  4.030266e-03  1.951870e-02 -1.014590e-02
 [21] -2.870834e-03 -5.806051e-03 -7.773761e-03 -9.216284e-05  2.253600e-03
 [26]  1.413352e-03  4.923971e-03 -1.388791e-02 -3.183252e-03 -3.383792e-03
 [31]  2.742806e-03 -2.641713e-03 -6.416920e-03 -7.464320e-04 -2.970693e-03
 [36] -3.184649e-03 -5.121901e-03 -8.648127e-03 -6.320276e-03  1.233423e-03
 [41]  6.652162e-03  8.514777e-03 -3.814371e-03 -4.290438e-03 -1.751586e-03
 [46] -3.935970e-03 -5.457701e-03 -3.899545e-03  4.568910e-03  4.649214e-03
 [51]  8.821543e-03  1.224948e-04  1.373246e-03  2.975154e-03 -8.087474e-03
 [56]  3.501459e-03  1.874511e-03 -1.303629e-02  9.742960e-03 -7.241596e-03
 [61] -9.017532e-03 -6.724502e-03 -1.215281e-03 -9.636326e-04 -6.882678e-03
 [66] -5.270894e-03  6.517958e-03 -6.259707e-04 -1.194810e-03 -1.625722e-03
 [71] -8.431680e-03  7.643268e-03 -8.830936e-04  6.221701e-03 -5.909414e-03
 [76] -2.861674e-03  9.307051e-03  3.120190e-04 -4.560401e-05 -1.766796e-03
 [81] -6.317927e-03  8.706937e-03 -2.469423e-03 -3.114467e-03  2.133119e-04
 [86] -6.595799e-03  2.864740e-03 -3.936153e-03  1.512083e-03  9.250386e-03
 [91]  5.573193e-03  6.252575e-03  4.174246e-03 -6.328326e-03 -1.544501e-03
 [96] -5.058659e-03 -2.297994e-04  2.682459e-03 -5.916988e-03  2.124373e-03
[101] -7.193500e-03  2.920174e-03 -5.552456e-03  8.593515e-03 -1.488832e-03
[106] -1.178320e-02  4.204583e-03  5.447497e-04 -8.662230e-04  2.856444e-03
[111]  6.461562e-04  3.107878e-03 -1.001838e-02  3.106808e-04  2.609860e-03
[116]  1.122117e-04  2.476892e-03  2.937136e-03  3.423021e-03 -1.729640e-03
[121]  1.008397e-03  2.595163e-03 -6.149787e-03  8.521370e-03  4.859679e-03
[126]  4.743959e-04  5.081158e-03  1.143153e-03 -4.702346e-03 -7.769557e-04
[131]  3.536891e-03 -5.082664e-04  1.204379e-03  1.891498e-03  7.333178e-04
[136] -2.580418e-03  6.957744e-03  3.989205e-03  2.483839e-03 -1.125898e-04
[141]  4.855357e-03  6.021790e-03 -2.758828e-03  1.590431e-02 -4.731266e-03
[146] -1.027454e-02 -9.350721e-04 -1.176128e-03  2.231039e-03  7.863143e-03
[151]  1.946138e-03 -2.056198e-03 -6.747955e-03  6.477337e-03  2.657418e-03
[156]  3.668932e-03 -7.091674e-04  6.401457e-04 -3.090445e-03  3.532111e-03
[161] -9.064779e-04  4.249771e-03  1.367253e-02  2.748391e-03  7.934709e-03
[166]  2.003407e-03 -4.468560e-03  4.500270e-03  1.705363e-03 -1.044253e-02
[171]  4.154525e-03 -6.456894e-03  2.988614e-03  4.754893e-03  7.177671e-03
[176]  4.031528e-03 -5.007606e-03 -7.221977e-03 -5.214748e-03 -3.671967e-03
[181] -6.543715e-03 -1.216585e-03 -1.000277e-02  8.321801e-03 -1.184474e-03
[186]  9.192641e-03 -5.728798e-04 -1.421822e-03 -1.154793e-02 -4.870574e-03
[191] -4.909147e-03 -4.515260e-03  5.367115e-03 -9.075702e-03  1.117172e-03
[196] -8.480493e-03  5.138105e-03  3.071765e-03 -2.308494e-03  2.967960e-03
[1] "Standard Deviations of Betas: "
  [1] 0.07434876 0.07066728 0.07887233 0.06621935 0.07061353 0.07799702
  [7] 0.06339889 0.07513005 0.07848434 0.07830571 0.07213079 0.07507477
 [13] 0.07938128 0.07791251 0.07578996 0.07845721 0.07961279 0.06301916
 [19] 0.07998958 0.07568688 0.08046980 0.06942275 0.08204187 0.08367709
 [25] 0.08289075 0.07870189 0.07802500 0.07074181 0.07993167 0.06715743
 [31] 0.07155299 0.07732850 0.07847612 0.07259028 0.06734440 0.07216125
 [37] 0.06808194 0.06564164 0.05838860 0.07165090 0.09147641 0.07614461
 [43] 0.06659089 0.07503835 0.06533910 0.06639705 0.08185488 0.06810265
 [49] 0.07171449 0.08273756 0.08161779 0.07097577 0.09145478 0.07741515
 [55] 0.08545725 0.07216620 0.06621337 0.07380176 0.07581718 0.07387611
 [61] 0.06701202 0.08057807 0.09497267 0.07807639 0.07954425 0.07441663
 [67] 0.07426420 0.07404892 0.06998429 0.07578290 0.06571778 0.08014000
 [73] 0.07204992 0.06969920 0.08551297 0.07516370 0.07112097 0.06276597
 [79] 0.08000765 0.06943387 0.07358453 0.07400818 0.07414347 0.08734345
 [85] 0.07672071 0.07237943 0.06918862 0.07837558 0.07413463 0.07684641
 [91] 0.09776991 0.08072475 0.07474034 0.09131363 0.07529731 0.07700018
 [97] 0.07864128 0.06480072 0.06645676 0.07011532 0.06837807 0.07344564
[103] 0.08187320 0.07889250 0.07021588 0.07012541 0.07071031 0.07660942
[109] 0.07906944 0.07493301 0.07499102 0.07611618 0.08586444 0.07872734
[115] 0.06943562 0.07057758 0.07411510 0.06635500 0.08572288 0.07623201
[121] 0.06081098 0.07750028 0.06507667 0.06559354 0.07948515 0.08743690
[127] 0.07908420 0.07680113 0.07887320 0.06465690 0.07024585 0.07345459
[133] 0.07362292 0.06808277 0.06934343 0.07009369 0.06928029 0.07687837
[139] 0.08374938 0.07573759 0.08722752 0.08215770 0.07833622 0.08198585
[145] 0.07723978 0.07775060 0.07642258 0.07581684 0.07089780 0.07431415
[151] 0.06599038 0.08391093 0.06775921 0.08585837 0.07065541 0.08532437
[157] 0.07455728 0.06861176 0.07662231 0.06898277 0.06914847 0.06649772
[163] 0.07808535 0.06811196 0.07568516 0.08391922 0.07751698 0.07205150
[169] 0.07999304 0.07876510 0.08081716 0.07622876 0.07061280 0.09386772
[175] 0.08354497 0.07753377 0.08301005 0.06482838 0.09150557 0.07579534
[181] 0.06891355 0.08132678 0.07607084 0.07830768 0.07126302 0.07503414
[187] 0.08325697 0.07000927 0.07389879 0.06727362 0.06843838 0.07319196
[193] 0.07770112 0.07574995 0.07930632 0.08489138 0.07743025 0.07582893
[199] 0.07762944 0.08925570
[1] "Average StdErrors for Betas: "
  [1] 0.02773937 0.02954370 0.02872811 0.02682747 0.02776803 0.02768288
  [7] 0.02747437 0.02729202 0.02834331 0.02795248 0.02644660 0.02812419
 [13] 0.02673883 0.02838696 0.02738053 0.02779368 0.02768216 0.02731386
 [19] 0.02810806 0.02780607 0.02826651 0.02808380 0.02788673 0.02814796
 [25] 0.02772980 0.02742762 0.02907312 0.02829361 0.02762232 0.02637496
 [31] 0.02699769 0.02928195 0.02804633 0.02662691 0.02939168 0.02793804
 [37] 0.02777535 0.02731218 0.02606194 0.02886885 0.02868585 0.02831855
 [43] 0.02807737 0.02709256 0.02767114 0.02768197 0.02866413 0.02855792
 [49] 0.02833593 0.02897748 0.02863739 0.02838806 0.02791463 0.02796455
 [55] 0.02996982 0.02702332 0.02742892 0.02774746 0.02719334 0.02790704
 [61] 0.02835378 0.02806634 0.02842474 0.02770960 0.02764345 0.02790078
 [67] 0.02721431 0.02748600 0.02822834 0.02784017 0.02814948 0.02900433
 [73] 0.02773085 0.02688423 0.02777901 0.02780957 0.02779108 0.02774514
 [79] 0.02759586 0.02673276 0.02744358 0.02681945 0.02820569 0.02853393
 [85] 0.02853311 0.02757994 0.02661779 0.02750184 0.02812045 0.02650630
 [91] 0.02934547 0.02831880 0.02820426 0.02869377 0.02712979 0.02925880
 [97] 0.02967701 0.02765425 0.02812452 0.02737097 0.02777887 0.02717614
[103] 0.02736316 0.02750911 0.02867563 0.02770426 0.02809302 0.02888499
[109] 0.02870211 0.02702400 0.02913590 0.02836931 0.02791986 0.02863902
[115] 0.02675553 0.02834130 0.02799895 0.02654838 0.02803044 0.02785573
[121] 0.02722519 0.02833472 0.02828055 0.02775390 0.02825495 0.02869769
[127] 0.02690387 0.02695162 0.02844182 0.02677099 0.02689551 0.02742761
[133] 0.02815085 0.02720801 0.02684550 0.02714608 0.02742639 0.02693770
[139] 0.02723698 0.02814085 0.02839752 0.02819316 0.02759563 0.02823559
[145] 0.02873802 0.02846833 0.02784132 0.02626897 0.02807022 0.02796925
[151] 0.02598804 0.02644682 0.02817282 0.02744527 0.02707457 0.02821631
[157] 0.02797195 0.02861936 0.02958189 0.02787180 0.02833833 0.02873712
[163] 0.02834989 0.02753394 0.02718665 0.02777255 0.02615099 0.02777408
[169] 0.02778493 0.02838210 0.02723407 0.02735678 0.02777289 0.02849270
[175] 0.02831868 0.02770712 0.02702125 0.02730806 0.02862617 0.02805575
[181] 0.02852779 0.02804683 0.02805259 0.02754339 0.02735479 0.02805121
[187] 0.02814709 0.02719074 0.02869811 0.02863490 0.02688530 0.02917896
[193] 0.02846474 0.02911407 0.02776529 0.02819298 0.02750413 0.02680056
[199] 0.02828082 0.02791217
[1] "Positive rate for exposures: "
  [1] 0.5409836 0.8196721 0.9672131 0.9945355 0.4153005 0.4262295 0.3497268
  [8] 0.4316940 0.4098361 0.4262295 0.3934426 0.4316940 0.4153005 0.4098361
 [15] 0.4316940 0.4098361 0.4153005 0.3989071 0.4207650 0.4262295 0.4098361
 [22] 0.4098361 0.4153005 0.4207650 0.4098361 0.4207650 0.4316940 0.4153005
 [29] 0.4426230 0.3770492 0.4262295 0.4590164 0.3551913 0.4153005 0.4426230
 [36] 0.3661202 0.3551913 0.3606557 0.3770492 0.4316940 0.4808743 0.4590164
 [43] 0.3825137 0.3715847 0.4153005 0.3989071 0.3661202 0.3879781 0.3551913
 [50] 0.4316940 0.4262295 0.4153005 0.5027322 0.4808743 0.4426230 0.4207650
 [57] 0.3770492 0.4316940 0.4098361 0.3606557 0.3934426 0.4426230 0.4153005
 [64] 0.4098361 0.4371585 0.4480874 0.3879781 0.4098361 0.4098361 0.4098361
 [71] 0.3278689 0.3879781 0.3934426 0.3606557 0.3879781 0.4644809 0.4480874
 [78] 0.3715847 0.4153005 0.3770492 0.4754098 0.4535519 0.3879781 0.4426230
 [85] 0.4316940 0.3879781 0.4207650 0.3497268 0.4480874 0.4863388 0.3989071
 [92] 0.4153005 0.3606557 0.3825137 0.3989071 0.4426230 0.3934426 0.3442623
 [99] 0.3606557 0.4098361 0.3606557 0.3989071 0.4371585 0.4808743 0.3661202
[106] 0.4535519 0.4371585 0.4590164 0.4371585 0.4371585 0.4262295 0.4043716
[113] 0.4754098 0.4699454 0.3989071 0.3661202 0.3825137 0.4098361 0.4371585
[120] 0.3879781 0.3278689 0.4098361 0.4043716 0.3934426 0.4153005 0.4098361
[127] 0.4590164 0.4426230 0.4262295 0.4808743 0.4098361 0.4480874 0.4207650
[134] 0.4098361 0.4371585 0.4207650 0.3934426 0.4535519 0.4590164 0.4262295
[141] 0.4535519 0.3989071 0.4153005 0.4207650 0.3715847 0.4153005 0.4426230
[148] 0.4207650 0.4316940 0.4426230 0.4480874 0.5191257 0.4153005 0.4590164
[155] 0.3879781 0.4590164 0.3606557 0.3825137 0.3934426 0.3934426 0.3934426
[162] 0.3825137 0.3333333 0.3333333 0.4153005 0.4535519 0.4426230 0.4153005
[169] 0.4371585 0.4316940 0.4480874 0.4371585 0.4098361 0.3989071 0.4262295
[176] 0.4098361 0.3715847 0.3661202 0.4043716 0.3661202 0.4153005 0.4426230
[183] 0.3715847 0.4699454 0.3497268 0.3989071 0.4207650 0.3551913 0.4371585
[190] 0.4207650 0.3934426 0.3606557 0.4043716 0.4371585 0.3661202 0.4480874
[197] 0.4043716 0.4043716 0.3934426 0.4426230
[1] "Q-value positive rate for exposures: "
  [1] 0.4590164 0.7814208 0.9617486 0.9890710 0.2841530 0.3333333 0.2349727
  [8] 0.3169399 0.3278689 0.3442623 0.3387978 0.3060109 0.3551913 0.3169399
 [15] 0.3606557 0.3060109 0.3114754 0.2950820 0.3497268 0.3278689 0.3387978
 [22] 0.3060109 0.3224044 0.3497268 0.3060109 0.3387978 0.3224044 0.2950820
 [29] 0.3442623 0.3005464 0.3387978 0.3661202 0.2622951 0.3387978 0.3060109
 [36] 0.2732240 0.2896175 0.2677596 0.2841530 0.2950820 0.3879781 0.3661202
 [43] 0.2896175 0.2732240 0.2786885 0.2896175 0.2896175 0.3005464 0.2732240
 [50] 0.3497268 0.3114754 0.3114754 0.3715847 0.3715847 0.3114754 0.3278689
 [57] 0.3278689 0.3442623 0.3333333 0.2513661 0.2786885 0.3497268 0.3387978
 [64] 0.2950820 0.3278689 0.3387978 0.3114754 0.2950820 0.2732240 0.3060109
 [71] 0.2513661 0.3169399 0.2622951 0.2622951 0.3278689 0.3606557 0.3551913
 [78] 0.2568306 0.3169399 0.2841530 0.3333333 0.3333333 0.3060109 0.3387978
 [85] 0.3442623 0.3333333 0.3442623 0.3005464 0.3005464 0.3661202 0.3169399
 [92] 0.3387978 0.2950820 0.3114754 0.3224044 0.3387978 0.3114754 0.2622951
 [99] 0.2677596 0.2950820 0.2896175 0.3060109 0.3005464 0.3825137 0.3114754
[106] 0.3005464 0.3114754 0.3169399 0.3278689 0.3278689 0.3114754 0.3114754
[113] 0.3770492 0.3169399 0.2896175 0.2568306 0.3005464 0.2950820 0.3387978
[120] 0.2841530 0.2076503 0.3169399 0.3114754 0.2459016 0.3442623 0.3114754
[127] 0.3497268 0.3825137 0.2896175 0.3224044 0.3169399 0.3114754 0.2950820
[134] 0.2732240 0.3278689 0.3169399 0.3005464 0.3224044 0.3661202 0.3224044
[141] 0.3551913 0.2950820 0.3333333 0.3169399 0.2677596 0.3661202 0.3278689
[148] 0.3497268 0.2950820 0.3442623 0.3278689 0.4043716 0.3060109 0.3606557
[155] 0.2896175 0.3442623 0.3169399 0.3060109 0.2786885 0.3169399 0.2841530
[162] 0.3005464 0.2404372 0.2459016 0.3551913 0.3387978 0.3333333 0.3224044
[169] 0.3387978 0.3169399 0.3224044 0.3551913 0.3060109 0.3169399 0.3278689
[176] 0.3224044 0.2950820 0.2677596 0.2950820 0.2513661 0.3060109 0.3497268
[183] 0.3169399 0.3387978 0.2677596 0.3169399 0.3169399 0.2677596 0.3497268
[190] 0.3169399 0.3224044 0.2459016 0.2896175 0.3442623 0.2896175 0.3497268
[197] 0.3169399 0.3278689 0.2841530 0.3497268
[1] "Precision/Recall/F1 based on p-values:"
[1] 0.03945746 0.83060109 0.07533610
[1] "Precision/Recall/F1 based on Q-values:"
[1] 0.04926607 0.79781421 0.09280153
