[1] "Average Estimates for Betas: "
  [1]  5.460267e-02  1.065465e-01  2.122426e-01  2.974389e-01 -1.096069e-02
  [6]  2.815463e-03  1.165574e-02  2.467407e-03  7.241100e-03 -1.222545e-02
 [11]  2.410618e-03  8.093291e-03 -3.593395e-03 -4.623883e-03 -7.238383e-03
 [16] -2.037574e-03  1.252351e-02  2.229619e-03  1.617694e-02 -1.116791e-02
 [21] -1.533611e-03  1.307461e-02 -9.458714e-04 -6.752199e-03 -9.774514e-04
 [26]  6.519333e-03  1.142436e-03 -3.959915e-03  3.545919e-03  9.550814e-03
 [31]  1.283807e-02 -5.979999e-03 -3.668278e-03  6.191634e-03 -1.095821e-03
 [36] -5.346242e-03  2.922650e-03 -6.322442e-03 -5.176010e-03  6.734346e-03
 [41]  6.610790e-04  2.231327e-02 -8.723637e-03 -1.973586e-03 -1.334256e-02
 [46]  1.070539e-02 -2.087568e-02 -7.149990e-03  5.112630e-03  3.947404e-03
 [51]  1.145021e-02  6.651640e-03 -1.558245e-02  2.355544e-03 -8.052483e-03
 [56]  1.082093e-02  1.172364e-02  3.728018e-03  3.700775e-03 -2.477775e-03
 [61]  4.678663e-03 -1.181463e-02 -7.468926e-03  3.887214e-03  5.526161e-03
 [66]  2.982306e-03  7.473202e-03 -7.216857e-03 -3.144725e-03 -3.025686e-03
 [71]  1.366080e-02  1.337873e-02 -2.764200e-03  1.496602e-02 -1.824154e-03
 [76] -3.526388e-03 -7.813009e-05  9.667580e-03  7.425941e-03  9.614649e-03
 [81] -7.891722e-03  3.460579e-03  3.163770e-03 -7.361560e-03  1.268060e-03
 [86]  6.671684e-04 -2.175343e-03 -3.755134e-03 -1.720158e-02  1.511124e-03
 [91] -4.904962e-03 -3.376760e-03 -8.213651e-03 -1.660655e-02  1.390479e-02
 [96] -3.891030e-03 -5.128395e-03  6.792820e-04  2.108845e-03  6.960259e-04
[101]  9.573198e-04  4.220765e-05 -4.055335e-03  1.156723e-02 -4.504316e-03
[106] -8.680670e-04  1.211421e-03  4.717282e-03 -9.852786e-03  4.471169e-03
[111] -3.429583e-03 -4.638600e-03 -2.094330e-03  4.789737e-03  5.287652e-03
[116] -1.695284e-03  2.068411e-02  3.351153e-03 -5.327484e-03  2.776050e-03
[121] -2.304824e-03 -8.727217e-03  1.823561e-02 -1.950080e-03  2.681182e-04
[126]  6.179372e-04 -4.471140e-03 -1.375750e-04  3.419297e-03  1.791717e-03
[131]  1.420788e-03  2.672688e-03  1.007416e-02  4.417995e-03  2.340640e-04
[136]  5.470064e-04 -7.766297e-03 -3.391092e-03 -2.417607e-03  6.634192e-03
[141] -6.370807e-05 -7.231046e-03  6.965622e-03  1.966110e-02 -1.800057e-03
[146]  4.459570e-05  5.093836e-03 -6.244378e-03  6.806727e-03  8.039587e-03
[151]  7.691080e-04 -9.503858e-04  1.540506e-02  1.107052e-02 -2.672927e-03
[156]  4.235113e-03 -6.044286e-03 -3.668365e-04 -1.447349e-02 -4.165010e-03
[161] -1.090523e-02 -5.301336e-03  7.933595e-03  1.463037e-03  1.033606e-02
[166]  3.386515e-03  5.987471e-03 -6.952638e-03  6.731176e-03  6.396615e-04
[171]  1.786757e-03 -6.362990e-03  1.044814e-02  3.798662e-03  1.078944e-02
[176]  5.437002e-03  1.326235e-03 -2.751218e-04  1.761686e-03 -3.275528e-03
[181]  4.309246e-03  7.395715e-03 -8.976718e-03  6.183938e-03  1.177207e-03
[186]  7.085842e-03 -1.901210e-02  2.155906e-04 -1.309663e-03 -3.821750e-03
[191]  3.138550e-03  4.386933e-03 -6.160247e-03  2.329394e-03 -4.043379e-03
[196]  1.546612e-04  3.687433e-03 -8.318177e-04  3.823215e-03  1.732546e-02
[1] "Standard Deviations of Betas: "
  [1] 0.10902252 0.11461843 0.10451311 0.10000770 0.11196755 0.10683249
  [7] 0.11119477 0.10713286 0.11118790 0.11094741 0.10160681 0.10313013
 [13] 0.10680183 0.11770539 0.11492824 0.11116326 0.10722689 0.11120352
 [19] 0.12700711 0.10996108 0.10396093 0.12697537 0.11253708 0.11219345
 [25] 0.10772926 0.11595040 0.11955770 0.10645482 0.10610081 0.10567830
 [31] 0.10757133 0.12798637 0.10826907 0.11057564 0.10622388 0.11616813
 [37] 0.10536854 0.10254977 0.10453677 0.10939610 0.10931990 0.11090601
 [43] 0.10073141 0.11781244 0.11044538 0.10719451 0.11782353 0.09976148
 [49] 0.12196676 0.10759725 0.11942136 0.10514746 0.12352584 0.10914008
 [55] 0.11697106 0.10384596 0.12198111 0.11439250 0.10936539 0.11714706
 [61] 0.10845075 0.10060414 0.11692526 0.11532079 0.11217695 0.13147894
 [67] 0.10097879 0.11102004 0.11044228 0.09845946 0.11609898 0.12920855
 [73] 0.10118970 0.10176983 0.11369942 0.10609214 0.10319058 0.11245509
 [79] 0.11878683 0.12092707 0.11297312 0.11731199 0.12036152 0.11991748
 [85] 0.11042461 0.09902611 0.10229286 0.11582025 0.09735784 0.10862165
 [91] 0.11984201 0.11272918 0.11708763 0.12473366 0.11761087 0.10175453
 [97] 0.12718124 0.10135545 0.11746577 0.10896511 0.11688845 0.11096341
[103] 0.10719240 0.10180017 0.11219265 0.11650512 0.10886978 0.10480139
[109] 0.13037598 0.10607658 0.12255917 0.12389535 0.11015197 0.11786757
[115] 0.11285670 0.11402030 0.10645451 0.11603443 0.11048109 0.10263278
[121] 0.10600248 0.11161973 0.09907272 0.10608005 0.10825618 0.10963915
[127] 0.12411041 0.09550443 0.10540509 0.10800167 0.09857044 0.10796752
[133] 0.09742183 0.10307315 0.10500599 0.10221703 0.10355914 0.10041031
[139] 0.09917683 0.11460288 0.11310249 0.12186351 0.11770543 0.12108499
[145] 0.11870614 0.14350618 0.10125078 0.10710173 0.11560423 0.11162403
[151] 0.10953225 0.10266600 0.11325874 0.11193963 0.10731493 0.13517146
[157] 0.10224130 0.11452977 0.11469082 0.10699842 0.10306351 0.11403613
[163] 0.11057258 0.11107746 0.11348320 0.11416075 0.10379393 0.11676269
[169] 0.11208226 0.11476033 0.11831386 0.09316977 0.10788742 0.11756500
[175] 0.11135772 0.10082300 0.12588885 0.10716347 0.10882967 0.10396633
[181] 0.10395934 0.11982571 0.11952975 0.11762077 0.10018306 0.11248198
[187] 0.12730401 0.11909458 0.11332659 0.10476628 0.10808257 0.10798243
[193] 0.11354250 0.10455177 0.10718277 0.10715446 0.10279873 0.10143985
[199] 0.10485302 0.10660534
[1] "Average StdErrors for Betas: "
  [1] 0.1063490 0.1103544 0.1060719 0.1032556 0.1049385 0.1055122 0.1049870
  [8] 0.1051182 0.1065745 0.1069895 0.1041912 0.1073002 0.1045516 0.1100706
 [15] 0.1045766 0.1064849 0.1062682 0.1052180 0.1083215 0.1061123 0.1086384
 [22] 0.1092063 0.1062148 0.1082032 0.1059628 0.1066360 0.1113976 0.1070342
 [29] 0.1081026 0.1036732 0.1055187 0.1120879 0.1091244 0.1035006 0.1102934
 [36] 0.1061504 0.1061724 0.1065760 0.1034987 0.1080902 0.1088034 0.1071604
 [43] 0.1058334 0.1039790 0.1062678 0.1063606 0.1074140 0.1076291 0.1065614
 [50] 0.1077820 0.1075106 0.1086097 0.1047241 0.1061269 0.1124200 0.1047675
 [57] 0.1056183 0.1062591 0.1056154 0.1088236 0.1080078 0.1063731 0.1071145
 [64] 0.1060579 0.1059294 0.1089309 0.1045204 0.1062273 0.1060732 0.1057119
 [71] 0.1079800 0.1078722 0.1059935 0.1048569 0.1075914 0.1085346 0.1050500
 [78] 0.1065441 0.1062021 0.1048467 0.1064110 0.1065275 0.1067449 0.1112339
 [85] 0.1071978 0.1067508 0.1044132 0.1065591 0.1071076 0.1034235 0.1115344
 [92] 0.1062988 0.1087179 0.1098488 0.1038712 0.1087827 0.1108394 0.1057030
 [99] 0.1090992 0.1061271 0.1074468 0.1070469 0.1042898 0.1059714 0.1072893
[106] 0.1061932 0.1066238 0.1071635 0.1072551 0.1049297 0.1099393 0.1115800
[113] 0.1036117 0.1069557 0.1051795 0.1079360 0.1064112 0.1043109 0.1071103
[120] 0.1080476 0.1048639 0.1076661 0.1078875 0.1081585 0.1079620 0.1101463
[127] 0.1042242 0.1041564 0.1084771 0.1035386 0.1045326 0.1063941 0.1078841
[134] 0.1059943 0.1045746 0.1009396 0.1047945 0.1035550 0.1063161 0.1077081
[141] 0.1104722 0.1076952 0.1065750 0.1106215 0.1093400 0.1077842 0.1065100
[148] 0.1022323 0.1067780 0.1073707 0.1039789 0.1053470 0.1092788 0.1052391
[155] 0.1035470 0.1060266 0.1060138 0.1100084 0.1127898 0.1064371 0.1053785
[162] 0.1062163 0.1059985 0.1056347 0.1037375 0.1070201 0.1034317 0.1055603
[169] 0.1057507 0.1078028 0.1051929 0.1051999 0.1051315 0.1078870 0.1096131
[176] 0.1074743 0.1054021 0.1043805 0.1082968 0.1077277 0.1070622 0.1088316
[183] 0.1073358 0.1071922 0.1058880 0.1075850 0.1063846 0.1073480 0.1086560
[190] 0.1094588 0.1046385 0.1084966 0.1092818 0.1124293 0.1048567 0.1068134
[197] 0.1072529 0.1051501 0.1086202 0.1064191
[1] "Positive rate for exposures: "
  [1] 0.070 0.165 0.480 0.805 0.060 0.055 0.050 0.045 0.040 0.055 0.040 0.050
 [13] 0.050 0.040 0.070 0.060 0.050 0.065 0.070 0.065 0.060 0.070 0.060 0.070
 [25] 0.045 0.055 0.075 0.035 0.040 0.040 0.055 0.075 0.050 0.065 0.030 0.055
 [37] 0.035 0.020 0.055 0.035 0.060 0.045 0.040 0.070 0.055 0.065 0.075 0.030
 [49] 0.065 0.045 0.060 0.045 0.095 0.030 0.060 0.045 0.085 0.080 0.055 0.040
 [61] 0.050 0.055 0.040 0.060 0.070 0.045 0.045 0.055 0.045 0.025 0.040 0.080
 [73] 0.045 0.020 0.050 0.040 0.055 0.050 0.080 0.075 0.070 0.035 0.050 0.045
 [85] 0.040 0.040 0.055 0.045 0.045 0.035 0.045 0.035 0.060 0.060 0.055 0.055
 [97] 0.055 0.045 0.045 0.055 0.060 0.055 0.055 0.035 0.040 0.075 0.055 0.045
[109] 0.070 0.035 0.055 0.065 0.055 0.055 0.065 0.045 0.075 0.075 0.070 0.045
[121] 0.035 0.055 0.035 0.040 0.045 0.040 0.105 0.025 0.040 0.035 0.030 0.045
[133] 0.035 0.050 0.050 0.035 0.025 0.040 0.020 0.035 0.045 0.050 0.070 0.065
[145] 0.055 0.070 0.025 0.045 0.065 0.040 0.040 0.050 0.065 0.035 0.035 0.115
[157] 0.065 0.050 0.055 0.045 0.040 0.045 0.050 0.040 0.070 0.045 0.040 0.070
[169] 0.055 0.065 0.080 0.025 0.040 0.085 0.045 0.060 0.075 0.035 0.055 0.040
[181] 0.065 0.065 0.070 0.045 0.035 0.035 0.060 0.050 0.045 0.060 0.050 0.040
[193] 0.050 0.030 0.060 0.060 0.040 0.035 0.040 0.060
[1] "Q-value positive rate for exposures: "
  [1] 0.005 0.000 0.090 0.270 0.000 0.005 0.000 0.000 0.000 0.005 0.000 0.000
 [13] 0.000 0.000 0.005 0.010 0.000 0.000 0.005 0.005 0.000 0.005 0.000 0.000
 [25] 0.000 0.005 0.000 0.000 0.000 0.005 0.000 0.000 0.000 0.000 0.000 0.000
 [37] 0.005 0.000 0.000 0.005 0.000 0.000 0.000 0.000 0.000 0.000 0.000 0.000
 [49] 0.000 0.000 0.005 0.000 0.000 0.005 0.005 0.005 0.005 0.000 0.005 0.000
 [61] 0.000 0.000 0.000 0.005 0.000 0.000 0.000 0.005 0.000 0.000 0.000 0.000
 [73] 0.000 0.000 0.000 0.000 0.005 0.000 0.000 0.000 0.000 0.000 0.000 0.000
 [85] 0.000 0.000 0.000 0.000 0.000 0.010 0.000 0.005 0.000 0.000 0.005 0.000
 [97] 0.000 0.000 0.000 0.000 0.005 0.000 0.005 0.000 0.000 0.000 0.000 0.000
[109] 0.000 0.005 0.000 0.000 0.000 0.000 0.000 0.000 0.000 0.000 0.005 0.005
[121] 0.000 0.000 0.000 0.000 0.000 0.000 0.005 0.000 0.000 0.000 0.000 0.000
[133] 0.000 0.000 0.000 0.000 0.000 0.000 0.000 0.000 0.000 0.000 0.005 0.005
[145] 0.000 0.005 0.005 0.000 0.000 0.000 0.005 0.000 0.000 0.000 0.000 0.000
[157] 0.005 0.000 0.005 0.000 0.005 0.005 0.000 0.000 0.000 0.000 0.000 0.000
[169] 0.005 0.000 0.000 0.000 0.005 0.000 0.000 0.000 0.000 0.000 0.000 0.000
[181] 0.005 0.000 0.000 0.000 0.000 0.000 0.000 0.000 0.000 0.000 0.005 0.000
[193] 0.000 0.000 0.000 0.000 0.000 0.000 0.000 0.005
[1] "Precision/Recall/F1 based on p-values:"
[1] 0.1305842 0.3800000 0.1943734
[1] "Precision/Recall/F1 based on Q-values:"
[1] 0.6186441 0.0912500 0.1590414
