Average Estimates for Betas: 
0.01950547 0.04039449 0.08315014 0.1260745 -0.001089035
0.0007851046 0.001638442 -0.003067087 0.00450314 0.0003598665
0.002757062 0.0005215382 -0.0003204787 -0.008477579 0.008384134
0.002783669 0.002778285 -0.008219844 0.002059731 0.005776741
0.005874389 0.0008712641 -0.002620469 -0.001072599 0.01050853
0.001953421 -0.00233253 -0.005911113 -0.002915223 0.001755151
Positive rate for exposures: 
0.35 0.62 0.81 0.88 0.14
0.17 0.15 0.15 0.17 0.12
0.11 0.22 0.17 0.17 0.15
0.16 0.14 0.21 0.11 0.11
0.17 0.18 0.15 0.2 0.16
0.13 0.12 0.12 0.14 0.21
Standard Deviations of Betas: 
0.03357249 0.03459791 0.05156356 0.06413617 0.02987354
0.02752018 0.03111815 0.03312466 0.03251599 0.02788012
0.03072285 0.04748689 0.03688951 0.02930555 0.0281256
0.0291937 0.05067853 0.05619662 0.03100419 0.03123748
0.03901084 0.04809589 0.04659652 0.04055311 0.03168978
0.02926705 0.02627911 0.03559767 0.02739476 0.03459383
Average StdErrors for Betas: 
0.01837796 0.01851294 0.01896745 0.01862468 0.01840719
0.01878682 0.01844445 0.01858892 0.01896322 0.01871893
0.01914921 0.01896572 0.01925285 0.01871703 0.01899464
0.01920135 0.01896993 0.01875858 0.01922262 0.0191957
0.01913703 0.01939553 0.01951533 0.01895126 0.01875294
0.01911371 0.01907257 0.01824938 0.01917301 0.01848546
Q-value positive rate for exposures: 
0.23 0.44 0.71 0.83 0.07
0.08 0.07 0.08 0.05 0.09
0.05 0.12 0.09 0.07 0.08
0.07 0.07 0.11 0.04 0.06
0.1 0.09 0.08 0.14 0.07
0.07 0.06 0.06 0.06 0.13
Precision/Recall/F1 based on p-values:
0.3976084 0.665 0.4976614
Precision/Recall/F1 based on Q-values:
0.5175644 0.5525 0.5344619
Power at FPR threshold of 0.05: 
0.15 0.31 0.67 0.79
