[1] "Average Estimates for Betas: "
 [1]  6.166371e-02  9.473739e-02  1.981203e-01  3.054687e-01  1.028309e-02
 [6]  6.874525e-03 -1.155169e-02  9.406700e-03 -4.066853e-03  1.252461e-03
[11] -5.416005e-03 -1.548215e-03  2.532796e-05  1.489753e-03  3.457139e-03
[16] -4.955696e-03 -1.712147e-04 -6.337637e-03  6.088458e-03 -1.114299e-03
[21]  3.937730e-04  1.361126e-04  3.293429e-03  8.123672e-03  8.842447e-03
[26] -2.697977e-03  8.179791e-03 -1.787353e-03  3.621163e-03  3.679869e-03
[1] "Standard Deviations of Betas: "
 [1] 0.12403241 0.10692685 0.11473242 0.10784534 0.11989303 0.09848796
 [7] 0.11754417 0.11256444 0.09892037 0.11058246 0.11601043 0.10824547
[13] 0.10918265 0.11025730 0.11047090 0.10849910 0.11688313 0.11228920
[19] 0.11656413 0.11180913 0.11253707 0.10714010 0.11119703 0.10299379
[25] 0.10126627 0.10601201 0.10394431 0.10426631 0.10884393 0.10243883
[1] "Average StdErrors for Betas: "
 [1] 0.03724512 0.03754342 0.03766601 0.03803503 0.03812151 0.03746656
 [7] 0.03748925 0.03814134 0.03843345 0.03831805 0.03675678 0.03731068
[13] 0.03819947 0.03868184 0.03817267 0.03855705 0.03817086 0.03793147
[19] 0.03727575 0.03783561 0.03782987 0.03809428 0.03781433 0.03846677
[25] 0.03825971 0.03779238 0.03778688 0.03761152 0.03761400 0.03728910
[1] "Positive rate for exposures: "
 [1] 0.575 0.650 0.865 0.985 0.480 0.425 0.515 0.510 0.400 0.440 0.495 0.475
[13] 0.500 0.400 0.445 0.440 0.485 0.495 0.430 0.455 0.515 0.450 0.480 0.430
[25] 0.430 0.505 0.435 0.420 0.470 0.420
[1] "Bonferroni-corrected positive rate for exposures: "
 [1] 0.390 0.375 0.760 0.955 0.215 0.190 0.275 0.240 0.165 0.225 0.260 0.215
[13] 0.230 0.175 0.235 0.205 0.240 0.260 0.270 0.215 0.215 0.195 0.245 0.195
[25] 0.190 0.220 0.195 0.200 0.225 0.220
