[1] "Average Estimates for Betas: "
 [1]  5.033297e-02  1.002255e-01  2.005702e-01  3.007166e-01 -1.236695e-04
 [6]  1.628221e-03  1.802168e-03  1.696292e-03  7.974579e-04  1.559821e-03
[11]  6.376902e-04 -2.095824e-04 -1.882666e-04 -5.645652e-06 -5.710765e-04
[16] -1.525906e-03  1.934284e-04  7.462320e-04 -1.552766e-03  4.049508e-04
[21] -1.136330e-03  3.035850e-04  4.294688e-04  2.778715e-03 -6.911582e-04
[26] -8.055857e-04 -1.697824e-03  1.774922e-03 -6.335247e-04  3.038858e-04
[1] "Standard Deviations of Betas: "
 [1] 0.01364698 0.01505134 0.01382287 0.01419955 0.01408986 0.01493912
 [7] 0.01447966 0.01555896 0.01540883 0.01412948 0.01515679 0.01400191
[13] 0.01319329 0.01466460 0.01569565 0.01578308 0.01546250 0.01449755
[19] 0.01289850 0.01335335 0.01472815 0.01464272 0.01307890 0.01461359
[25] 0.01560527 0.01496446 0.01407867 0.01420691 0.01503060 0.01469686
[1] "Average StdErrors for Betas: "
 [1] 0.009666083 0.009730929 0.009734774 0.009732765 0.009745012 0.009716604
 [7] 0.009782742 0.009712748 0.009753406 0.009717391 0.009721313 0.009738582
[13] 0.009725758 0.009763652 0.009717809 0.009731579 0.009764900 0.009709834
[19] 0.009721339 0.009715416 0.009753209 0.009750779 0.009750030 0.009749851
[25] 0.009755675 0.009766769 0.009758575 0.009697957 0.009741562 0.009699186
[1] "Positive rate for exposures: "
 [1] 0.990 1.000 1.000 1.000 0.165 0.175 0.200 0.210 0.195 0.175 0.210 0.155
[13] 0.140 0.210 0.225 0.205 0.160 0.185 0.165 0.135 0.195 0.175 0.135 0.200
[25] 0.200 0.210 0.180 0.170 0.180 0.185
[1] "Bonferroni-corrected positive rate for exposures: "
 [1] 0.915 1.000 1.000 1.000 0.020 0.045 0.035 0.050 0.045 0.020 0.045 0.025
[13] 0.000 0.015 0.065 0.035 0.040 0.030 0.015 0.025 0.020 0.030 0.025 0.045
[25] 0.065 0.050 0.020 0.045 0.040 0.020
