[1] "Average Estimates for Betas: "
 [1]  3.667685e-02  6.438943e-02  1.331591e-01  1.874380e-01 -1.493116e-03
 [6] -2.006508e-03 -6.460119e-04 -4.977379e-03  1.928730e-03 -2.817661e-04
[11]  4.323856e-03  1.376930e-03  4.163129e-03  1.002962e-02 -1.551536e-03
[16]  1.619839e-06 -8.736307e-04  5.006175e-03  4.962880e-04 -1.448032e-03
[21] -1.438690e-03  3.518899e-03 -3.023850e-03  8.918567e-04  6.021238e-03
[26]  3.272977e-03  1.481220e-03 -4.240462e-03  1.285371e-03  1.651040e-03
[1] "Standard Deviations of Betas: "
 [1] 0.04837103 0.05309666 0.07436664 0.09891986 0.05035729 0.05302740
 [7] 0.05386449 0.05655241 0.05258950 0.05181198 0.05413012 0.04775084
[13] 0.05701698 0.05204016 0.05618818 0.05467961 0.04969820 0.04891174
[19] 0.05310418 0.05886219 0.05853242 0.05378106 0.05634749 0.05077072
[25] 0.05647590 0.04790434 0.05563017 0.05285524 0.05447753 0.04824029
[1] "Average StdErrors for Betas: "
 [1] 0.008956550 0.009087428 0.009108267 0.009223775 0.009178255 0.009002830
 [7] 0.009116889 0.009114111 0.009157078 0.009134371 0.009015010 0.009083617
[13] 0.009046886 0.009159255 0.009079389 0.009069450 0.009178212 0.009149535
[19] 0.009128855 0.009095692 0.009150233 0.009215063 0.009124603 0.009124622
[25] 0.009133157 0.009214685 0.009087030 0.008937502 0.009193741 0.009038886
[1] "Positive rate for exposures: "
 [1] 0.765 0.870 0.950 0.925 0.700 0.705 0.720 0.755 0.685 0.685 0.730 0.685
[13] 0.755 0.770 0.720 0.715 0.695 0.695 0.710 0.775 0.780 0.725 0.730 0.715
[25] 0.735 0.660 0.735 0.700 0.700 0.695
[1] "Bonferroni-corrected positive rate for exposures: "
 [1] 0.620 0.770 0.890 0.880 0.565 0.560 0.550 0.570 0.580 0.530 0.530 0.510
[13] 0.635 0.560 0.600 0.565 0.510 0.520 0.525 0.630 0.625 0.585 0.565 0.560
[25] 0.635 0.490 0.595 0.570 0.560 0.550
