[1] "Average Estimates for Betas: "
 [1]  0.0502305008  0.1002484266  0.2005756868  0.3007418854 -0.0002196911
 [6]  0.0016372224  0.0018409730  0.0016789497  0.0008105533  0.0015169881
[11]  0.0006376649 -0.0001896576 -0.0001705815 -0.0001335558 -0.0005958423
[16] -0.0015275475  0.0002169079  0.0007708866 -0.0015245481  0.0003889954
[21] -0.0011531612  0.0002139420  0.0003886613  0.0027334331 -0.0006990251
[26] -0.0008027163 -0.0017279812  0.0017689106 -0.0005959752  0.0003219838
[1] "Standard Deviations of Betas: "
 [1] 0.01258010 0.01496563 0.01383347 0.01414845 0.01407237 0.01477696
 [7] 0.01438668 0.01553990 0.01540685 0.01409961 0.01499359 0.01398278
[13] 0.01313912 0.01466191 0.01566542 0.01574250 0.01546857 0.01441102
[19] 0.01287965 0.01336692 0.01476667 0.01470289 0.01309411 0.01451168
[25] 0.01552944 0.01490367 0.01394244 0.01423780 0.01499996 0.01459336
[1] "Average StdErrors for Betas: "
 [1] 0.014095877 0.009740575 0.009743475 0.009742240 0.009753738 0.009724790
 [7] 0.009792154 0.009720635 0.009762116 0.009726377 0.009730932 0.009748383
[13] 0.009734773 0.009773319 0.009725937 0.009740122 0.009772942 0.009718118
[19] 0.009730197 0.009724130 0.009761918 0.009759891 0.009758288 0.009759058
[25] 0.009764147 0.009775544 0.009766998 0.009706796 0.009751320 0.009708171
[1] "Positive rate for exposures: "
 [1] 0.960 1.000 1.000 1.000 0.160 0.175 0.190 0.215 0.195 0.165 0.205 0.155
[13] 0.145 0.205 0.225 0.200 0.165 0.185 0.165 0.130 0.200 0.175 0.135 0.210
[25] 0.200 0.215 0.180 0.155 0.180 0.185
[1] "Bonferroni-corrected positive rate for exposures: "
 [1] 0.675 1.000 1.000 1.000 0.020 0.040 0.035 0.045 0.045 0.025 0.040 0.025
[13] 0.000 0.015 0.060 0.035 0.040 0.030 0.015 0.025 0.020 0.035 0.025 0.045
[25] 0.060 0.045 0.015 0.045 0.040 0.020
