[1] "Average Estimates for Betas: "
 [1]  0.0559250896  0.1016643353  0.2010544845  0.3045106411 -0.0023914168
 [6] -0.0124765752 -0.0051521225 -0.0033091147  0.0026847324 -0.0017164178
[11] -0.0031781526 -0.0032356534  0.0006038415  0.0050572882  0.0096854880
[16]  0.0022814922 -0.0024616908  0.0055062604  0.0028861757 -0.0017723180
[21]  0.0039308953  0.0044154357  0.0018847937  0.0024697407  0.0041653104
[26]  0.0017896650  0.0037729107  0.0063472584 -0.0056719818  0.0001756512
[1] "Standard Deviations of Betas: "
 [1] 0.07210242 0.07416527 0.06592329 0.06307362 0.07471559 0.06753998
 [7] 0.06165442 0.06735561 0.07069656 0.07180365 0.06659642 0.06846776
[13] 0.06412505 0.06768194 0.06356618 0.06411482 0.07119413 0.07078876
[19] 0.06044886 0.06472228 0.06991401 0.06764141 0.06411599 0.07147601
[25] 0.06713258 0.06579505 0.06862470 0.06671597 0.06671111 0.06270962
[1] "Average StdErrors for Betas: "
 [1] 0.05470589 0.04196425 0.04215308 0.04207522 0.04212105 0.04223733
 [7] 0.04221260 0.04169859 0.04231304 0.04209610 0.04194357 0.04211189
[13] 0.04195077 0.04201185 0.04222963 0.04213906 0.04213720 0.04167366
[19] 0.04199373 0.04169817 0.04188607 0.04205213 0.04177572 0.04188613
[25] 0.04228288 0.04238622 0.04208583 0.04177418 0.04189940 0.04195804
[1] "Positive rate for exposures: "
 [1] 0.235 0.625 0.975 1.000 0.260 0.195 0.165 0.220 0.185 0.260 0.195 0.185
[13] 0.190 0.200 0.195 0.205 0.245 0.270 0.195 0.175 0.250 0.230 0.195 0.240
[25] 0.225 0.225 0.230 0.200 0.200 0.205
[1] "Bonferroni-corrected positive rate for exposures: "
 [1] 0.070 0.325 0.860 0.995 0.075 0.070 0.050 0.075 0.080 0.065 0.045 0.065
[13] 0.035 0.065 0.050 0.030 0.070 0.080 0.020 0.050 0.055 0.055 0.050 0.075
[25] 0.045 0.040 0.070 0.060 0.055 0.040
