[1] "Average Estimates for Betas: "
 [1]  0.0576981315  0.1013602067  0.2007640851  0.3044781137 -0.0026013557
 [6] -0.0125419345 -0.0046488666 -0.0021451032  0.0024782182 -0.0019289178
[11] -0.0032358270 -0.0039623244  0.0010780125  0.0048798195  0.0099969743
[16]  0.0013727253 -0.0024343079  0.0053991818  0.0022927080 -0.0021858249
[21]  0.0031568585  0.0038693524  0.0016532306  0.0023546034  0.0040924068
[26]  0.0015554676  0.0035357593  0.0054855937 -0.0052206802 -0.0008335988
[1] "Standard Deviations of Betas: "
 [1] 0.06261981 0.07305024 0.06536294 0.06188794 0.07394258 0.06673861
 [7] 0.06090829 0.06681159 0.07042363 0.07130784 0.06560115 0.06717546
[13] 0.06302705 0.06773713 0.06285428 0.06334080 0.07127411 0.06999875
[19] 0.05954311 0.06445646 0.06849723 0.06759516 0.06450845 0.07025702
[25] 0.06620622 0.06467749 0.06800651 0.06584740 0.06541395 0.06226744
[1] "Average StdErrors for Betas: "
 [1] 0.01039325 0.01037318 0.01041636 0.01040133 0.01040622 0.01044072
 [7] 0.01043732 0.01030684 0.01045226 0.01040318 0.01036712 0.01040758
[13] 0.01036738 0.01038079 0.01043482 0.01041393 0.01041441 0.01030138
[19] 0.01037629 0.01030577 0.01035314 0.01039127 0.01032055 0.01035494
[25] 0.01044998 0.01047784 0.01040472 0.01032397 0.01035369 0.01037255
[1] "Positive rate for exposures: "
 [1] 0.855 0.915 1.000 1.000 0.785 0.745 0.740 0.765 0.765 0.745 0.760 0.765
[13] 0.780 0.790 0.745 0.770 0.715 0.785 0.695 0.760 0.710 0.765 0.735 0.760
[25] 0.805 0.735 0.725 0.765 0.745 0.765
[1] "Bonferroni-corrected positive rate for exposures: "
 [1] 0.770 0.870 0.995 1.000 0.665 0.615 0.565 0.590 0.635 0.600 0.620 0.630
[13] 0.610 0.630 0.595 0.610 0.620 0.635 0.595 0.590 0.575 0.565 0.570 0.590
[25] 0.645 0.570 0.625 0.610 0.610 0.585
