[1] "Average PIPs: "
  [1] 0.0517991568 0.7540612919 0.9999966399 0.9999999999 0.0008450004
  [6] 0.0009663277 0.0008624193 0.0008999493 0.0008988195 0.0009187003
 [11] 0.0009252467 0.0009151236 0.0009055641 0.0009125940 0.0009033874
 [16] 0.0009405608 0.0008925298 0.0009255751 0.0009205122 0.0009191801
 [21] 0.0009206608 0.0010367702 0.0009028115 0.0009027195 0.0011652183
 [26] 0.0009024240 0.0009286677 0.0009759273 0.0010028966 0.0010117779
 [31] 0.0008854502 0.0008579649 0.0009091531 0.0009614349 0.0008761126
 [36] 0.0008756272 0.0010807620 0.0009487559 0.0009729101 0.0009521879
 [41] 0.0009756568 0.0008747684 0.0010107447 0.0009885422 0.0009464113
 [46] 0.0009227373 0.0009115748 0.0009479131 0.0009571115 0.0009237899
 [51] 0.0009087409 0.0009263950 0.0009154921 0.0009226057 0.0009053260
 [56] 0.0009422364 0.0008759544 0.0009396653 0.0008447222 0.0009599405
 [61] 0.0010983577 0.0008549842 0.0009381566 0.0009132350 0.0009331682
 [66] 0.0009274292 0.0009653087 0.0009207217 0.0008725689 0.0009790315
 [71] 0.0008285039 0.0009345709 0.0008816882 0.0010569568 0.0009227758
 [76] 0.0009780818 0.0009613916 0.0009091419 0.0009151728 0.0009073792
 [81] 0.0008673657 0.0009200418 0.0008697668 0.0009196452 0.0008819051
 [86] 0.0009422672 0.0008782221 0.0008928656 0.0011402890 0.0010634239
 [91] 0.0009229501 0.0008712625 0.0008999047 0.0009368748 0.0009049038
 [96] 0.0008808732 0.0009035260 0.0010061756 0.0009227051 0.0009852169
[101] 0.0009914012 0.0010222514 0.0009578158 0.0009138127 0.0010665071
[106] 0.0008750521 0.0009573825 0.0008543430 0.0009596781 0.0009065746
[111] 0.0009903466 0.0008568222 0.0009552848 0.0010334493 0.0009180695
[116] 0.0009330293 0.0009206387 0.0009015464 0.0009451109 0.0009225441
[121] 0.0008967605 0.0009312422 0.0009713826 0.0009034945 0.0009656366
[126] 0.0009818261 0.0008747310 0.0008576711 0.0009009504 0.0008787352
[131] 0.0009221809 0.0010230294 0.0009356011 0.0009944773 0.0009702880
[136] 0.0009662463 0.0009311967 0.0009510277 0.0009163595 0.0009808569
[141] 0.0008578185 0.0011659125 0.0008206139 0.0009106200 0.0009363668
[146] 0.0009577329 0.0009053858 0.0009393207 0.0008313224 0.0008998762
[151] 0.0009962782 0.0008866436 0.0010829327 0.0008738014 0.0008296171
[156] 0.0009123243 0.0008825842 0.0009373069 0.0009401275 0.0008748339
[161] 0.0009370508 0.0008926386 0.0009936594 0.0009091115 0.0008450092
[166] 0.0009740366 0.0008501785 0.0009516720 0.0010016336 0.0009144144
[171] 0.0008702532 0.0008993840 0.0008353721 0.0009176025 0.0009951277
[176] 0.0008598004 0.0009113324 0.0009401668 0.0010126423 0.0009111639
[181] 0.0009835884 0.0010011234 0.0009971112 0.0009139917 0.0009452425
[186] 0.0008356569 0.0009721685 0.0009137476 0.0009603653 0.0010910965
[191] 0.0008631988 0.0009724016 0.0008922305 0.0008829275 0.0008503138
[196] 0.0009361182 0.0009166347 0.0010158515 0.0009221659 0.0008917352
[1] "Percent of time PIP >= 0.1: "
  [1] 0.140 0.905 1.000 1.000 0.000 0.000 0.000 0.000 0.000 0.000 0.000 0.000
 [13] 0.000 0.000 0.000 0.000 0.000 0.000 0.000 0.000 0.000 0.000 0.000 0.000
 [25] 0.000 0.000 0.000 0.000 0.000 0.000 0.000 0.000 0.000 0.000 0.000 0.000
 [37] 0.000 0.000 0.000 0.000 0.000 0.000 0.000 0.000 0.000 0.000 0.000 0.000
 [49] 0.000 0.000 0.000 0.000 0.000 0.000 0.000 0.000 0.000 0.000 0.000 0.000
 [61] 0.000 0.000 0.000 0.000 0.000 0.000 0.000 0.000 0.000 0.000 0.000 0.000
 [73] 0.000 0.000 0.000 0.000 0.000 0.000 0.000 0.000 0.000 0.000 0.000 0.000
 [85] 0.000 0.000 0.000 0.000 0.000 0.000 0.000 0.000 0.000 0.000 0.000 0.000
 [97] 0.000 0.000 0.000 0.000 0.000 0.000 0.000 0.000 0.000 0.000 0.000 0.000
[109] 0.000 0.000 0.000 0.000 0.000 0.000 0.000 0.000 0.000 0.000 0.000 0.000
[121] 0.000 0.000 0.000 0.000 0.000 0.000 0.000 0.000 0.000 0.000 0.000 0.000
[133] 0.000 0.000 0.000 0.000 0.000 0.000 0.000 0.000 0.000 0.000 0.000 0.000
[145] 0.000 0.000 0.000 0.000 0.000 0.000 0.000 0.000 0.000 0.000 0.000 0.000
[157] 0.000 0.000 0.000 0.000 0.000 0.000 0.000 0.000 0.000 0.000 0.000 0.000
[169] 0.000 0.000 0.000 0.000 0.000 0.000 0.000 0.000 0.000 0.000 0.000 0.000
[181] 0.000 0.000 0.000 0.000 0.000 0.000 0.000 0.000 0.000 0.000 0.000 0.000
[193] 0.000 0.000 0.000 0.000 0.000 0.000 0.000 0.000
[1] "Percent of time PIP >= 0.5: "
  [1] 0.02 0.77 1.00 1.00 0.00 0.00 0.00 0.00 0.00 0.00 0.00 0.00 0.00 0.00 0.00
 [16] 0.00 0.00 0.00 0.00 0.00 0.00 0.00 0.00 0.00 0.00 0.00 0.00 0.00 0.00 0.00
 [31] 0.00 0.00 0.00 0.00 0.00 0.00 0.00 0.00 0.00 0.00 0.00 0.00 0.00 0.00 0.00
 [46] 0.00 0.00 0.00 0.00 0.00 0.00 0.00 0.00 0.00 0.00 0.00 0.00 0.00 0.00 0.00
 [61] 0.00 0.00 0.00 0.00 0.00 0.00 0.00 0.00 0.00 0.00 0.00 0.00 0.00 0.00 0.00
 [76] 0.00 0.00 0.00 0.00 0.00 0.00 0.00 0.00 0.00 0.00 0.00 0.00 0.00 0.00 0.00
 [91] 0.00 0.00 0.00 0.00 0.00 0.00 0.00 0.00 0.00 0.00 0.00 0.00 0.00 0.00 0.00
[106] 0.00 0.00 0.00 0.00 0.00 0.00 0.00 0.00 0.00 0.00 0.00 0.00 0.00 0.00 0.00
[121] 0.00 0.00 0.00 0.00 0.00 0.00 0.00 0.00 0.00 0.00 0.00 0.00 0.00 0.00 0.00
[136] 0.00 0.00 0.00 0.00 0.00 0.00 0.00 0.00 0.00 0.00 0.00 0.00 0.00 0.00 0.00
[151] 0.00 0.00 0.00 0.00 0.00 0.00 0.00 0.00 0.00 0.00 0.00 0.00 0.00 0.00 0.00
[166] 0.00 0.00 0.00 0.00 0.00 0.00 0.00 0.00 0.00 0.00 0.00 0.00 0.00 0.00 0.00
[181] 0.00 0.00 0.00 0.00 0.00 0.00 0.00 0.00 0.00 0.00 0.00 0.00 0.00 0.00 0.00
[196] 0.00 0.00 0.00 0.00 0.00
[1] "Percent of time PIP >= 0.9: "
  [1] 0.000 0.575 1.000 1.000 0.000 0.000 0.000 0.000 0.000 0.000 0.000 0.000
 [13] 0.000 0.000 0.000 0.000 0.000 0.000 0.000 0.000 0.000 0.000 0.000 0.000
 [25] 0.000 0.000 0.000 0.000 0.000 0.000 0.000 0.000 0.000 0.000 0.000 0.000
 [37] 0.000 0.000 0.000 0.000 0.000 0.000 0.000 0.000 0.000 0.000 0.000 0.000
 [49] 0.000 0.000 0.000 0.000 0.000 0.000 0.000 0.000 0.000 0.000 0.000 0.000
 [61] 0.000 0.000 0.000 0.000 0.000 0.000 0.000 0.000 0.000 0.000 0.000 0.000
 [73] 0.000 0.000 0.000 0.000 0.000 0.000 0.000 0.000 0.000 0.000 0.000 0.000
 [85] 0.000 0.000 0.000 0.000 0.000 0.000 0.000 0.000 0.000 0.000 0.000 0.000
 [97] 0.000 0.000 0.000 0.000 0.000 0.000 0.000 0.000 0.000 0.000 0.000 0.000
[109] 0.000 0.000 0.000 0.000 0.000 0.000 0.000 0.000 0.000 0.000 0.000 0.000
[121] 0.000 0.000 0.000 0.000 0.000 0.000 0.000 0.000 0.000 0.000 0.000 0.000
[133] 0.000 0.000 0.000 0.000 0.000 0.000 0.000 0.000 0.000 0.000 0.000 0.000
[145] 0.000 0.000 0.000 0.000 0.000 0.000 0.000 0.000 0.000 0.000 0.000 0.000
[157] 0.000 0.000 0.000 0.000 0.000 0.000 0.000 0.000 0.000 0.000 0.000 0.000
[169] 0.000 0.000 0.000 0.000 0.000 0.000 0.000 0.000 0.000 0.000 0.000 0.000
[181] 0.000 0.000 0.000 0.000 0.000 0.000 0.000 0.000 0.000 0.000 0.000 0.000
[193] 0.000 0.000 0.000 0.000 0.000 0.000 0.000 0.000
