[1] "Average Estimates for Betas: "
  [1]  4.763069e-02  9.875510e-02  2.034110e-01  3.019645e-01  7.030669e-04
  [6]  5.820349e-05  2.392240e-03  4.634296e-04 -1.024777e-03 -2.642149e-03
 [11]  1.544260e-03 -1.095450e-03  2.112906e-03 -1.738440e-03 -1.270701e-03
 [16]  1.737849e-03  2.627765e-03 -1.090696e-03  1.820754e-04  2.711303e-04
 [21]  8.162007e-04  1.444170e-03  3.485495e-04  9.431251e-04 -2.838183e-03
 [26] -8.554181e-04  5.714517e-04  5.581146e-04  1.577198e-03 -3.490664e-03
 [31]  3.301978e-03  1.457829e-03 -2.042328e-03 -3.693788e-04  1.599666e-03
 [36] -5.137223e-04 -1.154483e-03  4.213984e-04  8.345211e-05 -2.262323e-03
 [41] -3.959250e-04  1.385896e-03  2.295518e-03 -3.040208e-04 -1.089348e-03
 [46] -7.412071e-04 -2.146079e-03  1.377178e-04  2.212876e-04  2.484020e-03
 [51]  2.462873e-03 -2.624909e-03 -2.191718e-04 -1.193520e-03  1.443359e-03
 [56] -1.597429e-03 -1.174138e-03  5.013802e-03 -1.003365e-04 -3.844555e-04
 [61] -1.288075e-03 -1.303393e-03 -2.651200e-03 -4.366095e-04  1.161341e-03
 [66]  1.916939e-03  1.377084e-03  2.088624e-04  1.433486e-04  1.494397e-03
 [71] -3.089207e-03  2.647609e-03  2.960688e-03 -2.587773e-04  1.880768e-03
 [76]  2.387722e-03 -1.732314e-04  2.013131e-04 -2.472350e-03 -4.661078e-04
 [81]  1.754714e-04  1.985688e-04  2.652878e-03  9.167820e-04 -1.539383e-03
 [86]  8.384582e-04 -1.764034e-03 -2.091402e-03  2.230161e-03 -3.226782e-03
 [91]  3.007933e-03  1.284872e-03 -1.438411e-04  1.394621e-03  1.217395e-03
 [96] -9.914103e-04 -2.919147e-05 -9.017005e-04  6.617732e-04  1.035642e-03
[101] -2.487831e-03  2.406930e-03 -1.542654e-03  2.248038e-03 -1.054438e-03
[106]  5.642810e-05  5.815240e-05 -2.256884e-03  2.195917e-03 -2.775071e-03
[111]  2.615810e-03 -1.300857e-03  1.564235e-03 -2.566368e-03  9.216549e-04
[116]  1.328802e-03 -7.315147e-05 -1.187291e-03  5.443991e-04 -3.766148e-03
[121]  2.243862e-03 -5.338061e-04  1.221161e-03 -2.762823e-03 -1.899666e-03
[126]  1.948261e-03  3.959135e-03  7.780884e-04 -4.530104e-04 -1.113937e-03
[131] -1.535938e-03  1.850116e-03  3.379404e-03  8.431760e-04  3.483757e-03
[136]  2.115977e-03  4.530305e-04  5.154527e-04  2.133813e-03 -1.042568e-03
[141]  3.262194e-03  1.401566e-03 -6.537881e-05  1.219794e-03 -1.303371e-03
[146]  5.557471e-04  2.120127e-03 -9.859898e-04 -3.075694e-03 -1.883663e-03
[151]  2.326955e-03  1.594275e-03  1.757391e-03  5.966221e-04 -9.058372e-04
[156] -4.340139e-03 -5.815882e-04  2.457572e-03 -8.067859e-04 -3.346055e-03
[161] -7.122491e-04  2.222874e-03  2.447237e-03  2.312053e-03 -6.800174e-04
[166]  1.494004e-05  8.205231e-04 -4.636093e-05 -1.665496e-03 -6.980186e-04
[171]  1.614847e-04  1.033359e-03  1.342485e-03  6.377096e-04  3.277311e-03
[176]  2.227007e-03 -6.431164e-04 -5.478275e-05  2.899151e-03  1.232413e-03
[181] -9.463085e-04  1.219040e-04 -4.241259e-03  1.914963e-03  4.182590e-03
[186] -1.619245e-03 -2.412432e-03  2.744829e-03 -1.920956e-03  2.147124e-04
[191]  4.586556e-04 -1.905695e-04 -5.259266e-04  1.741467e-03 -2.236303e-03
[196] -3.009957e-03 -1.402972e-03 -7.419934e-04 -2.440239e-04  1.080909e-03
[1] "Standard Deviations of Betas: "
  [1] 0.02670502 0.02830498 0.02509172 0.02752303 0.02837846 0.02814746
  [7] 0.02703695 0.02757542 0.02885129 0.02684435 0.02714813 0.02817483
 [13] 0.02799035 0.02894369 0.02809904 0.02618432 0.02789029 0.02874325
 [19] 0.02768349 0.02831222 0.02973851 0.02870357 0.02965633 0.02926276
 [25] 0.02996537 0.02813656 0.02825281 0.02749149 0.02723488 0.02804330
 [31] 0.02786832 0.02503167 0.03021969 0.02709510 0.02753537 0.02793334
 [37] 0.03044110 0.02796896 0.02756094 0.02456062 0.03046711 0.02653157
 [43] 0.02845309 0.02949603 0.02914353 0.03066923 0.02709635 0.02973876
 [49] 0.02812589 0.02756582 0.02731053 0.02787117 0.02731459 0.02872116
 [55] 0.02750402 0.02529098 0.02853367 0.02908257 0.02651098 0.02954931
 [61] 0.02911821 0.02888200 0.02976654 0.02907127 0.02806082 0.02702829
 [67] 0.02922687 0.02528105 0.02966151 0.02944780 0.02826198 0.02813059
 [73] 0.02904110 0.02990513 0.02903232 0.02827412 0.02631824 0.02805851
 [79] 0.02824955 0.02756028 0.02825995 0.02800193 0.02577598 0.02855742
 [85] 0.02814723 0.02656021 0.02698923 0.03053028 0.02969200 0.02994273
 [91] 0.02811009 0.02611483 0.03072843 0.02531318 0.02732923 0.02607993
 [97] 0.02768092 0.02931013 0.02804473 0.02990224 0.02976456 0.02985548
[103] 0.02911313 0.02792738 0.03091353 0.02895912 0.02565413 0.02758415
[109] 0.02698804 0.03022116 0.02952957 0.02577310 0.02770272 0.03027175
[115] 0.02913433 0.02575762 0.02974903 0.03106321 0.02661382 0.02647587
[121] 0.02507761 0.02990992 0.02755456 0.02922846 0.02834057 0.02773547
[127] 0.02614884 0.02404416 0.02872068 0.02551524 0.02776790 0.02565196
[133] 0.02896973 0.02707898 0.02578276 0.02902285 0.03080736 0.03008763
[139] 0.02612828 0.02691919 0.02745304 0.02921128 0.02544973 0.02805853
[145] 0.02861713 0.03014411 0.02939467 0.02769357 0.02446312 0.02811882
[151] 0.02971917 0.02950869 0.02891655 0.02783912 0.02693405 0.02851473
[157] 0.02567306 0.02952925 0.03000818 0.02727444 0.02761879 0.02587306
[163] 0.02828958 0.02794584 0.02803878 0.02809987 0.02607895 0.02638380
[169] 0.02647918 0.02862255 0.02506352 0.02799066 0.02911279 0.03025153
[175] 0.02706743 0.02739261 0.02877347 0.02607648 0.02927954 0.02608673
[181] 0.02661405 0.03144584 0.02785081 0.02608219 0.02859829 0.02669984
[187] 0.02956128 0.02506316 0.02921304 0.03073692 0.02981580 0.03055440
[193] 0.02718011 0.02940897 0.02782012 0.02757770 0.02753463 0.03015614
[199] 0.02699101 0.02723964
[1] "Average StdErrors for Betas: "
  [1] 0.03810652 0.03868652 0.03876959 0.03833382 0.03875802 0.03851589
  [7] 0.03837102 0.03936631 0.03939335 0.03837381 0.03804613 0.03957404
 [13] 0.03826886 0.03868854 0.03796166 0.03794621 0.03815233 0.03840778
 [19] 0.03888869 0.03862898 0.03849044 0.03878589 0.03786256 0.03747679
 [25] 0.03926668 0.03871862 0.03805087 0.03761561 0.03807782 0.03857179
 [31] 0.03893060 0.03860116 0.03816145 0.03858151 0.03891201 0.03749409
 [37] 0.03898063 0.03849323 0.03944054 0.03883753 0.03949917 0.03921678
 [43] 0.03881725 0.03892985 0.03826182 0.03902065 0.03868540 0.03834374
 [49] 0.03973445 0.03762132 0.03881262 0.03749539 0.03791735 0.03844065
 [55] 0.03929429 0.03868369 0.03895312 0.03889338 0.03795268 0.03818234
 [61] 0.03913704 0.03825885 0.03943052 0.03841363 0.03833471 0.03779193
 [67] 0.03831944 0.03814190 0.03815642 0.03755724 0.03885888 0.03872941
 [73] 0.03827955 0.03860415 0.03806573 0.03798123 0.03849659 0.03846613
 [79] 0.03858406 0.03854385 0.03785146 0.03764273 0.03861922 0.03852542
 [85] 0.03818454 0.03808800 0.03806948 0.03842040 0.03869566 0.03935311
 [91] 0.03885099 0.03799206 0.03884351 0.03861827 0.03779649 0.03867379
 [97] 0.03849165 0.03823916 0.03891976 0.03828386 0.03925551 0.03930630
[103] 0.03947386 0.03780617 0.03931351 0.03811744 0.03905858 0.03838467
[109] 0.03855899 0.03884158 0.03892177 0.03721191 0.03759672 0.03851817
[115] 0.03895877 0.03876478 0.03902804 0.03880670 0.03822103 0.03921510
[121] 0.03742296 0.03828828 0.03854338 0.03813759 0.03809620 0.03748569
[127] 0.03850349 0.03805212 0.03891846 0.03851172 0.03887258 0.03823578
[133] 0.03840754 0.03790215 0.03957406 0.03866167 0.03875235 0.03859628
[139] 0.03778001 0.03877282 0.03785544 0.03813602 0.03848728 0.03891477
[145] 0.03819775 0.03988751 0.03875106 0.03814814 0.03821889 0.03895578
[151] 0.03788671 0.03917690 0.03898196 0.03780144 0.03703688 0.03852913
[157] 0.03880909 0.03917581 0.03872939 0.03857490 0.03906535 0.03875901
[163] 0.03938239 0.03893022 0.03840552 0.03940449 0.03881705 0.03922486
[169] 0.03772720 0.03785727 0.03871274 0.03821656 0.03819067 0.03859972
[175] 0.03834862 0.03896407 0.03821831 0.03838019 0.03916815 0.03830045
[181] 0.03843042 0.03868781 0.03818913 0.03792662 0.03902909 0.03787643
[187] 0.03861794 0.03909326 0.03852647 0.03905537 0.03904202 0.03914486
[193] 0.03893984 0.03871236 0.03820967 0.03878622 0.03749747 0.03899457
[199] 0.03825623 0.03868769
[1] "Positive rate for exposures: "
  [1] 0.180 0.740 1.000 1.000 0.030 0.005 0.015 0.005 0.020 0.005 0.005 0.015
 [13] 0.015 0.005 0.020 0.010 0.005 0.010 0.015 0.015 0.000 0.005 0.010 0.015
 [25] 0.005 0.025 0.000 0.005 0.005 0.025 0.000 0.005 0.005 0.000 0.015 0.015
 [37] 0.035 0.005 0.010 0.005 0.010 0.005 0.020 0.010 0.015 0.020 0.005 0.020
 [49] 0.000 0.005 0.000 0.010 0.000 0.005 0.005 0.000 0.015 0.005 0.005 0.010
 [61] 0.005 0.010 0.015 0.005 0.020 0.015 0.010 0.010 0.015 0.015 0.010 0.010
 [73] 0.015 0.025 0.025 0.010 0.005 0.010 0.000 0.010 0.020 0.015 0.005 0.000
 [85] 0.010 0.005 0.005 0.020 0.025 0.015 0.005 0.005 0.015 0.000 0.010 0.005
 [97] 0.010 0.010 0.010 0.020 0.015 0.015 0.005 0.005 0.015 0.020 0.000 0.020
[109] 0.000 0.030 0.005 0.000 0.010 0.020 0.010 0.005 0.025 0.010 0.005 0.005
[121] 0.010 0.015 0.005 0.010 0.015 0.010 0.005 0.005 0.005 0.010 0.000 0.015
[133] 0.005 0.010 0.000 0.010 0.005 0.015 0.005 0.020 0.015 0.015 0.000 0.005
[145] 0.010 0.015 0.010 0.005 0.015 0.000 0.010 0.015 0.010 0.010 0.005 0.010
[157] 0.000 0.005 0.010 0.010 0.010 0.005 0.005 0.015 0.005 0.000 0.005 0.000
[169] 0.005 0.010 0.000 0.020 0.020 0.015 0.030 0.005 0.015 0.005 0.000 0.005
[181] 0.000 0.030 0.000 0.005 0.005 0.015 0.010 0.000 0.025 0.020 0.015 0.015
[193] 0.010 0.010 0.000 0.015 0.010 0.005 0.010 0.005
[1] "Q-value positive rate for exposures: "
  [1] 0.000 0.215 0.920 1.000 0.005 0.000 0.000 0.000 0.000 0.000 0.000 0.000
 [13] 0.000 0.000 0.000 0.000 0.000 0.000 0.000 0.000 0.000 0.000 0.000 0.000
 [25] 0.000 0.000 0.000 0.000 0.000 0.000 0.000 0.000 0.000 0.000 0.000 0.000
 [37] 0.000 0.000 0.000 0.000 0.000 0.000 0.000 0.000 0.000 0.000 0.000 0.000
 [49] 0.000 0.000 0.000 0.000 0.000 0.000 0.000 0.000 0.000 0.000 0.000 0.000
 [61] 0.000 0.000 0.000 0.000 0.000 0.000 0.000 0.000 0.000 0.000 0.000 0.000
 [73] 0.000 0.000 0.000 0.000 0.000 0.000 0.000 0.000 0.000 0.000 0.000 0.000
 [85] 0.000 0.000 0.000 0.000 0.000 0.000 0.000 0.000 0.000 0.000 0.000 0.000
 [97] 0.000 0.000 0.000 0.000 0.000 0.000 0.000 0.000 0.000 0.000 0.000 0.000
[109] 0.000 0.000 0.000 0.000 0.000 0.000 0.000 0.000 0.000 0.000 0.000 0.000
[121] 0.000 0.000 0.000 0.000 0.000 0.000 0.000 0.000 0.000 0.000 0.000 0.000
[133] 0.000 0.000 0.000 0.000 0.000 0.000 0.000 0.000 0.000 0.000 0.000 0.000
[145] 0.000 0.000 0.000 0.000 0.000 0.000 0.000 0.000 0.000 0.000 0.000 0.000
[157] 0.000 0.000 0.000 0.000 0.000 0.000 0.000 0.000 0.000 0.000 0.000 0.000
[169] 0.000 0.000 0.000 0.000 0.000 0.000 0.000 0.000 0.000 0.000 0.000 0.000
[181] 0.000 0.000 0.000 0.000 0.000 0.000 0.000 0.000 0.000 0.000 0.000 0.000
[193] 0.000 0.000 0.000 0.000 0.000 0.000 0.000 0.000
[1] "Precision/Recall/F1 based on p-values:"
[1] 0.5995893 0.7300000 0.6583991
[1] "Precision/Recall/F1 based on Q-values:"
[1] 0.9976636 0.5337500 0.6954397
