[1] "Average Estimates for Betas: "
  [1]  4.600959e-02  1.014666e-01  2.023213e-01  3.025116e-01 -1.806390e-03
  [6]  4.123119e-03  2.278423e-03  1.632473e-03 -6.247952e-03 -1.196867e-03
 [11]  1.738422e-03 -1.322446e-03  1.562272e-03 -1.540641e-03  2.674819e-05
 [16]  1.567742e-03  5.988887e-03 -9.361823e-04  7.163852e-04  3.540747e-03
 [21]  3.317681e-03 -2.227164e-03 -2.155732e-03 -1.998426e-03 -1.794568e-03
 [26]  2.605025e-05 -2.812586e-03  5.491558e-04  1.595232e-04 -2.636357e-03
 [31]  2.367424e-03  5.244269e-03 -1.262305e-03 -5.706439e-03  3.308406e-03
 [36]  2.284752e-03 -3.186128e-03  7.582585e-03 -5.320506e-03  1.489248e-03
 [41] -8.998095e-04  1.913501e-03  3.769319e-03  4.642117e-03 -3.111252e-03
 [46] -1.286373e-03 -5.109454e-03 -2.504174e-03  2.073761e-03  5.212121e-03
 [51]  4.972256e-03 -2.018935e-03 -1.993413e-03  2.983381e-03 -2.239428e-04
 [56] -3.122353e-03 -1.718631e-03  8.318557e-03 -1.422306e-03  2.393313e-03
 [61] -6.701279e-04 -7.059994e-04 -4.600580e-03 -2.675941e-03  3.517121e-03
 [66]  7.479576e-04 -3.207874e-03  7.199068e-04  4.206178e-03  9.968246e-04
 [71] -5.971358e-03  6.753527e-03  4.064375e-03 -1.797100e-03 -3.077876e-03
 [76] -1.874281e-03 -1.094759e-03  4.179994e-04 -4.257483e-04  3.035501e-03
 [81] -3.198078e-03  1.757880e-03  3.070110e-04 -3.941041e-03 -8.517710e-04
 [86]  4.733687e-03  9.578092e-04 -1.398665e-03  4.488378e-03 -2.211634e-04
 [91] -3.098708e-04 -1.583955e-03  3.088483e-03 -7.798885e-04  5.176589e-04
 [96]  5.193918e-03 -1.949774e-03  3.943722e-04 -7.066454e-04  3.400028e-03
[101] -2.472521e-03  5.012789e-03 -2.497673e-04  2.455699e-03 -1.636781e-03
[106] -1.326926e-03  4.475615e-03 -4.169561e-04  5.529534e-03  2.320429e-03
[111]  3.530205e-03 -4.590203e-03 -4.518379e-03  1.678432e-03 -2.795871e-03
[116] -2.307882e-03  4.950959e-03  6.405412e-04  2.754525e-03 -9.006850e-04
[121]  3.654675e-03 -1.234087e-03  2.827653e-03 -7.473628e-04 -5.035455e-03
[126] -3.684263e-04  6.818670e-03  3.309362e-03 -2.193282e-03  2.236498e-03
[131]  4.092831e-04  2.728775e-03  7.194522e-03  2.367751e-03 -5.556999e-04
[136]  6.386137e-04 -2.365984e-03  3.242557e-03  5.793506e-03 -1.857176e-03
[141]  2.658904e-03  1.636133e-03 -2.898850e-03 -1.762399e-03  3.928352e-03
[146]  3.612420e-03  6.544212e-03 -1.286229e-03 -2.539478e-03 -4.488905e-03
[151]  6.795089e-03 -1.973998e-03 -3.822780e-04 -1.918521e-03 -2.131056e-03
[156] -3.536265e-04 -8.504466e-04  5.045082e-04 -2.217852e-03 -5.775936e-03
[161] -5.428154e-03  6.460936e-03  4.351719e-03 -9.389732e-04  2.576953e-03
[166]  3.227408e-03  2.797655e-03 -3.161644e-04  1.188623e-03 -5.287694e-03
[171] -5.592313e-04  3.551884e-03 -1.687452e-03  1.249961e-03  4.653318e-04
[176]  4.993495e-03  7.955338e-04  4.447194e-03 -2.449159e-03  1.993733e-03
[181] -2.557609e-03 -1.504945e-03 -3.143176e-03  5.941634e-03  2.227151e-03
[186] -3.360789e-03  1.918107e-03  8.126497e-03  2.297120e-05 -4.053747e-04
[191] -1.103647e-03 -3.492967e-03  1.735614e-03  7.096681e-04 -5.557079e-04
[196] -7.712090e-03 -1.157972e-03  4.445075e-03 -3.858991e-03 -1.803028e-03
[1] "Standard Deviations of Betas: "
  [1] 0.04133224 0.03917430 0.04127176 0.03972814 0.04126255 0.03886097
  [7] 0.03868126 0.04092938 0.04300870 0.04154787 0.04010522 0.04207499
 [13] 0.04012315 0.04269498 0.03949000 0.04039804 0.04232203 0.04365983
 [19] 0.04409002 0.03982507 0.04644640 0.03996547 0.04234480 0.04208219
 [25] 0.04266548 0.03982512 0.04085134 0.04023190 0.04272242 0.04253761
 [31] 0.04263964 0.04076470 0.04696034 0.04237270 0.04230101 0.04186200
 [37] 0.04368241 0.03985246 0.04359020 0.03777202 0.03799828 0.03759447
 [43] 0.04324023 0.03925923 0.04120492 0.04782217 0.04070281 0.04893882
 [49] 0.03895328 0.04058875 0.04311430 0.03779925 0.04076498 0.03943034
 [55] 0.04209205 0.04209477 0.04221083 0.04122859 0.04243680 0.03936012
 [61] 0.04307168 0.04052048 0.04585838 0.03771038 0.04494252 0.03935932
 [67] 0.04304235 0.03966927 0.04263361 0.04236198 0.03985473 0.03548664
 [73] 0.04605805 0.04655635 0.04003677 0.04397970 0.03532073 0.03823538
 [79] 0.04217051 0.04101847 0.04003852 0.04232758 0.03974084 0.03943814
 [85] 0.04372919 0.04064257 0.03967838 0.04047976 0.04628015 0.04854727
 [91] 0.04222224 0.03704499 0.03967341 0.03564876 0.04078040 0.03653018
 [97] 0.04104283 0.04060578 0.04561000 0.03884930 0.04338556 0.03888010
[103] 0.04372510 0.04581316 0.03978956 0.03719225 0.04973403 0.04163229
[109] 0.04195139 0.04561357 0.04226842 0.03999756 0.04025953 0.04134548
[115] 0.04749548 0.04092133 0.04188806 0.04093252 0.03871903 0.03911048
[121] 0.03830417 0.04334786 0.04344383 0.04174016 0.03719663 0.03674080
[127] 0.04017726 0.04098416 0.04350636 0.04119502 0.04262432 0.03901776
[133] 0.04190799 0.04259432 0.04307630 0.04062026 0.04613458 0.04367341
[139] 0.04151690 0.03842195 0.03850657 0.04333744 0.03976717 0.03772327
[145] 0.04287801 0.04127119 0.03710974 0.04051523 0.04060236 0.04232574
[151] 0.03658348 0.03881114 0.04167572 0.04000331 0.04268082 0.04207980
[157] 0.03544563 0.03895037 0.04361183 0.04245058 0.04149373 0.03998281
[163] 0.03720064 0.03756178 0.04290695 0.04313834 0.04113433 0.04131401
[169] 0.03748110 0.03686150 0.04057384 0.03955762 0.03816142 0.03931783
[175] 0.04052213 0.04072408 0.03929036 0.03674366 0.04193101 0.04001100
[181] 0.04102462 0.04352277 0.04255989 0.03880666 0.04623610 0.04062902
[187] 0.03877694 0.04043261 0.04157168 0.04175847 0.04669367 0.05008632
[193] 0.04214540 0.04280729 0.04391293 0.04173342 0.03791126 0.04335126
[199] 0.04038432 0.03807215
[1] "Average StdErrors for Betas: "
  [1] 0.02677048 0.02700621 0.02808424 0.02739388 0.02686831 0.02678902
  [7] 0.02752671 0.02773546 0.02806778 0.02776370 0.02757962 0.02789770
 [13] 0.02760365 0.02664829 0.02708825 0.02695534 0.02670250 0.02724793
 [19] 0.02862712 0.02792218 0.02708940 0.02736479 0.02833952 0.02702295
 [25] 0.02813561 0.02751980 0.02739300 0.02649481 0.02796405 0.02780042
 [31] 0.02744851 0.02724520 0.02699767 0.02791978 0.02743381 0.02712213
 [37] 0.02773706 0.02748871 0.02792612 0.02825278 0.02817678 0.02761558
 [43] 0.02757085 0.02833633 0.02795720 0.02785711 0.02701022 0.02721688
 [49] 0.02806390 0.02714433 0.02803171 0.02784210 0.02744014 0.02771775
 [55] 0.02805679 0.02761808 0.02760953 0.02724304 0.02714799 0.02698401
 [61] 0.02854124 0.02723749 0.02828852 0.02710500 0.02801190 0.02662922
 [67] 0.02723447 0.02688721 0.02741826 0.02687797 0.02740815 0.02741866
 [73] 0.02747126 0.02777282 0.02792886 0.02674171 0.02685302 0.02714470
 [79] 0.02799046 0.02703666 0.02767868 0.02621829 0.02734165 0.02851792
 [85] 0.02701424 0.02670750 0.02719077 0.02753513 0.02736776 0.02896271
 [91] 0.02726567 0.02728277 0.02729299 0.02698829 0.02716047 0.02734646
 [97] 0.02734667 0.02703440 0.02761740 0.02699826 0.02845199 0.02742101
[103] 0.02823283 0.02672579 0.02738093 0.02734386 0.02847869 0.02721819
[109] 0.02788698 0.02736800 0.02809090 0.02654783 0.02690110 0.02683347
[115] 0.02803024 0.02772599 0.02818500 0.02742639 0.02750924 0.02869934
[121] 0.02709128 0.02790015 0.02720322 0.02754678 0.02785126 0.02662057
[127] 0.02773933 0.02669734 0.02774041 0.02664246 0.02720878 0.02760280
[133] 0.02752446 0.02725626 0.02803241 0.02710274 0.02791585 0.02755605
[139] 0.02736655 0.02834100 0.02770848 0.02758382 0.02831281 0.02855900
[145] 0.02716620 0.02880491 0.02791231 0.02811496 0.02752418 0.02841619
[151] 0.02643832 0.02756498 0.02801272 0.02616928 0.02608959 0.02718825
[157] 0.02736746 0.02859042 0.02767686 0.02756476 0.02825099 0.02814798
[163] 0.02726557 0.02761596 0.02738373 0.02841657 0.02860421 0.02739422
[169] 0.02698666 0.02747653 0.02790750 0.02723476 0.02753439 0.02719339
[175] 0.02692972 0.02723927 0.02815980 0.02829743 0.02723097 0.02835482
[181] 0.02795927 0.02770815 0.02731754 0.02728943 0.02756062 0.02719550
[187] 0.02717530 0.02795516 0.02754899 0.02824309 0.02713254 0.02798113
[193] 0.02788680 0.02748335 0.02705569 0.02884384 0.02621001 0.02750575
[199] 0.02760042 0.02825172
[1] "Positive rate for exposures: "
  [1] 0.5000000 0.9041096 1.0000000 1.0000000 0.2808219 0.1986301 0.2123288
  [8] 0.1780822 0.2260274 0.1506849 0.1780822 0.1986301 0.1780822 0.1986301
 [15] 0.1780822 0.1780822 0.2328767 0.1986301 0.1712329 0.1643836 0.2328767
 [22] 0.1301370 0.1712329 0.2260274 0.1849315 0.1643836 0.2191781 0.2054795
 [29] 0.1780822 0.1712329 0.1917808 0.2260274 0.2465753 0.2260274 0.1575342
 [36] 0.2191781 0.1986301 0.1986301 0.1643836 0.1438356 0.1643836 0.1301370
 [43] 0.1917808 0.1849315 0.1917808 0.2465753 0.2054795 0.3150685 0.1575342
 [50] 0.2123288 0.2123288 0.1917808 0.1917808 0.1643836 0.1849315 0.1986301
 [57] 0.1917808 0.2260274 0.1917808 0.1986301 0.2123288 0.2123288 0.2328767
 [64] 0.1986301 0.1917808 0.1643836 0.2808219 0.1917808 0.2054795 0.1780822
 [71] 0.2260274 0.1369863 0.1986301 0.2397260 0.2054795 0.2191781 0.1506849
 [78] 0.1575342 0.2123288 0.2191781 0.2397260 0.2260274 0.1575342 0.1986301
 [85] 0.1438356 0.2123288 0.1780822 0.1575342 0.2739726 0.2328767 0.2191781
 [92] 0.1506849 0.1849315 0.1849315 0.2191781 0.1369863 0.1917808 0.2123288
 [99] 0.2260274 0.1780822 0.1986301 0.1780822 0.1780822 0.2534247 0.1849315
[106] 0.1849315 0.2191781 0.1849315 0.1849315 0.2739726 0.2123288 0.2123288
[113] 0.1712329 0.2328767 0.2602740 0.1780822 0.2191781 0.1917808 0.2260274
[120] 0.1917808 0.1986301 0.1712329 0.2602740 0.1986301 0.1643836 0.1575342
[127] 0.1780822 0.2191781 0.1712329 0.2397260 0.2534247 0.1849315 0.1917808
[134] 0.1780822 0.1712329 0.2260274 0.2191781 0.1506849 0.2397260 0.1438356
[141] 0.1986301 0.2397260 0.1575342 0.1643836 0.2260274 0.1849315 0.1917808
[148] 0.1712329 0.2328767 0.2054795 0.1917808 0.1643836 0.1643836 0.2191781
[155] 0.2054795 0.1917808 0.1301370 0.1506849 0.2260274 0.1506849 0.1917808
[162] 0.1917808 0.1643836 0.1438356 0.1849315 0.2191781 0.1849315 0.2260274
[169] 0.1986301 0.1643836 0.2328767 0.1575342 0.2123288 0.1712329 0.1575342
[176] 0.1712329 0.1849315 0.1232877 0.2123288 0.1712329 0.1917808 0.1712329
[183] 0.2123288 0.1575342 0.2465753 0.1917808 0.1849315 0.2260274 0.1917808
[190] 0.2191781 0.1849315 0.2534247 0.2191781 0.2123288 0.1986301 0.2191781
[197] 0.1780822 0.2123288 0.1575342 0.1849315
[1] "Q-value positive rate for exposures: "
  [1] 0.23287671 0.65753425 0.95205479 1.00000000 0.10273973 0.08219178
  [7] 0.05479452 0.06849315 0.10273973 0.06164384 0.10958904 0.08219178
 [13] 0.04109589 0.08904110 0.06849315 0.08219178 0.08904110 0.06849315
 [19] 0.06164384 0.04109589 0.07534247 0.06849315 0.05479452 0.08904110
 [25] 0.08904110 0.07534247 0.06164384 0.11643836 0.07534247 0.08904110
 [31] 0.10273973 0.10273973 0.11643836 0.08219178 0.05479452 0.10958904
 [37] 0.10273973 0.05479452 0.07534247 0.04794521 0.02739726 0.04794521
 [43] 0.10958904 0.08219178 0.04794521 0.10273973 0.08219178 0.14383562
 [49] 0.06164384 0.08219178 0.08219178 0.06164384 0.04109589 0.07534247
 [55] 0.07534247 0.08904110 0.06849315 0.08219178 0.09589041 0.06849315
 [61] 0.07534247 0.06849315 0.08219178 0.08219178 0.09589041 0.05479452
 [67] 0.08904110 0.08904110 0.06164384 0.08219178 0.07534247 0.06164384
 [73] 0.08219178 0.10958904 0.08219178 0.11643836 0.06849315 0.04794521
 [79] 0.09589041 0.07534247 0.07534247 0.10273973 0.04109589 0.05479452
 [85] 0.05479452 0.07534247 0.05479452 0.07534247 0.11643836 0.09589041
 [91] 0.10958904 0.04109589 0.08219178 0.07534247 0.08219178 0.06164384
 [97] 0.07534247 0.07534247 0.13013699 0.07534247 0.09589041 0.06849315
[103] 0.07534247 0.10273973 0.08219178 0.06164384 0.10273973 0.09589041
[109] 0.07534247 0.13013699 0.07534247 0.09589041 0.07534247 0.08219178
[115] 0.10958904 0.08219178 0.05479452 0.06849315 0.04109589 0.07534247
[121] 0.08904110 0.06164384 0.08904110 0.05479452 0.06164384 0.04794521
[127] 0.07534247 0.08904110 0.04109589 0.05479452 0.10958904 0.10273973
[133] 0.07534247 0.07534247 0.06849315 0.09589041 0.06164384 0.07534247
[139] 0.08219178 0.06849315 0.06849315 0.05479452 0.08904110 0.04794521
[145] 0.08219178 0.06849315 0.07534247 0.04794521 0.08219178 0.06849315
[151] 0.06849315 0.04794521 0.08219178 0.07534247 0.10958904 0.07534247
[157] 0.04109589 0.07534247 0.09589041 0.05479452 0.06164384 0.10273973
[163] 0.06849315 0.03424658 0.10273973 0.05479452 0.07534247 0.06849315
[169] 0.07534247 0.06849315 0.08219178 0.08219178 0.05479452 0.06849315
[175] 0.07534247 0.08904110 0.04794521 0.04794521 0.10273973 0.08219178
[181] 0.06849315 0.08904110 0.08219178 0.06164384 0.09589041 0.08219178
[187] 0.06164384 0.06849315 0.09589041 0.09589041 0.10958904 0.09589041
[193] 0.06849315 0.06849315 0.08904110 0.08219178 0.08904110 0.09589041
[199] 0.07534247 0.06849315
[1] "Precision/Recall/F1 based on p-values:"
[1] 0.08144871 0.85102740 0.14866886
[1] "Precision/Recall/F1 based on Q-values:"
[1] 0.1579148 0.7106164 0.2584060
