[1] "Average PIPs: "
  [1] 1.294021e-02 5.919511e-01 9.895926e-01 9.997230e-01 5.051500e-05
  [6] 5.619478e-05 6.330605e-05 7.726071e-05 5.300826e-05 5.351751e-05
 [11] 5.034631e-05 5.258404e-05 6.424821e-05 4.890512e-05 6.736531e-05
 [16] 5.626373e-05 4.947546e-05 5.430815e-05 6.019881e-05 8.367257e-05
 [21] 5.208166e-05 5.298823e-05 7.359506e-05 5.226469e-05 5.503937e-05
 [26] 1.179255e-04 5.641803e-05 5.981419e-05 5.255252e-05 6.961450e-05
 [31] 6.180965e-05 6.047889e-05 9.019997e-05 5.424337e-05 9.023108e-05
 [36] 4.998546e-05 6.095008e-05 6.825569e-05 4.891198e-05 8.992613e-05
 [41] 7.423965e-05 4.919363e-05 6.314157e-05 1.048803e-04 5.060187e-05
 [46] 8.233746e-05 5.323764e-05 6.029194e-05 6.259805e-05 5.579883e-05
 [51] 7.547291e-05 5.714768e-05 4.907007e-05 2.641861e-04 6.844779e-05
 [56] 5.686991e-05 7.345848e-05 6.717970e-05 5.588098e-05 5.705369e-05
 [61] 6.151723e-05 7.250126e-05 1.109113e-04 6.325937e-05 5.067627e-05
 [66] 8.922079e-05 7.641492e-05 7.656775e-05 5.068005e-05 5.810454e-05
 [71] 5.052222e-05 5.926087e-05 5.492622e-05 2.845705e-04 6.902422e-05
 [76] 5.040346e-05 6.622807e-05 6.810802e-05 5.705189e-05 5.405682e-05
 [81] 5.095404e-05 5.412863e-05 8.623055e-05 5.323799e-05 4.988734e-05
 [86] 7.307772e-05 8.905649e-05 1.088056e-04 5.447482e-05 6.593292e-05
 [91] 5.147702e-05 4.817790e-05 5.423583e-05 5.699244e-05 7.712102e-05
 [96] 6.462757e-05 8.913683e-05 1.035899e-04 6.213495e-05 9.369199e-05
[101] 7.923679e-05 1.825114e-04 6.382788e-05 4.972152e-05 1.056404e-04
[106] 5.068325e-05 5.040378e-05 5.007292e-05 5.566752e-05 6.073523e-05
[111] 8.003285e-05 8.125769e-05 8.980584e-05 7.346681e-05 4.975355e-05
[116] 5.370490e-05 5.729060e-05 6.936410e-05 6.067936e-05 8.308095e-05
[121] 1.080125e-04 1.405905e-04 5.287927e-05 6.594396e-05 5.348747e-05
[126] 5.427559e-05 5.891433e-05 6.018660e-05 5.313545e-05 7.586978e-05
[131] 1.086682e-04 4.841225e-05 5.336883e-05 4.927260e-05 5.270252e-05
[136] 1.694835e-04 5.510250e-05 5.025075e-05 6.923621e-05 6.505074e-05
[141] 4.975012e-05 6.386110e-05 4.875316e-05 7.969047e-05 1.329078e-04
[146] 8.398623e-05 5.477320e-05 6.860710e-05 6.057086e-05 4.971662e-05
[151] 5.233013e-05 7.673580e-05 5.000157e-05 5.586249e-05 5.172006e-05
[156] 8.559381e-05 6.992240e-05 7.193543e-05 6.031074e-05 5.187246e-05
[161] 4.964601e-05 4.979571e-05 5.407283e-05 4.921283e-05 5.890488e-05
[166] 4.935185e-05 5.013081e-05 7.237587e-05 7.324432e-05 6.807088e-05
[171] 5.727225e-05 5.369224e-05 6.660660e-05 5.136267e-05 7.916423e-05
[176] 5.442015e-05 6.767470e-05 4.857037e-05 5.195245e-05 4.968731e-05
[181] 5.728808e-05 5.308454e-05 5.188653e-05 5.888499e-05 5.195998e-05
[186] 6.044009e-05 6.368725e-05 7.535277e-05 5.112381e-05 6.701042e-05
[191] 5.107770e-05 5.034322e-05 1.121254e-04 5.055794e-05 5.346324e-05
[196] 5.496881e-05 5.262664e-05 5.288528e-05 5.290750e-05 5.833324e-05
[1] "Percent of time PIP >= 0.1: "
  [1] 0.025 0.600 0.995 1.000 0.000 0.000 0.000 0.000 0.000 0.000 0.000 0.000
 [13] 0.000 0.000 0.000 0.000 0.000 0.000 0.000 0.000 0.000 0.000 0.000 0.000
 [25] 0.000 0.000 0.000 0.000 0.000 0.000 0.000 0.000 0.000 0.000 0.000 0.000
 [37] 0.000 0.000 0.000 0.000 0.000 0.000 0.000 0.000 0.000 0.000 0.000 0.000
 [49] 0.000 0.000 0.000 0.000 0.000 0.000 0.000 0.000 0.000 0.000 0.000 0.000
 [61] 0.000 0.000 0.000 0.000 0.000 0.000 0.000 0.000 0.000 0.000 0.000 0.000
 [73] 0.000 0.000 0.000 0.000 0.000 0.000 0.000 0.000 0.000 0.000 0.000 0.000
 [85] 0.000 0.000 0.000 0.000 0.000 0.000 0.000 0.000 0.000 0.000 0.000 0.000
 [97] 0.000 0.000 0.000 0.000 0.000 0.000 0.000 0.000 0.000 0.000 0.000 0.000
[109] 0.000 0.000 0.000 0.000 0.000 0.000 0.000 0.000 0.000 0.000 0.000 0.000
[121] 0.000 0.000 0.000 0.000 0.000 0.000 0.000 0.000 0.000 0.000 0.000 0.000
[133] 0.000 0.000 0.000 0.000 0.000 0.000 0.000 0.000 0.000 0.000 0.000 0.000
[145] 0.000 0.000 0.000 0.000 0.000 0.000 0.000 0.000 0.000 0.000 0.000 0.000
[157] 0.000 0.000 0.000 0.000 0.000 0.000 0.000 0.000 0.000 0.000 0.000 0.000
[169] 0.000 0.000 0.000 0.000 0.000 0.000 0.000 0.000 0.000 0.000 0.000 0.000
[181] 0.000 0.000 0.000 0.000 0.000 0.000 0.000 0.000 0.000 0.000 0.000 0.000
[193] 0.000 0.000 0.000 0.000 0.000 0.000 0.000 0.000
[1] "Percent of time PIP >= 0.5: "
  [1] 0.010 0.600 0.995 1.000 0.000 0.000 0.000 0.000 0.000 0.000 0.000 0.000
 [13] 0.000 0.000 0.000 0.000 0.000 0.000 0.000 0.000 0.000 0.000 0.000 0.000
 [25] 0.000 0.000 0.000 0.000 0.000 0.000 0.000 0.000 0.000 0.000 0.000 0.000
 [37] 0.000 0.000 0.000 0.000 0.000 0.000 0.000 0.000 0.000 0.000 0.000 0.000
 [49] 0.000 0.000 0.000 0.000 0.000 0.000 0.000 0.000 0.000 0.000 0.000 0.000
 [61] 0.000 0.000 0.000 0.000 0.000 0.000 0.000 0.000 0.000 0.000 0.000 0.000
 [73] 0.000 0.000 0.000 0.000 0.000 0.000 0.000 0.000 0.000 0.000 0.000 0.000
 [85] 0.000 0.000 0.000 0.000 0.000 0.000 0.000 0.000 0.000 0.000 0.000 0.000
 [97] 0.000 0.000 0.000 0.000 0.000 0.000 0.000 0.000 0.000 0.000 0.000 0.000
[109] 0.000 0.000 0.000 0.000 0.000 0.000 0.000 0.000 0.000 0.000 0.000 0.000
[121] 0.000 0.000 0.000 0.000 0.000 0.000 0.000 0.000 0.000 0.000 0.000 0.000
[133] 0.000 0.000 0.000 0.000 0.000 0.000 0.000 0.000 0.000 0.000 0.000 0.000
[145] 0.000 0.000 0.000 0.000 0.000 0.000 0.000 0.000 0.000 0.000 0.000 0.000
[157] 0.000 0.000 0.000 0.000 0.000 0.000 0.000 0.000 0.000 0.000 0.000 0.000
[169] 0.000 0.000 0.000 0.000 0.000 0.000 0.000 0.000 0.000 0.000 0.000 0.000
[181] 0.000 0.000 0.000 0.000 0.000 0.000 0.000 0.000 0.000 0.000 0.000 0.000
[193] 0.000 0.000 0.000 0.000 0.000 0.000 0.000 0.000
[1] "Percent of time PIP >= 0.9: "
  [1] 0.010 0.580 0.975 1.000 0.000 0.000 0.000 0.000 0.000 0.000 0.000 0.000
 [13] 0.000 0.000 0.000 0.000 0.000 0.000 0.000 0.000 0.000 0.000 0.000 0.000
 [25] 0.000 0.000 0.000 0.000 0.000 0.000 0.000 0.000 0.000 0.000 0.000 0.000
 [37] 0.000 0.000 0.000 0.000 0.000 0.000 0.000 0.000 0.000 0.000 0.000 0.000
 [49] 0.000 0.000 0.000 0.000 0.000 0.000 0.000 0.000 0.000 0.000 0.000 0.000
 [61] 0.000 0.000 0.000 0.000 0.000 0.000 0.000 0.000 0.000 0.000 0.000 0.000
 [73] 0.000 0.000 0.000 0.000 0.000 0.000 0.000 0.000 0.000 0.000 0.000 0.000
 [85] 0.000 0.000 0.000 0.000 0.000 0.000 0.000 0.000 0.000 0.000 0.000 0.000
 [97] 0.000 0.000 0.000 0.000 0.000 0.000 0.000 0.000 0.000 0.000 0.000 0.000
[109] 0.000 0.000 0.000 0.000 0.000 0.000 0.000 0.000 0.000 0.000 0.000 0.000
[121] 0.000 0.000 0.000 0.000 0.000 0.000 0.000 0.000 0.000 0.000 0.000 0.000
[133] 0.000 0.000 0.000 0.000 0.000 0.000 0.000 0.000 0.000 0.000 0.000 0.000
[145] 0.000 0.000 0.000 0.000 0.000 0.000 0.000 0.000 0.000 0.000 0.000 0.000
[157] 0.000 0.000 0.000 0.000 0.000 0.000 0.000 0.000 0.000 0.000 0.000 0.000
[169] 0.000 0.000 0.000 0.000 0.000 0.000 0.000 0.000 0.000 0.000 0.000 0.000
[181] 0.000 0.000 0.000 0.000 0.000 0.000 0.000 0.000 0.000 0.000 0.000 0.000
[193] 0.000 0.000 0.000 0.000 0.000 0.000 0.000 0.000
