[1] "Average PIPs: "
  [1] 1.288480e-02 5.931675e-01 9.944190e-01 1.000000e+00 3.433696e-05
  [6] 4.090665e-05 4.444687e-05 6.204905e-05 3.759984e-05 3.778587e-05
 [11] 3.511840e-05 3.714737e-05 4.663026e-05 3.364642e-05 4.859874e-05
 [16] 4.040629e-05 3.422340e-05 3.709318e-05 4.454359e-05 6.131798e-05
 [21] 3.674975e-05 3.692093e-05 5.729714e-05 3.644203e-05 3.779298e-05
 [26] 8.361039e-05 3.864593e-05 4.325232e-05 3.720531e-05 5.211414e-05
 [31] 4.318002e-05 4.501705e-05 6.340220e-05 3.903390e-05 6.320795e-05
 [36] 3.470634e-05 4.440579e-05 5.039622e-05 3.370266e-05 6.202137e-05
 [41] 5.112753e-05 3.354235e-05 4.299163e-05 7.330387e-05 3.513462e-05
 [46] 5.754375e-05 3.797774e-05 4.288123e-05 4.360812e-05 3.975346e-05
 [51] 5.197487e-05 3.944501e-05 3.367653e-05 2.061236e-04 4.969407e-05
 [56] 3.999138e-05 5.569231e-05 4.602043e-05 3.881055e-05 4.092718e-05
 [61] 4.543168e-05 4.959834e-05 7.887271e-05 4.356507e-05 3.545900e-05
 [66] 6.226155e-05 5.941151e-05 5.282403e-05 3.455239e-05 4.008264e-05
 [71] 3.466135e-05 4.141507e-05 3.963245e-05 2.647720e-04 5.284222e-05
 [76] 3.519687e-05 4.843720e-05 4.677932e-05 3.954062e-05 3.695682e-05
 [81] 3.572809e-05 3.776408e-05 7.085143e-05 3.796889e-05 3.442287e-05
 [86] 5.007493e-05 6.143403e-05 7.842551e-05 3.774209e-05 4.589913e-05
 [91] 3.494900e-05 3.286036e-05 3.890567e-05 3.891475e-05 5.298873e-05
 [96] 4.402989e-05 6.273533e-05 8.617143e-05 4.439153e-05 6.519867e-05
[101] 5.540145e-05 1.364688e-04 4.386149e-05 3.428434e-05 7.611700e-05
[106] 3.482517e-05 3.520401e-05 3.426094e-05 3.767405e-05 4.535499e-05
[111] 6.373453e-05 5.796760e-05 6.288707e-05 5.767807e-05 3.416984e-05
[116] 3.836703e-05 3.916171e-05 4.838103e-05 4.165729e-05 5.826833e-05
[121] 7.558512e-05 1.020809e-04 3.756533e-05 5.007133e-05 3.747192e-05
[126] 3.833026e-05 4.044536e-05 4.429140e-05 3.753130e-05 5.305884e-05
[131] 7.771413e-05 3.313034e-05 3.749008e-05 3.400160e-05 3.747627e-05
[136] 1.247412e-04 3.799122e-05 3.492677e-05 4.983100e-05 4.533477e-05
[141] 3.420990e-05 4.554861e-05 3.290166e-05 5.520351e-05 9.614073e-05
[146] 6.250367e-05 3.956966e-05 5.305207e-05 4.150151e-05 3.436051e-05
[151] 3.693060e-05 5.315391e-05 3.477164e-05 3.928296e-05 3.650374e-05
[156] 5.942079e-05 4.843110e-05 5.040965e-05 4.194535e-05 3.601720e-05
[161] 3.413827e-05 3.457641e-05 3.836559e-05 3.398865e-05 4.013406e-05
[166] 3.388475e-05 3.431326e-05 5.165251e-05 5.094142e-05 4.741835e-05
[171] 4.190716e-05 3.848069e-05 4.538288e-05 3.594915e-05 6.279802e-05
[176] 3.915652e-05 4.608881e-05 3.290764e-05 3.623145e-05 3.444045e-05
[181] 4.023244e-05 3.657527e-05 3.645696e-05 4.259034e-05 3.661262e-05
[186] 4.113949e-05 4.508110e-05 5.275681e-05 3.559615e-05 4.625461e-05
[191] 3.584633e-05 3.440387e-05 9.655167e-05 3.477121e-05 3.652677e-05
[196] 3.767699e-05 3.728436e-05 3.725363e-05 3.645762e-05 4.035729e-05
[1] "Percent of time PIP >= 0.1: "
  [1] 0.025 0.600 0.995 1.000 0.000 0.000 0.000 0.000 0.000 0.000 0.000 0.000
 [13] 0.000 0.000 0.000 0.000 0.000 0.000 0.000 0.000 0.000 0.000 0.000 0.000
 [25] 0.000 0.000 0.000 0.000 0.000 0.000 0.000 0.000 0.000 0.000 0.000 0.000
 [37] 0.000 0.000 0.000 0.000 0.000 0.000 0.000 0.000 0.000 0.000 0.000 0.000
 [49] 0.000 0.000 0.000 0.000 0.000 0.000 0.000 0.000 0.000 0.000 0.000 0.000
 [61] 0.000 0.000 0.000 0.000 0.000 0.000 0.000 0.000 0.000 0.000 0.000 0.000
 [73] 0.000 0.000 0.000 0.000 0.000 0.000 0.000 0.000 0.000 0.000 0.000 0.000
 [85] 0.000 0.000 0.000 0.000 0.000 0.000 0.000 0.000 0.000 0.000 0.000 0.000
 [97] 0.000 0.000 0.000 0.000 0.000 0.000 0.000 0.000 0.000 0.000 0.000 0.000
[109] 0.000 0.000 0.000 0.000 0.000 0.000 0.000 0.000 0.000 0.000 0.000 0.000
[121] 0.000 0.000 0.000 0.000 0.000 0.000 0.000 0.000 0.000 0.000 0.000 0.000
[133] 0.000 0.000 0.000 0.000 0.000 0.000 0.000 0.000 0.000 0.000 0.000 0.000
[145] 0.000 0.000 0.000 0.000 0.000 0.000 0.000 0.000 0.000 0.000 0.000 0.000
[157] 0.000 0.000 0.000 0.000 0.000 0.000 0.000 0.000 0.000 0.000 0.000 0.000
[169] 0.000 0.000 0.000 0.000 0.000 0.000 0.000 0.000 0.000 0.000 0.000 0.000
[181] 0.000 0.000 0.000 0.000 0.000 0.000 0.000 0.000 0.000 0.000 0.000 0.000
[193] 0.000 0.000 0.000 0.000 0.000 0.000 0.000 0.000
[1] "Percent of time PIP >= 0.5: "
  [1] 0.010 0.600 0.995 1.000 0.000 0.000 0.000 0.000 0.000 0.000 0.000 0.000
 [13] 0.000 0.000 0.000 0.000 0.000 0.000 0.000 0.000 0.000 0.000 0.000 0.000
 [25] 0.000 0.000 0.000 0.000 0.000 0.000 0.000 0.000 0.000 0.000 0.000 0.000
 [37] 0.000 0.000 0.000 0.000 0.000 0.000 0.000 0.000 0.000 0.000 0.000 0.000
 [49] 0.000 0.000 0.000 0.000 0.000 0.000 0.000 0.000 0.000 0.000 0.000 0.000
 [61] 0.000 0.000 0.000 0.000 0.000 0.000 0.000 0.000 0.000 0.000 0.000 0.000
 [73] 0.000 0.000 0.000 0.000 0.000 0.000 0.000 0.000 0.000 0.000 0.000 0.000
 [85] 0.000 0.000 0.000 0.000 0.000 0.000 0.000 0.000 0.000 0.000 0.000 0.000
 [97] 0.000 0.000 0.000 0.000 0.000 0.000 0.000 0.000 0.000 0.000 0.000 0.000
[109] 0.000 0.000 0.000 0.000 0.000 0.000 0.000 0.000 0.000 0.000 0.000 0.000
[121] 0.000 0.000 0.000 0.000 0.000 0.000 0.000 0.000 0.000 0.000 0.000 0.000
[133] 0.000 0.000 0.000 0.000 0.000 0.000 0.000 0.000 0.000 0.000 0.000 0.000
[145] 0.000 0.000 0.000 0.000 0.000 0.000 0.000 0.000 0.000 0.000 0.000 0.000
[157] 0.000 0.000 0.000 0.000 0.000 0.000 0.000 0.000 0.000 0.000 0.000 0.000
[169] 0.000 0.000 0.000 0.000 0.000 0.000 0.000 0.000 0.000 0.000 0.000 0.000
[181] 0.000 0.000 0.000 0.000 0.000 0.000 0.000 0.000 0.000 0.000 0.000 0.000
[193] 0.000 0.000 0.000 0.000 0.000 0.000 0.000 0.000
[1] "Percent of time PIP >= 0.9: "
  [1] 0.010 0.585 0.995 1.000 0.000 0.000 0.000 0.000 0.000 0.000 0.000 0.000
 [13] 0.000 0.000 0.000 0.000 0.000 0.000 0.000 0.000 0.000 0.000 0.000 0.000
 [25] 0.000 0.000 0.000 0.000 0.000 0.000 0.000 0.000 0.000 0.000 0.000 0.000
 [37] 0.000 0.000 0.000 0.000 0.000 0.000 0.000 0.000 0.000 0.000 0.000 0.000
 [49] 0.000 0.000 0.000 0.000 0.000 0.000 0.000 0.000 0.000 0.000 0.000 0.000
 [61] 0.000 0.000 0.000 0.000 0.000 0.000 0.000 0.000 0.000 0.000 0.000 0.000
 [73] 0.000 0.000 0.000 0.000 0.000 0.000 0.000 0.000 0.000 0.000 0.000 0.000
 [85] 0.000 0.000 0.000 0.000 0.000 0.000 0.000 0.000 0.000 0.000 0.000 0.000
 [97] 0.000 0.000 0.000 0.000 0.000 0.000 0.000 0.000 0.000 0.000 0.000 0.000
[109] 0.000 0.000 0.000 0.000 0.000 0.000 0.000 0.000 0.000 0.000 0.000 0.000
[121] 0.000 0.000 0.000 0.000 0.000 0.000 0.000 0.000 0.000 0.000 0.000 0.000
[133] 0.000 0.000 0.000 0.000 0.000 0.000 0.000 0.000 0.000 0.000 0.000 0.000
[145] 0.000 0.000 0.000 0.000 0.000 0.000 0.000 0.000 0.000 0.000 0.000 0.000
[157] 0.000 0.000 0.000 0.000 0.000 0.000 0.000 0.000 0.000 0.000 0.000 0.000
[169] 0.000 0.000 0.000 0.000 0.000 0.000 0.000 0.000 0.000 0.000 0.000 0.000
[181] 0.000 0.000 0.000 0.000 0.000 0.000 0.000 0.000 0.000 0.000 0.000 0.000
[193] 0.000 0.000 0.000 0.000 0.000 0.000 0.000 0.000
