[1] "Average Estimates for Betas: "
 [1]  4.944682e-02  1.012079e-01  2.005989e-01  3.016792e-01 -2.642348e-04
 [6]  1.506406e-03  1.572165e-04  3.893827e-05  1.413834e-03 -3.302558e-04
[11]  8.723036e-04  4.892347e-04  1.269656e-04  3.556109e-04  1.529704e-03
[16] -4.151658e-05  2.744474e-04 -1.218833e-03 -8.364472e-05  5.442277e-04
[21] -1.108244e-03 -1.812335e-04 -1.954345e-03 -8.426892e-04  1.070133e-04
[26]  2.423380e-03  9.200093e-04 -1.106499e-03  2.808647e-05  5.679858e-04
[1] "Standard Deviations of Betas: "
 [1] 0.01760038 0.01604423 0.01683418 0.01769445 0.01670819 0.01601204
 [7] 0.01572145 0.01641942 0.01561283 0.01574748 0.01666399 0.01534712
[13] 0.01658327 0.01656254 0.01562597 0.01690061 0.01648453 0.01550626
[19] 0.01651773 0.01673517 0.01605231 0.01538288 0.01682233 0.01663335
[25] 0.01624856 0.01747718 0.01735719 0.01645232 0.01905861 0.01535280
[1] "Average StdErrors for Betas: "
 [1] 0.01632943 0.01662595 0.01620462 0.01647330 0.01625069 0.01634977
 [7] 0.01634171 0.01624699 0.01635843 0.01648748 0.01641622 0.01645410
[13] 0.01646321 0.01649654 0.01616612 0.01631801 0.01599547 0.01639322
[19] 0.01647724 0.01615684 0.01635800 0.01649560 0.01638331 0.01644491
[25] 0.01651267 0.01618149 0.01612219 0.01645141 0.01639793 0.01660179
[1] "Positive rate for exposures: "
 [1] 0.880 1.000 1.000 1.000 0.055 0.065 0.040 0.030 0.025 0.050 0.060 0.035
[13] 0.050 0.050 0.045 0.055 0.060 0.050 0.060 0.060 0.035 0.025 0.045 0.045
[25] 0.045 0.075 0.070 0.025 0.095 0.035
[1] "Bonferroni-corrected positive rate for exposures: "
 [1] 0.500 0.990 1.000 1.000 0.000 0.000 0.000 0.000 0.005 0.005 0.005 0.000
[13] 0.005 0.000 0.000 0.000 0.010 0.000 0.000 0.000 0.000 0.000 0.005 0.000
[25] 0.000 0.000 0.000 0.000 0.005 0.005
