[1] "Average Estimates for Betas: "
 [1]  0.060937510  0.102132174  0.208422215  0.304655715  0.001733987
 [6] -0.027605992 -0.019489649 -0.010645987  0.014841779  0.018134060
[11]  0.029522703  0.028404229 -0.029595384  0.030798130 -0.019909210
[16] -0.020218870  0.023873877 -0.023792368  0.001343005  0.019272876
[21] -0.000425204 -0.028861810  0.012737826 -0.022594194  0.030371775
[26] -0.006712662 -0.011283353 -0.006277448 -0.023654750  0.047483616
[1] "Standard Deviations of Betas: "
 [1] 0.2996546 0.2427250 0.2366939 0.2464612 0.2205643 0.2260154 0.2325327
 [8] 0.2431219 0.2783314 0.2566732 0.2383544 0.2578539 0.2696225 0.2466845
[15] 0.2652339 0.2462171 0.2273760 0.2534808 0.2536671 0.2449201 0.2351505
[22] 0.2259061 0.2320084 0.2311212 0.2482021 0.2432735 0.2339725 0.2414225
[29] 0.2298715 0.2473908
[1] "Average StdErrors for Betas: "
 [1] 0.2933165 0.2326696 0.2294689 0.2307879 0.2295542 0.2309840 0.2301484
 [8] 0.2285528 0.2296182 0.2334067 0.2320051 0.2314498 0.2319612 0.2327212
[15] 0.2277068 0.2292185 0.2237833 0.2309242 0.2320807 0.2263781 0.2312329
[22] 0.2331736 0.2307058 0.2319698 0.2323770 0.2269453 0.2272668 0.2314821
[29] 0.2313060 0.2338298
[1] "Positive rate for exposures: "
 [1] 0.060 0.080 0.145 0.300 0.050 0.050 0.045 0.060 0.100 0.070 0.075 0.055
[13] 0.070 0.065 0.080 0.060 0.040 0.075 0.080 0.055 0.040 0.055 0.040 0.070
[25] 0.050 0.060 0.055 0.040 0.050 0.065
[1] "Bonferroni-corrected positive rate for exposures: "
 [1] 0.005 0.005 0.015 0.045 0.000 0.010 0.000 0.010 0.005 0.005 0.005 0.005
[13] 0.010 0.005 0.015 0.005 0.000 0.005 0.000 0.005 0.005 0.000 0.005 0.000
[25] 0.000 0.005 0.005 0.005 0.000 0.005
