[1] "Average Estimates for Betas: "
 [1]  0.070973001  0.100162112  0.207864072  0.302980975  0.001550165
 [6] -0.029387228 -0.017079268 -0.010145540  0.012671894  0.013828010
[11]  0.028148528  0.029692704 -0.031308111  0.031342267 -0.018396283
[16] -0.021286719  0.022913727 -0.024559850 -0.001105160  0.019545333
[21] -0.002199711 -0.025441756  0.014910924 -0.024296527  0.028761785
[26] -0.006040485 -0.013080649 -0.003859245 -0.022475533  0.047832655
[1] "Standard Deviations of Betas: "
 [1] 0.2370249 0.2395035 0.2351059 0.2436334 0.2150099 0.2242434 0.2271261
 [8] 0.2425534 0.2771409 0.2510910 0.2367026 0.2544914 0.2696259 0.2459232
[15] 0.2622642 0.2472146 0.2246052 0.2528369 0.2496339 0.2441009 0.2335317
[22] 0.2253549 0.2298248 0.2261663 0.2470361 0.2431188 0.2324714 0.2402329
[29] 0.2288855 0.2389149
[1] "Average StdErrors for Betas: "
 [1] 0.2287291 0.2310337 0.2277868 0.2292148 0.2281986 0.2293944 0.2284187
 [8] 0.2271770 0.2282993 0.2315376 0.2302566 0.2298431 0.2304635 0.2311766
[15] 0.2263507 0.2275463 0.2222834 0.2294057 0.2304218 0.2247480 0.2295209
[22] 0.2314750 0.2289846 0.2301884 0.2305676 0.2251838 0.2255775 0.2297486
[29] 0.2298140 0.2319321
[1] "Positive rate for exposures: "
 [1] 0.075 0.085 0.155 0.300 0.040 0.055 0.035 0.065 0.095 0.065 0.055 0.050
[13] 0.075 0.060 0.075 0.070 0.025 0.070 0.075 0.060 0.035 0.055 0.050 0.065
[25] 0.060 0.070 0.055 0.040 0.050 0.065
[1] "Bonferroni-corrected positive rate for exposures: "
 [1] 0.005 0.005 0.020 0.050 0.000 0.005 0.000 0.005 0.005 0.005 0.005 0.005
[13] 0.010 0.005 0.015 0.010 0.000 0.010 0.005 0.005 0.005 0.000 0.005 0.000
[25] 0.005 0.005 0.005 0.005 0.000 0.005
