[1] "Average Estimates for Betas: "
 [1]  4.997845e-02  1.015820e-01  1.972129e-01  3.017516e-01 -3.580374e-04
 [6] -1.513823e-03 -3.280646e-05  8.825010e-04  7.535146e-04  2.642268e-03
[11] -5.205609e-04  7.671133e-06  1.064787e-03 -7.179297e-04 -2.156109e-03
[16]  1.846584e-03  1.728735e-03 -2.475986e-03  1.108331e-03 -1.777590e-03
[21] -1.818957e-03  4.277039e-04 -2.097817e-03 -1.251466e-03  9.357391e-04
[26] -1.207631e-03  1.009051e-03 -3.736728e-05 -3.228585e-03  2.197146e-03
[1] "Standard Deviations of Betas: "
 [1] 0.01961592 0.01944014 0.02234219 0.01888067 0.02140577 0.01855599
 [7] 0.02098230 0.01941860 0.02146436 0.02182093 0.01917770 0.01726455
[13] 0.01986479 0.02147063 0.02009608 0.01944906 0.01923562 0.01962884
[19] 0.01934020 0.01869190 0.01709144 0.02130366 0.02133758 0.01919881
[25] 0.02031369 0.01698030 0.02024453 0.02109026 0.01948110 0.02034732
[1] "Average StdErrors for Betas: "
 [1] 0.02194579 0.02369482 0.02268094 0.02237737 0.02267544 0.02252406
 [7] 0.02334379 0.02249464 0.02295171 0.02399317 0.02246912 0.02272892
[13] 0.02293696 0.02355125 0.02298933 0.02195224 0.02283898 0.02322096
[19] 0.02235277 0.02285546 0.02222602 0.02274604 0.02219587 0.02254823
[25] 0.02268989 0.02166583 0.02292788 0.02392205 0.02209770 0.02324542
[1] "Positive rate for exposures: "
 [1] 0.64285714 0.97959184 1.00000000 1.00000000 0.04081633 0.03061224
 [7] 0.04591837 0.05102041 0.03061224 0.04591837 0.05612245 0.03061224
[13] 0.02551020 0.05102041 0.04081633 0.04591837 0.05102041 0.05102041
[19] 0.02551020 0.02551020 0.05102041 0.02551020 0.06632653 0.02040816
[25] 0.06122449 0.03061224 0.06122449 0.03061224 0.03571429 0.03571429
[1] "Bonferroni-corrected positive rate for exposures: "
 [1] 0.265306122 0.816326531 1.000000000 1.000000000 0.000000000 0.000000000
 [7] 0.005102041 0.000000000 0.010204082 0.005102041 0.000000000 0.000000000
[13] 0.000000000 0.005102041 0.005102041 0.005102041 0.005102041 0.000000000
[19] 0.000000000 0.000000000 0.000000000 0.000000000 0.010204082 0.000000000
[25] 0.010204082 0.000000000 0.000000000 0.005102041 0.000000000 0.000000000
