[1] "Average PIPs: "
 [1] 0.0472072859 0.6350620894 0.9901298282 1.0000000000 0.0005367558
 [6] 0.0005424690 0.0006258893 0.0005043419 0.0006470864 0.0004384472
[11] 0.0006860251 0.0004023003 0.0004066853 0.0006073001 0.0005003100
[16] 0.0006183309 0.0004988096 0.0004664343 0.0004211887 0.0004641874
[21] 0.0004224889 0.0008111800 0.0004456455 0.0005046978 0.0005396768
[26] 0.0006343056 0.0004799707 0.0004818086 0.0004569520 0.0006788081
[1] "Percent of time PIP >= 0.1: "
 [1] 0.100 0.715 0.995 1.000 0.000 0.000 0.000 0.000 0.000 0.000 0.000 0.000
[13] 0.000 0.000 0.000 0.000 0.000 0.000 0.000 0.000 0.000 0.000 0.000 0.000
[25] 0.000 0.000 0.000 0.000 0.000 0.000
[1] "Percent of time PIP >= 0.5: "
 [1] 0.030 0.625 0.990 1.000 0.000 0.000 0.000 0.000 0.000 0.000 0.000 0.000
[13] 0.000 0.000 0.000 0.000 0.000 0.000 0.000 0.000 0.000 0.000 0.000 0.000
[25] 0.000 0.000 0.000 0.000 0.000 0.000
[1] "Percent of time PIP >= 0.9: "
 [1] 0.030 0.575 0.985 1.000 0.000 0.000 0.000 0.000 0.000 0.000 0.000 0.000
[13] 0.000 0.000 0.000 0.000 0.000 0.000 0.000 0.000 0.000 0.000 0.000 0.000
[25] 0.000 0.000 0.000 0.000 0.000 0.000
