[1] "Average PIPs: "
 [1] 0.0478307015 0.6184717992 0.9949472280 1.0000000000 0.0004356205
 [6] 0.0004369400 0.0004225697 0.0003153051 0.0004549250 0.0003649335
[11] 0.0004177649 0.0003274264 0.0003367929 0.0004234254 0.0004162019
[16] 0.0005965376 0.0003937164 0.0004186657 0.0003567667 0.0003578336
[21] 0.0004674044 0.0005581248 0.0003371106 0.0004835889 0.0003779828
[26] 0.0006914793 0.0003579991 0.0003799453 0.0003334639 0.0006621213
[1] "Percent of time PIP >= 0.1: "
 [1] 0.09 0.70 1.00 1.00 0.00 0.00 0.00 0.00 0.00 0.00 0.00 0.00 0.00 0.00 0.00
[16] 0.00 0.00 0.00 0.00 0.00 0.00 0.00 0.00 0.00 0.00 0.00 0.00 0.00 0.00 0.00
[1] "Percent of time PIP >= 0.5: "
 [1] 0.035 0.605 0.995 1.000 0.000 0.000 0.000 0.000 0.000 0.000 0.000 0.000
[13] 0.000 0.000 0.000 0.000 0.000 0.000 0.000 0.000 0.000 0.000 0.000 0.000
[25] 0.000 0.000 0.000 0.000 0.000 0.000
[1] "Percent of time PIP >= 0.9: "
 [1] 0.03 0.56 0.99 1.00 0.00 0.00 0.00 0.00 0.00 0.00 0.00 0.00 0.00 0.00 0.00
[16] 0.00 0.00 0.00 0.00 0.00 0.00 0.00 0.00 0.00 0.00 0.00 0.00 0.00 0.00 0.00
