Average Estimates for Betas: 
0.03025604 0.03949011 0.1010187 0.1549925 0.006841015
-0.001043575 -0.005229385 0.002165207 0.0005822712 0.001334685
-0.005173396 -0.003975809 -0.004225041 -0.00217234 0.003171631
0.005969009 -0.003326749 -0.001538332 0.001931339 0.007414046
0.002863462 -0.003429271 -0.005326307 0.0004931461 0.002451431
-0.01530397 -0.003029485 0.002931186 0.004396209 -0.00687181
Positive rate for exposures: 
0.52 0.66 0.93 0.94 0.32
0.34 0.33 0.37 0.36 0.38
0.35 0.38 0.42 0.4 0.43
0.32 0.39 0.35 0.41 0.33
0.38 0.35 0.29 0.37 0.33
0.35 0.38 0.36 0.28 0.32
Standard Deviations of Betas: 
0.03895718 0.04380415 0.04722416 0.06533185 0.0474689
0.04929925 0.04862502 0.05598569 0.05611047 0.0413473
0.04616488 0.0490682 0.04675434 0.05274593 0.04149128
0.04719097 0.04907971 0.04302801 0.0521617 0.05293185
0.0571398 0.03930762 0.04452011 0.04581368 0.04676654
0.06417179 0.0555564 0.05196115 0.04375773 0.0562365
Average StdErrors for Betas: 
0.01742657 0.0177624 0.01746717 0.01743154 0.01747352
0.01753637 0.01740352 0.01773355 0.01760109 0.01776064
0.01735785 0.01738222 0.01754881 0.01746555 0.01736466
0.01760766 0.01752332 0.01751527 0.01747622 0.01773305
0.01747508 0.01761439 0.01739993 0.01753237 0.01716471
0.01761197 0.01748173 0.01757325 0.01760118 0.01740439
Q-value positive rate for exposures: 
0.4 0.57 0.9 0.94 0.25
0.29 0.26 0.34 0.35 0.26
0.28 0.35 0.36 0.33 0.28
0.27 0.31 0.26 0.31 0.27
0.37 0.3 0.22 0.34 0.27
0.27 0.32 0.24 0.21 0.29
Precision/Recall/F1 based on p-values:
0.2471637 0.7625 0.373317
Precision/Recall/F1 based on Q-values:
0.2699328 0.7025 0.3900069
Power at FPR threshold of 0.05: 
0.03 0.06 0.47 0.75
