[1] "Average PIPs: "
 [1] 0.09766398 0.59653526 0.93980603 0.98350104 0.01742848 0.01829581
 [7] 0.02700466 0.02013002 0.02269187 0.02179431 0.01713289 0.01959717
[13] 0.02940745 0.01720094 0.02807915 0.02257342 0.02188449 0.01951785
[19] 0.01761533 0.02220516 0.02173168 0.01714093 0.01780155 0.01986635
[25] 0.01962444 0.01875440 0.02181234 0.01710007 0.02062129 0.01753274
[1] "Percent of time PIP >= 0.1: "
 [1] 0.24170616 0.70616114 0.96208531 1.00000000 0.09952607 0.08530806
 [7] 0.11848341 0.11374408 0.10426540 0.10426540 0.07582938 0.10900474
[13] 0.11374408 0.09478673 0.12322275 0.10900474 0.10426540 0.09952607
[19] 0.09478673 0.09004739 0.09952607 0.09478673 0.09004739 0.11374408
[25] 0.09478673 0.10426540 0.09004739 0.09004739 0.10900474 0.08530806
[1] "Percent of time PIP >= 0.5: "
 [1] 0.075829384 0.587677725 0.947867299 0.981042654 0.000000000 0.000000000
 [7] 0.004739336 0.000000000 0.004739336 0.004739336 0.000000000 0.000000000
[13] 0.009478673 0.000000000 0.009478673 0.004739336 0.004739336 0.000000000
[19] 0.000000000 0.004739336 0.004739336 0.000000000 0.000000000 0.000000000
[25] 0.000000000 0.000000000 0.004739336 0.000000000 0.000000000 0.000000000
[1] "Percent of time PIP >= 0.9: "
 [1] 0.033175355 0.507109005 0.924170616 0.971563981 0.000000000 0.000000000
 [7] 0.004739336 0.000000000 0.000000000 0.000000000 0.000000000 0.000000000
[13] 0.004739336 0.000000000 0.009478673 0.000000000 0.004739336 0.000000000
[19] 0.000000000 0.000000000 0.000000000 0.000000000 0.000000000 0.000000000
[25] 0.000000000 0.000000000 0.000000000 0.000000000 0.000000000 0.000000000
