[1] "Average Estimates for Betas: "
 [1]  0.0505082492  0.1004496973  0.2013179673  0.3021669426 -0.0022214358
 [6] -0.0013638451 -0.0066745034 -0.0022137924  0.0066035986 -0.0083707014
[11] -0.0052850262  0.0040033054  0.0002997699 -0.0027800660 -0.0040831406
[16] -0.0008077534 -0.0006943849  0.0050691179 -0.0004185156  0.0045818601
[21] -0.0037047483 -0.0051270916  0.0026715787 -0.0047103905 -0.0008679268
[26] -0.0012660402 -0.0035562420 -0.0039715031  0.0000907704  0.0017907115
[1] "Standard Deviations of Betas: "
 [1] 0.03711660 0.04865681 0.05326581 0.03711834 0.03897560 0.04482944
 [7] 0.04582298 0.04485357 0.04815371 0.06017902 0.04641967 0.05457643
[13] 0.04489503 0.05104261 0.03638588 0.04072800 0.05182163 0.04955601
[19] 0.04394404 0.04302003 0.05009378 0.05450504 0.03738633 0.03782105
[25] 0.04172005 0.05841938 0.04746615 0.06361405 0.06071195 0.04084033
[1] "Average StdErrors for Betas: "
 [1] 0.03731316 0.03635217 0.03482739 0.03361911 0.03427351 0.03606965
 [7] 0.03394637 0.03491643 0.03469200 0.03744194 0.03578831 0.03580026
[13] 0.03690277 0.03450938 0.03177337 0.03653970 0.03628720 0.03840926
[19] 0.03543904 0.03460216 0.03745175 0.03639748 0.03367738 0.03446420
[25] 0.03639286 0.03834563 0.03398318 0.03753079 0.03507769 0.03361521
[1] "Positive rate for exposures: "
 [1] 0.454976303 0.853080569 0.952606635 0.976303318 0.033175355 0.033175355
 [7] 0.052132701 0.023696682 0.052132701 0.071090047 0.033175355 0.047393365
[13] 0.037914692 0.028436019 0.052132701 0.004739336 0.023696682 0.009478673
[19] 0.061611374 0.033175355 0.028436019 0.033175355 0.023696682 0.037914692
[25] 0.052132701 0.052132701 0.042654028 0.037914692 0.023696682 0.037914692
[1] "Q-value positive rate for exposures: "
 [1] 0.194312796 0.753554502 0.914691943 0.943127962 0.004739336 0.004739336
 [7] 0.018957346 0.000000000 0.018957346 0.018957346 0.000000000 0.014218009
[13] 0.014218009 0.004739336 0.014218009 0.004739336 0.004739336 0.004739336
[19] 0.000000000 0.000000000 0.009478673 0.004739336 0.000000000 0.004739336
[25] 0.009478673 0.004739336 0.004739336 0.009478673 0.009478673 0.009478673
[1] "Precision/Recall/F1 based on p-values:"
[1] 0.7700113 0.8092417 0.7891392
[1] "Precision/Recall/F1 based on Q-values:"
[1] 0.9352291 0.7014218 0.8016249
