[1] "Average Estimates for Betas: "
 [1]  4.530065e-02  9.177551e-02  1.908895e-01  3.041373e-01 -5.426012e-03
 [6]  7.930777e-03  7.172612e-03  4.141774e-03 -1.452047e-03  2.587656e-03
[11]  1.315677e-02 -3.533415e-03  5.112374e-03  1.546276e-03  8.141502e-03
[16] -6.111644e-03  7.338538e-03 -3.101343e-03  1.829055e-03  2.562838e-03
[21] -1.302915e-02  8.459402e-03 -2.718765e-03  3.689449e-03  7.405255e-03
[26] -7.389315e-03 -9.152868e-03 -7.109978e-03  6.866431e-05  6.813386e-03
[1] "Standard Deviations of Betas: "
 [1] 0.10023366 0.10297720 0.11026268 0.09107242 0.08946810 0.09316833
 [7] 0.09141045 0.10903638 0.10846349 0.08666601 0.11367434 0.09869398
[13] 0.11295389 0.11841006 0.09830978 0.09457636 0.09860220 0.10722487
[19] 0.11174459 0.10471184 0.11338624 0.09440997 0.08764873 0.11462860
[25] 0.08894155 0.10966349 0.11385972 0.10409014 0.09931953 0.08578530
[1] "Average StdErrors for Betas: "
 [1] 0.08947762 0.09694522 0.09692731 0.09058864 0.08460718 0.09098460
 [7] 0.09288856 0.08878056 0.08790511 0.08391694 0.09117030 0.08728933
[13] 0.09348123 0.09743831 0.09350000 0.09383490 0.09077151 0.09104649
[19] 0.08862771 0.08558261 0.09884100 0.08587784 0.08918606 0.09671369
[25] 0.09191850 0.09381527 0.09197420 0.08960989 0.09128959 0.08908126
[1] "Positive rate for exposures: "
 [1] 0.218274112 0.416243655 0.629441624 0.781725888 0.015228426 0.035532995
 [7] 0.015228426 0.035532995 0.015228426 0.000000000 0.030456853 0.030456853
[13] 0.020304569 0.020304569 0.015228426 0.025380711 0.005076142 0.030456853
[19] 0.025380711 0.030456853 0.015228426 0.020304569 0.020304569 0.025380711
[25] 0.020304569 0.015228426 0.035532995 0.025380711 0.030456853 0.025380711
[1] "Q-value positive rate for exposures: "
 [1] 0.025380711 0.228426396 0.522842640 0.664974619 0.000000000 0.000000000
 [7] 0.000000000 0.000000000 0.000000000 0.000000000 0.000000000 0.000000000
[13] 0.000000000 0.000000000 0.000000000 0.000000000 0.000000000 0.005076142
[19] 0.000000000 0.015228426 0.005076142 0.005076142 0.005076142 0.000000000
[25] 0.000000000 0.005076142 0.000000000 0.005076142 0.005076142 0.005076142
[1] "Precision/Recall/F1 based on p-values:"
[1] 0.7779923 0.5114213 0.6171516
[1] "Precision/Recall/F1 based on Q-values:"
[1] 0.9627119 0.3604061 0.5244691
