[1] "Average PIPs: "
 [1] 0.07621231 0.27628494 0.76049663 0.92230207 0.03613561 0.03745312
 [7] 0.03397843 0.03584064 0.03936779 0.03589936 0.04366727 0.03618461
[13] 0.04080891 0.03703079 0.03603699 0.03696105 0.03596080 0.03634452
[19] 0.03756689 0.03807204 0.04191720 0.03947708 0.03747101 0.03815462
[25] 0.03601083 0.04375294 0.03992673 0.03659145 0.03993221 0.04537047
[1] "Percent of time PIP >= 0.1: "
 [1] 0.2487310 0.5279188 0.8934010 0.9644670 0.1878173 0.2030457 0.1878173
 [8] 0.1928934 0.2030457 0.1928934 0.2030457 0.1928934 0.1928934 0.1928934
[15] 0.1928934 0.1928934 0.1979695 0.1827411 0.1928934 0.2030457 0.1979695
[22] 0.1928934 0.1979695 0.1928934 0.1878173 0.2030457 0.1979695 0.1928934
[29] 0.1928934 0.2081218
[1] "Percent of time PIP >= 0.5: "
 [1] 0.030456853 0.228426396 0.751269036 0.934010152 0.005076142 0.000000000
 [7] 0.000000000 0.000000000 0.000000000 0.000000000 0.010152284 0.000000000
[13] 0.005076142 0.000000000 0.000000000 0.000000000 0.000000000 0.000000000
[19] 0.000000000 0.000000000 0.005076142 0.005076142 0.000000000 0.005076142
[25] 0.000000000 0.005076142 0.000000000 0.000000000 0.005076142 0.010152284
[1] "Percent of time PIP >= 0.9: "
 [1] 0.010152284 0.142131980 0.654822335 0.878172589 0.000000000 0.000000000
 [7] 0.000000000 0.000000000 0.000000000 0.000000000 0.005076142 0.000000000
[13] 0.005076142 0.000000000 0.000000000 0.000000000 0.000000000 0.000000000
[19] 0.000000000 0.000000000 0.005076142 0.000000000 0.000000000 0.000000000
[25] 0.000000000 0.005076142 0.000000000 0.000000000 0.005076142 0.005076142
