0.935597005190434 0.999999999999946 1 1 0.00143975078484804 0.00171430272776874 0.013976042369548 0.0520343960403663 0.999999999999995 0.00285548372790256 0.00194189419790047 0.00133485216914475 0.00763199986423513 0.00422129997997567 0.00153772507294692 0.0091036971407269 0.0217526882722147 0.0885211740675355 0.00149299579457729 0.0938532012614197 0.00788120007116178 0.00272031828823904 0.00131483611951289 0.0214724580191071 0.00138912202980523 0.0347759479512866 0.001613064889326 0.00138575237328409 0.0132356764484232 0.00138781485228412
0.316492068807103 0.999999999188108 0.081323620633996 1 0.00418680285478124 0.0108319212193697 0.0110889745445136 0.0053313318965228 0.00774016874795302 0.00345513669707931 0.999999999999995 1 0.0036372399589063 0.0100329067573063 0.191482035666296 0.00664839816949414 0.0035733768980396 1 0.999999999999792 0.00371184157787119 0.00770137248172331 0.00383843671252149 0.167227728371987 0.0132660851207512 0.00352056759293984 0.00420834192710651 0.999999978493711 0.00479472152005911 0.00364344250458304 0.00363407831916418
0.0169787155117331 0.00958306143229637 1 1 1 0.999999979623933 0.0834593645121673 0.0120390516718468 1 0.0151744344697211 1 0.0998917942931545 0.0633424437484945 0.017682941581872 0.0515642944774465 0.0295453388359447 0.00995899648749177 0.0101727279575219 0.0117737483555076 1 0.0621431823916855 0.0103496962482914 0.0250544116772786 0.0320133768782134 0.0102716843951566 0.0109307711491009 0.00980999775547486 0.0499122466546799 0.0212067880867931 0.156601735868774
0.082363347704863 0.428594074273152 1 1 0.0216390824416269 0.0200519748254937 0.033475645839541 0.210919506082486 0.0241863146468089 1 0.0208668396038918 0.0195476123631114 0.114650677507984 0.0224776612120859 0.999999999973988 0.999999994194009 0.0286873339362279 0.0570797865917194 0.33321603318287 0.0281213092722785 1 0.0360718190929638 0.0814791870778449 0.999999697395368 0.0195468198129695 0.0196492374514361 0.0202857047168045 0.213224446769545 0.0308718361705026 0.0202907954883522
0.999999997745979 0.468036729600196 1 1 0.0280359059654312 0.0127970026892142 0.0503275352864756 0.116470524822385 0.999999999996947 0.999999784388904 0.013603190948494 0.99999958111814 0.0144441083929197 0.0940559961487122 0.0557384326295592 0.12296246855894 0.0166463776646822 0.0169054715703384 0.0135561643375328 0.0197221698366955 0.0129131608377531 0.0133973879858379 0.202811634686791 1 0.0278475174951979 0.0129407029232315 0.0180388547370656 0.189150571908613 1 0.0464181269674582
0.0193564110840095 1 0.999999982680998 1 0.0189934502157562 0.0163214429370607 1 0.00586314953389799 1 0.00848774749504044 0.0109834498771342 0.00631678509825973 0.00537244547945648 0.999999999924709 0.0181431697408472 0.0112651527630613 0.00699123224417109 0.256368618292606 1 0.0207503651327314 0.219769599674851 0.00523611923955714 0.0271488751237955 1 0.344028510745072 0.153488675259699 0.0171471662009071 0.00463758757049226 0.0106133078156642 0.00470227593079131
0.999999999051508 0.103778957344603 1 1 0.0554764674930398 0.0851405177483239 0.0242459750983571 0.0304445312299827 0.0249301705264608 0.0476242519303082 0.432792227905428 0.0199081377159055 0.154389615848522 0.026169384706148 0.358828724544588 0.0227444259671331 0.0198727376587563 0.0262436714762209 0.44698160716831 1 1 0.0206977324222195 0.0235914949792417 0.29217581594262 0.0410158795571269 0.0205295837278893 0.412231821001443 0.039061611430857 0.109704195487145 0.173914953986966
0.0272207083146059 0.352115365203792 1 1 0.566785134877428 0.0489408867504532 0.0267810990670573 0.0603789182078921 1 1 0.0507733266195738 0.0504781829610457 0.0264985442104672 0.186522179739624 0.0493098747964825 0.0277152442777934 0.116892182248626 0.500172359556986 0.603367700603213 0.210098252948086 0.128914906338253 0.0391876145919287 0.156016230402823 0.0580480793207317 0.127043565827416 0.0330945278255812 0.0841755174246664 0.999999999999904 0.097780684707501 0.313803049912219
0.0158177099686222 0.999663127705071 1 1 0.015081329925682 1 0.0701234931098659 0.0310604633846295 0.0634452444027686 0.0168378288212477 0.201995201272357 0.317191440734508 0.999998668868289 1 0.0205589821320339 0.0693275020461575 1 0.0478744264671515 0.15574227300705 0.020531218885149 0.048533594704903 0.39883588533213 0.0959005104165713 0.0224609763006968 0.0157228975118284 0.11210905490211 0.139278967511332 0.157702136348534 0.0342501425252547 0.0151478827342737
0.349509984729341 1 1 1 0.0551748709023137 0.0248304656893711 0.0187087335446388 0.99999876968058 0.119535715200047 0.0988747444235718 0.340085465097765 0.206796016826192 0.0323239346512759 0.0598915111918941 0.0354068672170367 0.0308012111638302 0.058201470319563 0.139899209785945 0.0206284267775646 0.0239142848008222 0.154379430773042 0.0417810409418103 1 1 0.999999999995727 0.0580026680571362 0.0402835864113419 0.0196852771882526 0.0233318511379454 0.0355404012653755
0.00348921899973431 1 1 1 0.999999999937718 0.00850822189494338 0.033001368136058 0.00372016447941381 0.00757741608595686 1 0.0135640858458796 0.999943136521067 0.0198560280564622 0.0425785559927195 0.00314054855052637 0.116333331146043 0.00346678327953287 0.946515569578915 1 1 0.00331354966807007 0.108127617488453 0.992082854500899 0.00482448343424013 0.0115066258359646 0.00326667019372273 0.00418233694369419 0.00452107872902807 0.0273661362845931 0.189735533487222
1 0.99999999764562 1 1 0.493041650482592 0.138608650767038 0.100457762402954 0.022123299330938 0.0307454033409182 0.159154401632168 1 0.999999999535601 1 0.999999999987903 0.138059164698674 0.298397561491661 0.286632334161064 0.510065690252701 0.0333642473602576 0.115114081690633 0.0232063180983418 0.0259249068109971 0.999956524934261 0.0668412540368453 0.0237833708408001 0.270775974171393 0.106168931246 0.0219237954968725 0.0936190403554924 0.0292997674743545
0.00635632415487553 0.224769062032594 1 1 0.0124553726888769 0.187654805503325 0.999999991548227 0.0122570790297286 0.0101554159191921 0.00794073628735348 0.99946415317687 0.0259094125143787 0.0110326869613803 0.00549559808487288 1 0.00857339208926411 0.00526408413334867 0.0223048848381417 0.00709148354085498 0.00701616268479266 0.998306009465764 0.0119898958306451 1 0.999999992201756 0.0105580286847985 0.0169674470251677 0.013666082201843 0.00766445250991266 0.0842669745683083 0.0117957256277597
0.17383937685562 1 1 1 0.113715180954272 0.125487809399265 1 0.862225747915448 0.041204756613321 0.0308240786679738 0.293270921893128 0.999999804685508 0.268280392561294 0.999999999999967 0.0324251792681435 0.189467579486776 0.13050030404837 0.0329935803891825 0.190967010259811 0.0276022656160175 1 0.0639593780843234 0.0463900616033451 0.0279566216227548 0.371118728766178 0.167663734654778 0.117547730973476 0.0276034815368273 0.155286120372863 0.0766255695230067
0.371843597325035 0.99999999609407 1 1 0.00267529389998022 0.010527383938579 1 0.0591935165091038 0.00346303453966812 0.00340117567485865 0.199530337827677 0.109516615588553 0.00371150623748695 0.00251125880498082 1 0.00315943584861078 0.999999998636992 0.0129981081142516 1 0.00700108749179162 0.0034918043068275 0.00306340529134952 0.0107111270829691 0.00554682132053252 1 0.00252562875655338 0.00595945766327177 0.00283147367803249 1 0.0155576126608891
0.082989783894806 1 1 1 0.0321386028751269 0.100442734007387 0.0447973406865447 0.0984764414329786 0.0421540360788193 0.999999999999964 0.0214665064134602 0.0368098500853836 0.507772577429444 1 0.166909457474049 0.0223708256950709 0.245719095824832 0.0516171237141685 0.019868527853187 0.0518588458569801 1 0.0938848884530855 0.038912026143106 0.0306685418466701 0.0203459772733725 0.0425361560670219 0.999999999998803 0.0758718842889906 0.0391121205208311 0.0339054398165607
0.0928243051337162 0.0263610760831005 1 1 0.107322351400155 0.031996587663962 1 0.0215169559974142 0.0121791181378408 0.0355798611626221 0.00730737587340557 0.608379781769975 0.0146529367366666 0.00876732761718868 0.00744432984565191 0.1095184105192 0.00956917316254613 0.0983113850731334 0.0101136889041283 0.604853372725207 0.009805251339153 1 0.0586498595204941 0.126384445019889 0.0481463550106758 0.00698502437604609 0.280918874836006 1 0.29019119383386 1
0.0077678133002651 0.0650048682402198 0.10513560736294 1 0.00592198260339993 1 0.0122692439513844 0.00589247701263385 0.00577066240873736 0.0482446815803221 1 1 0.999997674307442 0.999999987757737 0.0182801888541418 0.116043786605189 0.191061189379436 0.00936579924936565 0.0118897629596969 0.00767102019794241 0.0669026064228808 0.00811856012088907 0.0767444708983592 0.0384096237370398 0.00757675950841374 0.999999990163109 0.166635788391005 0.00575525205088823 0.999999999999862 0.119512121177811
0.223820975931816 0.0161421163183004 1 1 0.276158939512593 0.444667119176679 0.00929610824575655 0.0112020222503801 0.406974018541606 0.0118782152671113 0.428311022916829 0.0516204927365534 0.010475982035812 0.00929274904240118 0.0211923156262623 0.0216516028357017 0.0188189927047105 0.0187502617361303 0.999602412415691 0.0225793938437669 1 0.0220763174321223 0.999999999999015 1 0.0095723800975599 0.0105058570650176 0.99999999996614 0.0434176554962888 0.0183005623643122 0.0103850942893668
0.00465866684127492 0.999999998068179 1 1 1 0.0056265324516126 0.00462387126242325 0.99971161943574 0.00379188840562605 0.00428791020963493 0.0541911522932407 0.99999999999874 0.0036844404689087 0.00389364735671094 0.00513553954897261 0.00507995653054483 0.00530562768698939 0.00512146126429447 0.00430391622555149 0.932232480017173 0.00614754711571963 0.00484701982638691 0.00402179210715226 0.99991301627202 0.00466767277976443 0.00410655263808168 0.11931735258905 0.00383525625963965 0.0197634438259381 0.00373766099341322
0.0421904719227745 0.327056062054626 1 1 0.315613211277512 0.0520644511373739 0.0382367446678066 1 0.0401036022367302 0.0354345669239452 0.0536911460035647 0.111260433185527 0.38097783137862 0.0378645132738007 0.0396443364573416 0.0372576268278905 1 0.0353552902141345 0.0376679699657902 0.105753859736439 0.0388888196493213 0.0367322057821226 0.0367227914313935 0.18322120749433 0.0386314112502357 0.265031638274573 0.0354447143544905 0.380080548781084 0.0427355881417764 0.99999999999975
0.0566438943346848 1 1 1 0.0871178918064744 0.0141675053343762 0.451005304732359 0.340822555142853 0.00664884148347078 0.00954696583340442 1 0.524120355843046 0.0165088770232229 0.0161130886527563 0.999999999155812 0.330218318230524 0.287777908519748 0.00843817117383927 1 0.00906445737341588 1 0.0113881071406478 0.227757054994272 0.0334263773183633 0.359176028982857 0.0142861953624666 0.0127221110709811 0.0262086993436272 0.0128694036706223 1
0.00753586497158709 0.999999999996281 1 1 0.234873238339236 0.0107195622815843 0.0232435350375364 0.0114480782018401 1 0.470972365409511 0.0140986153827614 0.0571055349141253 1 0.00732842549058876 0.00731666943834663 0.00819823706235123 0.0564047322903156 1 1 0.00962407516963459 0.150608157186269 0.0100951310269589 0.00787134833292968 0.184120370480115 0.0175123573456664 0.47910791635998 0.00786184179660432 0.0341916105731986 0.0881748375776548 0.00808072054963926
0.995746518539934 0.296283848528061 1 1 0.0487282463176247 0.0465010384609568 0.0645272774431236 0.124401955129516 0.405805784623364 0.0490083176932441 0.0457214466892978 0.0652102944658118 0.0514305258121703 0.998089619315148 0.22828305858643 0.0870375957331567 0.0920154689868089 0.239992530977879 0.0881516324710467 0.053272602251439 0.247516916635918 0.999469993249636 0.0523423771613191 0.1877152521038 0.0463518948855566 0.0478709491422485 0.122655772328887 0.0459120094190807 0.0486180733972934 0.999998559433847
0.999999999999733 0.149860164550042 1 1 0.0610165214562579 0.193613672282584 0.0316647637717937 0.084433120810214 0.274109522205504 0.0338327966437132 0.482550701028669 0.389035102799244 0.0317889516967595 1 0.0555297751327162 0.0300787811188042 0.0303534307747033 0.414240599070942 0.133300983943027 0.999999999996899 0.0543629675228594 0.121814948855742 0.278059408777073 1 0.0300085428436524 0.0307000221236644 0.0515981380412349 0.303627566615101 0.0608556959455463 0.241496010212515
0.0129232619969102 1 1 1 0.0229646030836819 1 0.457472737376055 0.0377652048355778 0.16120292473525 0.0089897668399006 1 0.0437142545787914 0.0136639325894402 1 0.1148678786782 0.999982302058837 0.0331503776360944 0.0326202825729306 0.00800747200506402 0.0110150250019889 0.00835033639049088 0.00825750653818935 0.094995287174792 0.010100239504092 0.999999999929089 0.0176924961979731 0.00922834354284408 0.0888865703869753 0.0290710574300775 0.0120800087300297
1 0.188044846679095 1 1 1 0.0405448207998808 0.0681818277996746 0.0331258400376607 0.0484485266611664 0.0992705577536571 0.040792849549016 0.0369424917513147 0.408307278303778 0.0363262020775791 0.109247607291541 0.0812474410238602 0.0343435918698031 0.0570927133919544 0.034257387808394 0.0336318673779964 0.0343687430316985 0.0534347982954411 0.29906192288008 0.0393836522375903 0.0450794887938849 0.999999999925104 0.999989769159413 0.0354676747824122 1 0.178759567162073
0.00353925897014518 0.99999999999999 0.0288150741743418 1 0.132141598805356 0.00318659351951311 0.00286967009935157 0.0329194006776705 0.00329310898213842 1 0.0264511086174796 0.00282958693494717 0.00716745741165326 1 0.00317151179509589 0.00362153816028754 0.0212196151622926 0.0094398396845452 0.0660106104945644 0.0938660287189947 0.00656845347185597 1 0.00343832738403205 0.0047994535415764 0.0354813833757485 0.0251349578292338 0.00592330414631692 0.0029945373016389 0.0186430637292475 0.00757265897757398
0.192183299213511 0.470642499344949 1 1 0.0177630602424145 0.0360401386663093 0.0144513411407385 0.0156765843481289 0.0146136302000608 0.0125995674620499 0.0131259888055274 0.0280739728255145 0.995441025295603 1 0.176951066529745 0.0507970355729478 0.249172720602087 0.999999999936512 0.0156181307874516 0.99999999917161 0.147587959688441 0.0123087700284478 0.999918246857072 0.0121664251155248 0.0228009598595807 0.0129069783458815 0.0849345436335479 0.44678766913185 0.0269677384408111 0.0149399640151942
0.0465099130711289 0.0293519624277092 1 1 0.0117207545422036 0.999999974277023 0.0362023217647778 0.0700851204142368 1 0.0426370591807126 0.0113151869484629 0.0799488565229884 0.0115111926683191 0.0211328089111589 0.0117388387087616 0.023989089498313 0.0209405597191377 0.0371006940005257 0.0164277040017877 0.0119741304660466 0.0113989236109995 0.0312850226837995 0.0132844215024419 1 0.0113195074281366 0.0118046446357868 0.0118896010180797 0.999999998561386 0.0113470927894975 0.0113380950330089
1 0.999999999311303 1 1 0.0059955696238071 0.999999999999999 0.0233289928329414 0.999999999999573 0.999766747167758 0.392139356058473 0.00614358958436434 0.0058021204934493 0.00586281846561487 0.046160210794171 0.00580090817946943 0.007726140367453 1 0.00590866149294278 0.0282974638215414 0.0182747566106227 1 0.0115467370654703 0.00592294215555844 0.999999998749102 0.00644979190179751 1 0.091075734071523 0.0129056480948055 0.00942349431429224 0.0153525570632304
1 0.0231571680300343 1 1 0.999999965424906 0.00589625557432283 0.0110366433912507 0.00730485334325759 1 1 0.0130485992399999 0.00554932125603769 0.397495212272105 1 0.118486460220185 0.0152091358780969 0.0883735206405242 0.0231277441790586 0.0053332160952333 0.318272097269334 0.006390470431201 1 0.00621619479665492 0.172470286694597 0.00549454221073642 0.0114451892803569 0.999998198631391 0.994595494033863 0.00715834109178437 0.0874356118451907
0.103393493604943 0.999999998434714 1 1 0.585915315412867 0.0557366454887995 0.0484103292455114 0.233537820278225 0.110641045939969 0.99999999999979 0.104597881498348 0.0280359835423887 0.0270550492981834 0.101437164105386 0.0254852933736496 0.0228979627175254 1 1 0.0232305808006209 0.0368376171138429 0.0326159067917808 0.0595457863000878 0.0279312927348863 0.0581919798825773 0.160392747443139 0.0245518918820224 0.055132725489887 0.0310523779902852 0.0852643919110286 0.999999999972326
0.00468298916984367 0.99999999933561 1 1 0.00470568938292648 0.213601878188558 0.00948052043955083 0.0125515971569256 0.00489444369140668 0.228857953541546 1 0.00550788707576011 0.0121182008915992 0.0189208508711499 0.00484883707896511 0.999631580431961 0.0056045075015666 0.160025347776451 0.0149187832336394 1 0.0392505617931099 0.0105546369900573 0.00478236159902601 0.00494550543127492 0.247491767829471 0.0742281359680516 0.0098947526940989 0.0929705373594625 0.10172537554658 0.00718900269056577
0.0375252227579015 1 1 1 0.0554856178147002 0.999453992907781 0.0334407090734505 0.0281139179379898 0.0487559508588165 0.0366593750493219 0.0310332136809068 0.51554222432592 0.0545236807932193 0.0362652223592054 0.178324869949266 0.0451017168697473 0.0273784850082548 1 0.0699679643816722 0.0594534654698653 0.275092767794099 0.0238001320445828 0.0232787464026287 1 0.0711788918873134 0.0298833428153099 0.0241906399719518 1 0.99999998543595 0.621373519714612
0.304669379448273 1 1 1 0.0144766612100343 1 0.0178812767608102 1 0.0145691303172094 0.0206158013026918 1 0.200450035415051 0.378826708344908 0.999999999930636 0.0767397831631779 0.178406750098368 1 0.0215014063945963 0.0271872210439347 1 0.0155958262488058 1 0.0250785776239195 0.143176185070267 0.0147040458813876 0.0143850092387376 0.062529427661385 0.148701175008381 0.0153424337525998 0.021278015126861
3.64689572196486e-06 1.67346941859492e-08 1.11843166183956e-06 1 0.0128476561386707 1.6549568937485e-08 1.54424347442728e-06 2.88420689131819e-06 5.85292398991299e-08 0.985165465012199 1 0.999997439195633 0.999999999999956 7.52000807180409e-08 5.1590769895693e-05 0.0072235110254868 1.84375852363416e-08 1 1.68088137852962e-08 2.42983267284558e-07 7.88573425447581e-08 1.00387057280216e-05 1.93756960320535e-06 4.16711218864663e-08 6.81927305734575e-08 1 9.54971640654279e-08 8.39087169746122e-08 2.80040323152875e-08 1
0.29201664261092 0.999999999999963 0.00478970127735523 1 1 0.00353590072841281 0.00458551594143386 0.368782638685783 0.00835338249368911 0.00397390228230476 0.0118960973967027 0.00920080858317252 0.0103336129139335 0.0296372965780505 0.00390486002718893 1 0.00351734010277327 0.143654318615386 0.00504699616738191 0.0235998925004751 0.117942811546024 0.00351041710370104 1 1 0.118777764468622 0.199269064926717 0.143342284782791 0.00542511253605915 0.00352368398508318 0.00431963256143497
0.0727984221376652 0.999999999999999 1 1 0.999999999999999 0.0179746979527527 0.011865406018059 1 0.0935411576779012 0.0262828761078886 0.0136154750202687 0.999999999996392 0.0131885267366849 0.0154839992839952 0.0194983766375446 0.271109902400249 0.999999999999986 0.0150908134167768 0.30993151318738 0.0155027553456454 0.0262102184745459 1 0.0210753684367602 0.231354356057382 0.374773846529919 0.011335433478207 0.0207206014640944 0.386513366665992 0.0112562065936163 0.152147977188677
0.520809763772722 0.461483191083388 1 1 0.0211547750184201 0.177000448304091 0.358546433284495 0.125412190343849 0.0250924488586217 0.0882709307410352 0.263285132226081 0.999999999999865 0.999999999797262 0.0392120589493572 0.0656018712599198 0.255703114634274 0.0348692259354052 0.0510362259112526 0.0264859948555464 0.554280289968978 0.0213736237433813 0.347882093110265 0.51478054350349 0.0866450340532573 0.999999998474811 0.999999951645122 0.0210936580274956 0.999922218262328 0.0210856888758895 1
0.083756642420235 1 1 1 0.0420026913627074 0.0422015997114035 1 0.0731847246600492 0.0522567190003567 0.0316395717230143 0.0530614243782469 0.0323555271262495 0.268244139472555 0.99360169168416 0.0584488097411457 0.112327915474491 0.0665853829661686 0.0323140955780091 0.0426660306033657 0.21850738523684 0.0530831492159644 0.116820625053769 0.03173977062277 1 0.0378111422523759 0.137444077594161 1 0.249230756618059 0.0321368348916842 0.0397617517474467
1 2.62225858574938e-05 1 1.52966032984647e-06 1.35000458656442e-06 0.99999999941806 0.999999999974545 1 6.41684201896364e-06 1.57808369732892e-05 2.4940975995591e-06 1.35168487191972e-06 1.51406589732339e-06 1.4708942595032e-06 1.37549213149457e-05 0.999999999994469 1.42752164100646e-06 2.83334309969518e-06 1.39098608764598e-06 0.999999999946887 2.74195566896118e-06 2.88531961679661e-05 1.31818607163048e-06 1.39335328785961e-06 6.68719323302369e-05 9.80200857092495e-06 2.13777442803487e-06 1.64578972727814e-06 1.63430236399531e-06 3.64736800184673e-06
0.0528916073033403 1 1 1 0.0222186550865232 0.0283113169040867 0.0297894280410164 0.145657179479443 0.181148397436482 1 0.064630077603911 1 0.0223814948496072 0.184129904830874 1 0.0226172983579301 0.021808892641774 0.999999705375315 0.0228820748228576 0.0263158388975512 0.029178971657804 0.0219350080788437 0.99999814739437 0.0431840929315607 0.0363260637526756 0.0477645860584814 0.0243418698797957 0.0233805739110575 0.0535989423509847 0.0219091889914595
0.0144821115505547 0.0158446992639386 0.340727977742912 1 0.00678398203793651 0.0285324106606639 0.44101746037348 0.0474450808815337 0.0203412226470124 0.0291207176601653 0.00954578937495498 0.999999813923664 0.00815374652099221 1 0.0113824135259143 0.00678587597094382 0.0959906498131518 0.328338074819149 0.999999641765871 0.00680727112048285 0.326846187635506 0.116877518152943 0.00689633271606271 0.0235365439109969 1 1 0.999949591458167 0.0395973537403636 0.189777070853856 0.0108377483863522
0.56840690791567 0.999999919011665 1 1 0.0124440518316475 0.0276959029433883 0.0151550282555298 0.0153897868850233 0.0236566838494473 0.0424330757141181 0.13555032727902 0.120240395718177 0.0122580051953717 0.0119811183010312 0.352967988975165 0.01183483439385 0.0397976582680555 0.0357491849674419 0.0209517255102101 0.0178562455325484 0.038627043839185 0.0975044602023782 0.0175425175596234 0.0121540037858968 1 0.0127384407674288 1 0.0156057674032137 1 0.0239967965754201
0.079745224537681 1 0.0357357973283943 1 0.0531723581159974 0.030926470299776 0.0294653031060944 0.999999998633883 0.988515123862388 0.0428170487459374 0.0471989022364727 0.999998379497475 0.0343026125909943 0.0360808626861794 0.0281399456359721 0.999999937813978 0.131256482489445 0.0306045555254973 0.316787421600114 0.0370213122718476 0.0456072079840347 0.0352600168611795 0.0668665497679127 0.0308935864253383 0.0341902552449751 0.0289888496385298 0.0473624945217594 0.675704339612047 0.0332322153770015 0.0373294880633706
0.999999999999154 0.0468458455994171 0.0931491297005704 1 0.00969558107437396 0.00751255092316139 0.00728165911241818 0.00726133466486023 0.00920843863316068 0.00909435762017197 0.0333597828668714 0.207345041353827 0.00840116058188689 0.447681078696266 0.999999999118671 1 0.00750803557518409 0.376904259213769 0.993864196031765 1 1 0.014677323428644 0.0203140603886358 0.133737267133438 0.0310315667145838 0.0128029727386814 0.999997911416077 0.00988194896699646 0.00823763703280789 0.0123461850421851
0.00364948691481526 0.990438702977398 1 1 0.00167071729462809 0.00380585967169655 0.00447349661023644 0.00191390733908015 0.00815828420634312 0.0216313172369815 0.0281608539805337 1 0.00171914082900171 0.00392668910948546 0.253626027940607 0.00285996309943326 0.00173181601132189 1 0.0874710814234086 0.00155478554567035 0.00465823221027939 0.302643185774555 0.00149947511851933 0.00371104576558146 0.00295632863137218 0.00154553520121736 0.99990138768765 0.999999995861578 0.00228807252858942 1
0.999999999994502 0.983185579465051 1 1 0.0350995961208985 0.0500069883869385 1 0.0637998226470549 0.0805884202187459 0.0371476334513532 0.0379563701846549 0.0594919950290794 0.471259565136769 0.0360653132857517 0.155409356718989 0.0351265710565295 0.0516425472169946 0.0480778870753968 0.123269664058583 0.0351085691675624 0.0691968199540262 0.0358025545380373 0.301840376715932 0.0351876455326472 0.0677209900697709 0.0473371846812869 1 0.193999645982481 0.0494985584324561 0.495877942624342
0.341365904453401 0.999999999992767 1 1 0.0313774818424661 0.999999999972359 0.0393725388415046 0.999999569805662 0.0816915571513357 0.0283162465987444 0.419005350018913 0.0397042287968663 0.999467017331189 0.03351249151479 0.093006520753013 0.0757274767200852 0.0614337687651819 0.103582332209857 0.028438202695092 0.0291954114336145 0.0535057854051235 0.0501792754472071 0.0286138737830246 0.0284307517186061 0.164117594968537 0.0336134332402414 1 0.131038880280397 0.0388700066270012 0.0431160569224682
1 1 0.999999999530852 1 0.0495781332522145 0.076150262469743 0.288603092660195 0.13545117924406 0.0534707938771769 0.0534745676481516 0.244319927227393 0.0416317534732492 0.0472111237292756 0.115207545561006 0.0731263238360859 0.0514594766661078 0.999973579616485 0.0546119602476773 0.0499754847576158 0.0530668345891262 0.0901682689783967 0.169122983472401 0.0397589326807201 0.0485012484641566 0.0781464414320334 0.134646100845913 0.341125726479097 0.999999999865183 0.0410603651576106 0.132530586347525
0.0125111517258392 1 0.287199735500781 1 0.00935293512771707 0.0117853613007197 0.105496545507442 0.025080315536712 1 0.0138507793479972 0.0263380820484675 0.0092625709313543 0.0318385610370178 0.244339928848689 0.020011072800456 1 0.0200137121651407 0.0106651960642332 0.116415726936231 0.0116933671789483 0.0185734670064056 0.0130312850602198 0.999999788412509 0.0199855995772391 0.040445704844849 0.0286137167464001 0.0132769362010001 0.00957800005806997 1 0.999999987057534
0.00455172141432547 0.999999488166828 0.332332196682515 0.248037342394569 0.432796096515325 0.00120758500982321 0.0204963380009415 0.0053706572670903 0.123000803643729 0.00206390698698844 0.00118027153316691 0.0627540796661591 0.00343975546702668 0.999999999994651 0.99999999673567 0.0241124661501384 0.143685743257874 0.063653784818253 0.00520958354727141 0.00123507382144661 1 0.00116052370637532 0.0583162590967311 0.00116726195218408 1 0.00116872705429361 0.0034827165030259 1 0.00160014466485725 0.00186340579874689
0.064127400540308 1 1 1 0.157546992723823 0.99999981158099 0.146266299231079 0.0409550237392983 0.210617414608525 0.999999999999999 0.255640265684292 0.0321555946284777 0.999999999158012 0.0275887817949954 0.0798757788926946 0.0450539155310361 0.0304682234127349 0.0994495143911761 0.192917234651847 0.0274622476490698 0.0378545931614659 0.0783917731628284 0.99999872544452 0.0331963867155223 0.0618433115682145 0.029214345715271 0.0743134622450203 0.999999723196741 0.0492922329964682 0.123945428128255
0.0600800430689742 1 1 1 0.0503194166309417 0.0757754948045691 0.99999462631419 0.0462900158033698 0.0502689662499513 0.958172968302975 0.0683368555697096 0.044605014316654 0.0490005750476276 0.0405258497810579 0.337799955028402 0.0428700152909119 0.0423452502843699 0.0449526078903648 0.15748778032894 0.333127424208795 0.0412809774272603 0.230719927520062 0.0413903788479421 0.040397522378857 0.424098369345674 0.110304429142208 0.262335110906044 0.045263193371087 0.978096402900479 0.0408892700463857
1 0.999536703052466 1 1 0.11632003177863 0.012402531742048 0.0276065717859429 0.0073916051966687 1 0.99999999921149 0.00896257811931245 0.00774943007327877 0.240698263550348 0.00993428762378989 0.999833375516313 0.980940870114107 0.0448468517048065 0.0375985312050406 0.0105981236869346 0.0883598620905358 0.00593733697154952 0.0054541780072207 0.0123587312652788 0.0106319542516656 0.999892221012877 0.00556520567002794 1 0.00587957919595294 1 0.007723400962653
0.999996780719436 0.0970835628645457 1 1 0.0880580283780799 0.0366742637079842 0.101409938465179 0.378067467278326 0.0431336112234102 0.206143224819184 0.0350614556832203 0.999999828303961 0.0370502182057955 0.0795415627742806 0.219248370023487 0.0659268116535165 1 0.032493782840722 0.999999999764396 0.0318959649296462 0.183129527298207 0.0331589856996674 0.295562612795274 0.0428175184464599 0.0330452583866049 0.0648383855753938 0.126927960811425 0.0728474683535879 0.239396051709952 0.0325923688044478
0.227569628527957 0.302351471581541 1 1 0.19602260429663 0.0208922690444799 0.0626508274126681 0.0143509323826548 0.0160697092675068 0.015520388992452 0.999987481889747 0.0178227941088084 0.117965489963887 0.0887330034796702 0.0145107714059106 0.0247729662914782 0.0140329282418628 0.999999999996121 0.999985465087883 0.0863142331672825 0.0143476963449914 0.0149556241142906 0.99967468534212 0.0371059352427391 0.0213935602439037 0.0277551736696092 0.334045111434577 0.162723242170391 1 0.0474047738479197
1 1 1 1 0.126326728743176 0.0181010552049237 0.0137553094014082 0.0496233563562107 0.0174408375325188 0.351643434498359 0.0191543667731637 1 0.0224302215664292 0.999999948215118 0.0152019690898694 0.271947357184405 0.0167468480378593 0.026939695317321 0.018242811267272 0.0223783667474498 0.0140262598731546 0.0200452681618809 0.0138446884374634 0.0144064586942685 0.0892361950836484 0.0167686159426894 0.999843067372724 0.0149832866559599 0.0165411633520537 0.12474360529723
0.0538821667617667 0.314560903522672 0.0439289020311074 1 0.00964636004301489 0.164839827578588 0.00742834524369196 1 0.0582844635247395 0.999999999999993 0.101717323490033 0.313612616537297 1 0.0435289416511524 1 0.151009221312816 0.999999999999971 0.00822230189264039 1 0.107656362982239 0.450275234252114 0.16030822910939 0.0632593421368641 0.206129013066093 0.0138990453533145 0.0339182541971365 0.0615575371884572 0.0639420054670947 0.0195409981570452 0.0128233200116923
0.0149063421771394 0.999998885534752 1 1 0.0496298786710624 0.527080980841522 0.0349635948294956 0.0419775721023122 0.999999947549323 0.040296485649402 1 0.156072208133719 0.0141451007782799 0.0149271436574113 1 0.0908955029553011 0.015877667506587 0.0145658091545012 0.0722269906183681 0.0144368760867011 0.291704490430801 0.0142729402873593 0.030301507987749 0.0141451106791727 0.0150665814784174 0.431554275616544 1 0.0208874232578582 0.0364960781493466 0.0372220705587288
0.999444885646757 0.999999999996063 1 1 0.0207868018888919 0.0145292086288269 1 0.0122879164146326 0.0129698675301688 0.0189563206203927 1 1 0.0124026173410363 0.161933371485099 0.97514615932829 0.0122972428145112 0.0906845795341015 0.0134516998337892 0.0278336877612447 0.232801810195193 0.20267853536751 0.112173756130991 0.209826574016483 0.999999999696053 0.0583609332384173 0.0228550667205983 0.0377284122118444 0.0156242624017872 0.217277259293619 0.0184268211184325
0.516544139826294 0.313050272551336 1 1 0.0547491021545137 0.999999714815002 0.0382114017312399 0.444191314019452 0.050558504166658 1 0.0266386762459524 0.216095808132973 0.0804261730511252 0.0265435035536818 0.120477073909793 0.0569569601703385 0.0377030281187783 0.0968086791935127 0.0223095205653068 0.0212483113050341 0.278797087710596 0.0214488810974616 0.0283221803615207 0.164417468081225 0.0518983518509044 0.0618441965749902 0.074872497604067 0.0236533319319634 0.0328254125480221 0.0516160917443454
0.401349295971033 0.165152926081809 1 1 0.199719530491621 0.155089102451848 0.00790580263745522 0.00989434275962342 0.00833938564076964 1 0.00932886466312388 1 0.0204283852134135 0.101319139649422 0.214263517232319 1 0.317728434832617 0.0772421601651503 0.320104480035876 0.0133482776413786 0.00929608858768505 0.196538952451536 0.015703782777724 0.00909697313380931 0.999999989960357 0.227299243386466 0.411314480830248 0.103945724113434 0.0870303279148015 0.0105288640562061
0.999955955940041 0.999999999766828 1 1 0.0914457829486978 0.0512891994466229 0.0775807687329447 0.1145458725958 0.136866414889396 0.0530476756208634 0.263727380964537 0.235352777663989 0.0503755188344127 0.054824871316715 0.200784731909346 0.111629941123989 0.109802340225177 0.0814644183046418 0.0558306799752522 1 0.0465490917355587 0.0611438275420251 0.0685630243436937 0.0472337398661217 0.0608811971226748 0.997027218617194 0.101168668761806 0.0510699134306101 0.137567019833376 0.352104525165079
0.410041850345722 1 1 1 0.142139319067611 0.0697823014124191 0.248551919130278 0.021031459775224 0.0412025660820495 1 0.125573481724354 0.0928832814526732 0.0347498712620041 0.0380998370485149 1 0.161950673414596 0.0328752546133342 0.105664877539421 0.0235916366845013 0.0236175364236525 1 1 0.0210953230142094 0.0210020061434093 0.0433846539863318 0.0210017257604211 0.199965912283266 0.0210745527742947 0.487236747345852 0.0316005090681579
0.923726034081924 1 1 1 0.000112629701260358 6.93885643006098e-05 0.00791091856948678 0.00013364287370099 6.70077963115245e-05 6.42068412404218e-05 6.38844865918919e-05 9.11341242999519e-05 9.53415055524598e-05 8.35679315865923e-05 0.000178507045758614 0.000139948303509274 9.58523223153485e-05 6.47418325275817e-05 0.000147132592762 9.66749515034504e-05 0.000160457792868773 0.000130022750539194 0.000171988417392521 0.0195481500208664 0.000125502949831713 6.4564288241864e-05 9.51891823518514e-05 6.68817412019518e-05 0.999904064618225 0.999999588048004
9.9410843178438e-06 0.99999999998608 0.999999999400504 1 1.43955406040064e-07 1 7.53868424352433e-08 0.999999999943674 1.56955687580229e-06 1.79427940172339e-07 7.8530040137359e-08 7.61732194052289e-05 1.80507669045316e-06 1.02218481456973e-07 8.40440075311477e-08 7.59117322335356e-08 1.97831767634327e-07 6.81305025285184e-07 1.03638228776681e-07 8.92083203973826e-08 4.67337699094905e-07 8.62996123451865e-08 8.55367528562745e-06 7.5218885342565e-08 3.0717945320724e-07 2.77694280526042e-06 7.50736031118748e-08 1.18922484748651e-07 7.5433552737536e-08 4.05057963837052e-07
0.0229419147821216 1 1 1 0.0279500278928085 0.0220342710463896 1 0.0177891712903525 0.139960712399199 1 0.222222088519233 0.999999999999699 0.018639694685831 0.993244109839425 0.0212885265421864 0.99999999971839 0.022154278940464 0.052593019091315 0.0281733314219101 0.0301695718706209 0.197160605768741 0.111891664633365 0.0191498950008318 0.29389258957366 0.618949670900618 1 0.0239974656518415 1 0.0474028768985808 0.0173548062368082
0.0133438773559601 0.351857397751134 1 1 0.0221781325617479 0.138195949806482 0.0261242486567971 0.0490670009508931 0.00781005491282949 0.0308357428600305 0.00609501732148277 0.0103451750824919 0.0086818050018076 0.0202416110425562 0.0456535613695547 0.00658539375674061 1 0.0107008394325216 0.011905997939729 0.00607803589125677 0.020660727572743 0.0105485397560038 0.0096659336101611 0.988953275994866 0.0131851491810185 0.999999999985014 0.0132263694555546 1 1 0.0192493101569483
0.139986374771965 1 1 1 0.0248802686748107 0.0321615819926035 0.0213047276589813 0.0890465018619875 0.32507457019312 0.0600310590919909 0.997056157394316 0.999999975733667 0.999999999423252 0.07113865504304 0.0354260796393383 0.0440739973350521 0.160591707782809 0.0218504688919605 0.0213543643405778 0.367721892384729 0.999999949208193 0.0772196416350429 0.0239053154501379 0.0284417843606226 0.0344966042851192 0.999999742479913 0.355447119721167 0.0203728595340998 0.0887526331200797 0.28824781074075
0.0119629026713761 0.481620606926033 1 0.0069625771566324 0.0262317577438186 0.0147477793994716 0.00594557716943567 0.0733211322790833 0.0164874348467335 0.0320228968828079 0.085150271992587 0.00854293051031907 0.0545436214115192 0.0452656015409617 0.00677650954668763 0.427972870128801 0.0135374339841868 1 0.00602393560924963 0.00879509088082275 0.135495961263627 0.0401042372278827 0.0243554142668587 1 0.155322960179875 0.0648429571805014 0.00718605940563311 0.00767822652637273 0.0132371559875467 0.00625745696496849
1 0.991333157472775 1 1 5.26688479542958e-05 0.000239160237128999 0.999999999974906 0.000113507160494408 8.70841977105297e-05 1 0.000104694320286702 5.13522528997612e-05 0.000139350997155674 0.999963381499714 0.000131092092143681 0.000979449215139927 0.999999999999906 5.89075507032577e-05 5.93776722589423e-05 0.00253026954114832 0.000334253639111659 5.19354273910144e-05 6.9464629971705e-05 0.000108275404574809 0.000610230696929337 0.000440849931838683 0.99997989527173 5.08087501397414e-05 0.000330796365929475 0.999847905763004
0.198002586273956 0.999999999999999 1 0.00645909255301425 0.0454735351501649 0.00972584504473661 0.0318219927505818 0.00979446666468031 0.00799708228362161 0.0209056245535724 0.00840709552812291 0.00646244493133286 0.00647059738442057 0.110872387460577 0.258685579171938 1 0.121615740761693 0.183501020263499 0.00644379487992075 0.00643902656477291 0.0830935291014446 1 0.0442601462700729 0.00713313050002529 0.0761905366377011 0.0176865277160965 0.999999868566109 0.0122030853190007 0.013020669242134 0.0192092916191511
0.0461241728536687 0.307315257975227 1 1 0.999999999999781 0.0344545093077611 0.0314343116466697 0.0352364551721301 0.0302546690444044 0.0807966083727012 1 0.0418938156889774 0.0338414081115277 0.0422958656616874 0.0509310357744805 0.0355091580083555 0.0722744766287328 0.999999993138218 0.228434912217285 0.0275062256933336 0.514908404868424 0.0916226021338643 0.487059270638822 0.208244187038082 0.0426539407599185 0.0284320679588466 0.0283825501940502 1 0.999956555725763 0.502051851230103
0.453675231108919 0.019829820576558 1 1 1 0.0150822304383268 0.00858103555725764 0.167386916484398 0.0204752287110382 0.00812644188896883 0.0100982849026725 1 0.0159492642822101 0.0225103401015551 0.00952335865594389 0.0123824400755982 0.0124522080069508 0.0744542229531616 0.0132235996989672 0.0473376145780164 0.00913304753144328 0.0325833148512329 0.0989758603363472 0.0434679836768742 0.420856893130775 0.999997847226451 0.0080048959769552 0.00866652402989987 0.019136733297056 0.0143944702631924
0.368436024041454 0.999999999885603 1 1 0.109959743378436 0.0364199028433118 0.0334769600809074 0.999999922975046 0.0307341880495895 1 0.122106649653009 0.169059734123026 0.546924273541607 0.0499251226269699 0.0599711061653498 0.0333226374509313 0.0467802715209753 0.0853370193789861 0.0852302243121479 0.0682473459724334 0.0583069710411528 0.0321563947627709 0.102723084818886 0.0350356876930601 0.999999753225536 0.999999999999997 0.225366855180975 0.0300693475027073 0.0330218995529163 0.460096882061952
0.0181560406783779 0.00405718333114136 1 1 0.0459672421816515 0.00376246495356625 0.00780403002930263 0.00458912697584701 0.138332845467482 0.0875092773681788 1 0.00326407685328123 0.00384353111231084 1 0.00323806357674727 0.180439735103302 0.0134666496268431 0.0180499236194303 0.999999999997667 0.00494809027350984 0.00325925729551657 0.00574591955008452 0.0141101568897287 0.0040545770161341 0.0293419156028077 0.0653548558039148 0.999651462337992 0.00323619434140332 0.00398392633688827 1
0.145300783685695 0.99999999999992 1 1 0.0176155802548214 0.99565676141969 0.0839335296907399 0.117733670461077 0.169126628220368 0.0824906755831838 1 0.025952042664076 0.111209497587623 0.151745812700321 0.127974130486179 0.999999666349143 0.37882229817201 0.0458357086288222 0.0173343635350885 1 0.0184755125452067 0.0217573007760102 0.125453172891451 0.0924827132776099 0.999999999998802 0.999999960355348 0.126254870553792 0.0233943224803943 0.0179144459753564 0.152677469202493
0.232329759399086 1 0.999999999430219 1 0.00702752271837948 1 0.00716606186502755 1 0.23555110759222 0.999874198999955 0.00767681858282987 0.999999999973835 1 0.553003593784387 0.0119025856085855 0.0188309184473721 0.00933348502361497 0.0322198867041649 0.00993664941613537 0.00790718131299828 0.370304816592332 0.0100003119807724 0.00479035099858505 0.0319410740536176 0.0150201051838056 0.00543967515048327 0.251778591400422 0.338180277799518 0.117803316582856 0.0505750399747997
0.0258365846146953 1 1 1 0.999991919185398 0.0621652057426577 0.214235076353957 0.0224782994867664 0.534917622845228 0.0279944919679452 0.180590103299184 0.0243673101801625 0.999999921492737 0.0182053406390391 0.0277602560671477 0.0236318336151021 0.0976302174521329 0.017640171103983 0.0285325716289108 1 0.0240997213904496 0.123105781851795 0.54081525534962 0.0598586386751303 0.488455081948031 1 0.0244932475172059 0.0211141431243239 0.437608082643773 0.0194870820401278
0.0593127247782002 0.999852566489611 0.0107012219170852 1 0.0125340623865227 0.192178219923457 1 0.059200045763108 0.0843325258346909 0.0475514882303354 0.0113789778374185 0.187742694753499 1 0.999999999999999 0.170419797682702 0.0138351363169508 0.0122624332660953 0.0106388994410025 0.999999999912517 0.0129744095604561 0.116418922758408 0.99999999773948 0.056971397054725 0.0148237375099699 0.505776300650488 0.0120599011096976 0.0176537590775652 1 0.532354303035366 1
0.999999962041032 0.0679134549874297 1 1 0.0190828414743872 0.059362278312506 0.128213564553513 0.0597061959475028 0.209158297395237 0.999999997676936 0.0247676792236139 1 0.307127424250647 0.384819513370799 0.0299425720492861 0.0223554402773657 0.999999964801419 0.0226524969346772 0.0198036280132718 0.0548840461305167 0.0214030081910284 0.0192725933774003 0.02332991413856 0.0393124571013707 0.019566797327354 0.0191454481909205 0.0215909205452726 1 0.111868012445834 0.0264862153573593
0.00875657543775021 0.0150271433568432 1 1 0.0304215026003627 0.00476525787697135 1 0.00874129966532999 0.0147733805212672 0.00456060143396841 1 0.00478443405786699 0.00662152948762496 0.00534132062702164 1 0.0148090963673995 0.0049019630918713 0.00605520386343406 0.999999975803289 0.010672120020913 0.0122036668411613 0.99999999996988 0.0643259388475659 0.999999995870724 0.0118355444290817 0.0104705626376125 1 0.00480208606655097 0.00838986437115208 0.999999987449088
0.479154909416257 0.999971877248294 0.999999999999726 1 0.999999999631933 0.128834454681987 0.109489460521554 0.999999999992081 0.0368596367665963 0.168086312241773 1 0.0385439750160879 0.164379038855875 0.084999325175923 0.133003460330092 0.0477015185901607 0.0363481596569066 0.0382907371215708 0.140672750600947 0.999457244134776 0.0359387582607033 0.0372869354733992 0.203357052452099 0.0364058772032498 0.999983590776149 0.248940920335095 0.0396879173947364 0.0500676031373228 0.275058517389655 0.0621660875311191
0.0591694879902105 1 1 1 0.0502421459223829 0.047298190988451 0.0682530999818196 0.0631707683066302 0.999999871427594 0.0581882086922685 0.0924384788102031 0.999999999999999 0.109558076530671 0.0473506156051384 0.0471991070541691 0.051666234726046 0.0623041495737563 0.0516862070762765 0.152769746807167 0.221791209559152 0.047447424614692 0.0472772339401936 0.999999823410075 0.286058290956355 0.0517668930067342 0.0521128538506416 0.0553480162358257 0.194929807014275 0.99999999871855 0.0627311944999622
0.077327495649024 0.0724977180808637 1 1 0.0196933937328573 0.148318453627391 1 0.0484584088445499 0.0195180841184894 0.999858644033243 0.0224705466001441 0.0404578648584082 0.0620920041034129 0.325438427588111 0.999999996940699 0.319017050092896 0.0253462135751398 0.0196269995088892 0.0437999924199555 0.394232339291319 1 0.999970068489896 0.0510544165834601 0.033495054441784 0.0195393568053019 0.999999999999833 0.021130707191645 0.0477562503985408 0.227213627457717 0.0682306417193896
0.999994561656123 0.999999995701143 1 1 0.0820624043037341 0.0339860700838676 0.0128199794046407 0.0320928764390062 0.0205301656903826 1 0.0592181118682692 0.170487509373753 0.0142098133780542 0.012435792581159 0.155899338882542 0.192028187262759 1 0.0126899650059568 0.0179950832205416 1 0.0276002852219693 0.0166393464553221 0.320566615458443 0.0136646835104751 0.0237575760072872 0.149428977844572 1 0.0335611947095605 0.0132267500752744 0.0258126241517199
0.0124327969050885 0.397620635965968 1 1 0.187375424480601 0.0188273810043388 0.015423731057301 0.492751699326457 0.013305858465203 0.440271579582039 0.99999999999995 0.0120972538809879 0.0430549411729951 0.0129928347512477 0.0207074296047519 0.999999999991245 0.058030893431296 0.0759934894627432 0.179558220141448 0.999999772351065 0.430899504768251 0.0564147471961682 0.117343397449851 1 0.357784287304575 0.180644549939243 0.0201205265303376 0.0127159116109561 0.0931729598845351 1
0.111296805162757 1 1 1 0.0550928248485211 0.227303084345632 0.999998947263577 0.338253637457421 0.043817100505375 0.0467241256746496 0.0456165817332774 0.0439890891614103 0.0444796711022337 0.999999995455797 0.148410965320653 0.053510645954296 0.0438955690762377 0.0438902116304781 0.999999997363893 0.0799406199088946 0.0477451491895375 0.0438292591274917 0.0704502303795207 0.0475071250736792 0.0438275271497514 0.0540218228923663 0.999999657768502 0.0572298457999779 0.113662788493532 0.0437888946256746
0.0539309888866031 1 1 1 0.0651616704545682 0.0469251439017058 0.0407375778772939 0.973054711987405 0.0592917353426033 0.0624832058410186 0.0404977078558383 0.0397531176970675 0.999999469462644 0.0437038895788908 0.996944771180351 0.0479412922514207 0.060976882039638 0.0904167679468704 0.999999999944199 0.0537523620901417 0.0435092547553326 0.0547556457750519 0.037728015938074 0.0425608779179678 0.0573568075657834 0.0383908182092747 0.999999999730756 0.252394367470974 0.0867848823792281 0.194341473324314
0.071135362033616 1 1 1 0.0113454270400765 0.00946613690650222 0.203929337616638 0.142656308922495 0.00597311916894949 0.00600554698146416 0.0351250911145282 0.0156339347844491 0.00765392783281538 1 0.0521088809543141 0.999999999993326 0.445548196969946 0.0248155397418067 0.0158754419945205 0.00874785336046147 0.00744535547196745 0.0482686804768634 0.999987071467002 0.0214617450907577 0.999999994390811 0.00589543782397628 0.0201767974664502 0.00729159993410056 0.0539780398326011 0.0571261414226124
0.0123189342086842 0.999999998794015 1 1 0.0636887511789002 0.0140646085041216 0.00748844850814157 0.0706855851738846 0.252078593835511 0.0080194612689849 0.299659583967786 0.0108202555711319 0.0065094689837969 0.99999933762086 1 0.010553470273398 0.075469691687772 0.999999970396617 1 0.0145884616037435 0.542430293259291 0.00656836183474641 0.0165556399938068 0.00752043640817301 0.0368270242647279 0.353642111748249 0.099414212371131 0.999999727548698 0.00604136962519863 0.00613363200800199
0.999767646256945 0.0998727343936174 1 1 0.018636418611569 0.018601640162188 0.0240809315852839 0.0206920943727035 0.11463209050149 0.0272452902279922 0.0266199954674881 0.0188498539558279 0.0186670963167374 0.024827045445481 0.0187339839042139 0.0190545492444191 0.0304169849299841 0.0209498593926656 0.0978992251387579 0.0185899380900229 0.0185965118413476 0.0423296210880735 0.02369453395782 0.0258402089714352 0.0290202490431983 0.0196843775328567 0.0188940384657821 0.0731304684916794 0.999991311467768 1
0.0112117208176413 1 1 1 0.0124242200012338 0.00959159635789664 0.0129763993472494 0.0150371519758212 0.0330608549445995 0.0111571514318047 0.0117292225571961 0.0103405460780955 0.166577973295975 0.00928080145038113 1 0.0853661557692829 0.0118604567965688 0.0192690270730855 0.00945462996806146 0.198021335181811 0.999999999886219 0.0440165564259097 0.0135504055494817 0.00910686265447214 0.0153623762337538 0.116945319410189 0.00900151919620795 0.0142643760627525 0.0176999457109269 1
0.00013010224225618 0.010539080534239 2.99300282085024e-05 1 0.000571069168083693 0.000228969069854479 4.57387929302389e-05 3.78953089543721e-05 0.999999999770141 0.999992500182913 1.47419038202257e-05 8.64903277362217e-05 3.13100738686956e-05 1 0.00034176299181421 1.17323201277442e-05 1.171972359304e-05 0.999999999384818 1.22050437362242e-05 0.010114081445548 1.35444732360934e-05 0.999999999999295 2.36932412756019e-05 5.42662661218163e-05 1 1.60143914034183e-05 2.64586274270062e-05 2.27086621215067e-05 4.9586759916842e-05 0.999999979642866
0.999999999999998 0.279808846635734 1 1 0.0185367986522665 0.999999974668927 0.130459750812082 0.548869751111292 0.020944689403767 0.0224968885703835 0.0381213250613114 1 0.154543644390597 0.172596549075461 0.018730597083267 0.0767105639720003 0.419282712142655 0.0195334855674197 0.0406444951239 0.068808788613848 0.0387953313702679 0.0508116802113658 0.0457163284378037 0.0801693670680321 0.0185996340778282 0.0450432758209611 0.123246142444574 0.0474500445853403 0.0916747014385167 1
1 0.999999999580597 1 1 0.0447798420931171 1 0.0428870899799388 0.0313284415204026 0.0380073285548184 0.0503799982338227 0.0340084911803695 0.10386495454864 0.0308543782517089 0.416088397578383 0.0482378401467715 1 0.0304863292072934 0.0307747486376161 0.999999985604098 0.0373035911750965 0.113042908145 0.0444792316710357 0.26488435150098 0.0796363985645748 0.0310229376732868 0.0497744924282112 0.0585117251012903 0.0357020044657818 0.0311172146533726 0.104484084213423
0.00851522238693125 0.999999996413435 1 1 0.999999999994773 0.999999334777992 1 0.0118883920486267 0.0125232856499066 0.010286356662065 0.143741961292337 1 0.0246495005846954 0.0295478880250885 0.0150669150666738 0.029504533215633 0.154132888794018 0.00788323299695926 1 0.999938330707298 0.00750637209384541 0.145030179028736 0.077388716422472 0.0885382235213666 0.0111534888635795 0.00879568857115953 0.016103616759279 0.0674680041383261 0.017035766053863 0.00767658365997625
1 0.00489499171897956 0.999999999999999 1 0.00369190760924831 0.00475232520625635 1 0.0325905752988909 0.00597454294680932 1 0.00299763780561024 0.998665239764039 0.0193274879126725 0.00465533167714394 0.00199857181840934 0.00311755296950567 0.0116279958383285 0.0173018555790714 0.00261689280468114 0.00202692232779 0.00547432541318227 0.00228177812180064 0.00218122990024827 0.00316178871791817 0.00655655085606199 1 0.00197101308855252 0.0357436550601463 1 0.00298166638692754
0.0653022486528838 1 1 1 0.0712922322183844 0.055407983888403 0.0525474399268677 0.0709221282414118 0.178337677833365 0.0540420694530931 0.0614845201813615 0.0561724871466265 0.0754387503434217 0.243752936458793 0.0520294618953244 0.999999863594823 0.0663237371586411 0.0520210115665343 0.0529743000546156 0.999999998900903 0.0570216256550086 0.0580263996340979 0.0655280147339584 0.0735716079304477 0.0553940126064267 0.0608791824112518 0.0532291259427315 0.053032485401672 0.191021787656045 0.348474845474094
0.0651119396845234 0.999999929236168 1 1 0.999999982259778 0.999999960830553 0.0334741915665033 1 0.0965249669585668 0.462972497897266 0.0164415425851596 1 0.0199170149575471 0.0159692174055204 0.9999999998424 0.0123306958556326 0.470736137574261 0.0499879004135039 0.0189152909327962 0.0144498854592511 0.403727029902012 0.221643384844418 0.201350689356281 0.0266504401341483 0.0136465637436778 0.154773582526357 0.0242076300488652 0.171808566011434 0.0223662765040428 0.0272787725265395
0.0925302129573172 1 1 1 0.0391312944221768 1 0.999989997458585 0.0231485381774567 0.170790233668213 0.342587873118795 0.999999999929404 0.999999032276266 0.122198698742797 0.02379237396963 0.0231456614215675 0.033514548063993 0.172654861155098 0.0269676390749092 0.107547372816428 0.0295876668442069 0.0340068457949384 0.151020039450288 0.410459654566834 0.0236663245969732 0.0399731091845085 0.0329508644331855 0.31515014624127 0.0440040153197404 0.0278970490658952 0.999999873643979
0.999999999947492 0.0718998982210821 1 1 0.251329008694536 0.0345570460328503 0.0139915596964132 0.0132754602406444 0.0133480324133671 0.2304708662141 0.0156307346596493 0.0872822178445926 0.320414270578319 0.0179281694797041 0.0193346795909793 0.99999923594036 0.0233490786392174 0.0331344554725971 0.0346031454375373 0.0131447345103494 1 0.0505550270922579 0.0581507682732658 0.191759779685148 0.0256217865801659 0.0297583357842207 0.0131790850044099 1 0.0246276522562989 0.0169446943428028
0.10926186416895 0.123423956850312 1 1 0.0187504182658558 0.0807202095468429 0.0187458873519131 0.364173678062648 0.021999049066603 0.999999999961505 0.063997488417172 0.14278627383548 0.049382895068156 0.0206663810199007 0.0333737499706627 0.999996242423717 0.486805290015095 0.099034389890056 1 1 1 0.036091354111805 0.0606311261229275 0.257291623608655 0.0227634726005129 1 0.508959772968679 0.209188590611486 0.0196361783838701 0.0361062118070259
0.499536871392757 0.999999999999998 1 1 0.0509812320049495 0.000920931366720779 0.00547366062011156 0.0127459626225198 0.999999999806878 0.0210932473219699 0.0454547152578272 0.995544357724812 0.000930344676718819 0.00154509020276838 0.00103414019116621 0.000791723290955781 0.999999936238837 0.000696160783152266 0.00133753041686446 0.000704147376841657 0.00144819336182134 0.999951335587267 0.00070743309055854 0.00114591470350756 0.00152961981206956 0.000696549219290299 0.00259435995488211 0.0892510750775604 0.0740567935297832 1
0.0902091074306712 0.233816674991392 1 1 0.0235132501071501 0.024222228149774 0.0376787961633143 0.0281929694111448 0.0483580083150384 0.0217932400557372 0.0275794748316509 0.088170091315143 1 1 0.0238082583243873 0.441714664348813 0.0229748996910951 0.150848278024589 0.0546041151903016 1 0.356434085022791 0.216192818665753 0.0484557044116654 0.0708880328792528 0.0512949006983815 0.0278613009468293 0.0229542129918598 0.048169654080284 0.0274114298640217 0.0927880308709271
0.154318763519 0.537637347743912 1 1 0.999652606320771 0.0202146711647804 1 0.029852885082609 0.0170014336887941 0.089699328493398 0.190886041208286 1 0.12659382573691 0.0522966890780021 1 0.0170988811230625 0.0279236627939327 0.314042787260468 0.0161445002731668 0.021179193888707 0.357413648885231 0.0384335640307408 0.0552491350577403 0.0184931838230677 0.0542303335389159 0.0329164738697407 0.294736462658282 0.0161954645466382 0.385179073045411 0.997482408098543
0.129023858882427 0.999999951565447 1 1 0.0761190726120515 0.0503322035922448 0.0497582265509842 0.0640593816282761 0.0888255207262623 0.241221803294403 0.0483433673280037 0.0745452231202317 0.0850663393893694 0.0807083572173596 0.0551258216960845 0.999999999999644 0.0559355282576843 0.0490050466032924 0.0486861516446346 0.347365358429124 0.228268481399183 0.376986930498009 0.191523571416134 0.133888317861599 0.0493703986960525 0.0747394731476071 0.0764619458903101 0.237055866739407 0.0696405995555039 0.999999993308769
1 0.602133197500506 1 1 0.0157399177410522 0.162780448459882 0.056165831780537 0.0193602790505102 0.999999999999998 0.132601625165658 0.0166805667810814 0.0348979232845823 0.030884749029028 0.0341837889543681 0.0259392576856418 0.0802678675008106 0.0403788962245136 0.0128839860427753 0.999688585750452 0.999999999999724 0.0130109368103108 0.014814919088271 0.446432673246551 0.999997506778121 0.0152898446764547 0.999999998728444 0.999999999993306 0.999999999999945 0.0467838272019455 0.0148783779727427
0.0973835345355017 1 1 1 0.999983301643782 0.0723424668195233 0.0375372157578757 0.0582508585348248 0.998624271204766 0.0447444081716541 0.0406910690210029 0.0377882462480166 0.293173026874802 0.0558697608453325 0.029633185396805 0.196711591007054 1 1 0.0435566200260002 0.0308419539739369 0.0294299293367127 0.208413099839076 0.0939832344641455 0.0300157407690635 0.0339169928024596 0.174401858567629 0.204283639938395 0.0296890547516038 0.0807764970187621 0.0391788821628543
1 0.999999230989843 1 1 0.0357082280947162 0.230600344748297 0.112171278446372 0.0644291606856502 0.0652077501095836 0.0335793593550954 0.0348340791569526 0.181846739657891 0.866536240943896 0.0647559701153655 0.999998766306436 0.0369225240689409 0.0842247244398533 0.0447734445601612 0.0413045990622868 0.0376748464154655 0.0509025604080354 0.0512738259476072 0.0335299302233695 0.491979881284414 0.999999997778795 0.205077934230708 0.0791147577989499 0.0399264632721001 0.0382175256481313 0.183909032567043
0.523471992001131 0.527987955369471 1 1 0.0211342481535582 0.0756626442553289 0.455270487220306 0.0169093124771662 0.0196186713988217 1 0.0177846512969712 0.0254905237213423 0.0879714615810668 0.0202018041626747 0.0465649896189543 0.0194780904053474 0.0195255265582371 0.0289316521885928 0.0578520073743427 1 0.0215445289304503 0.26746410482732 0.0438981870478068 0.0184818050557749 0.0908072669208894 1 0.0173002208156023 0.0171649498210642 0.0415228823151863 0.166694912961314
0.187964788153652 0.0314941478096535 1 1 0.0139079470249819 0.372277088941365 0.126698686992859 0.0297102701046076 1 0.0139600491234902 0.0289895332070749 0.030096132219944 0.0161848213126659 0.0197713627773117 0.026175282657277 0.067442984236496 0.114341828155329 0.0595001680586934 0.0263732893871859 0.99999983129429 1 0.0161160668430516 0.0197615501041728 0.203918438464193 0.0241509976671357 0.0176569975740593 0.149119154491286 0.0312883410796466 0.457926741835703 0.0138626724800791
0.999999999999979 0.999999999999991 1 1 0.0512256328299293 0.0431771271101853 0.0422198078996425 0.0748966455785909 0.0418577374364668 0.999991120782403 0.0990561716529852 0.0459058380869825 0.960536455121133 0.0456491769834945 0.121734532203179 0.078057795043868 0.0419390042377776 1 0.0419603740934477 0.122743377363147 0.0506862026024085 0.0421829636750342 0.999999999999689 0.0506226401219526 0.999999999999672 0.0602692968251825 0.0489083781196573 0.0441347093549403 0.0584101865533858 0.999999990462654
0.99999999999931 1 1 1 0.00214517403790448 0.000432351349018312 0.00344558600298939 0.0229339986397844 0.000370099132578239 0.000387060707391362 0.99982512416078 0.000351664041963073 0.00045714984427403 0.00037272240856745 0.000418136631573862 0.000459730273375758 0.0029759930325286 0.999997752707505 0.000661496671318651 1 1 0.000505340970737955 1 0.000369475229374028 0.000546483806067699 0.000654978871868939 0.000375707766779088 0.000590956185185343 0.00130013158716213 0.00044663184907312
0.570375318589799 1 1 1 0.0267342240033434 0.0325166972673344 0.0305762056356877 0.0439845775502652 0.0412673800912856 0.325108938167309 0.0439037390305272 0.0271613997643774 0.0350240039365535 0.0271303519626146 0.0462678932951788 0.0267231361580806 0.0261633560337291 0.0661174769291495 0.0250826316873244 0.0961315285192913 0.0259466339984334 0.0272344366852532 0.111404972414954 0.0409535500649173 1 0.0371420902677794 0.0263232030981969 0.0292123862281413 0.0345154035831652 0.231403780283356
0.0414772112434435 0.999674241690109 1 1 0.0545288673628457 0.999987989545087 0.0123475006782722 0.417641299740822 0.103011123322931 0.140969726718535 0.0164035232956998 0.98772020294074 0.291561968114953 1 1 0.0169244938551701 0.0208025173623854 0.109969682634696 0.0236689467974879 0.138011429709616 0.0171043177401476 0.045510419948248 0.214736296599538 0.0112799522560744 0.234492580086311 0.0108350622526505 0.999999999044095 0.0158378794001434 0.033704812587383 0.0132401862351247
0.999999999989503 1 1 1 1 0.00913500897138952 0.170958992661063 0.123860601590822 0.0509173070804928 0.118975302746573 0.998382257548636 0.999999195383073 0.999999999999206 0.011176488005062 0.0572724639209646 0.0173558126053033 0.0114116249756824 0.0142473241108801 0.0327300556827688 0.0204772371501729 1 0.084502095982931 0.0181051454811344 0.999999999999982 0.00946645581768213 0.00822234872678018 0.0766977016865932 0.0242852493234605 0.00935880061750305 0.00826109253178298
0.0613742177938016 0.38508674424912 1 1 0.0197429312399313 1 0.143008926413023 0.212343889910927 0.0204276121992649 0.0197944655440061 0.0577657661445289 0.0172988884237489 1 0.0186401695416478 0.346028547740036 0.0431989111278539 0.0681074999091008 0.0634952984643247 0.0429157219619658 0.0226963293782696 0.133744506987257 0.194174149746279 0.0186614515838168 0.0743601899840237 0.339710367035964 0.0258491550463241 0.999866953248713 0.308210647996986 0.0212504563305913 0.117526128761703
0.0895884573964634 0.99999999763345 1 1 0.0177385849887327 0.233603292021957 0.0217951859361228 0.999999975997129 0.576543583268813 0.366475683842736 0.0162299728850179 0.999999999998258 0.385814777393359 0.0138672728741946 0.103086578177885 0.0136440145597629 0.0897666992038745 0.014333662243927 0.0750998698778654 0.13171242641503 0.0744039485971335 0.043129984201752 0.0309001111531575 0.0904434255596072 0.470071180777289 0.18014963881396 0.99999927305009 0.051018506224661 0.999999999999989 1
0.00955597116951579 0.00801068575671604 1 1 0.171559511422239 0.0599211560897703 0.00616109700515988 0.233416121098887 0.0240350814733897 1 1 1 0.00540259250884945 0.00775969799236575 0.0588767332481693 0.00614978643343245 0.00518186823693367 0.999999999764116 0.0365844012762678 0.00666589968417231 0.362326810751655 0.00926471972506437 0.0179469076597751 0.0122570722844482 0.00513779056458985 0.00970203755361465 0.0101502218178313 0.116815780899441 0.00543066813550508 1
0.999999999313245 0.581328011320522 1 1 1 0.13696748633139 0.0235025123273106 0.194880884205727 0.168144313688062 0.0173382453690251 0.0543462650146495 0.0292414257504892 1 0.0176047797929391 0.0238002760903553 0.0192824791132929 0.0216327212860647 0.018783676092497 0.058234423931788 0.0728817326913642 1 0.127962928123785 0.992824173346712 0.0185162095902841 0.18136094180499 0.106189082199612 0.219788133205965 0.0173954669584568 0.029361754851461 0.0184562754858444
0.041056546870175 0.0837844655795894 1 1 0.0560772953840654 0.0402636651286701 0.284735935701262 0.0241039081234417 0.0319655834831833 0.0295910778217324 0.0904438152158998 0.0325306557319647 0.023924413491668 0.0215597416117955 0.99999987692035 0.0272979883508673 0.0535367187788067 0.999999999999438 0.0216846777901801 0.0469706563810338 0.0217320383331082 0.0250824466170074 0.0244457067906191 0.0294827681906915 0.0514310516305018 0.0225792805820205 0.13252194947664 1 0.0231979978561532 0.0403913129213879
0.147185774555245 1 1 1 0.0416347400636723 0.0965528104037143 0.179642744360789 0.173384565419056 0.101038475456544 0.0593776769636124 0.0473699679899273 1 0.241776018038663 0.047879329329106 0.0993382579220596 0.398324436035478 0.129854438646906 0.0625715608471021 0.0393106795856364 0.0722627045591498 0.0403944680280799 0.0444110612321871 0.040408162337466 0.049121257888693 0.999917880037445 0.0393321393671696 0.0865672039090454 0.0396269469471899 0.0409734031953437 0.0599016189118818
7.37512908077775e-07 1 1 1 3.32093657762211e-06 5.33615222342299e-07 1 2.0127119249036e-07 0.997288673101168 2.55092473522289e-06 9.27891741220321e-08 2.17040104155686e-06 1 7.08507220670285e-08 1.60051924491533e-07 7.11774168493662e-08 0.000206124691971343 6.541044964814e-05 2.54773889540871e-07 1.18837738871669e-07 1 2.36774131049389e-05 4.4658129860764e-07 1.8381258104494e-07 0.999999999968132 0.99999999999995 8.45143465988407e-07 1.4401934655961e-07 7.39033606533823e-08 7.68969312670009e-08
0.0183804873264366 0.171402534514056 1 1 0.0382338776299536 0.00798673728531529 0.0281089641260974 0.0256771654225746 1 0.0225967866987282 0.00663714321486542 0.0875917898958958 0.0125197365077048 0.00780925109113506 0.220662544572721 0.0191205401584482 0.0182764722111828 0.00731417226149433 1 0.999999999344966 0.0227903184428849 1 0.0763559431102825 0.00730087838263593 0.020989952783084 0.00774743739290262 0.0474209976547735 0.0162184970663592 0.0302743480553508 0.018512827561373
0.270688503254604 0.9999999996987 1 1 0.0135301509281446 0.0428144414715574 0.0169014564570664 0.0136709670010312 1 0.014823187895289 0.0182533164635018 1 0.0208034604146013 0.0542498536001886 0.0336340744000992 0.0147807702597461 0.0181083984629402 1 0.999999999952475 0.0129068512453425 0.204025399191035 0.0138348195835959 0.0145166128011831 0.993065751557138 0.0764693458323695 1 0.0167405479635483 0.161383274548333 0.22504047097128 0.0133224395126407
0.174735049206114 0.283805299952151 1 1 0.0351539417695957 1 0.0473522068347068 0.0526135440396837 0.999999998183631 0.0363588074009964 0.0352383364383616 0.0368186487121651 0.0355050267868631 0.0640397841230278 0.999630345711688 0.99999995095683 0.0362679780444998 0.0767288981589348 0.0929065106586814 1 0.104549597100197 0.045942654681861 0.284128666653553 0.034944430827618 0.123659169313468 0.0439628884373956 0.035208887607121 0.166519657890683 0.0354893236840873 0.376002421959577
0.999996686960541 0.00675197320232968 0.261543592824477 1 0.00231426523648259 0.00827557426860248 0.00719038505777014 1 0.00418461104760703 0.999999999999444 0.00237145776169734 0.0416562078536955 0.00231116287184563 1 0.0100027282146479 0.00702498477130264 0.144217891820099 0.00229404082916285 0.00335406242995917 1 0.00283853292252989 0.00231368592597825 0.00234763911310554 0.00534059749082771 0.00395700280896349 0.00236052704417367 0.00277347225772229 0.00303324078899403 0.00231227519067145 0.00985441815268806
0.195628519119404 0.999999997673745 1 1 0.0842445644424533 0.0590151262707201 0.0510756236208336 0.233559243807497 0.0446552088181161 0.146604101827062 0.0521439173223027 0.234854095886372 0.0430940390643668 0.0573937521115903 0.16120295608136 0.999928873277026 0.0585789202468637 0.103479086253736 0.107516603282257 0.0448886806296067 0.0424874074902962 0.10003554353983 0.995834263144818 0.0424929429375723 0.0445442197311373 0.999370745481623 0.0740841745156496 0.363397803398477 0.0431301841167481 0.0439626682657472
0.20560649528336 1 1 1 0.0120965939291152 0.0117930936343464 0.999992065199385 0.302726029831276 0.0130458252078737 1 0.18091224419478 0.0238370257874332 0.0977721504220885 0.999903851414297 0.255121521924933 0.424823388340746 0.302068463841584 0.999996674087642 0.0894458110306958 0.150654539253098 0.0149602472779918 0.0249425335730249 0.0136402989683332 0.0117832843181336 0.999995360548333 0.0257884555377937 0.441407260230641 0.343182764649798 0.353848286626259 0.0154757170207003
0.530272567724972 0.122727520310816 1 1 0.0140971416130571 0.0204801655620276 0.0140244791283288 0.0227680623179062 0.126802687187851 0.0263350316334822 0.0275400274621722 0.222862540278383 0.224093409712418 0.0230103425578184 0.0193765739737845 0.0156606227991146 1 0.0429413389881999 0.0303530733423137 0.0163696484662826 0.016912437557985 0.0375000535676157 0.0141570420959187 0.0454780011269746 1 0.998640647902904 0.0341033229605626 0.0420227268497307 0.016323064886989 0.0146556549307764
0.0626849270953985 0.999929254137375 1 1 0.181358234084631 0.00364489952420377 0.00346783558558728 0.00372054162823943 0.00403727367802886 0.999859222386945 0.0347499187568435 0.00430704076424093 0.00327039823086206 0.0659170915280873 0.0314848778822017 0.00466249822660325 0.243758269560023 1 0.0146306959244065 0.99999999986342 0.0201799099076381 0.00671953734054764 0.995987970780631 0.0319083648904011 0.00726216197576501 0.0197872337317924 0.00337476167441608 0.0604391270251503 0.999999999999998 0.0116354696919506
0.0268087519239991 1 1 1 0.021396372122533 0.0185999210033186 0.999999941327046 0.018128956367454 0.999117366263498 0.999999999917056 0.0192622999897668 0.0488023246631316 0.0278782789350117 0.0192068706547763 0.0802880492323838 1 0.0221450004565561 0.0478829345868282 0.244783718610532 0.0181371391857358 0.0578687223792511 0.0178943332445786 0.0214208730296755 0.0461408074395429 0.0187567495158784 0.163862646592419 0.0178674008980799 0.0178556553836534 0.0712763183177125 0.999983911142625
0.570491929823591 0.999999999991257 1 1 0.999999999372124 0.0222291242179208 0.0358027922615265 0.276319408322002 0.0584952042553363 0.999999999984765 0.471002543171122 0.271093603952981 0.0221719023163514 0.227522553336958 0.0360863135372178 0.0247365670198239 0.538808751428325 0.192839381420939 0.999999999701351 0.0283142768580559 0.0296977489284664 0.231369040667939 1 0.17341122631956 0.0213035669842595 0.0986889331421291 0.0662477813777779 0.0216025482633059 1 0.0526176835480324
1 0.999998882354138 0.999999999999175 1 0.00420492382577708 0.148329713719562 0.020514855337573 0.00332784733616953 0.0143344404524489 0.00932659645611367 0.999998613382157 0.00343680745197228 0.03446300654158 0.0766428153169332 0.00472122877949144 0.0417928762900165 0.999999669902575 0.00366813794542908 1 0.00332226680267034 0.0955443646137613 0.999999976244196 0.0142043184092212 0.00334345703247041 0.265586472280447 0.0332303526180883 1 0.167165643743377 0.00424788890367078 0.00355286431295843
0.0104229429386863 0.999999999999973 1 1 0.174555923713762 0.106761255650495 0.0159611603934066 0.0163886491646414 0.0267181826909139 0.00434404799923449 0.020978357639447 0.160649067569076 0.00495451844172989 0.0190506431771433 1 0.0846288182369587 0.137222186403039 0.00421056880679549 1 0.0285942063529202 0.00731306952971011 0.00537083322195198 0.999999994056143 0.999957273076383 1 1 0.999999999999999 0.00410437784285356 0.0185215789132288 0.00410248289237369
0.999999999050746 0.326777574438611 1 1 0.0598379571142286 0.0766274897496757 0.0547770963127621 0.998943080318042 0.0773305853723498 0.0598315338213542 0.992268612175238 0.052964871952635 0.0701486176092156 0.0672028699846163 0.0629620162274751 0.0639430206076308 0.136470887565186 0.0625217746921524 0.0656914406440559 0.052723168438691 0.0524283619796051 0.0593519302544109 0.140874009295872 0.0704165381184656 1 0.0733701995731976 0.0906084405261255 0.108259177747224 0.0551371966360518 0.0635927977858742
0.270778980474566 1 1 1 0.0717269399019942 0.0209366904524684 0.999999999951236 0.0195695836153683 0.223892380812991 0.0197174940704861 0.0267306999875798 0.0501334139093482 0.116273348232691 0.0196184040445272 0.0200301353113747 0.0200702352256782 0.999769716903051 0.0530379708620273 0.0209476579460899 0.304355291674888 0.0302953538026937 0.0496892495697412 1 0.135626797534327 0.179712958668947 0.0259948352311843 0.363660146888329 0.0202269177506488 1 0.999999999998565
0.246283667642932 0.302771980720076 0.999999999980289 1 0.999999994791393 0.0533591559712311 0.0152925558080041 0.155460928394384 0.3318868104187 0.163731478665648 0.0142173887381032 1 0.0177716964700831 0.107517736296995 0.103264619982238 0.521424683548588 0.211230960686085 0.0178885744051042 0.0129685317828219 0.0182894851830429 0.0822744375450433 0.298532101213636 0.0901845335842051 0.0137396153060547 1 0.218244754071175 0.170460985761691 0.0502081756247033 0.0819028256646305 0.106125094326187
0.0921481242962281 1 1 1 0.236990914455096 0.0480012482459965 0.193746083103901 0.0525111464194592 0.0591707403282523 0.321567447774616 0.116932657336755 0.268153757324459 0.0629699492536906 0.0523932369226272 0.992740154964184 0.0415588498738928 0.0425222167250587 0.402908149631906 0.148989556488252 0.998520786947495 0.9999999999438 0.999999731401545 0.044675382800345 0.127476902893377 0.0431866662331084 0.049370368214966 0.0671421559171178 0.327542889466222 0.12351173438111 0.0688549404909559
0.046193944843759 1 0.999999999999999 1 0.0125280109173752 0.999999999993135 0.0136122117684839 0.488066126104668 0.999999706534416 0.411707066531314 0.0178977181041172 1 0.125920087734968 0.0130611940226525 0.0114737147167281 1 0.0136270427610379 0.0233421922640233 0.0114190739720207 0.0180283132245711 0.0124726676960297 0.0115719454334935 0.0522522623322115 0.012339736007277 0.999996961972248 0.999999999999998 0.999926488401805 0.0340738307948443 0.0163478565295492 0.0115954258167695
0.999998535928947 0.630474932463526 1 1 0.119070278289972 0.45239142620628 0.0195408569776387 0.019555839800532 0.0282352657447571 0.0195401571778742 0.0268314527807976 0.025844736013833 1 0.0537970609105923 0.0259233473042455 0.999844943095508 0.0870888838613764 0.0748161653627923 0.0315381654274947 0.266114088900016 0.180529377449191 0.0195589982781974 0.0277296576836431 0.0197621912538855 0.021563651393976 0.105565617867197 0.999999939745209 0.112840870190756 0.0196365482012083 0.0210617848424309
0.0328335745465868 1 1 1 0.0193811213266813 0.0128482568839178 0.0796306342936436 0.99995372092674 0.0101132415730975 0.362111388572405 0.370461118204955 0.172541986832373 0.0429608678227538 0.010343276913142 0.999999999999355 1 0.999999818632691 0.0615629217441559 1 0.0905350128742594 0.013804828704 0.0182413506311428 0.0181373502458907 0.0097741633789119 0.012925877945329 0.0158301852121451 0.0218708567335173 0.0227938250281786 0.999999994253481 0.0171147829540554
0.480381774474143 0.99996587265655 1 1 1 0.00630273139263493 0.00605010701763797 0.0149692812378585 0.0156939390996566 0.00587095922488523 0.00584663144925635 0.392310304097035 0.465120694540606 0.007525437261934 0.999999844338971 0.00597664362353179 0.999931059997947 0.37022220718685 0.00649165493683779 1 0.999999947205803 0.0613396177689483 0.0065350493101155 1 0.0120389861833859 0.00789268112343056 0.258481221702853 0.441938174571072 0.00586230668359444 0.00786759229308298
1 2.96768165597427e-11 1 1 1 4.46901404771438e-11 6.70290412063679e-09 1 4.08929445860906e-10 0.999999653971547 4.74749981549394e-08 0.999999999993956 4.61429783271683e-11 5.27121679638753e-11 9.0323970525219e-11 0.999999999999995 1 6.89999168912436e-11 2.79932160229812e-07 1 7.89676102286307e-11 5.62458013497746e-09 1 0.999999999999995 2.3155699580002e-11 1 4.67629213130039e-09 1.82957771155401e-09 8.88396134435254e-10 5.76971803667448e-11
0.124272418308959 0.00629368033920696 0.999947228427927 1 0.0181030451039201 0.0409916893893011 1 1 0.00493871686301028 0.0102329843592243 0.140975705621141 0.0134154169867753 0.0347525741934048 0.00524450851749081 0.00498583987113477 0.00499375794804047 0.00639735957370979 0.381297190506241 0.0168094183134809 0.999999999998229 0.0054578371594034 0.01614193041649 0.00610034773982393 0.999993734393035 0.00497434585693557 0.0208460186952681 0.00491905565482809 1 0.00531608972230735 0.0708967007471847
0.00550956611360487 0.00777122083738901 0.999999999999998 1 0.00606792192664107 0.0186329782087022 0.0408640073950954 0.00582217274427821 0.0201120100485765 0.429137696801515 1 0.00552120618770624 0.0398499081294096 0.582704611107579 0.00631746318927751 0.0102774180491277 0.147153922688685 0.00689099154374129 0.0684066029516284 0.00705900145183957 0.00593799836027464 0.0476830177195008 0.00871790145077733 0.0135106436602737 1 1 0.00617690686673911 0.114830085254432 0.036426792473549 0.00652646840397564
0.0521736695054983 1 0.99999999999994 1 0.0471514025104967 1 0.0404052986053315 1 0.0204825536587161 0.0201765611278372 0.0214002871531649 0.0328330681397594 0.0533466359401631 0.0390468618198939 0.0526671343976199 0.0188024834044568 0.0225938874601413 0.0243035586453599 0.0204104824186535 1 0.186770423846222 0.276741408302583 0.0193270117889218 0.0196723315185444 0.0954266094829195 0.0203037778306433 0.0265065189202227 1 0.212701423818978 0.999999999964588
0.0534665332921003 1 1 1 0.0578081658364175 0.0726637514191898 0.0515152752061586 0.0604766237789816 0.0507393435973045 0.20336773004877 0.112381116512526 0.0544145357015658 1 0.341848812380309 0.0473855420029717 0.0465292209671804 0.194200408444608 0.0489770601464198 0.0566325710646982 0.212630020843914 0.346936161734595 0.999999999996591 0.0521394613505473 0.2562227180233 0.0569550198982657 0.0678825969248672 0.156485295354282 0.106804581367672 0.0533646456675871 0.103279635386916
0.379347477574742 0.999993299990979 1 1 0.126012591351909 0.0660592046496543 0.275642503020216 0.023082915044127 0.0211003123222228 0.0214252454137087 0.0464441874780478 0.0298026195215547 0.0225886609847993 0.0222773173369918 0.195685667045541 0.0210891570558825 0.0284711043642365 0.0315820947900529 0.0322332249314069 0.0590873233448673 0.0426464018733276 0.042513569226141 0.32155633093847 0.0222716308811691 0.999999905674266 0.0211011908850515 0.0285283783403082 0.15937090733871 1 1
0.999999995210219 1 1 1 0.122720453201291 0.0372174717914588 0.0269227114562467 0.0499548975672657 0.387893455057948 0.058722307146406 0.0669320528226039 0.0264715670175981 0.489169666757587 0.0294575618560774 0.188027435424118 0.0273112247009959 0.0548806250273114 0.428434769460452 0.239466420195238 0.0314637162707115 0.999974591904442 0.0717554892859142 0.0310359260136038 0.487026669735624 0.999999999998373 0.0269539787355292 0.0397659052551669 0.0421478645747554 0.383843602065946 0.150632788727632
0.2758342646512 1 1 1 0.040971342070024 0.16589253257348 0.0307230995865398 0.0721670524370086 0.127175554247566 0.0363513832409524 0.0391747236893806 0.99999999981058 0.26907675278209 0.0547797313381121 0.0596384736218954 0.103079386348527 0.0320220171136323 0.225467769973265 0.0312142997065115 0.990296960528873 0.117396857604856 0.0303823936128987 1 0.031209779706627 0.999998063889609 0.0567689229634885 0.348548732320822 0.25552586332568 0.0388183689414007 0.282773898488158
0.258204179099437 0.999999999999952 1 1 0.0158476150777758 0.0854363402085808 0.0167105756630148 0.0293051236191935 0.999901538184305 0.0347248656235595 0.0553134836474093 0.0265307029337689 0.994224166734542 1 0.360893166627335 0.0109715594214435 1 1 0.0106373496051797 0.0281414608027898 1 0.0225007138245109 0.142777251062595 1 0.123556682021812 0.0226956427441624 0.0247004854277884 0.999999972810598 0.0111434014678371 0.0114609122314648
0.998540814605116 1 1 1 4.58163662186983e-06 6.50748183073091e-06 1.48005917310901e-06 4.49778159472558e-06 1.0003695855354e-05 1.57600335948249e-06 1.85942689334695e-06 2.12303256796886e-06 0.999999999758877 1.41809949438798e-06 2.98566336687234e-06 4.36830022165768e-06 2.49493265525036e-06 1.51509310952758e-06 9.70454417748012e-06 6.30596721051813e-06 2.47081372584113e-06 1.56273941513962e-05 2.78216653104568e-06 1.8966183551461e-06 5.37639663866774e-06 2.68754994936504e-06 1.44422942216504e-06 1.88639591658379e-06 3.15086061406511e-05 2.05632685712498e-06
0.422779840366849 0.506675217488482 1 1 0.31085704009288 0.169129938828601 0.123637693929786 0.0491394669072261 0.0325666905379379 0.0551414515209242 0.0267591662467876 0.0273278605980437 1 0.0783818678740802 0.0271855334836044 0.0279925904446213 0.259281978179062 0.080000521418412 0.0276245748379108 0.0448762920431488 0.176245104350605 0.0275849565160319 1 0.164551131128975 0.0519408970500813 0.237258596058323 0.997752316252883 0.342741098859175 0.427913254940596 0.0528421017197523
4.80947679527555e-05 0.944200758841356 1 1 0.000115114984010734 1 2.36728805147468e-06 1 3.10023509197954e-07 1 9.87183217948662e-07 9.24494614973348e-07 3.22841955502362e-07 9.4386909740285e-06 0.00582837459764962 1.19894489003514e-07 1.3588196356995e-07 1.69726513066237e-07 1.20109731160944e-07 0.998814794134584 1 0.000205441779107751 1.2439611407622e-07 1.53371874533903e-07 3.5638034507901e-06 1.26472465833416e-07 1.76797730011558e-07 0.000163834297276622 3.99758593642163e-05 0.999999999957562
0.999999959466931 0.0347803947153114 1 1 0.0218928206488308 0.021465718284515 0.421946455470808 0.019728651230875 0.0230165648058906 0.437661740210512 0.134005015736032 0.0250891772215345 0.99999939863176 0.0324481461318252 0.0263163763532628 0.0342433278455417 0.0534663043929144 0.13287366724973 0.128857203489768 0.0211598325601711 0.0335381880958412 0.999999725754125 0.115202919747282 0.0412912058276067 0.999997611114755 1 1 0.122989240815492 0.0637307181742029 0.0630385170028369
0.00943165035933369 0.999999997390241 1 1 1.07855709892135e-05 0.00534446441319014 4.02769953733451e-06 1.2516511027294e-05 0.989197798398942 3.01372640332254e-06 0.987613112884609 1 6.23243524566774e-06 0.999958540405477 1.10701871958163e-05 2.94901804620551e-06 1.96720397904748e-06 2.15435842709777e-06 0.9948062817441 0.999942823409507 0.918414076288112 0.000247279902345743 1.02170488522901e-05 2.14872365111862e-06 3.49461640780646e-06 0.999999999991994 0.00210815135004805 7.7579469583422e-05 2.07665131801704e-06 0.0011523058124433
0.0548300799659228 0.999997141320582 1 1 0.0570755230365105 0.0294330042139546 0.175678445094757 0.0351881210697808 0.0347463867331027 0.0258335115237351 0.0400995768284459 0.45590203537885 1 1 0.305055218989073 0.279220673526874 1 0.20920402489553 0.181802561904373 0.0213503315342466 0.0614532077670451 0.0241138975331492 0.207201521961112 0.252330627355338 0.0275120910746941 0.0338303727575056 0.106884727755541 0.172488229409728 0.0415541199110118 0.445081420446022
0.999999999999996 0.398687113368715 1 1 0.999997191469806 1 0.000126549232009054 0.999879651998475 0.000178646603213983 0.000123413992003218 0.0110995167039294 0.000176590056434667 0.000219535670062831 0.0001658634909808 0.00217936678730446 0.000622923111781137 0.000201184532464649 0.0244833453638336 0.00142698520958551 0.000154066489770344 0.99999999997493 0.000136150601544371 0.999999999909884 0.000209851837787989 0.000812043903650528 0.997935326485735 0.000139772991681664 0.0170624276436141 1 0.00282310464996394
1 0.999999999689684 1 1 0.0794005970404981 0.0066927800720904 0.0782082664454582 0.00790467313967236 0.0269321317464771 1 0.0619027117516336 1 0.0170440956702496 0.0386688552697788 0.00800367080096243 0.010446463938326 0.118614122881905 0.0172264665654327 0.265728366233857 0.38339620974342 0.00504954192516072 0.999999142661872 0.164673451418285 0.00893120686649651 0.999999630576555 0.999999394038969 0.196879924390741 0.00823555604658699 1 0.0330811806004436
0.239155894306534 0.00672220229879095 0.999999999988765 1 0.00703614894285431 0.00832478989823426 0.0571076895016371 0.0149542998358185 0.0441000633806802 0.999999999999825 0.00823158896323417 0.0291891699474796 0.211552362301697 0.0143527388940454 0.00805617738765119 0.999999999999947 0.0480278090109388 0.00697570910880352 1 0.0065510513560455 0.00847782091065596 0.00739438219253874 0.0586683417240098 0.0707110444988645 0.00922117806149225 0.999999775578181 0.999999999999994 0.00692576577768933 0.00685287795227829 0.00856272393311996
0.999944150568589 0.0150289200027444 1 1 0.244518572715361 0.0112469235628125 0.00599928092817625 0.0129748394972362 0.0227408322074423 0.00780778136945037 0.00599460382779637 0.75924678351512 0.0144394618566875 0.00608767717367475 0.00607089208350298 0.00661125374893357 0.00622758697711245 0.00989378650475292 0.00631431338783617 0.0525264267031321 0.0691504871819857 0.00691566971112001 0.0209990530902369 0.00744754616942311 0.0346078772361376 0.0100041189754605 1 0.0102269274699396 0.0173493022041977 1
0.125010298927749 0.999999999213785 1 1 0.136721345943704 0.0416296964271311 0.0490972946850613 0.0450097485059762 0.0590076811673067 0.0725186305673614 0.0838615319957691 0.183900990265031 0.049230050651742 0.14391330274023 0.04155118034607 0.0736448542741848 0.0404970166345439 0.0417122588426294 1 0.0404524112797062 1 0.0497346980904616 0.050193219303014 0.0405111141106926 0.0431457872207902 0.0487466104164914 1 0.0778732505428513 0.0500202970050151 1
0.999999999425769 1 1 1 1 0.00261189726088562 0.00624960428433752 0.00661976681956755 0.00229583658345822 0.00218676347129498 1 0.0250654174564633 0.0024749653829842 0.00379291858216546 0.00342897550958199 0.00257819018778571 0.00213665237306659 0.0504409361520861 1 1 0.0133875850896168 0.00764030928541104 0.00229214159788727 0.00214102604613453 0.00314879368438747 0.00315841465267985 0.0491169633375328 0.00214927618719418 0.999999999999999 1
0.0157315089605733 0.462709084539825 0.00702094382157248 1 0.00642382628256633 0.00793924626190978 1 0.00635798156085843 0.00648077955771609 0.00949712405294179 0.0112751569217765 0.00974807407970402 0.243714200843263 0.440080214661548 0.0601961304001455 0.0443146456503554 0.0070989186272099 0.0145865386488896 0.013377943212908 0.00681810879553446 0.0744574910264529 0.371386934189076 0.0861182393070387 0.221612613588173 1 0.00780880983462595 0.999768095771402 0.00635349509110616 0.300870240072336 1
0.0910049578616692 0.185284428520943 1 1 0.0731677250303793 0.132428502147382 0.0602900081195308 0.0981117909704594 0.0956543381973841 0.0790979067105398 0.0646109377546709 0.0994142332955813 0.0608341749673621 0.141293550823754 1 0.0597817419832114 0.0699965147922226 0.0631708316955644 0.0597632358462302 0.0804403648649533 0.0597958301218451 0.0641972967780822 0.0597491967812261 0.0793845514838788 0.997282269735174 0.0637817083690071 0.14172329519329 0.0811240548183156 0.085459216482347 0.148806895537835
0.341497179812866 1 1 1 0.0419848794912533 0.0146852947115425 0.102607502972879 0.0180013086142857 0.018215245728968 0.198023797414099 0.0144748775153629 0.0389100180074782 0.0158291980253632 0.0192860463672451 0.0176083305383781 0.015004197547664 0.0145152207624977 0.0184757280298076 0.0157323380623959 0.0615533756775767 0.0145705901170244 0.044860527194064 0.0470096893554836 0.0145350488308398 0.0299297487948753 0.0379357871156385 0.0363868846261266 0.0439512338751571 0.0170300401283444 0.0154589513815118
0.998643357256056 1 1 1 0.0485911158562863 0.0495749183980658 0.0519988040867878 0.0495119728875839 0.0642941818668689 0.0471079566344316 0.996447338945538 0.998024816833479 0.163793428362803 0.0492414907331793 0.0489907243618313 0.109149951708726 1 0.0496757249926544 0.0536093506956949 0.0476391409441687 0.0868889034363145 0.0675746938863588 0.143718342277347 0.160803992886406 0.153982229355607 0.167509733197076 0.0685354182181475 0.259860741805932 0.0473996491877016 0.090369264870662
0.999156339866992 0.999999511014653 1 1 0.0568949365139015 1 0.994885617149323 0.0717263879569192 0.0654047604097566 0.137667481764667 0.0540284647775596 0.0640309778261664 0.0555135635236279 0.108637600485929 0.189790991640812 0.0963292096957105 0.138001637920462 0.0893277113600526 0.999999966755133 0.0628981463599178 0.0571078695481345 0.0550418010976013 0.066099800521645 0.0540502806971322 0.0608484864091631 0.0743826780446905 0.0597796134878525 0.195532396672903 0.0854498828998879 0.0564605011351023
0.0600607677213199 1 1 1 0.107316759798118 0.073813133202728 0.0619778858973372 0.123194012604218 0.0600240578437877 0.0600871153112805 0.065936365787665 0.065069312601881 0.0617518580513755 0.184901700578644 0.102777643974965 0.0889354568069562 0.999999999999957 0.063542412786422 0.0770807029992049 0.0623525591628412 0.0697976383032863 0.0683409311919428 0.0606546811503832 0.0921619593288069 0.0889005743007385 0.0612152306994574 0.076768467543175 0.0627213134598594 0.0954707833195877 0.997233715666141
0.190908292177345 1 1 1 0.0673502487867726 0.0945679011334526 0.0783760203597043 0.0751892011866382 0.0610072800845817 0.064998598152499 0.0619009681555402 0.149587504130375 0.0861971308440653 0.069515331450404 0.0700692712130632 0.069879720121054 0.0946811864881248 0.0610791666027375 0.0612112775125028 0.142857080047961 0.0711928512353345 0.0750560746627797 0.0610505745411737 0.998089853460104 0.143247034538301 0.0786963832539285 0.061215703407121 0.0685124173528132 0.117708652115753 0.0968778512649568
0.340296538221264 1 1 1 0.0966339554338722 1 1 0.0217615710632352 0.0665842429015692 0.118369047708952 0.0243909041802109 0.999999999975869 0.0343516552125896 0.255370368510742 0.0534943509387916 0.0207763361521541 0.0229677149842721 0.0532219079412911 0.0204386505030234 0.0202101705285802 1 0.0991460945355722 1 0.0548730813629834 0.0229579462142327 0.0520710023424891 0.028218304954314 0.0325904675145173 0.941247214173136 0.97604809384321
1 0.0276473834563267 0.996591761603372 1 5.4831271780742e-06 5.05409327278272e-06 7.66889022774109e-06 1 0.00101301651433439 4.43258480187225e-06 4.29269711310631e-06 1 4.29157726133944e-06 1 1.02035914932852e-05 0.998733881464058 1 0.99999999926654 7.79279192286708e-06 0.000161670963888638 0.996426284170387 2.87131487213266e-05 0.000190268195898735 0.000125066594832912 0.000105121394535224 5.33221813081575e-06 6.25576956458929e-06 6.59184221296627e-06 3.11126824702468e-05 1
1 0.0138553534922808 1 1 0.471341420498286 0.0142618479374466 0.0137193352330301 0.0315487948393973 0.0361206382697673 0.0179038135109634 1 0.999997255709567 0.0490004473979815 0.326096745224644 0.0144241482498343 0.0186589860327682 0.375258366223763 0.0140501515707184 0.116341979894138 0.999999998729878 0.0157172631007848 0.0433635505712758 0.133163295053543 0.126011850756208 0.0572855927816315 0.0297481765723472 0.308940403662062 0.479375804474632 0.0161610450892317 1
0.590821160393182 1 1 1 0.029784171762853 0.0188668405216939 0.0510193267490804 0.999999986110117 0.290719004678451 0.999999999999998 0.0460235351360218 0.230842066162771 0.999999997841638 1 0.00478727772438303 0.420471826828978 0.122198216584006 0.00480403695734288 1 0.999983566852242 0.999999181796698 1 1 0.999999997805252 0.00678308339737466 0.0084654869334656 0.999999998491473 0.00988764206040738 0.0319225373220817 0.00511842961311704
1 1 1 1 0.0333622612846346 0.0446131034249808 0.0322007466970926 0.207617269216152 0.999999897627279 0.0331105252931558 0.0313096203164034 0.0410640617242574 0.0373159172339812 0.0412040525100076 0.392814824313602 0.100602877869456 0.0954928665431692 0.0341051148111057 0.410023262171083 0.0321723466352708 0.0313035245243291 1 0.371184052823611 0.0960653796956022 0.176034883111877 0.0426956983398945 0.1776774059843 0.0425016455162146 1 0.0574217701927877
0.999998147326611 0.999999999987738 0.0573771770521888 1 0.00448703032929698 0.00424339822680131 1 1 0.00566794365589363 0.0228140732000203 0.0452399297062499 0.00347749921227725 0.0213761094044634 0.0136436001467861 0.00981705771237595 0.00327395427678312 0.0956135631411673 0.00639725107513389 0.00344090734762503 0.00367996171212648 0.00318645047586463 0.00313372193659256 0.00381551796908608 0.0036787343182868 0.0369907942048704 0.999996148433008 0.00384742508093017 1 0.0841794337356468 1
0.999999988984409 0.110464654598777 1 1 0.04630279844373 0.0694061547168064 0.0612164061792466 0.0455189388183168 0.115485528605156 0.210514050659507 0.12919509932571 0.0503763764206397 0.999478483086994 0.0683654214916201 0.0654406721734323 0.0815043130954735 0.0730632865952551 0.0627989916055579 0.999339801456383 0.105639782620729 0.172638526305008 0.0925306592873412 0.0469801115975829 0.10679054792056 0.999998676528976 0.202137419138885 0.109006358883477 0.245251347392816 0.0460389914283809 0.12277344310572
1 0.00707261617916022 0.999999999999914 1 1 0.355138992776304 0.00445088685081874 0.168365109161713 0.0313768581692686 0.0034510308063429 0.0224152170381463 0.0146669092949165 0.119752995392192 0.999999999940127 0.00392613649247708 0.411841955594091 0.106866995481088 0.0047289490220227 1 0.999999960561398 0.0036584441283054 0.00519642071338167 0.0166516166961446 0.220450720368287 0.999999795127512 1 0.00317624262265681 0.00361171711050057 0.00405060196493479 0.0263177041582865
0.999999763373512 0.999536819067055 1 1 0.0720616464103522 0.106608324988228 0.0332865455188106 0.18450154384341 1 0.0222433449041168 0.0672061130084879 0.0708613948113012 0.170356261029997 0.388047357050916 0.0284248969526544 0.0531113203542681 0.12131247406659 0.0240033582721055 0.99999999999993 0.268935986052123 0.328445392171104 0.0220825011314242 0.0375358727195905 0.289660811194274 0.0445713074727946 0.0341092277743807 0.0279139908784325 0.022493011402587 1 0.0342493183950549
0.0853134945353419 0.999999999850532 0.999999999997888 1 1 0.0253085352519143 0.487995797130625 0.0219403660658839 0.0267552989883911 0.0344341995298184 0.530974659229843 0.311502656560981 0.999999989349759 0.0893493305086828 0.540411082306533 1 0.256377695127879 0.172327700104959 0.386333740995499 0.0309629677738251 0.0212152822059145 1 0.455185087133535 0.19142860201797 0.0232416525393945 0.0639030704078695 0.0463132013924223 0.0319948339673592 0.0281013077880631 0.0425620816585253
0.295279573007174 0.999999999999999 1 1 0.00864462663538401 1 0.0207827620499549 0.00950476426273372 0.999999999988093 0.0997710037906376 0.00864123731748923 0.999999999999994 0.0840695756120794 0.0179801484789501 0.0308347886446563 0.164163150437106 0.243797173725006 0.9999999997016 0.0131277105053146 0.103854515201352 0.00949424813061361 0.008157185194688 0.00956838396850568 0.0206906445214543 0.00954200976143538 0.00726404505487666 0.999481559431364 0.99917141345285 0.0485190615556991 0.00730735049718045
0.516587956805339 1 1 1 0.0341025939471409 0.0697309414723628 0.999997747252845 0.24434344414587 0.0385335490751187 0.033938300510412 0.212041461346947 0.946552894102696 0.154192543869646 0.0933446240264473 0.034044905496699 0.101304533941279 0.0397019472811538 0.242018684732616 0.999999980958117 0.064338371134255 0.137887534238915 0.118603813311216 0.0945386849035265 0.175268944965316 0.118438523095776 0.0424117461846146 0.102889771177395 0.0994449514422741 0.411886705730911 0.999999999477914
0.999999887701329 0.44090944500154 1 1 0.0383837358301297 0.18410823518266 0.0624832401409936 0.0448840634177085 0.0909987916074992 0.158584131787333 0.0362392610271707 0.114986704209409 0.133762278315988 0.0506577698258864 0.0417594517165409 0.0652727186098726 0.0493993156051372 0.168596645527107 0.163132045285265 0.036886426773431 0.444804175884898 0.0357053280460911 0.0373547507799811 0.0543544056196551 0.0356484682833021 0.99999989596587 0.0539579903728065 0.09563983417158 0.999999999999997 0.575056974315242
0.0173543335693819 0.999999997609807 1 1 0.045155301001345 0.999997262613906 0.0234782562643082 0.0215002131809416 0.0814714106493543 0.0297721775654143 0.0868664029017375 0.0155056343348213 0.11368402642865 0.0152504042441318 0.130925134662987 0.0178462115900024 0.0259458370070359 0.0929579769756876 0.355507172536666 0.0166246624525871 0.0155630559998312 0.102496883711603 0.020275119318651 0.0255414616966646 0.326332837750777 0.225115505472853 0.0222750441732624 0.349184324163826 0.0204002995452037 1
0.00207196090621609 0.303189723707202 1 0.00555268941209819 0.04843719111231 0.00220521651236083 0.00293990638111341 0.00304067952522191 0.00246197470685772 1 0.00350240527883661 0.00219011853459505 0.00352017297288443 0.0158038254214735 0.00496459124938864 0.00948971034921875 1 0.0984720819699004 0.00861533239929724 0.00213777123193648 0.00263760199565988 0.00563194667921973 0.00411486005089912 0.00218988769387563 0.250210560641403 0.00546731564249014 0.0489941628503688 0.999999999999866 0.00253440369956148 0.14990021650094
0.501579666606244 0.422558141051489 1 1 0.0169855831373329 0.0513177031707753 0.0172865392220257 1 0.019859960242712 0.0606172985695735 0.0189768096584918 0.018222713329285 0.138270437025834 0.0827393777501553 0.225326877423574 1 0.019173634058016 0.0551440774256191 0.0285124289553534 0.0192389820663689 0.030293804949808 0.0937914905891286 0.0701941661640004 0.0433102267345156 0.145466695787611 0.0425164634831836 0.271544474085724 0.201030301356425 0.0188950334766157 0.973809954079872
0.99999982151316 0.999999999999999 1 1 0.0205167699058111 0.026157556500829 0.352010846304215 0.0211367862559154 0.026345221356455 0.292630177447533 0.0534941252483894 1 0.999999999991221 0.117360394748325 0.0515670584188828 0.0507584774962687 0.0557908321235929 0.999999999755803 0.0212779131655523 0.214838555735594 0.0221832753189898 0.0931328564829684 0.0779398806110051 0.0820972789645263 0.0719059171915195 0.229747058993668 0.0257018422974715 0.0297113207175256 0.0204323281449592 0.0242623898130346
0.999999999944996 1 1 1 0.0251611422491641 0.156218426885412 0.340333298865126 0.0245743751398231 1 0.999999999961489 0.999999999977334 0.0246257578411796 0.0744689803779559 0.0727265422495905 0.0278914224983182 0.0279704368665754 0.0439814865997017 0.0263887113738623 0.0277897679946654 0.0500722760156604 0.0293145089799116 0.999998877961537 0.0310003160242146 0.999998840532036 0.0298921299160063 0.0325311153281475 1 0.0340526706095661 0.0293081297331869 0.155341474998007
1 1 0.0261011856466095 1 0.0168830459191435 0.00892270212749768 0.0205093661893313 0.023868350018636 0.0270630579503495 0.0104411962896992 0.0268520481374331 1 0.236794024780111 0.00862977446639612 1 0.0384265186246092 0.114598896244472 0.037421686392874 1 0.0935411289061177 0.228534018345564 0.011006558570789 0.0117883181228208 0.198560672101813 1 0.00864531666563539 0.0107887793982426 0.00911651007638781 0.00890692625310663 0.00874477183870015
0.549006317394471 0.462705403753819 1 1 1 0.0297111442779191 0.0175242600694997 0.0182870819815604 0.0188999556687148 0.439931508642883 0.0167605686647343 0.0704326499573411 0.165085184378689 0.0690230120369127 0.0177128614509465 1 0.999997810923462 0.0184790561267629 0.106048888895368 0.037089736869045 0.999999997569656 0.0301704226498251 0.0268691404317087 0.0261322791993889 0.0459787255039437 0.261363566499994 0.0331569046784593 0.0394208541207054 0.394323906459598 0.0167773804777522
0.999999074510314 0.999999999859214 1 1 1 0.0190252121529714 0.134331581025468 0.26670750448641 0.0488110206657927 0.0638742983130338 0.0245985582834193 0.0262357549118758 0.0530265364885096 0.423506720695344 0.0330675461411727 0.0202299404916511 0.485074396844986 0.0233603474458169 0.168599217167654 0.999914417309936 0.0723551011676073 0.274998026457422 0.0481967490768666 0.0378915507761683 0.0200490363042374 0.0203457647899677 0.999999999998012 1 0.319685465844977 0.0187753219657252
0.49201385695831 0.999734383116428 0.430028356918505 1 1 0.0063651349164503 0.999999999999922 0.00520106719817826 0.00546602838596166 0.00518355958837324 0.00753267892234954 0.0597324297684804 0.00611481300553096 0.00531697973307899 0.00847418928254895 1 0.0426887253501682 0.00912176616828608 0.238941112696144 0.222659195042634 0.545242963300509 0.00671814757168065 0.0264397157786544 0.0101044697924274 0.00538945292567761 1 0.00580322572879255 0.00654002714161406 0.0591005377810557 1
1 0.131823056901862 1 1 0.0149963541389284 0.0130521243861054 0.0188193830263249 0.0269624499608572 0.0197275659434468 0.0436504622787599 0.0162605312716235 0.0135323453892636 0.0133108436110646 0.0228496905689427 0.0547369414349442 0.0380964974408091 0.0131415129799354 0.0130925698283528 0.0142565602846736 0.395167797390996 1 0.0221931641808268 0.0145239839025501 0.0378891533592606 0.0133011223113669 0.0250857698523789 0.0431337452085994 0.0153788343105862 0.999999999928108 1
7.64591152391247e-06 3.41979881941512e-05 0.999999508952771 1 1 1.56257458527875e-07 4.50827752906946e-08 1 3.05138770917424e-08 5.5491455874801e-08 1.12245819416934e-07 3.29183319491833e-08 1 5.12841467181779e-07 1.21510966452076e-05 0.000298319496724542 2.44174034658151e-06 4.77260328035634e-07 5.60461291820857e-08 1 3.10974633821459e-08 0.999999955640189 2.63701631642022e-08 2.52046021831376e-08 6.02734263610571e-08 4.01580797504408e-08 0.99999999999998 3.13616406177886e-08 2.26717498219564e-07 0.999999999999991
0.997331229288754 1 1 1 0.0917092549031971 0.0558789211068159 0.0456667875173392 0.0473102285274752 0.0579348620782121 0.0470914676010155 0.0536250581042159 1 0.0592806613356089 0.168094505022162 0.0477722604822516 0.999999999999999 0.058743956041109 0.999998516981277 0.0613479970273646 0.0519373896438093 0.0552322315955264 0.0549606348108442 0.0985543405628425 0.0917042221408239 0.0453842865600355 0.0497525324316899 0.0565249092511708 0.0827906921878926 0.0531337339763168 0.0455524116722442
