[1] "Average Estimates for Betas: "
 [1]  5.235257e-02  1.009821e-01  1.983092e-01  2.988954e-01  1.631797e-03
 [6] -4.031634e-04 -5.156428e-04  1.817056e-03 -2.963528e-03 -1.492663e-03
[11] -4.317176e-05  2.270485e-04 -1.815835e-04 -9.114977e-04  9.564220e-04
[16] -1.006244e-03  1.270525e-03  6.077587e-04 -1.057645e-03 -1.117489e-03
[21] -2.919204e-03 -7.736116e-04  1.786499e-04  1.035675e-03  2.515288e-04
[26] -2.602354e-03 -5.321223e-04 -4.432966e-04  4.811017e-04  1.253166e-03
[1] "Standard Deviations of Betas: "
 [1] 0.01867394 0.01982255 0.02045466 0.01997370 0.02249606 0.02070523
 [7] 0.02111887 0.02014452 0.02179386 0.02165924 0.01910242 0.02104300
[13] 0.02325664 0.02028958 0.01819496 0.02208897 0.01946736 0.02192004
[19] 0.01950239 0.01875856 0.02079499 0.01896494 0.02035823 0.02082726
[25] 0.02030859 0.01878673 0.01952536 0.02109482 0.01963766 0.02205741
[1] "Average StdErrors for Betas: "
 [1] 0.01401220 0.01407249 0.01432113 0.01407550 0.01390215 0.01419500
 [7] 0.01407516 0.01429021 0.01412722 0.01406290 0.01398467 0.01403068
[13] 0.01408467 0.01400951 0.01420574 0.01414166 0.01383936 0.01442999
[19] 0.01406082 0.01386010 0.01409398 0.01381255 0.01438549 0.01407842
[25] 0.01420979 0.01402407 0.01428376 0.01401354 0.01438421 0.01403202
[1] "Positive rate for exposures: "
 [1] 0.9346734 0.9949749 1.0000000 1.0000000 0.1758794 0.1306533 0.1557789
 [8] 0.1005025 0.1457286 0.1658291 0.1306533 0.1758794 0.1306533 0.1457286
[15] 0.1256281 0.1658291 0.1256281 0.1457286 0.1055276 0.1356784 0.1206030
[22] 0.1055276 0.1206030 0.1457286 0.1457286 0.1105528 0.1105528 0.1758794
[29] 0.1206030 0.1507538
[1] "Bonferroni-corrected positive rate for exposures: "
 [1] 0.67336683 0.97989950 1.00000000 1.00000000 0.03517588 0.04020101
 [7] 0.05025126 0.02010050 0.01507538 0.03517588 0.02512563 0.02512563
[13] 0.05025126 0.02512563 0.01005025 0.02512563 0.02010050 0.02010050
[19] 0.03015075 0.02010050 0.03015075 0.02512563 0.01507538 0.02512563
[25] 0.03015075 0.02512563 0.01005025 0.02010050 0.02512563 0.04522613
