[1] "Average Estimates for Betas: "
 [1]  5.680024e-02  9.654288e-02  1.968558e-01  2.994148e-01  4.407766e-03
 [6] -7.377899e-03  3.325657e-03  9.443769e-03 -7.362357e-03 -1.247908e-05
[11] -9.089810e-04  3.686066e-03  3.528020e-03 -4.868844e-03  4.417608e-03
[16] -4.427360e-03  2.158271e-04 -4.756002e-03 -1.615193e-03 -2.186631e-04
[21]  2.828519e-03  1.044756e-04 -4.136621e-03 -5.037789e-03  1.745820e-04
[26] -1.332319e-03 -7.921218e-03 -3.283026e-03  4.766611e-03  6.218442e-03
[1] "Standard Deviations of Betas: "
 [1] 0.06887045 0.06901199 0.06826465 0.07493268 0.07029091 0.06014707
 [7] 0.06669983 0.07479510 0.06844421 0.07411688 0.06938575 0.08202971
[13] 0.06863972 0.07436406 0.05733530 0.06965396 0.06537075 0.07534382
[19] 0.07610097 0.07525584 0.07002190 0.06180913 0.06225703 0.06291324
[25] 0.06863140 0.06798150 0.06943933 0.06338395 0.06724394 0.07953216
[1] "Average StdErrors for Betas: "
 [1] 0.02363620 0.02394689 0.02408989 0.02357992 0.02335090 0.02401788
 [7] 0.02378259 0.02399995 0.02384999 0.02375318 0.02367083 0.02360490
[13] 0.02384869 0.02384100 0.02418631 0.02381003 0.02321498 0.02447659
[19] 0.02389220 0.02313421 0.02390131 0.02334196 0.02457893 0.02379407
[25] 0.02389643 0.02360064 0.02392574 0.02370745 0.02422172 0.02319525
[1] "Positive rate for exposures: "
 [1] 0.6683417 0.8492462 0.9798995 0.9949749 0.3266332 0.3517588 0.3517588
 [8] 0.4070352 0.3567839 0.3969849 0.3266332 0.4371859 0.3969849 0.3919598
[15] 0.3517588 0.3567839 0.3467337 0.3115578 0.4170854 0.4120603 0.3768844
[22] 0.3015075 0.3618090 0.3366834 0.4120603 0.3517588 0.4120603 0.3417085
[29] 0.3417085 0.4623116
[1] "Bonferroni-corrected positive rate for exposures: "
 [1] 0.3969849 0.7236181 0.9447236 0.9849246 0.1959799 0.1809045 0.1758794
 [8] 0.1959799 0.1658291 0.2160804 0.1909548 0.2613065 0.1859296 0.2060302
[15] 0.1557789 0.2160804 0.1909548 0.1658291 0.2412060 0.2311558 0.2261307
[22] 0.1507538 0.1608040 0.1859296 0.2060302 0.1809045 0.2311558 0.1608040
[29] 0.1708543 0.2512563
