[1] "Average PIPs: "
 [1] 0.4130147 0.6909074 0.9203140 0.9762161 0.2032301 0.2075272 0.2125581
 [8] 0.2197568 0.2117381 0.2740681 0.2201495 0.3239422 0.2395427 0.2357031
[15] 0.2064526 0.2284152 0.2153605 0.1956996 0.2510028 0.2671631 0.2417388
[22] 0.1741303 0.2024215 0.2029759 0.2423976 0.2310710 0.2709229 0.2028355
[29] 0.2130371 0.2901128
[1] "Percent of time PIP >= 0.1: "
 [1] 0.5929648 0.8291457 0.9396985 0.9798995 0.3015075 0.3115578 0.3165829
 [8] 0.3366834 0.3165829 0.3718593 0.3216080 0.4371859 0.3869347 0.3316583
[15] 0.3517588 0.3316583 0.3567839 0.2763819 0.3618090 0.3618090 0.3768844
[22] 0.2763819 0.3115578 0.3216080 0.3366834 0.3366834 0.4170854 0.3517588
[29] 0.3015075 0.4120603
[1] "Percent of time PIP >= 0.5: "
 [1] 0.3618090 0.6432161 0.9095477 0.9748744 0.1557789 0.1608040 0.1557789
 [8] 0.1608040 0.1658291 0.2110553 0.1658291 0.2814070 0.1809045 0.1859296
[15] 0.1507538 0.1758794 0.1507538 0.1457286 0.2010050 0.2211055 0.1859296
[22] 0.1206030 0.1457286 0.1457286 0.1909548 0.1809045 0.2110553 0.1356784
[29] 0.1557789 0.2462312
[1] "Percent of time PIP >= 0.9: "
 [1] 0.3065327 0.6130653 0.9095477 0.9748744 0.1457286 0.1557789 0.1557789
 [8] 0.1507538 0.1557789 0.2110553 0.1608040 0.2613065 0.1658291 0.1758794
[15] 0.1457286 0.1708543 0.1457286 0.1356784 0.1959799 0.2110553 0.1708543
[22] 0.1206030 0.1356784 0.1457286 0.1809045 0.1809045 0.2060302 0.1306533
[29] 0.1507538 0.2311558
