[1] "Average Estimates for Betas: "
 [1]  0.030327929  0.093321358  0.202773495  0.297930838 -0.003177993
 [6] -0.004858468 -0.006427486  0.009312451  0.010825905  0.003035583
[11] -0.018487683  0.008795392  0.012327902 -0.014388347 -0.003062336
[16]  0.016489174 -0.012835709  0.003129840  0.003203230  0.019242992
[21]  0.011409669  0.008621017 -0.014847347  0.009618505  0.010144360
[26]  0.005551541 -0.008607903 -0.015981564  0.004181082  0.004929336
[1] "Standard Deviations of Betas: "
 [1] 0.1620163 0.1263292 0.1237420 0.1379520 0.1372645 0.1321384 0.1345292
 [8] 0.1284481 0.1436005 0.1321630 0.1320986 0.1281958 0.1363289 0.1515085
[15] 0.1280112 0.1423697 0.1311232 0.1413630 0.1401582 0.1240494 0.1345506
[22] 0.1400259 0.1340496 0.1361223 0.1238785 0.1343565 0.1339382 0.1461862
[29] 0.1373945 0.1363456
[1] "Average StdErrors for Betas: "
 [1] 0.1529971 0.1189516 0.1206729 0.1210439 0.1201262 0.1201896 0.1208701
 [8] 0.1207230 0.1185387 0.1191315 0.1223493 0.1191813 0.1222859 0.1194215
[15] 0.1186251 0.1183492 0.1192296 0.1208763 0.1188942 0.1199791 0.1199609
[22] 0.1209102 0.1197460 0.1201507 0.1196021 0.1176267 0.1202418 0.1200913
[29] 0.1227525 0.1201455
[1] "Positive rate for exposures: "
 [1] 0.065 0.155 0.410 0.650 0.075 0.090 0.080 0.070 0.110 0.070 0.060 0.055
[13] 0.085 0.100 0.055 0.070 0.070 0.090 0.085 0.060 0.070 0.095 0.070 0.100
[25] 0.055 0.075 0.075 0.110 0.090 0.100
[1] "Bonferroni-corrected positive rate for exposures: "
 [1] 0.000 0.015 0.070 0.275 0.005 0.000 0.005 0.010 0.000 0.000 0.000 0.005
[13] 0.000 0.010 0.005 0.005 0.010 0.015 0.005 0.010 0.005 0.010 0.000 0.000
[25] 0.005 0.000 0.005 0.010 0.005 0.005
