[1] "Average Estimates for Betas: "
 [1]  0.0295919387  0.0701745245  0.1750546079  0.2508586407 -0.0026081421
 [6] -0.0007395110 -0.0055320177  0.0056557939  0.0164282139  0.0056250305
[11] -0.0229827941 -0.0003906407  0.0118927083 -0.0163108141 -0.0048915128
[16]  0.0095106905 -0.0181128149  0.0061436269  0.0062405979  0.0077776196
[21]  0.0081019172  0.0112313818 -0.0062138479  0.0079494668  0.0103898950
[26]  0.0028168319 -0.0121187215 -0.0145532787  0.0005677132 -0.0054657879
[1] "Standard Deviations of Betas: "
 [1] 0.1229882 0.1102097 0.1168956 0.1388017 0.1285772 0.1198441 0.1206088
 [8] 0.1178813 0.1289562 0.1193746 0.1249163 0.1132510 0.1274384 0.1394245
[15] 0.1225978 0.1228610 0.1272282 0.1251498 0.1283560 0.1166432 0.1242778
[22] 0.1334201 0.1262933 0.1263373 0.1157262 0.1207680 0.1227694 0.1328380
[29] 0.1319614 0.1297416
[1] "Average StdErrors for Betas: "
 [1] 0.01967889 0.01918057 0.01949841 0.01962524 0.01942555 0.01942724
 [7] 0.01952376 0.01951183 0.01909466 0.01930015 0.01980055 0.01929363
[13] 0.01969702 0.01930236 0.01910928 0.01917651 0.01936936 0.01950897
[19] 0.01924744 0.01942548 0.01941377 0.01951385 0.01933731 0.01943158
[25] 0.01932013 0.01901705 0.01946091 0.01942887 0.01979552 0.01943150
[1] "Positive rate for exposures: "
 [1] 0.790 0.785 0.925 0.965 0.790 0.745 0.755 0.770 0.840 0.730 0.795 0.765
[13] 0.695 0.760 0.730 0.775 0.780 0.755 0.775 0.685 0.685 0.755 0.730 0.750
[25] 0.775 0.760 0.745 0.770 0.825 0.760
[1] "Bonferroni-corrected positive rate for exposures: "
 [1] 0.640 0.675 0.880 0.950 0.665 0.620 0.605 0.575 0.710 0.640 0.665 0.640
[13] 0.580 0.660 0.635 0.610 0.640 0.620 0.645 0.575 0.565 0.615 0.605 0.645
[25] 0.605 0.580 0.605 0.630 0.670 0.625
