[1] "Average PIPs: "
 [1] 0.2586424 0.4821887 0.7712623 0.8851028 0.1796415 0.1766167 0.1741100
 [8] 0.1738564 0.1772949 0.1602059 0.1647815 0.1581751 0.1834420 0.1620879
[15] 0.1643912 0.1509312 0.1615765 0.1901549 0.1838263 0.1766365 0.1895897
[22] 0.1578314 0.1681291 0.1943611 0.1756702 0.1786646 0.1508244 0.1652740
[29] 0.1760330 0.1967247
[1] "Percent of time PIP >= 0.1: "
 [1] 0.715 0.885 0.960 0.965 0.575 0.605 0.600 0.570 0.635 0.625 0.635 0.605
[13] 0.625 0.585 0.610 0.610 0.610 0.600 0.590 0.655 0.620 0.565 0.565 0.670
[25] 0.600 0.600 0.570 0.605 0.625 0.640
[1] "Percent of time PIP >= 0.5: "
 [1] 0.165 0.455 0.775 0.865 0.075 0.060 0.055 0.060 0.050 0.030 0.045 0.035
[13] 0.060 0.045 0.045 0.025 0.045 0.075 0.070 0.055 0.065 0.055 0.045 0.075
[25] 0.055 0.050 0.025 0.045 0.065 0.070
[1] "Percent of time PIP >= 0.9: "
 [1] 0.055 0.230 0.605 0.830 0.030 0.035 0.030 0.025 0.025 0.015 0.010 0.010
[13] 0.040 0.015 0.015 0.015 0.020 0.045 0.040 0.030 0.045 0.010 0.025 0.050
[25] 0.045 0.020 0.015 0.015 0.025 0.045
