[1] "Average Estimates for Betas: "
 [1]  0.0503341007  0.1018441548  0.2011381410  0.2974345191  0.0043757790
 [6] -0.0053659859  0.0028739694 -0.0051223559 -0.0028252218 -0.0083825663
[11]  0.0127368362  0.0043255449 -0.0014197559 -0.0094608674  0.0108985541
[16] -0.0089973300  0.0016881492 -0.0079638438 -0.0005580562 -0.0001901495
[21]  0.0032357532  0.0010023249 -0.0022760641 -0.0031842548  0.0067307064
[26] -0.0001724995 -0.0068253365  0.0077638472 -0.0021647923  0.0030541092
[1] "Standard Deviations of Betas: "
 [1] 0.06701320 0.06665785 0.07029289 0.07676885 0.06677387 0.06900445
 [7] 0.06939238 0.07724309 0.07573961 0.08213798 0.06895989 0.07273107
[13] 0.06254684 0.07082299 0.06780292 0.07256962 0.07888417 0.07126098
[19] 0.06991430 0.07321980 0.07628817 0.07821569 0.07599890 0.07038244
[25] 0.07477361 0.07640890 0.08059668 0.06935636 0.06397731 0.07051036
[1] "Average StdErrors for Betas: "
 [1] 0.04303185 0.04623146 0.04335520 0.04510425 0.04556572 0.04381999
 [7] 0.04400296 0.04276745 0.04421393 0.04267415 0.04437445 0.04334425
[13] 0.04370559 0.04428624 0.04383998 0.04394536 0.04282615 0.04367415
[19] 0.04472248 0.04292750 0.04519864 0.04409075 0.04383665 0.04417180
[25] 0.04246566 0.04303892 0.04313687 0.04223069 0.04378444 0.04423141
[1] "Positive rate for exposures: "
 [1] 0.33125 0.57500 0.90625 0.95625 0.15625 0.18750 0.20625 0.26875 0.22500
[10] 0.23750 0.20000 0.23750 0.15625 0.18125 0.21875 0.22500 0.21875 0.20625
[19] 0.18750 0.19375 0.21250 0.17500 0.20625 0.17500 0.24375 0.24375 0.23750
[28] 0.20625 0.20000 0.22500
[1] "Bonferroni-corrected positive rate for exposures: "
 [1] 0.09375 0.32500 0.80000 0.90625 0.03750 0.05000 0.06875 0.04375 0.05625
[10] 0.06250 0.05625 0.05000 0.02500 0.03125 0.05625 0.03750 0.06875 0.05625
[19] 0.06250 0.03750 0.06250 0.07500 0.06250 0.03750 0.06875 0.05000 0.08125
[28] 0.05000 0.04375 0.02500
