[1] "Average Estimates for Betas: "
 [1]  4.448812e-02  1.008726e-01  2.049278e-01  2.988352e-01 -4.752519e-04
 [6] -5.529982e-03 -9.622145e-05 -1.290249e-03 -2.000342e-03 -6.480491e-03
[11]  7.988244e-03  3.037583e-03 -6.254878e-04 -7.384465e-03  1.057154e-02
[16] -8.764119e-03  7.110933e-04 -6.660588e-03 -1.773593e-03  4.416074e-03
[21] -3.253982e-03  3.254292e-03 -2.603089e-03 -1.026351e-03  6.942263e-03
[26]  5.558815e-03 -8.281891e-03  5.956504e-03 -1.474081e-03  2.776810e-03
[1] "Standard Deviations of Betas: "
 [1] 0.06749711 0.06383891 0.06825266 0.07058926 0.06470384 0.06554331
 [7] 0.06755932 0.07065597 0.07673817 0.07751182 0.07032549 0.07122008
[13] 0.06607702 0.07030074 0.06421820 0.07311461 0.07423595 0.06604831
[19] 0.06736892 0.06808858 0.07254961 0.07413091 0.07022602 0.06757967
[25] 0.06968739 0.07193659 0.07188074 0.07022182 0.06132838 0.06582841
[1] "Average StdErrors for Betas: "
 [1] 0.05203653 0.04049314 0.04056334 0.04026742 0.04140720 0.04108235
 [7] 0.04071123 0.04078791 0.04087366 0.04014711 0.04135637 0.04081661
[13] 0.04056257 0.04083602 0.04120217 0.04090543 0.04112291 0.04085064
[19] 0.04049549 0.04118613 0.04100066 0.04101087 0.04187176 0.04086677
[25] 0.04040293 0.04021053 0.04101939 0.04051601 0.04043885 0.04144376
[1] "Positive rate for exposures: "
 [1] 0.235 0.675 0.940 0.980 0.165 0.175 0.220 0.245 0.260 0.215 0.205 0.225
[13] 0.195 0.225 0.205 0.195 0.230 0.210 0.200 0.195 0.225 0.175 0.180 0.165
[25] 0.175 0.225 0.205 0.205 0.215 0.220
[1] "Bonferroni-corrected positive rate for exposures: "
 [1] 0.035 0.390 0.825 0.945 0.025 0.035 0.035 0.035 0.025 0.085 0.035 0.060
[13] 0.045 0.035 0.030 0.050 0.050 0.040 0.055 0.025 0.050 0.065 0.040 0.030
[25] 0.060 0.055 0.050 0.045 0.025 0.040
