[1] "Average Estimates for Betas: "
 [1]  4.495428e-02  1.021322e-01  2.026487e-01  2.992245e-01  1.424550e-03
 [6] -5.441916e-03 -3.280926e-04 -3.185858e-03 -4.170512e-03 -6.100387e-03
[11]  8.466116e-03  3.538110e-03 -1.468687e-04 -1.065905e-02  1.159724e-02
[16] -1.045500e-02 -1.542011e-03 -1.011482e-02 -4.402343e-05  5.557848e-03
[21] -2.301627e-03  1.864057e-04 -2.441396e-03  4.040601e-03  9.431772e-03
[26]  3.143588e-03 -8.737027e-03  3.930580e-03 -2.524786e-03  6.073509e-05
[1] "Standard Deviations of Betas: "
 [1] 0.07088244 0.07045023 0.07462431 0.08038368 0.07520551 0.07031299
 [7] 0.06989941 0.07991175 0.08752503 0.07903890 0.07417256 0.07648784
[13] 0.07002131 0.07637690 0.06759246 0.08066912 0.07798158 0.07601951
[19] 0.06828712 0.07467504 0.08077735 0.07978497 0.07806982 0.07551730
[25] 0.07441020 0.08329221 0.07823215 0.07752236 0.07168277 0.07261663
[1] "Average StdErrors for Betas: "
 [1] 0.02935690 0.02965587 0.02924275 0.02944780 0.02981616 0.02973371
 [7] 0.02956573 0.02943719 0.02966575 0.02921413 0.03004987 0.02970891
[13] 0.02946677 0.02968507 0.02979261 0.02955588 0.02958103 0.02940568
[19] 0.02937691 0.02984402 0.02978651 0.02971699 0.03019242 0.02940245
[25] 0.02918424 0.02944808 0.02965983 0.02916723 0.02925139 0.03016588
[1] "Positive rate for exposures: "
 [1] 0.500 0.770 0.960 0.985 0.420 0.325 0.405 0.430 0.380 0.355 0.360 0.380
[13] 0.360 0.380 0.375 0.385 0.445 0.405 0.340 0.355 0.430 0.320 0.315 0.400
[25] 0.365 0.360 0.430 0.370 0.385 0.370
[1] "Bonferroni-corrected positive rate for exposures: "
 [1] 0.230 0.555 0.890 0.970 0.150 0.135 0.145 0.200 0.195 0.170 0.140 0.175
[13] 0.145 0.195 0.135 0.180 0.180 0.180 0.140 0.130 0.165 0.140 0.155 0.155
[25] 0.160 0.150 0.205 0.165 0.185 0.135
