[1] "Average Estimates for Betas: "
 [1]  4.081205e-02  8.431257e-02  1.708303e-01  2.521613e-01  8.958411e-04
 [6] -1.197284e-03 -4.939906e-05 -1.489482e-03 -3.373122e-04 -5.936047e-03
[11]  1.050480e-02  2.047257e-03 -1.366472e-03 -5.585520e-03  1.003276e-02
[16] -6.925724e-03  3.776815e-03 -1.091693e-03  3.187771e-03  1.133440e-03
[21] -6.191731e-03 -2.442297e-03 -9.422612e-04 -3.375477e-03  2.783145e-03
[26]  5.194954e-03 -5.986251e-03  1.329935e-04  8.310156e-04  5.083922e-03
[1] "Standard Deviations of Betas: "
 [1] 0.05569856 0.05482286 0.06450473 0.05969173 0.05388077 0.05603556
 [7] 0.05738547 0.05635139 0.06145941 0.06242018 0.06034233 0.05981708
[13] 0.05328417 0.05756244 0.05822048 0.05986322 0.06132347 0.05309720
[19] 0.05462607 0.05423108 0.05796379 0.06084280 0.06317904 0.05720791
[25] 0.05691367 0.05389933 0.06028897 0.05893155 0.05281684 0.05748536
[1] "Average StdErrors for Betas: "
 [1] 0.02286018 0.02279157 0.02271594 0.02258883 0.02312785 0.02300675
 [7] 0.02280353 0.02294648 0.02288523 0.02257857 0.02321548 0.02288355
[13] 0.02274854 0.02298280 0.02312811 0.02294023 0.02307877 0.02294982
[19] 0.02278957 0.02314536 0.02301645 0.02309199 0.02356283 0.02288165
[25] 0.02276691 0.02268531 0.02308284 0.02282252 0.02259892 0.02333531
[1] "Positive rate for exposures: "
 [1] 0.550 0.780 0.965 1.000 0.390 0.400 0.445 0.355 0.410 0.410 0.455 0.405
[13] 0.365 0.395 0.455 0.365 0.405 0.375 0.405 0.370 0.420 0.365 0.430 0.350
[25] 0.415 0.350 0.455 0.415 0.350 0.390
[1] "Bonferroni-corrected positive rate for exposures: "
 [1] 0.355 0.615 0.930 0.990 0.195 0.195 0.220 0.180 0.225 0.205 0.215 0.230
[13] 0.140 0.185 0.150 0.180 0.215 0.140 0.160 0.165 0.180 0.165 0.215 0.170
[25] 0.180 0.150 0.195 0.215 0.170 0.185
