[1] "Average Estimates for Betas: "
 [1]  0.0498308072  0.0999741212  0.1996608558  0.3011597634 -0.0024799401
 [6]  0.0010312297 -0.0014830920  0.0026636753 -0.0002918737  0.0017542537
[11] -0.0010334230  0.0074451880  0.0042654095 -0.0026936018 -0.0008093402
[16] -0.0018653219 -0.0073050099 -0.0079102213  0.0057648445  0.0063557384
[21] -0.0031190629 -0.0033944704 -0.0002477565  0.0061968102 -0.0028997748
[26]  0.0007776019 -0.0067017777 -0.0017263733  0.0017051204  0.0053297323
[1] "Standard Deviations of Betas: "
 [1] 0.05894762 0.06267023 0.06533382 0.06292287 0.05845718 0.05723072
 [7] 0.06120721 0.05937449 0.05543394 0.06572889 0.06032220 0.06522940
[13] 0.06348326 0.05917502 0.06337262 0.05998970 0.06415486 0.05786972
[19] 0.07107707 0.05189809 0.06164354 0.05594610 0.06367312 0.06504802
[25] 0.06408802 0.06070210 0.06180689 0.06280344 0.05946074 0.05739193
[1] "Average StdErrors for Betas: "
 [1] 0.01309230 0.01319484 0.01302705 0.01324808 0.01314987 0.01316313
 [7] 0.01334999 0.01337381 0.01311987 0.01337303 0.01316955 0.01328862
[13] 0.01339329 0.01312609 0.01332928 0.01328357 0.01325174 0.01345965
[19] 0.01341018 0.01338854 0.01341878 0.01330297 0.01318114 0.01313279
[25] 0.01313138 0.01308748 0.01320210 0.01325157 0.01333726 0.01332280
[1] "Positive rate for exposures: "
 [1] 0.800 0.910 1.000 1.000 0.560 0.555 0.545 0.505 0.505 0.575 0.550 0.560
[13] 0.540 0.595 0.590 0.555 0.580 0.565 0.510 0.540 0.465 0.495 0.580 0.555
[25] 0.550 0.595 0.645 0.550 0.505 0.560
[1] "Bonferroni-corrected positive rate for exposures: "
 [1] 0.665 0.870 0.985 1.000 0.395 0.320 0.355 0.345 0.350 0.405 0.395 0.395
[13] 0.340 0.350 0.400 0.365 0.430 0.365 0.355 0.360 0.340 0.315 0.425 0.405
[25] 0.390 0.365 0.475 0.370 0.325 0.345
