[1] "Average Estimates for Betas: "
 [1]  0.0441226753  0.0925408406  0.1726393825  0.2461892211  0.0112176268
 [6]  0.0066650598 -0.0002903867  0.0162671109 -0.0060324455 -0.0039118236
[11] -0.0107537689 -0.0148496727 -0.0100280480 -0.0126503367 -0.0134939364
[16]  0.0003600142  0.0004383375  0.0048942063 -0.0064438366  0.0145745882
[21] -0.0053558694  0.0030730068 -0.0172136725  0.0037759119  0.0073773665
[26] -0.0068573038 -0.0025838314  0.0043406145  0.0082479275 -0.0080113688
[1] "Standard Deviations of Betas: "
 [1] 0.1259922 0.1255348 0.1271886 0.1246895 0.1215395 0.1279875 0.1380914
 [8] 0.1205556 0.1347527 0.1173540 0.1283804 0.1153269 0.1318434 0.1310920
[15] 0.1326502 0.1423186 0.1262496 0.1131385 0.1323060 0.1266022 0.1286660
[22] 0.1155848 0.1307627 0.1273732 0.1172926 0.1248234 0.1222045 0.1235038
[29] 0.1098698 0.1242991
[1] "Average StdErrors for Betas: "
 [1] 0.02494989 0.02483302 0.02499301 0.02442923 0.02520807 0.02492217
 [7] 0.02504838 0.02475473 0.02498989 0.02519478 0.02495921 0.02542849
[13] 0.02490724 0.02498286 0.02521085 0.02518176 0.02464654 0.02477090
[19] 0.02498945 0.02465612 0.02477642 0.02501492 0.02507087 0.02465444
[25] 0.02507350 0.02523994 0.02476579 0.02497358 0.02461549 0.02494925
[1] "Positive rate for exposures: "
 [1] 0.725 0.765 0.870 0.955 0.725 0.695 0.715 0.685 0.735 0.700 0.775 0.615
[13] 0.710 0.750 0.670 0.670 0.795 0.650 0.750 0.755 0.685 0.670 0.730 0.715
[25] 0.620 0.695 0.675 0.740 0.690 0.665
[1] "Bonferroni-corrected positive rate for exposures: "
 [1] 0.580 0.615 0.795 0.925 0.535 0.545 0.580 0.505 0.515 0.480 0.565 0.450
[13] 0.580 0.565 0.560 0.535 0.580 0.465 0.575 0.560 0.560 0.470 0.580 0.570
[25] 0.465 0.560 0.525 0.555 0.535 0.520
