[1] "Average Estimates for Betas: "
 [1]  0.0686160335  0.1118073595  0.2014425986  0.2910431549  0.0173607323
 [6]  0.0029721107 -0.0009541163  0.0162622625  0.0037265448 -0.0021379349
[11] -0.0247867715 -0.0201084995 -0.0233111651 -0.0025699157 -0.0041328551
[16]  0.0111485383  0.0065947574 -0.0033865551 -0.0072210867  0.0028095160
[21]  0.0040095546 -0.0044430735 -0.0271930268 -0.0044412268  0.0164802613
[26]  0.0041297043  0.0209040940 -0.0044806328  0.0147196368  0.0083217003
[1] "Standard Deviations of Betas: "
 [1] 0.1293289 0.1186965 0.1245937 0.1236160 0.1162735 0.1242548 0.1275183
 [8] 0.1266390 0.1336934 0.1310441 0.1317186 0.1134578 0.1258805 0.1213014
[15] 0.1284359 0.1203977 0.1357279 0.1165142 0.1239696 0.1251789 0.1194791
[22] 0.1144031 0.1193482 0.1187977 0.1084215 0.1195250 0.1261963 0.1242394
[29] 0.1233597 0.1177632
[1] "Average StdErrors for Betas: "
 [1] 0.1051986 0.1034239 0.1064190 0.1048287 0.1115203 0.1050719 0.1035944
 [8] 0.1010946 0.1046958 0.1032726 0.1037337 0.1078096 0.1093329 0.1057578
[15] 0.1081519 0.1086275 0.1089598 0.1004776 0.1047969 0.1121587 0.1080785
[22] 0.1043200 0.1090658 0.1059294 0.1099220 0.1084134 0.1065290 0.1099501
[29] 0.1013826 0.1061402
[1] "Positive rate for exposures: "
 [1] 0.22058824 0.26470588 0.49264706 0.75735294 0.08823529 0.11029412
 [7] 0.11764706 0.13970588 0.16176471 0.13235294 0.11764706 0.11764706
[13] 0.10294118 0.12500000 0.10294118 0.09558824 0.13970588 0.07352941
[19] 0.09558824 0.09558824 0.11029412 0.06617647 0.10294118 0.09558824
[25] 0.05147059 0.08088235 0.12500000 0.11764706 0.13235294 0.07352941
[1] "Bonferroni-corrected positive rate for exposures: "
 [1] 0.051470588 0.051470588 0.161764706 0.404411765 0.014705882 0.014705882
 [7] 0.014705882 0.029411765 0.022058824 0.000000000 0.007352941 0.000000000
[13] 0.007352941 0.014705882 0.014705882 0.022058824 0.022058824 0.022058824
[19] 0.029411765 0.000000000 0.007352941 0.007352941 0.007352941 0.000000000
[25] 0.007352941 0.007352941 0.022058824 0.000000000 0.029411765 0.000000000
