Average Estimates for Betas: 
0.2993356 1.262709 5.426288 8.818943 0.02321593
0.04772066 0.04739145 0.04879265 0.04523172 0.04411099
0.02582268 0.036797 0.03261274 0.05123006 0.04952601
0.03921078 0.04505315 0.05062422 0.05184736 0.03122299
0.05691125 0.03726915 0.04019559 0.04762027 0.03798092
0.05790282 0.04161664 0.04133824 0.04333427 0.02581896
0.034356 0.04026432 0.0363502 0.04908453 0.0458474
0.03420869 0.04067368 0.0452384 0.06208136 0.02847918
0.03450611 0.04312407 0.0399973 0.04628419 0.03290492
0.0402217 0.05256954 0.04665851 0.03263148 0.03544923
0.03448235 0.04148252 0.03033863 0.05393983 0.04242378
0.05347869 0.04908893 0.03803673 0.05037353 0.04805018
0.03092802 0.03981391 0.0340877 0.0542211 0.05719718
0.05775953 0.04740028 0.02531588 0.07129358 0.03456324
0.05096057 0.03221066 0.05419906 0.04732234 0.0320129
0.07107474 0.03871194 0.03338493 0.0561922 0.03983304
0.03828264 0.05017506 0.04676992 0.04238104 0.06623357
0.04817435 0.04234116 0.04487139 0.04344674 0.02849611
0.05316514 0.03256742 0.03318911 0.03339284 0.04097742
0.04007 0.05282432 0.05175577 0.03929529 0.04766008
Standard Deviations of Betas: 
0.3390884 1.454576 1.958709 1.948451 0.04926681
0.1289044 0.0946725 0.1051211 0.1043108 0.08491152
0.05162904 0.07579933 0.09315171 0.1429298 0.1168755
0.09360988 0.08511678 0.1308942 0.1360211 0.06462566
0.1062435 0.07093432 0.1136385 0.0841193 0.1338519
0.1363857 0.09935442 0.1515566 0.120272 0.0603799
0.07065271 0.1111286 0.07301589 0.1182043 0.10179
0.106873 0.08144175 0.1110831 0.1606038 0.06232471
0.07980504 0.07823358 0.07033114 0.1479518 0.0878673
0.09745141 0.1097391 0.1056412 0.07139255 0.07064314
0.08667859 0.08361327 0.07568352 0.1031532 0.08693492
0.1342151 0.1376887 0.09004748 0.09961204 0.09151585
0.06624099 0.09635065 0.09745186 0.1258698 0.1261161
0.1507979 0.087668 0.04279243 0.3461668 0.08553242
0.1066467 0.06881764 0.1188552 0.1033655 0.07617508
0.1747332 0.08234382 0.06158009 0.1248598 0.08480276
0.08103583 0.1095671 0.1300288 0.09201463 0.1718366
0.12218 0.1032152 0.1022304 0.09010683 0.05128304
0.10966 0.06727414 0.06720685 0.08570751 0.09125705
0.09885266 0.1060288 0.1207894 0.08832704 0.08789756
Average StdErrors for Betas: 
8.763041 10.39933 8.789921 10.42977 6.980391
6.992389 7.177935 7.125397 7.008787 6.972935
6.983501 6.697827 6.791225 6.863696 6.809784
7.008668 6.925063 7.086812 6.797149 6.626954
7.116791 6.967775 6.744083 6.934389 6.765686
6.998872 7.359357 6.639711 6.654338 6.709419
7.029099 6.773999 6.736107 6.978093 6.810509
7.145294 7.184395 6.913843 6.981169 6.635251
6.935077 6.731672 6.971327 6.852207 6.769752
7.012656 6.956391 7.082622 6.677743 6.85907
7.065126 6.836716 6.982689 6.955633 6.853646
6.962258 6.866758 6.952441 6.879085 7.034036
7.098702 6.975703 6.794942 6.840274 7.189487
7.010756 6.975871 6.533353 6.973347 6.699232
6.851377 6.738629 7.153972 6.921877 6.989687
7.117174 6.879912 6.628946 7.015608 6.863422
7.102394 7.087176 6.78104 6.89653 7.240602
6.975235 6.948798 7.006245 6.933417 6.958437
7.030002 6.795012 6.654878 6.934045 6.983275
7.099607 7.213508 7.138549 6.852098 7.050031
Calibration results: 
Pct. correct for pips in bin from 0 to 0.1: 0.00737442604702936; n=7187
Pct. correct for pips in bin from 0.1 to 0.2: 0.0208540218470705; n=2014
Pct. correct for pips in bin from 0.2 to 0.3: 0.0885167464114833; n=418
Pct. correct for pips in bin from 0.3 to 0.4: 0.290322580645161; n=124
Pct. correct for pips in bin from 0.4 to 0.5: 0.454545454545455; n=44
Pct. correct for pips in bin from 0.5 to 0.6: 1; n=6
No pips in bin from 0.6 to 0.7
No pips in bin from 0.7 to 0.8
Pct. correct for pips in bin from 0.8 to 0.9: 0.888888888888889; n=9
Pct. correct for pips in bin from 0.9 to 1: 1; n=198
Average PIPs: 
0.1648107 0.3890938 0.9216743 0.9999403 0.08981906
0.09120252 0.09601522 0.09609906 0.08994824 0.08685612
0.08780495 0.08019091 0.08577835 0.0872055 0.0848621
0.09033207 0.08723723 0.09176975 0.08517012 0.07931509
0.09046092 0.08913836 0.08255751 0.08476077 0.08389465
0.0913202 0.1012186 0.08198408 0.08324895 0.08233363
0.0917985 0.08798841 0.08200414 0.08930704 0.08355839
0.09341136 0.09641084 0.08782954 0.09227058 0.07918505
0.08904338 0.08319034 0.08489059 0.08895068 0.08417999
0.0879062 0.09080819 0.0935356 0.07884495 0.08523334
0.0894966 0.08569135 0.09049022 0.09099424 0.08613523
0.09091616 0.08986783 0.09010459 0.08738901 0.08838175
0.09175408 0.08924159 0.08670434 0.08499782 0.09512336
0.09452109 0.08702289 0.07530922 0.09817164 0.08242806
0.08693541 0.08171402 0.09522139 0.08771331 0.08776221
0.0968846 0.08574267 0.07921319 0.0908022 0.08524773
0.09048152 0.09126555 0.08332519 0.08498337 0.09651762
0.09066368 0.08700267 0.08853292 0.08672775 0.08912345
0.09200916 0.0844845 0.07821962 0.08599017 0.09073686
0.09826094 0.09565851 0.09478915 0.08438487 0.08691794
Percent of time PIP >= 0.1: 
0.57 0.9 1 1 0.28
0.27 0.33 0.32 0.3 0.27
0.34 0.18 0.27 0.27 0.22
0.24 0.25 0.28 0.23 0.21
0.26 0.3 0.19 0.23 0.22
0.28 0.36 0.2 0.19 0.2
0.27 0.25 0.21 0.3 0.24
0.28 0.3 0.26 0.28 0.17
0.28 0.28 0.29 0.25 0.24
0.29 0.25 0.3 0.22 0.25
0.26 0.24 0.29 0.25 0.26
0.28 0.21 0.24 0.25 0.3
0.25 0.29 0.17 0.24 0.31
0.23 0.26 0.18 0.25 0.19
0.23 0.21 0.36 0.23 0.28
0.32 0.25 0.2 0.28 0.22
0.26 0.26 0.23 0.22 0.29
0.22 0.26 0.27 0.32 0.29
0.28 0.24 0.16 0.25 0.3
0.29 0.28 0.27 0.26 0.28
Percent of time PIP >= 0.5: 
0.01 0.22 0.89 1 0
0 0 0 0 0
0 0 0 0 0
0 0 0 0 0
0 0 0 0 0
0 0 0 0 0
0 0 0 0 0
0 0 0 0 0
0 0 0 0 0
0 0 0 0 0
0 0 0 0 0
0 0 0 0 0
0 0 0 0 0
0 0 0 0.01 0
0 0 0 0 0
0 0 0 0 0
0 0 0 0 0
0 0 0 0 0
0 0 0 0 0
0 0 0 0 0
Percent of time PIP >= 0.95: 
0 0.12 0.82 1 0
0 0 0 0 0
0 0 0 0 0
0 0 0 0 0
0 0 0 0 0
0 0 0 0 0
0 0 0 0 0
0 0 0 0 0
0 0 0 0 0
0 0 0 0 0
0 0 0 0 0
0 0 0 0 0
0 0 0 0 0
0 0 0 0 0
0 0 0 0 0
0 0 0 0 0
0 0 0 0 0
0 0 0 0 0
0 0 0 0 0
0 0 0 0 0
Power at FPR threshold of 0.05: 
0.35 0.68 1 1
