Average Estimates for Betas: 
0.01701667 0.04155963 0.08592204 0.1316674 0.001391449
0.0002470751 -0.002662113 -0.006008628 -0.001005757 -0.004734174
0.0004657039 -0.001814546 -0.001407686 -0.001508564 -0.001140012
-0.001791658 -0.002433812 0.003216256 -0.0008912629 -0.001250622
-0.001538456 0.005648075 2.348918e-07 -0.0003307845 0.002459633
0.002500723 0.003586298 0.0002531186 0.001967041 -0.0007652844
Positive rate for exposures: 
0.2626263 0.4848485 0.8484848 0.9393939 0.1111111
0.1717172 0.1414141 0.1111111 0.1818182 0.09090909
0.1717172 0.1414141 0.1313131 0.1313131 0.1414141
0.2020202 0.2020202 0.1414141 0.1919192 0.2323232
0.1414141 0.1515152 0.1111111 0.1717172 0.1616162
0.1717172 0.1111111 0.1818182 0.1414141 0.1919192
Standard Deviations of Betas: 
0.03327451 0.03433906 0.04327965 0.04821249 0.03458791
0.03373648 0.0300934 0.03547847 0.03345038 0.03351582
0.03079345 0.02946515 0.03179056 0.03793603 0.02984041
0.03492387 0.03878539 0.03984614 0.04602444 0.03713271
0.02955716 0.0313522 0.03041811 0.0332597 0.0343984
0.03318973 0.03187781 0.0380091 0.0306171 0.03271517
Average StdErrors for Betas: 
0.02219025 0.02248483 0.02166612 0.02222614 0.02136551
0.02202475 0.02193692 0.02193109 0.02185373 0.02261664
0.02192509 0.02207854 0.02202075 0.02220148 0.0222368
0.0220853 0.02180238 0.02184533 0.02164341 0.02257351
0.02206502 0.02185387 0.02179633 0.02231461 0.0222671
0.02207066 0.02213067 0.02193933 0.02227807 0.02204035
Q-value positive rate for exposures: 
0.1313131 0.3333333 0.7575758 0.8585859 0.09090909
0.08080808 0.07070707 0.05050505 0.09090909 0.03030303
0.07070707 0.06060606 0.05050505 0.06060606 0.05050505
0.09090909 0.1515152 0.08080808 0.1111111 0.1515152
0.05050505 0.09090909 0.06060606 0.04040404 0.1010101
0.06060606 0.04040404 0.08080808 0.05050505 0.07070707
Precision/Recall/F1 based on p-values:
0.3861538 0.6338384 0.4799235
Precision/Recall/F1 based on Q-values:
0.5175879 0.520202 0.5188917
Power at FPR threshold of 0.05: 
0.08080808 0.2828283 0.7070707 0.8484848
