[1] "Average Estimates for Betas: "
 [1]  5.036742e-02  8.008362e-02  1.873015e-01  3.032673e-01 -5.830987e-03
 [6] -1.959334e-03 -1.927596e-02  2.568596e-03 -8.235377e-03  3.560400e-03
[11]  3.143820e-02 -1.027974e-02 -7.367133e-03 -2.166203e-02  3.567107e-02
[16]  5.880244e-03 -1.397113e-03 -8.875580e-03  8.742570e-03  4.272612e-03
[21]  8.856114e-03  1.168217e-02 -3.134114e-03  9.006237e-03  7.955800e-03
[26] -1.530347e-02 -6.499974e-03 -9.964606e-05 -9.871566e-04  1.973057e-02
[1] "Standard Deviations of Betas: "
 [1] 0.1130530 0.1308147 0.1163482 0.1070557 0.1045247 0.1119141 0.4314483
 [8] 0.1166741 0.1346301 0.0899192 0.3237998 0.1179938 0.2527232 0.2669587
[15] 0.4246664 0.2636550 0.1240423 0.1281184 0.1227341 0.1166782 0.3824525
[22] 0.1075329 0.1118142 0.1218390 0.1042583 0.1304496 0.1229389 0.1219234
[29] 0.1140129 0.1181745
[1] "Average StdErrors for Betas: "
 [1] 0.08505540 0.09434234 0.09595901 0.08692775 0.08026525 0.08596052
 [7] 0.11964747 0.08452452 0.08414657 0.07724974 0.10260748 0.08290605
[13] 0.10843465 0.10784161 0.11331132 0.10702225 0.08645626 0.09300300
[19] 0.08796970 0.08194276 0.11940801 0.08320877 0.08486761 0.08931860
[25] 0.08457274 0.09365055 0.08662567 0.08184325 0.09243487 0.08540196
[1] "Positive rate for exposures: "
 [1] 0.30857143 0.49142857 0.65714286 0.76571429 0.11428571 0.09714286
 [7] 0.06285714 0.08571429 0.08571429 0.08000000 0.10285714 0.06857143
[13] 0.06857143 0.10285714 0.10285714 0.09142857 0.08571429 0.08000000
[19] 0.10285714 0.09714286 0.09142857 0.09714286 0.06857143 0.10285714
[25] 0.07428571 0.07428571 0.11428571 0.09142857 0.12000000 0.08571429
[1] "Q-value positive rate for exposures: "
 [1] 0.148571429 0.371428571 0.548571429 0.640000000 0.040000000 0.034285714
 [7] 0.011428571 0.022857143 0.022857143 0.022857143 0.017142857 0.005714286
[13] 0.011428571 0.017142857 0.040000000 0.011428571 0.028571429 0.011428571
[19] 0.028571429 0.028571429 0.040000000 0.011428571 0.028571429 0.028571429
[25] 0.017142857 0.028571429 0.017142857 0.040000000 0.057142857 0.034285714
[1] "Precision/Recall/F1 based on p-values:"
[1] 0.4862500 0.5557143 0.5186667
[1] "Precision/Recall/F1 based on Q-values:"
[1] 0.7222222 0.4271429 0.5368043
