[1] "Average Estimates for Betas: "
 [1]  0.0491579989  0.1073217371  0.2072840178  0.3071114179  0.0029080341
 [6]  0.0070865452  0.0123694204  0.0011961368  0.0014168209  0.0118364697
[11]  0.0049871284  0.0047938450 -0.0052519651  0.0094063901 -0.0014472131
[16]  0.0084740602  0.0010042006 -0.0008758778  0.0132609925  0.0052087130
[21]  0.0087396031 -0.0075849558  0.0100127015 -0.0047823815 -0.0106494524
[26] -0.0021094244 -0.0015260861  0.0072417332  0.0022538813 -0.0101157322
[1] "Standard Deviations of Betas: "
 [1] 0.1261368 0.1261374 0.1400018 0.1229438 0.1275800 0.1145360 0.1327084
 [8] 0.1089041 0.1249734 0.1373030 0.1240038 0.1215793 0.1191169 0.1301245
[15] 0.1270444 0.1178276 0.1257657 0.1240813 0.1193155 0.1238069 0.1195617
[22] 0.1287326 0.1352365 0.1361652 0.1160039 0.1261255 0.1268613 0.1244988
[29] 0.1167836 0.1228920
[1] "Average StdErrors for Betas: "
 [1] 0.1221518 0.1208314 0.1222436 0.1219720 0.1226922 0.1192670 0.1220218
 [8] 0.1225075 0.1205294 0.1212398 0.1210353 0.1208907 0.1200949 0.1212107
[15] 0.1211251 0.1208849 0.1207801 0.1224241 0.1196076 0.1193322 0.1207925
[22] 0.1231879 0.1217344 0.1228634 0.1193540 0.1196102 0.1241130 0.1206239
[29] 0.1206721 0.1204781
[1] "Positive rate for exposures: "
 [1] 0.060 0.155 0.390 0.715 0.025 0.045 0.055 0.015 0.050 0.075 0.060 0.055
[13] 0.050 0.075 0.070 0.050 0.055 0.050 0.040 0.045 0.045 0.055 0.055 0.070
[25] 0.055 0.035 0.055 0.050 0.040 0.035
[1] "Bonferroni-corrected positive rate for exposures: "
 [1] 0.005 0.005 0.100 0.260 0.000 0.000 0.000 0.000 0.000 0.005 0.005 0.000
[13] 0.005 0.005 0.005 0.000 0.000 0.000 0.005 0.000 0.000 0.005 0.005 0.000
[25] 0.000 0.000 0.000 0.005 0.000 0.000
