[1] "Average Estimates for Betas: "
 [1]  0.0578969562  0.1015699047  0.1983102007  0.3074612104 -0.0003160699
 [6]  0.0057038082  0.0006829239  0.0019640765 -0.0013059078  0.0015175721
[11] -0.0039517248  0.0056882984 -0.0074644597  0.0023747044 -0.0102079926
[16] -0.0003327929 -0.0032439779 -0.0074794978  0.0113600680  0.0019601743
[21] -0.0018883423 -0.0026537012  0.0145786604  0.0060888562  0.0061486064
[26] -0.0004874918  0.0063929210  0.0038221727 -0.0073352219 -0.0069444772
[1] "Standard Deviations of Betas: "
 [1] 0.08515421 0.08596438 0.09550671 0.07812137 0.08485389 0.07329678
 [7] 0.07225814 0.09825859 0.08541561 0.08966241 0.07535498 0.07332721
[13] 0.09123740 0.08689169 0.08747285 0.08592927 0.07885606 0.07591690
[19] 0.08502180 0.08414313 0.06956888 0.08129463 0.09567194 0.09613019
[25] 0.08408577 0.07937810 0.08228286 0.09258174 0.08416527 0.09111125
[1] "Average StdErrors for Betas: "
 [1] 0.07081905 0.07050792 0.07448036 0.06827294 0.07517632 0.06539666
 [7] 0.06738830 0.07363133 0.07429471 0.07296747 0.07171823 0.06993572
[13] 0.07312544 0.06898421 0.07258887 0.07383722 0.07011358 0.07314703
[19] 0.07421620 0.07540751 0.07322899 0.07340814 0.07360082 0.07428304
[25] 0.06975585 0.06719847 0.06882464 0.07368285 0.07063352 0.07104181
[1] "Positive rate for exposures: "
 [1] 0.224 0.416 0.720 0.936 0.072 0.088 0.024 0.160 0.120 0.096 0.040 0.072
[13] 0.088 0.112 0.112 0.040 0.056 0.088 0.088 0.056 0.024 0.088 0.112 0.104
[25] 0.088 0.064 0.088 0.096 0.104 0.080
[1] "Bonferroni-corrected positive rate for exposures: "
 [1] 0.040 0.144 0.472 0.776 0.000 0.000 0.000 0.032 0.008 0.024 0.008 0.008
[13] 0.000 0.008 0.024 0.000 0.008 0.008 0.024 0.008 0.008 0.000 0.016 0.008
[25] 0.016 0.008 0.008 0.008 0.008 0.024
