[1] "Average PIPs: "
 [1] 0.104201895 0.596450967 0.971921040 1.000000000 0.015042768 0.011525718
 [7] 0.012164692 0.004658358 0.020388552 0.007044168 0.011175782 0.014372010
[13] 0.011712896 0.015217147 0.006159959 0.011036868 0.016637078 0.015722157
[19] 0.005478324 0.006440480 0.008676054 0.012424061 0.004500447 0.011014734
[25] 0.007873087 0.016944377 0.004774698 0.005360091 0.011453035 0.005644350
[1] "Percent of time PIP >= 0.1: "
 [1] 0.145 0.640 0.975 1.000 0.015 0.015 0.020 0.000 0.020 0.005 0.015 0.010
[13] 0.015 0.015 0.005 0.015 0.015 0.020 0.005 0.010 0.020 0.015 0.000 0.010
[25] 0.015 0.025 0.000 0.005 0.010 0.000
[1] "Percent of time PIP >= 0.5: "
 [1] 0.090 0.575 0.970 1.000 0.010 0.005 0.005 0.000 0.015 0.000 0.005 0.010
[13] 0.005 0.010 0.000 0.005 0.010 0.010 0.000 0.000 0.000 0.005 0.000 0.005
[25] 0.000 0.010 0.000 0.000 0.005 0.000
[1] "Percent of time PIP >= 0.9: "
 [1] 0.085 0.575 0.970 1.000 0.005 0.005 0.005 0.000 0.015 0.000 0.005 0.010
[13] 0.005 0.010 0.000 0.005 0.010 0.010 0.000 0.000 0.000 0.005 0.000 0.005
[25] 0.000 0.010 0.000 0.000 0.005 0.000
