[1] "Average Estimates for Betas: "
 [1]  0.072545855  0.092569975  0.205025687  0.306271687  0.005668879
 [6]  0.010223806  0.006983634  0.002001760 -0.013345377 -0.016303707
[11] -0.004395434  0.008515720  0.000099359 -0.006258001 -0.020789384
[16]  0.001574151 -0.011432905 -0.006185592  0.007798044  0.009766369
[21] -0.011055421 -0.011638840  0.016375985  0.015643213  0.002143531
[26]  0.000610881  0.005770747 -0.008938622  0.002530773 -0.004538497
[1] "Standard Deviations of Betas: "
 [1] 0.24471745 0.09487596 0.11601105 0.09419622 0.09465134 0.08929572
 [7] 0.09146891 0.10393584 0.09869665 0.10487973 0.09688984 0.10084118
[13] 0.09501070 0.10128443 0.10274476 0.10336516 0.09020150 0.09337035
[19] 0.09153362 0.09982023 0.09071695 0.10366436 0.10926334 0.10813134
[25] 0.10015451 0.09619856 0.10976205 0.09211291 0.09337400 0.10340315
[1] "Average StdErrors for Betas: "
 [1] 0.09406687 0.08035704 0.08042453 0.08223699 0.07925846 0.07794372
 [7] 0.07564024 0.07728779 0.08289177 0.08273160 0.08223239 0.07871184
[13] 0.08064949 0.08207554 0.08073172 0.08413944 0.07829530 0.08036553
[19] 0.08983866 0.08020812 0.08509899 0.08396716 0.08451904 0.08076079
[25] 0.07896344 0.07924766 0.08785582 0.08052824 0.08105305 0.07940284
[1] "Positive rate for exposures: "
 [1] 0.17322835 0.33070866 0.67716535 0.90551181 0.09448819 0.06299213
 [7] 0.07086614 0.14173228 0.14173228 0.12598425 0.05511811 0.10236220
[13] 0.11811024 0.08661417 0.11023622 0.08661417 0.12598425 0.12598425
[19] 0.05511811 0.07086614 0.09448819 0.09448819 0.11023622 0.11023622
[25] 0.07874016 0.09448819 0.13385827 0.06299213 0.10236220 0.11023622
[1] "Bonferroni-corrected positive rate for exposures: "
 [1] 0.039370079 0.118110236 0.425196850 0.700787402 0.000000000 0.000000000
 [7] 0.015748031 0.031496063 0.000000000 0.000000000 0.015748031 0.007874016
[13] 0.015748031 0.023622047 0.000000000 0.000000000 0.015748031 0.015748031
[19] 0.015748031 0.007874016 0.015748031 0.000000000 0.007874016 0.015748031
[25] 0.015748031 0.000000000 0.000000000 0.000000000 0.007874016 0.015748031
