[1] "Average Estimates for Betas: "
 [1]  5.036109e-02  1.000146e-01  2.003562e-01  3.009680e-01  1.266841e-03
 [6]  4.651973e-04 -9.429747e-04  5.885998e-05 -3.074638e-04  5.903422e-04
[11]  6.027757e-04 -2.465995e-04  3.846002e-04  2.547264e-04 -9.094770e-04
[16] -1.340011e-03 -4.887031e-04 -5.437496e-04  1.189478e-03  2.175499e-04
[21]  5.700147e-04 -2.817664e-04  1.186193e-04 -1.297379e-04 -1.507415e-04
[26]  4.329881e-04  9.117162e-04  2.111526e-05 -5.673950e-04 -4.977589e-04
[1] "Standard Deviations of Betas: "
 [1] 0.01195044 0.01077932 0.01099764 0.01198474 0.01139838 0.01071041
 [7] 0.01222999 0.01041730 0.01132808 0.01162130 0.01095344 0.01226846
[13] 0.01104100 0.01112858 0.01210938 0.01135551 0.01081431 0.01068184
[19] 0.01071436 0.01168531 0.01048446 0.01290963 0.01170729 0.01109780
[25] 0.01004132 0.01064484 0.01175937 0.01221409 0.01106255 0.01166336
[1] "Average StdErrors for Betas: "
 [1] 0.01539646 0.01519928 0.01540021 0.01536871 0.01547518 0.01501699
 [7] 0.01540234 0.01536274 0.01516239 0.01526771 0.01520564 0.01518067
[13] 0.01511445 0.01525493 0.01523312 0.01518425 0.01515234 0.01531234
[19] 0.01505881 0.01504560 0.01524496 0.01546684 0.01534347 0.01547661
[25] 0.01501350 0.01499720 0.01559242 0.01517377 0.01520916 0.01512057
[1] "Positive rate for exposures: "
 [1] 0.925 1.000 1.000 1.000 0.005 0.020 0.025 0.000 0.000 0.005 0.015 0.020
[13] 0.000 0.015 0.010 0.010 0.005 0.010 0.000 0.030 0.000 0.025 0.010 0.015
[25] 0.010 0.010 0.010 0.005 0.025 0.020
[1] "Bonferroni-corrected positive rate for exposures: "
 [1] 0.590 1.000 1.000 1.000 0.000 0.000 0.000 0.000 0.000 0.000 0.005 0.000
[13] 0.000 0.000 0.000 0.000 0.000 0.000 0.000 0.000 0.000 0.000 0.000 0.000
[25] 0.000 0.000 0.000 0.000 0.000 0.000
