[1] "Average Estimates for Betas: "
 [1]  5.175335e-02  9.328834e-02  1.712840e-01  2.920192e-01 -8.527482e-03
 [6]  8.220856e-03  7.841213e-03  1.843884e-02 -8.919413e-03 -1.362476e-02
[11]  1.123732e-02  1.983990e-02 -9.064007e-03 -2.312103e-03  3.909667e-04
[16] -6.361612e-03  1.555165e-02 -9.007013e-04  9.666302e-03 -6.205968e-04
[21]  1.424679e-04  5.646324e-03  6.279368e-03 -3.348496e-05  5.768778e-03
[26]  8.595871e-03 -6.320746e-03 -8.483595e-03 -8.442947e-03  9.285507e-03
[1] "Standard Deviations of Betas: "
 [1] 0.1602864 0.1576765 0.1582221 0.1527748 0.1677181 0.1491024 0.1379645
 [8] 0.1635538 0.1739151 0.1460634 0.1638619 0.1592289 0.1698231 0.1676838
[15] 0.1703340 0.1649095 0.1624686 0.1633021 0.1512510 0.1560748 0.1490742
[22] 0.1608139 0.1618881 0.1645717 0.1679198 0.1650242 0.1751504 0.1598059
[29] 0.1557412 0.1561571
[1] "Average StdErrors for Betas: "
 [1] 0.09599546 0.09583162 0.09446351 0.09416490 0.09622115 0.09476878
 [7] 0.09596703 0.09526278 0.09690277 0.09662928 0.09609929 0.09567348
[13] 0.09540309 0.09690323 0.09463139 0.09452603 0.09264122 0.09469947
[19] 0.09516283 0.09370306 0.09670848 0.09725589 0.09600956 0.09425772
[25] 0.09615237 0.09632889 0.09720194 0.09669083 0.09660412 0.09415474
[1] "Positive rate for exposures: "
 [1] 0.260 0.295 0.485 0.775 0.200 0.190 0.145 0.205 0.235 0.195 0.210 0.225
[13] 0.205 0.260 0.210 0.190 0.215 0.210 0.225 0.200 0.225 0.210 0.260 0.230
[25] 0.250 0.215 0.280 0.210 0.200 0.200
[1] "Bonferroni-corrected positive rate for exposures: "
 [1] 0.075 0.100 0.220 0.490 0.040 0.040 0.020 0.065 0.075 0.010 0.030 0.055
[13] 0.055 0.030 0.065 0.050 0.050 0.075 0.025 0.030 0.035 0.040 0.050 0.045
[25] 0.050 0.045 0.045 0.050 0.030 0.035
