[1] "Average Estimates for Betas: "
 [1]  0.0557633766  0.1135545647  0.1730218452  0.2966464549 -0.0281646869
 [6]  0.0109334031 -0.0007883624  0.0303769202 -0.0274341316 -0.0119710469
[11]  0.0105992624  0.0344752628 -0.0146940748  0.0137888936  0.0014323449
[16] -0.0055475111 -0.0063444937  0.0052670496  0.0061265970 -0.0173534028
[21]  0.0136155249  0.0080930760 -0.0038358344 -0.0078403783 -0.0046199852
[26] -0.0082789637 -0.0129333097 -0.0397718296 -0.0247253133  0.0135900923
[1] "Standard Deviations of Betas: "
 [1] 0.1675818 0.1661295 0.1654790 0.1625334 0.1808971 0.1642425 0.1382660
 [8] 0.1724528 0.1867479 0.1538031 0.1615353 0.1788008 0.1820488 0.1731904
[15] 0.1811533 0.1719495 0.1747598 0.1805584 0.1724029 0.1698902 0.1631439
[22] 0.1903577 0.1610563 0.1771215 0.2015421 0.1811940 0.1819979 0.1675547
[29] 0.1561416 0.1563731
[1] "Average StdErrors for Betas: "
 [1] 0.1516391 0.1506342 0.1438347 0.1396801 0.1481855 0.1453150 0.1573364
 [8] 0.1493915 0.1536787 0.1536453 0.1446133 0.1474419 0.1449602 0.1518111
[15] 0.1459374 0.1440456 0.1423296 0.1427720 0.1501703 0.1390507 0.1493580
[22] 0.1510421 0.1433903 0.1413951 0.1491242 0.1420686 0.1482903 0.1466224
[29] 0.1413628 0.1388633
[1] "Positive rate for exposures: "
 [1] 0.12121212 0.15909091 0.27272727 0.56060606 0.12121212 0.10606061
 [7] 0.03030303 0.10606061 0.13636364 0.04545455 0.09090909 0.16666667
[13] 0.10606061 0.11363636 0.14393939 0.08333333 0.11363636 0.10606061
[19] 0.11363636 0.12878788 0.09848485 0.12121212 0.12878788 0.09848485
[25] 0.15151515 0.10606061 0.09848485 0.12878788 0.09090909 0.09848485
[1] "Bonferroni-corrected positive rate for exposures: "
 [1] 0.022727273 0.037878788 0.053030303 0.265151515 0.015151515 0.022727273
 [7] 0.000000000 0.022727273 0.030303030 0.007575758 0.015151515 0.022727273
[13] 0.015151515 0.000000000 0.022727273 0.030303030 0.000000000 0.007575758
[19] 0.007575758 0.037878788 0.007575758 0.030303030 0.000000000 0.022727273
[25] 0.022727273 0.015151515 0.000000000 0.015151515 0.000000000 0.007575758
