[1] "Average Estimates for Betas: "
 [1]  0.0440056171  0.0972710140  0.1695075917  0.3044056856 -0.0126264675
 [6] -0.0016264506  0.0158710582  0.0078003603  0.0039059069 -0.0085660299
[11]  0.0133037030  0.0293315531 -0.0218835763 -0.0007393733 -0.0013965164
[16] -0.0028797610  0.0080378748  0.0062825597  0.0085836983 -0.0100782599
[21] -0.0068537206  0.0110292951  0.0066265801  0.0106558830  0.0157132354
[26] -0.0025943651 -0.0012052645 -0.0235310053 -0.0079799658 -0.0045846374
[1] "Standard Deviations of Betas: "
 [1] 0.1782138 0.1764696 0.1829797 0.1658173 0.1820400 0.1676495 0.1629054
 [8] 0.1877157 0.1967010 0.1619255 0.1719266 0.1778101 0.1925892 0.1765193
[15] 0.1870340 0.1672576 0.1820050 0.1718734 0.1725892 0.1765101 0.1767659
[22] 0.1817477 0.1818394 0.1879917 0.1916661 0.1891776 0.1894448 0.1787832
[29] 0.1717812 0.1744815
[1] "Average StdErrors for Betas: "
 [1] 0.1609991 0.1612048 0.1584507 0.1602703 0.1598900 0.1603783 0.1602401
 [8] 0.1600278 0.1617894 0.1627670 0.1614425 0.1606309 0.1596271 0.1595684
[15] 0.1596511 0.1593387 0.1563665 0.1592415 0.1607969 0.1579555 0.1606105
[22] 0.1625476 0.1608890 0.1582832 0.1617575 0.1620930 0.1625220 0.1612906
[29] 0.1621041 0.1601212
[1] "Positive rate for exposures: "
 [1] 0.100 0.135 0.205 0.465 0.070 0.070 0.045 0.115 0.110 0.035 0.065 0.060
[13] 0.075 0.065 0.110 0.060 0.095 0.075 0.065 0.070 0.070 0.080 0.090 0.070
[25] 0.110 0.075 0.095 0.065 0.060 0.050
[1] "Bonferroni-corrected positive rate for exposures: "
 [1] 0.000 0.015 0.040 0.125 0.005 0.000 0.000 0.000 0.005 0.000 0.005 0.000
[13] 0.015 0.000 0.005 0.000 0.000 0.005 0.000 0.005 0.005 0.015 0.000 0.015
[25] 0.000 0.005 0.000 0.010 0.000 0.005
