[1] "Average Estimates for Betas: "
 [1]  0.059335148  0.095803068  0.170818950  0.294243246 -0.014288216
 [6]  0.006449709  0.001418099  0.017684036 -0.016069987 -0.015202495
[11]  0.007729967  0.013781713 -0.013671945  0.005310811  0.005174876
[16] -0.013551770  0.015628144 -0.006063905  0.014497481 -0.003796159
[21]  0.001032964 -0.002159263  0.004957528  0.005830972  0.004111626
[26]  0.015087823 -0.008658537 -0.012504890 -0.005567803  0.010239341
[1] "Standard Deviations of Betas: "
 [1] 0.1598228 0.1545175 0.1608804 0.1461421 0.1666282 0.1454594 0.1402365
 [8] 0.1612454 0.1736548 0.1476282 0.1676388 0.1608498 0.1780507 0.1690372
[15] 0.1716042 0.1629468 0.1624745 0.1631655 0.1503004 0.1597941 0.1421803
[22] 0.1594290 0.1627838 0.1667110 0.1664149 0.1685896 0.1724583 0.1589002
[29] 0.1621104 0.1512901
[1] "Average StdErrors for Betas: "
 [1] 0.05707060 0.05584910 0.05542980 0.05522374 0.05698253 0.05626737
 [7] 0.05594450 0.05637582 0.05708643 0.05764167 0.05690773 0.05629789
[13] 0.05634408 0.05730232 0.05560411 0.05570573 0.05476609 0.05631631
[19] 0.05615529 0.05538177 0.05650777 0.05724236 0.05643418 0.05516766
[25] 0.05618931 0.05725832 0.05693706 0.05694711 0.05757518 0.05568966
[1] "Positive rate for exposures: "
 [1] 0.565 0.550 0.700 0.890 0.470 0.380 0.380 0.470 0.480 0.405 0.445 0.470
[13] 0.470 0.495 0.450 0.410 0.435 0.450 0.405 0.420 0.445 0.470 0.470 0.425
[25] 0.455 0.510 0.460 0.470 0.410 0.420
[1] "Bonferroni-corrected positive rate for exposures: "
 [1] 0.240 0.270 0.480 0.790 0.215 0.155 0.125 0.205 0.215 0.180 0.220 0.215
[13] 0.230 0.230 0.205 0.200 0.200 0.205 0.195 0.180 0.180 0.205 0.215 0.205
[25] 0.205 0.210 0.265 0.200 0.180 0.175
