[1] "Average Estimates for Betas: "
 [1]  0.036945892  0.082730261  0.134733246  0.255063938 -0.011611915
 [6] -0.001393992  0.017173109  0.004343457  0.005359610 -0.007313006
[11]  0.015153781  0.029398086 -0.025248850  0.001547688  0.001983654
[16] -0.003493934  0.006597385  0.004326804  0.009819904 -0.008639738
[21] -0.002127997  0.007851579  0.005162548  0.009977432  0.016179615
[26] -0.001072774 -0.004408117 -0.018898879 -0.002109977 -0.002770236
[1] "Standard Deviations of Betas: "
 [1] 0.1755165 0.1699559 0.1741559 0.1670171 0.1728005 0.1638984 0.1614649
 [8] 0.1847182 0.1893353 0.1587141 0.1687565 0.1746259 0.1867588 0.1729700
[15] 0.1824364 0.1599561 0.1756271 0.1679635 0.1682717 0.1681984 0.1715862
[22] 0.1731688 0.1750283 0.1800326 0.1841535 0.1788747 0.1798539 0.1765255
[29] 0.1681292 0.1703852
[1] "Average StdErrors for Betas: "
 [1] 0.04167778 0.04171091 0.04107777 0.04146789 0.04140470 0.04148717
 [7] 0.04149321 0.04135761 0.04189191 0.04221727 0.04185772 0.04153311
[13] 0.04129237 0.04135058 0.04142182 0.04118216 0.04050924 0.04131842
[19] 0.04158617 0.04092645 0.04166842 0.04208649 0.04166081 0.04096913
[25] 0.04180482 0.04189289 0.04203078 0.04174775 0.04200727 0.04142709
[1] "Positive rate for exposures: "
 [1] 0.695 0.645 0.740 0.865 0.660 0.620 0.675 0.630 0.650 0.635 0.580 0.640
[13] 0.625 0.620 0.610 0.665 0.665 0.575 0.640 0.610 0.635 0.625 0.675 0.585
[25] 0.670 0.640 0.660 0.660 0.575 0.595
[1] "Bonferroni-corrected positive rate for exposures: "
 [1] 0.495 0.465 0.585 0.790 0.505 0.445 0.405 0.485 0.480 0.400 0.420 0.465
[13] 0.470 0.435 0.450 0.430 0.470 0.435 0.495 0.420 0.430 0.410 0.450 0.465
[25] 0.500 0.455 0.455 0.480 0.415 0.400
