[1] "Average Estimates for Betas: "
 [1]  0.0382389276  0.0971668627  0.1685654215  0.3038414020 -0.0122844280
 [6] -0.0013460231  0.0190201587  0.0064702850  0.0033178875 -0.0070224252
[11]  0.0144410613  0.0272238064 -0.0225626637  0.0003877677 -0.0015463452
[16] -0.0005748377  0.0069718325  0.0056581617  0.0088267001 -0.0103573919
[21] -0.0054172919  0.0100571349  0.0080938699  0.0121516400  0.0135626036
[26] -0.0022290758 -0.0005521219 -0.0246368746 -0.0053348458 -0.0016420375
[1] "Standard Deviations of Betas: "
 [1] 0.2273798 0.1777464 0.1856282 0.1635434 0.1830362 0.1700679 0.1640017
 [8] 0.1889841 0.1977195 0.1641935 0.1731538 0.1815376 0.1922197 0.1738405
[15] 0.1894891 0.1678664 0.1835195 0.1742546 0.1721334 0.1779666 0.1776517
[22] 0.1806383 0.1835293 0.1867619 0.1939173 0.1921559 0.1907140 0.1795593
[29] 0.1720873 0.1737409
[1] "Average StdErrors for Betas: "
 [1] 0.2030603 0.1622403 0.1596463 0.1614830 0.1609745 0.1614582 0.1614198
 [8] 0.1609576 0.1628656 0.1639670 0.1625972 0.1616793 0.1606883 0.1606579
[15] 0.1607172 0.1605197 0.1573399 0.1601163 0.1617635 0.1588437 0.1616127
[22] 0.1638218 0.1621789 0.1593384 0.1628126 0.1633175 0.1634997 0.1621973
[29] 0.1631821 0.1611046
[1] "Positive rate for exposures: "
 [1] 0.100 0.150 0.215 0.455 0.070 0.065 0.040 0.105 0.120 0.035 0.065 0.070
[13] 0.070 0.065 0.115 0.065 0.090 0.065 0.050 0.065 0.060 0.070 0.100 0.070
[25] 0.115 0.075 0.090 0.065 0.070 0.050
[1] "Bonferroni-corrected positive rate for exposures: "
 [1] 0.015 0.005 0.040 0.125 0.005 0.000 0.000 0.000 0.010 0.000 0.005 0.000
[13] 0.010 0.000 0.005 0.000 0.000 0.005 0.000 0.005 0.000 0.015 0.000 0.010
[25] 0.000 0.010 0.005 0.005 0.000 0.005
