0.0760818654917041 0.999999999999865 0.999999999999659 1 0.0922123061594324 0.999999999999607 0.0745502507977917 0.148723272958505 0.0631659541393303 0.999999999800068 0.260475787698747 0.0210181204286485 0.0921125524250529 0.0139613445876928 0.0888947610042246 0.160941653178606 0.0848290061150059 0.124291811824438 0.183031858033286 0.978067332098277 0.0421810327514169 0.0488703517320223 0.00947687537175934 0.0367853633292226 0.0138829170811063 0.180132595856685 0.257912154433245 0.199301872241954 0.999999999990119 0.208443049014441
0.980228035206712 0.999616396459312 1 1 0.200319825300792 0.0594435258186965 0.0606941400443901 0.0770049707069784 0.0543462589865004 0.185482095737687 0.0772253363299301 0.0551171658287768 0.0687631809051165 0.082237450223649 0.0875433656826358 0.0620067078401643 0.151766900690595 0.0777241147693718 0.069541314734713 0.0528611789763217 0.0529767883014959 0.061609931859048 0.121967163531522 0.0547079571098499 0.0539214866188826 0.0621351306861769 0.10955773919905 0.0539423528102316 0.0973445739808072 0.106415195515593
6.55031584528842e-15 0 0.99999999999976 1 0 0 0 0 7.7715611723761e-16 0 0 0 1.11022302462516e-16 4.44089209850063e-16 0 0 0 0 1.11022302462516e-16 0 0 0 0 0 0 3.9190872769268e-14 0 0 0 1.11022302462516e-16
0 0 0 1 0 0 0 0 0 0 0 0 0 0 0 0 0 0 0 0 0 0 0 0 0 0 0 0 0 0
0 6.96203780181648e-08 0.999999912341369 1 0 1.11022302462516e-16 0 3.14415160573844e-13 5.55111512312578e-15 1.11244347067441e-13 0 0 8.77076189453874e-15 6.66133814775094e-16 0 0 0 0 0 0 0 2.1094237467878e-15 0 0 6.66133814775094e-16 0 0 0 0 1.11022302462516e-16
1.17647739421578e-05 0.999999999999974 1 1 0.0157237146100393 0.0150581829606584 0.00213080866914939 5.51440432353667e-05 0.00159304117609882 0.00617627595036196 0.000872404074784283 0.228418749471203 0.00488892585696021 0.00164428478310552 0.00563116432598521 0.000203723275483014 2.68740356531572e-05 0.0341596572839516 1.2380591663641e-05 1.19296857026274e-05 0.00159126764402429 0.00413286142596714 0.0217434539664934 0.0204026448702757 3.59976134300943e-06 0.00199597684204211 0.153932211604031 0.267657014468901 0.00026195202365431 0.0121694650470833
0.98820569007673 0.000320727723853276 1 1 1.3561903861592e-05 1.38097773696444e-05 1.2504682275094e-05 2.76546554456303e-05 1.21483876760475e-05 1.1778587291289e-05 1.4474360396699e-05 1.19694829936456e-05 1.18039832660566e-05 2.04335575477721e-05 0.000111905291192649 1.1936448188643e-05 1.26120030834453e-05 1.23341025821677e-05 1.28243446059217e-05 1.26015752898168e-05 1.7457152404976e-05 1.42959433734324e-05 2.64121931513595e-05 2.99406718586859e-05 1.22058223108734e-05 2.43651138235323e-05 3.85123215098648e-05 1.65642716781766e-05 1.17787279573234e-05 1.23836531144006e-05
0.32684220505147 0.999999999999341 1 1 0.0449435186215971 0.0826805075420153 0.1271447162948 0.137854823778307 0.143019004513623 0.0575865836584699 0.191230160067467 0.0329223676889866 0.0689532883518585 0.996228231079467 0.0485854547292748 0.0410685319575086 0.0368733770205728 0.104860498982897 0.0854580786861203 0.0786297576515288 0.0666985896882948 0.0794365132034968 0.110794278187606 0.0843181343863727 0.139015146443377 0.0912733342459117 0.0523632841473991 0.336560551625665 0.108606398822985 0.265738130446565
4.07748104878092e-05 9.75016414273e-08 0.999999999999999 1 4.04487997562875e-06 7.55008032760074e-08 2.03633841122652e-07 1.23083598576601e-05 0.00608981274159737 0.00131542946351859 1.91136431570982e-07 2.63879303041836e-06 0.000262697783857568 1.02369021202087e-05 3.28613864108984e-06 0.00172372024268086 8.13796366527786e-06 2.65886239114721e-06 1.28253880204987e-06 0.954351564113644 0.0130597380840014 3.75008306938707e-05 8.64663362687423e-07 4.86478763316311e-05 1.49277890770794e-06 9.6169252264966e-05 7.3514549704945e-05 8.03559992956782e-06 0.000921429503889404 0.000206028104320688
1.14352971536391e-14 5.59406544420327e-08 0.999999999999999 1 0 2.07611705604904e-13 1.53022039484085e-12 0 0 0 9.84220410948922e-06 0 0 0 0 0 0 0 0 1.4210854715202e-13 0 0 0 5.44009282066327e-15 0 0 0 0 3.62143137699888e-09 0
0.0913682534225189 0.999999999894384 0.999999999988778 1 0.0729689193772456 0.0641501184493506 0.0898009709394251 0.0643924593658977 0.0670878941218455 0.0659619484876269 0.0645860691634214 0.0643597502333525 0.0865175131388161 0.0674551872633311 0.999999917012471 0.0679347525299221 0.0718008049709585 0.0654313359666261 0.0678601304734385 0.0645194807063358 0.0668559492124747 0.0672219139389302 0.070005777749217 0.0728563787561655 0.0830982527364372 0.0972830736507767 0.0809709966045882 0.0727137474426802 0.0816854173941981 0.0672376885435426
2.22246671066628e-08 1.35471300843903e-10 0.999999999355728 1 3.24806979090653e-08 0.00012212021731306 4.92413555486237e-08 0.000776195399041946 9.68589091820959e-07 0.000124467072329715 1.15122256727496e-07 0.0132818045288899 8.31787315691557e-08 3.07617331607446e-09 1.291331042097e-09 8.68738858628149e-10 1.2162394502635e-06 1.29211569377397e-06 3.73236054995729e-06 0.00352359124660995 1.0020901810126e-05 2.46018167726625e-07 2.72093827691222e-07 2.63519044363392e-08 0.00118541491190804 1.00143822123755e-08 2.5829936677213e-05 0.0136110134506167 4.99014086052796e-07 1.16780789483073e-08
1.86444819805232e-07 0.999999517025171 1 1 2.29223842129755e-08 5.42313971507724e-10 3.56622176234112e-10 5.74588854274083e-09 8.3360784941533e-10 3.91344290306961e-10 1.75199943441839e-09 6.22815798934084e-10 6.03031291568357e-10 9.53470857822936e-10 3.98295729731046e-10 6.12844441860716e-10 9.89211712543181e-10 7.51279201072208e-08 1.57535118283647e-09 4.63327820554582e-10 5.35934074896716e-10 7.64481256076976e-10 4.06533029462253e-10 4.54376092307029e-10 4.43516334769356e-10 5.23269727548126e-09 1.00381813972206e-09 6.08198047480357e-10 2.21863594163096e-09 1.01014951958689e-09
0.00870522221227188 0.0169943181899656 1 1 0.00377659036236477 0.00425513893046225 0.0038269958683802 0.00367702916734591 0.00389860825072108 0.00604188660569238 0.00359006298986497 0.00361649368362449 0.00406701638668505 0.00596923544780381 0.00517100530192938 0.00376533250418987 0.00358974974458992 0.00481444025831412 0.00429823194313006 0.00447251384500946 0.00358416133345441 0.00988637216683197 0.00384797563738393 0.00399384517787815 0.00611497484629886 0.00472725837704502 0.00368246341190337 0.00360428981526539 0.00500707712117987 0.00387397376744891
0.995342068255794 0.999999999999255 1 1 0.0679081723527012 0.0475356109368825 0.064567003976568 0.0503466927389591 0.0492225252857565 0.0470061874949488 0.0537011722516473 0.0480268412209761 0.138215659721795 0.0462373615419498 0.110302590684299 0.155705363821218 0.0534180935982104 0.0485761444607851 0.0872250521175012 0.0727752709876276 0.101738268919414 0.0467853034360921 0.0458860931991897 0.210267601342567 0.114358043501102 0.0447975280488528 0.0574160840588599 0.0447746326832816 0.106721229588859 0.335430226444905
2.07332774543323e-05 0.99979472972362 0.999999906729294 1 2.88657986402541e-15 5.55111512312578e-16 1.66533453693773e-15 1.74183334422651e-09 0 1.11022302462516e-16 6.17328410612572e-12 5.83977310952832e-14 2.29399454987345e-09 1.416555523992e-07 0 0 1.77635683940025e-15 2.01949568179316e-13 6.66133814775094e-16 1.06527281228397e-05 6.67074517846089e-09 0 4.71544482349984e-08 5.55111512312578e-16 3.23074900165921e-14 0 3.27071703054571e-13 1.17884590977724e-11 5.96137583741552e-11 1.89605665612547e-08
7.47926593673842e-05 0.999842142275737 1 1 1.35269294887497e-06 7.43185613050201e-09 4.61740874180272e-06 2.6681617537605e-07 1.02249354427819e-07 9.65680555520265e-08 1.98749059987513e-07 2.42568940334031e-06 7.7469471781999e-07 1.84381338308448e-07 2.66390172709574e-06 1.9253810545905e-08 2.69634474747704e-08 4.07281559040573e-05 1.80455415166314e-07 1.52939193198698e-07 8.08154374531966e-08 6.86008588823839e-08 4.92846490285359e-08 8.97920749975967e-08 1.17919734554661e-06 3.77293811393287e-06 8.09541159663141e-08 1.08709653612316e-06 5.46108192001071e-09 3.58263018140903e-08
0.999999997572478 0.999999999945079 1 1 0.223903561462019 0.0656959064906983 0.0868741478714156 0.086067929743419 0.193795904886837 0.13052138868784 0.0553305188741023 0.0481476225327454 0.0908887979654293 0.047488453330918 0.0390328608268009 0.0556363031613613 0.0408637920120022 0.169464663084894 0.0545289302051855 0.0956412588562303 0.287104936543282 0.0400404528269036 0.0413798668385144 0.0600700033941549 0.0756330421580985 0.0868515682176587 0.0428990685691804 0.19022335073135 0.950495049149202 0.0553197655442468
0.108873157301343 0.163852945841129 0.999999999962689 1 0.0747196841266288 0.11333467213015 0.0586724572757843 0.050561143571683 0.147468521694797 0.0521743469062212 0.0544255163118964 0.083303020744167 0.0505320178108015 0.0884664614947583 0.0507890261069518 0.0639868364494133 0.0525066415346025 0.068933502207651 0.122974927973691 0.0579099486170415 0.0521211170819863 0.266739610802507 0.0635633522720468 0.0863983628151785 0.0517962343511117 0.0535255537431362 0.157155027512749 0.364607232397164 0.138465059332079 0.0517038698389576
1.36689227159259e-06 0.999971053210752 0.999999999909239 1 0 0 0 0 0 0 0 0 0 0 1.11022302462516e-16 0 0 0 0 0 0 0 0 0 1.11022302462516e-16 0 0 9.99200722162641e-16 0 1.66533453693773e-15
0 5.66473534746592e-11 0.999999999943338 1 6.66133814775094e-16 0 1.11022302462516e-16 0 0 0 0 0 0 0 0 0 0 0 0 0 0 0 0 0 0 0 1.38777878078145e-14 1.11022302462516e-16 0 5.77315972805081e-15
6.30273611079701e-13 0.999999999829066 1 1 0 3.77475828372553e-14 0 2.22044604925031e-16 9.99200722162641e-16 0 1.27675647831893e-13 7.21644966006352e-15 2.38697950294409e-13 9.99200722162641e-16 0 2.75846012698366e-12 0 1.11022302462516e-16 1.11022302462516e-16 0 8.351619396052e-11 3.33066907387547e-16 4.70355976389669e-11 4.94049245958195e-14 6.99440505513849e-15 0 0 2.18075968838605e-07 7.41073868937292e-13 3.99680288865056e-15
0.000790350129630801 0.231575643970583 0.999999999998084 1 0.000798178392893978 0.00171574847442924 0.00535880292164648 0.00160645130360404 0.000836776578584941 0.00119760765660526 0.00372393696991768 0.00512671871650305 0.000791215994376593 0.000821808175353933 0.0136143355386177 0.00216361372768226 0.00107499543948975 0.00194353676624659 0.00907456075506186 0.000837217327905981 0.000827143399048214 0.000829971065517299 0.00416987823606585 0.000790679439415132 0.00574645013445518 0.00354561471421966 0.0155387865898634 0.0037898057934499 0.00138707710259078 0.00187348579436186
0 0 1 1 0 0 0 0 0 0 0 0 0 0 0 0 0 0 0 0 0 0 0 0 0 0 0 0 0 0
1.11022302462516e-16 1.48890899609455e-11 1.84217052723312e-09 0.999999998142933 0 0 0 0 0 0 0 1.11022302462516e-16 0 0 0 0 0 0 0 0 0 0 0 0 0 0 0 0 0 0
0.11537769546397 0.999999858332054 1 1 0.035790797285235 0.0271712414096396 0.0285333823229672 0.0274384380588594 0.0329080982963228 0.0272053220039203 0.0281675264400367 0.0270548200446646 0.027002097205104 0.0441076409421732 0.0369005856993277 0.030248054129436 0.0373718710758136 0.029168358463794 0.0271318027456161 0.0352719099627526 0.0281913248139275 0.0326180944949985 0.0286771713066079 0.044583964541219 0.0458383419190196 0.0292002295571002 0.0314450619845689 0.0283780879267572 0.0277144852232334 0.360012644864439
0 0 1 1 0 0 0 0 0 0 0 0 0 0 0 0 0 0 0 0 0 0 0 0 0 0 0 0 0 0
0 0 1 1 0 0 0 0 0 0 0 0 0 0 0 0 0 0 0 0 0 0 0 0 0 0 0 0 0 0
2.83106871279415e-14 7.68549557328413e-09 0.999999992294357 1 0 3.10862446895044e-15 5.21804821573824e-15 0 7.7715611723761e-16 0 1.11022302462516e-16 1.11022302462516e-16 0 0 0 1.22124532708767e-15 9.88098491916389e-15 1.11022302462516e-16 0 0 1.11022302462516e-16 2.55351295663786e-15 1.11022302462516e-16 0 0 1.77635683940025e-15 0 0 0 4.44089209850063e-16
0.998656320215439 0.999999968384461 1 1 0.0921350810846201 0.200934395519181 0.039944565612883 0.00975837157060844 0.0326079359666153 0.0118239342930677 0.0292456644610427 0.191519264716182 0.0576329815125632 0.0265417821752004 0.12835405813986 0.0807641414974368 0.999999978895265 0.0168228864902751 0.195976192561661 0.0211009426325737 0.999981501620477 0.0246928754389902 0.999192538250902 0.999296258441805 0.118918108188405 0.0292670936019841 0.0374865399409262 0.164821408564052 0.139101447964361 0.240754818103607
2.87114206746208e-05 0.982596705261769 1 1 7.53150473958852e-05 4.02816754124791e-05 8.73909354346392e-05 7.45544394860076e-05 2.67213070634931e-05 2.77296521313808e-05 6.96243090017035e-05 7.52375672636862e-05 3.09429690402707e-05 2.79804804047545e-05 8.09427688694964e-05 0.00462025104887709 0.000266046726836167 3.16092973688953e-05 5.71483920385196e-05 2.75373668632284e-05 8.39078451208009e-05 4.93282748851298e-05 3.63076216784997e-05 3.82752467816827e-05 0.000176983049591795 6.41925288050738e-05 4.7063122440627e-05 3.48715473731387e-05 5.57670453392722e-05 2.84182796135291e-05
1.74893060450598e-05 0.952501376769732 0.045377893047828 1 4.97245084929432e-06 9.79196325430198e-05 7.46098992010502e-06 1.48611032001478e-05 3.34115822737679e-05 2.31499345924036e-05 3.97595123913241e-06 3.36813559517202e-05 1.23189141782998e-05 1.35266622525165e-06 8.17061847901979e-06 0.000202709311046156 5.96230337058801e-05 7.37244843529439e-06 2.3187106138467e-06 2.72021828860991e-05 1.0939928845044e-06 2.69192685709019e-06 8.84029626357918e-06 1.15028581093579e-06 3.56242915805494e-05 5.4405166233229e-06 1.44648035060868e-06 8.57949350008269e-06 2.20656688609822e-06 6.46301526829873e-06
4.30584360611164e-07 0.999998567155855 1 1 2.67031419198815e-09 2.13240536339754e-12 1.39907981866472e-08 1.03724385747128e-07 2.19346455554437e-07 5.57031532011365e-09 1.90082394269098e-11 3.91246889330787e-08 8.40683078706661e-12 2.21795137811398e-10 5.44843981042931e-09 3.25650617583051e-11 4.18483270259173e-09 9.6823771222887e-11 2.12878359384661e-09 1.89688931229171e-10 8.23712209552241e-11 2.64614041789457e-09 1.01437636068624e-09 1.03185804345429e-09 1.02861086315187e-09 9.37787514310173e-10 6.68187465358017e-08 4.58898474775538e-11 1.33148048142573e-10 1.30903288209083e-10
0.970800858212562 0.999999261479929 1 1 0.000662728707309324 4.87992268816129e-09 2.53164217478563e-07 4.1461422244371e-06 3.01847305816949e-07 0.000235850712067665 4.28060287216425e-09 4.33374158781419e-09 4.36478002185936e-07 1.75541514654265e-05 0.015478183015106 5.59147616874256e-07 0.000288862517527355 7.41244334288016e-05 0.00390922795805415 9.74979600909531e-06 0.00653950836555495 0.000281116186580888 1.83302194423085e-07 0.000415423292861816 0.000155843498124697 4.53579185322184e-09 0.000775181543368531 1.63679762743563e-07 4.29239189747577e-08 2.41809737677734e-07
1.0927013682771e-07 0.999999532977858 1 1 4.63795979399606e-09 1.83108029849777e-08 4.85656559412462e-09 3.97020194498054e-11 1.27186172704796e-09 1.2924085135424e-09 1.95677363201696e-10 7.52228279665701e-11 2.27066265789944e-09 1.95610871944751e-08 1.77793191280529e-09 9.58336410228355e-10 1.65271729635208e-09 5.91783844150484e-10 3.6153458005117e-10 1.7199308643967e-10 3.3555935807783e-11 2.30693764091683e-08 2.82130363515876e-08 2.25387125629695e-08 4.06620292991988e-11 2.13170081586611e-09 7.88105136706463e-11 1.50567669443546e-10 5.53930457058982e-10 6.33947683237324e-08
1.17108100994301e-10 0.999999965973449 1 1 9.85233006289832e-11 4.32345270695578e-11 4.18766132881387e-11 4.37115010853972e-10 4.34021707462762e-11 4.1596059929816e-11 4.69770888855692e-11 6.71189770429237e-11 1.03347552737887e-10 4.17557100007571e-11 4.22001322775145e-11 5.89194248945546e-11 4.76418904327147e-11 1.32811317499204e-10 4.1559089503096e-11 5.01990671253338e-11 1.14443676757503e-10 4.31226165886756e-11 4.88395990316803e-11 4.159894650968e-11 9.49894607416013e-11 5.29939425675252e-11 4.84338125161798e-11 4.24149604327795e-11 4.27372581768282e-11 4.24974500035091e-11
0.30894839218667 0.999999999884869 1 1 0.0972891535554362 0.260377815369435 0.0637000727260237 0.1054350717218 0.115867874951805 0.622434447800059 0.0747141779185185 0.0497835093078247 0.0598120796124924 0.107792527646077 0.226670342671031 0.0586041937301852 0.0872073276429511 0.0980554710705205 0.037468724682626 0.0520727373602543 0.071948819209562 0.213133716196811 0.0885486602131337 0.072443437159877 0.0415048052968069 0.127239908864454 0.0806693856739176 0.0875637771091873 0.0412038435585589 0.134307908256078
0.941859322348931 0.999317956154946 1 1 0.000641465037057087 0.000609801842530344 0.00024366776838125 0.000714293668331978 0.000318011447243749 0.000350753688155847 0.00574407624670681 0.000386753389437389 0.000668866750572206 0.00110064833029511 0.000676093913515308 0.00048860552561536 0.000283636375523533 0.00146376896866496 0.000474399648803026 0.000450034906329333 0.000561791017078761 0.00126483943132205 0.000780491593078469 0.00046038486542388 0.000672476666471078 0.00117790626724212 0.979336400943053 0.000613913103383212 0.00138649666507884 0.000402701572941977
0.16533688412723 0.392434150489545 1 1 0.203435137662026 0.108112986784075 0.0705887104036924 0.0691397185041209 0.106027808858135 0.0459084613807343 0.0527360919609331 0.0944735909046638 0.178724825133516 0.0548829137237553 0.0490231636465778 0.104564215158816 0.0813178575313954 0.049260867741036 0.0595027393954262 0.0544135274275626 0.0919760107945855 0.998884791667372 0.999999999999889 0.119250197540315 0.0542621998212919 0.0529691060958685 0.047733850735561 0.0689084539315405 0.0536495072073114 0.0883056073833903
0.0868273148353231 0.818906584959313 1 1 0.0718127258335609 0.0780401827201613 0.0846579843572373 0.0844853027712951 0.112035038976039 0.0743360139599913 0.0732212539671433 0.0712101769597386 0.0722144807644273 0.0844875449002094 0.0710206618856466 0.075119584920708 0.0762410132718095 0.0793518715423077 0.093437222092324 0.070640583057577 0.0711769482691239 0.0733973200315549 0.0778842458244657 0.0712662024695587 0.0733633139328528 0.0715236644679125 0.0758091161515062 0.0719210437388335 0.0768777609351582 0.0734653990625944
0 0 1 1 0 0 0 0 0 0 0 0 0 0 0 0 0 0 0 0 0 0 0 0 0 0 0 0 0 0
7.69773134123852e-12 5.20783416391168e-12 1 1 0.000189707804203909 9.54039457068401e-06 5.58731727551276e-10 9.16162701258827e-11 4.35253721953188e-10 2.3311049868191e-08 1.44511364663646e-06 1.69950647105344e-05 4.75778285613515e-06 9.79147240989242e-05 0.00279535154573207 0.00157230272214648 1.95780903156084e-07 1.85331750679474e-06 0.000122261062868945 0.000154819035793174 1.13914954069649e-06 5.17849474811483e-05 0.000110969470565325 0.0543700376650664 0.00061067932570058 6.44050368592275e-11 1.73693202941694e-05 3.31081250936061e-05 0.0224232868878105 1.24211135085206e-05
2.33146835171283e-15 1.11022302462516e-16 1 1 0 0 1.53321799700734e-12 0 1.66533453693773e-15 0 3.01062931369334e-05 0 0 6.38311625777988e-12 0 0 4.92661467177413e-12 1.33226762955019e-15 0 1.45994327738208e-12 0 0 0 1.36557432028894e-14 5.80646641878957e-14 2.22044604925031e-16 0 4.7814174841676e-09 0 3.10862446895044e-15
2.77555756156289e-15 0.999999999999996 1 1 0 5.55111512312578e-16 0 0 0 0 0 0 0 0 0 0 0 3.33066907387547e-16 0 0 0 0 0 0 0 0 0 0 0 0
0.994551798743648 0.999999999999939 1 1 0.0524722094514967 0.0613318264345888 0.0707629007897479 0.0767975641703649 0.0767754129086907 0.0565040058779126 0.0939744990275373 0.101109101524258 0.0709446060558975 0.086507196495383 0.274054185630773 0.13410906646132 0.0524530443077809 0.0558528523171152 0.0529619815792047 0.129994599978797 0.0881121539974784 0.992436542586571 0.0542640817452456 0.0569334883968623 0.0725566672965181 0.070658126069676 0.0876773323893932 0.0558684811266928 0.0786607565306608 0.052683853168178
0.00164704555478479 0.678815344977307 1 1 0.000507645375330767 0.000231441633980811 0.00103790664555103 0.000263666059778234 0.997597491544368 0.0006101011797911 0.000578906361844989 0.000278192565205448 0.000183116612139322 0.000209812351904315 0.00100705588532435 0.000679229878427834 0.000186022971325306 0.000230529049820349 0.000174661371716289 0.000312348643328186 0.000174085114042932 0.00220023285656323 0.00027899224800354 0.000193875017818868 0.00176491374230336 0.000214011655195523 0.000329893424981909 0.000230850011968764 0.00188893292433634 0.000503576462212996
0.00320080203455653 0.999501779230628 0.999999999999998 1 2.47635489445397e-05 1.51885491981307e-05 9.61405369517276e-05 9.37075241757013e-05 3.98796186518169e-07 6.50679247482522e-07 2.14879449567107e-07 5.48000953271011e-06 2.34053350980368e-05 2.98674968236545e-05 0.00114249287727219 2.66839429996502e-07 6.09252695349394e-06 5.50796468545833e-07 6.73190734250539e-05 0.00174026746924194 0.000151926613607967 5.70744025580883e-05 0.00255232849548914 2.75566685192796e-06 0.00109267100022203 0.000158834008070707 1.82389930047933e-07 0.00421259749588254 0.00079559561082676 3.85662783519702e-06
0.0680422668882923 0.999342054025109 1 1 0.0683456273934731 0.0786105511391215 0.0700190250481951 0.12528338598224 0.0672572593123075 0.0561466723199063 0.0548775739177776 0.0605543485630222 0.0629309008938077 0.0999964523907562 0.110535636462694 0.0608129855357499 0.10522551665566 0.123904939878664 0.0759425464112398 0.0890627133901887 0.0841073892445808 0.0574575431221273 0.0776571883849688 0.0870530474613753 0.0710980050903562 0.181713384892847 0.0837229489759144 0.0583778882272921 0.0864168836530816 0.0632234838674873
0 0 1 1 0 0 0 0 0 0 0 0 0 0 0 0 0 0 0 0 0 0 0 0 0 0 0 0 0 0
0.370311830443466 0.242622700288135 0.999999987963341 1 0.00528258687501537 0.00566659804507463 0.000223894999550667 0.000120884301404001 0.000165671110726517 0.00162124234999173 0.00165761872481229 0.00488137318804216 0.000650599872128899 2.88878456445874e-05 0.000471186482754127 0.000695567421144294 0.0399859053274585 0.00116196085316056 0.000384709337040712 0.00388197910233812 0.000652282054839026 0.00190380851435168 8.74292192689641e-05 0.0132746071015126 0.00112038876515586 0.00129406557182499 4.68205995709514e-05 0.0501567241832724 0.000191303129948084 0.0663044584546268
0.999968786584255 0.291263195961773 0.999999999855842 1 0.000282942063021041 0.00145286706739678 0.00061917770146358 0.000635448309406428 0.000801910011861473 0.000441838562622698 5.56097410808754e-06 1.07708937889806e-05 0.00673998221236338 2.12705200125507e-05 9.15077460956759e-05 9.28637919772601e-06 5.09455590488317e-05 0.00627694010645796 0.654930974819808 0.00138678585037488 1.30227891462775e-05 9.43922826524002e-06 1.10719384286417e-05 0.00102991156848797 2.01840801289377e-05 4.09940969228195e-05 0.000231643897957934 0.00113460831902101 0.00330210947925025 5.28754811379706e-06
0.99803140873592 0.999999997150902 0.0800914030868638 1 0.0622447296565724 0.0638951387700033 0.0625857916062272 0.685759878851431 0.070081834605777 0.0663829218740036 0.0624384218103713 0.0623240815363437 0.103412461734182 0.0649952354513758 0.0734774326469754 0.0663976909851399 0.0637254699584009 0.074452409886221 0.0685363220135298 0.0819277203236997 0.0659292841627638 0.0705233303451124 0.0625274180604815 0.0675493468307078 0.0776150314824766 0.0620882116273852 0.0622328072797519 0.06479420133529 0.0621787876015107 0.0625732903285431
0.0897859696141581 0.999998249615104 1 1 0.0634987753904275 0.0652839904842761 0.0759304359824003 0.0762805426015492 0.0651162396429857 0.0635553625365354 0.0668026482876483 0.0710733722471679 0.0637338322737032 0.0886249450066541 0.0685571735578839 0.0693881030441375 0.0720784182343481 0.076951586288909 0.0634248511600386 0.0762852631652556 0.0706384673406116 0.0653421517868527 0.0637730841424153 0.0788001398286692 0.120803531301347 0.0647334312816402 0.0676348512919364 0.0679471558367954 0.0647889001776827 0.064532374709262
0.0020772499963011 0.0486630798326876 0.999999999998542 1 0.000815501922650119 0.000845780305356647 0.000630368959853689 0.654070079274527 0.000626215395048813 0.00161329816298972 0.000621240020562963 0.000608347806120846 0.000643146373108028 0.000617521574457269 0.000749913052865092 0.000864227483597491 0.00131925438689851 0.000858075563048843 0.00179183086862067 0.00060978257288602 0.000661003808445693 0.000925553403227863 0.00062661493825511 0.000633268899810524 0.000800304815138264 0.00113454323386286 0.000678348934883943 0.000616310845523271 0.000649594520334529 0.000861035398988075
0 0 1 1 3.57803141559643e-08 7.66053886991358e-15 1.55431223447522e-15 0 3.33066907387547e-16 0 2.23285168132747e-10 0 2.4535928844216e-14 0 0 0 0 1.13598019879646e-10 0 3.530509218308e-14 0 3.34880107144553e-06 3.33066907387547e-16 0 0 3.33066907387547e-16 1.28187559456094e-08 0 0 0
4.83086280406164e-05 0.999849715083621 0.999999999999999 1 8.63507163106902e-07 3.81807244709265e-08 1.84432263239387e-07 4.62642325116391e-07 3.92148178374185e-08 5.38865722687909e-06 7.01650801904208e-08 1.82539341420096e-08 7.06968771857497e-07 1.80737827515376e-06 1.4662748473171e-06 1.26816249945705e-07 4.22780994657757e-08 3.26120881855019e-07 3.73990066693253e-08 3.78842125814405e-06 9.55384172540708e-06 9.45120496309571e-08 1.54191282297766e-07 1.90870623750783e-08 9.09723918862682e-07 8.35893625428241e-08 2.69368165994877e-07 4.81627104642612e-07 1.07878783739412e-06 1.47319175636262e-07
7.85925102705365e-05 4.32283231314168e-05 0.999500744194146 1 4.30807466034189e-07 7.35056452594307e-07 2.42283325480042e-06 2.52641325304559e-07 4.3720742137765e-07 1.19236724560601e-06 8.12096594771106e-06 1.08775457896559e-06 1.17405129973491e-06 8.56611405386509e-06 2.9551695801544e-07 4.52859783117709e-07 2.35563428330199e-06 3.96583585760002e-06 1.54045300138073e-06 1.66544945401359e-06 3.22656610207694e-07 7.15879808121933e-06 5.90182784532267e-07 1.86912022248631e-06 1.10653419704843e-06 2.33374179403611e-06 6.04638992907081e-06 2.39297353898937e-06 3.21397509606136e-06 2.8664001650025e-07
0.000302452718553559 0.0987801852199296 0.999999999999135 1 1.51831016648174e-08 0 1.62138968917702e-10 0 2.843046621126e-06 0 2.15397329972333e-08 0 0 4.74582741153418e-05 4.01388595159258e-05 0 0 0 4.42047660809131e-07 2.04439726259054e-07 1.0413936379905e-10 1.11022302462516e-16 0 0 3.21964677141295e-15 3.55854234967978e-11 3.73662742969572e-08 3.84470233427692e-13 3.62221364014204e-12 0
0.000602183922608468 0.00104707789329905 0.00427261160241466 1 0.000671537857235727 0.00074851560449285 0.000832753637610262 0.000736016375884163 0.000884036126090781 0.000602753616713358 0.000666185488624071 0.000610212125047749 0.000602619685551531 0.00075404011651159 0.000726480975790977 0.00124851856223984 0.000684599109728845 0.000967398810365006 0.00061399894705183 0.000643100301488841 0.000606797838216711 0.000739572692189161 0.000935922206850681 0.00064649133310779 0.000682923725546014 0.000603789856918002 0.00073876087055802 0.000647310664392275 0.000862363755528173 0.000604219148280016
0.0630749708672721 0.999999999985354 1 1 0.0719792584745731 0.061267288367319 0.0685297174593726 0.0657983283714398 0.0605623980133438 0.85874296844988 0.0969112653350633 0.108257141465072 0.138086041577585 0.164036379389168 0.0802907547366092 0.0599551998794472 0.0640463047920049 0.0594675219741496 0.0712403229807693 0.0652756573257954 0.101320985295888 0.0873801365268797 0.0678915818875817 0.0631819546228083 0.0917405058119761 0.0966403391488845 0.0902587175810011 0.0596404492011455 0.0808378328045221 0.0735818164878733
4.11747787708583e-05 0.999668684916168 1 1 4.81370787674962e-09 1.50074910427733e-05 7.18519035824983e-07 1.56567912190653e-07 3.50976267227132e-06 4.83079429569599e-07 5.15215548002601e-09 1.06534571042705e-06 8.68208805959725e-07 2.18524229892436e-05 2.76684180011699e-07 2.052404464159e-07 1.78120014482364e-06 2.24141848415016e-08 5.35180047056549e-07 5.0987111588352e-07 4.0840577053558e-07 9.12241832962124e-06 3.48193984311962e-07 1.76527749196076e-07 9.17314481041487e-08 1.90670468003251e-06 1.43591602186355e-06 4.21302381869992e-09 2.99600375952558e-07 4.53899362540255e-09
0.976231379798386 0.999999260092667 1 1 3.48164593949596e-05 0.000139745811310488 3.50243124612737e-05 0.000388358423468738 4.43932067181185e-05 7.23521333537702e-05 5.90035238390296e-05 2.827641977865e-05 2.76569410174732e-05 5.04966431478238e-05 0.000232938130390381 5.03973500991517e-05 2.71550229360429e-05 0.000133120520252494 3.26332052714706e-05 4.37144313698568e-05 0.000155273196487893 3.48346904999186e-05 4.90150737851858e-05 0.000187170072144305 0.000109388215644324 2.91047797986721e-05 7.98624291157291e-05 5.42116183932517e-05 4.4895768942399e-05 3.66922003085524e-05
1.48590251214387e-10 0 1.11022302462516e-16 1 0.000152469282733492 1.72084568816899e-14 3.80806497446429e-14 7.58282325818982e-14 5.53754042620369e-10 0.000197518367890392 0 9.31784982505235e-10 5.96142657460774e-09 8.24749206396191e-06 1.11022302462516e-16 4.33818592160407e-08 1.16473497513425e-12 0 3.45279360658424e-14 1.88737914186277e-15 1.62092561595273e-14 7.71685604306072e-10 6.55031584528842e-15 1.46216372343133e-13 1.11022302462516e-16 0.00479660015468608 6.66133814775094e-16 0.00287025136680286 4.77001727006154e-09 1.0325074129014e-14
0 0 1 1 0 0 0 0 0 0 0 0 0 0 0 0 0 0 0 0 0 0 0 0 0 0 0 0 0 0
2.22044604925031e-16 1.55431223447522e-15 0.999999999999985 1 0 5.55111512312578e-16 0 0 0 0 0 0 0 0 0 0 0 9.99200722162641e-16 0 7.43849426498855e-15 2.22044604925031e-15 8.08242361927114e-13 0 0 0 4.44089209850063e-16 7.7715611723761e-16 1.11022302462516e-16 0 0
4.27111913392508e-06 0.999994932885419 0.99999999999999 1 2.36212160942273e-11 7.16371406639382e-12 2.54117837883427e-11 3.99963007158277e-08 2.21195383121042e-08 8.06043010115332e-10 4.2901993069222e-10 4.6133860065467e-08 2.81805911939159e-10 2.80465051183398e-09 6.23021489953857e-09 1.69327429855315e-09 6.55642062863393e-09 5.62141533322347e-09 3.91745413885758e-09 3.46236694870328e-08 9.87463344426232e-08 7.04537750362277e-09 1.54989454603793e-09 1.5833291477918e-07 7.20492199235423e-09 2.03872035919872e-08 4.73602046469068e-10 2.95889285295559e-08 2.47312892387441e-09 2.70004185676243e-09
0 0 1 1 0 0 0 0 0 0 0 0 0 0 0 0 0 0 0 0 0 0 0 0 0 0 0 0 0 0
0.10038361391809 0.999999924938625 1 1 0.0564685976203202 0.147453850668928 0.0638413074630153 0.111427965594264 0.057534698078429 0.0915403411407621 0.0741815259180927 0.107481198253061 0.0685365108106399 0.0699000168600407 0.968410277865799 0.0689672114586851 0.167491682000526 0.0669676575597279 0.0559320114714769 0.0694407521938645 0.145458390143439 0.0819805110330604 0.107878054069668 0.141559323407422 0.0905192973411457 0.0589171490155669 0.0822200206310842 0.0849379337444155 0.0635614171078008 0.282208742863461
0.249366493010999 0.765713088503906 0.999999999962863 1 0.124794665456587 0.0771884754694326 0.0699264289828235 0.0666584912282848 0.075409041488202 0.0700959716204308 0.0714320422573103 0.128655054534313 0.101268868370346 0.084677350908769 0.134945178442243 0.070140617735525 0.185496894747195 0.0658061942546503 0.146302031222069 0.0777455683608093 0.0806307363083247 0.106638307654004 0.0648415010666634 0.0673621822224872 0.14724963556253 0.0695412717545607 0.167708871331416 0.0980787836138844 0.0710514519574305 0.119826548789853
1.11022302462516e-16 1.22013510406305e-13 0.999999999999878 1 0 0 0 0 0 0 0 0 0 0 0 0 0 0 0 0 0 0 0 0 0 0 0 0 0 0
0.22642527747418 0.999999998235103 1 1 0.028062137191859 0.0410757103869729 0.0229067313269175 0.0307079922794862 0.0237558478701425 0.0251090193012622 0.0244977369967985 0.113060206419855 0.0496617821499274 0.0228108325215906 0.110838151004185 0.0665638024344808 0.0487940295482522 0.0258996640140617 0.959675889614228 0.0415865713825845 0.134854890541377 0.0218149262424249 0.0302836722599149 0.0480215004883273 0.0257796107702549 0.0276316425736608 0.021517799888497 0.0262237084953624 0.0584723873873435 0.138278073088646
0 8.57092175010621e-14 0.999999999991713 1 0 0 4.47419878923938e-14 0 0 0 0 0 4.44089209850063e-16 0 0 0 0 0 0 0 0 0 3.5527136788005e-15 0 0 0 5.55111512312578e-16 0 0 0
0 0 1 1 0 0 0 0 0 0 0 0 0 0 0 0 0 0 0 0 0 0 0 0 0 0 0 0 0 0
2.73275069240242e-10 0.999999987846803 1 1 3.51282780641782e-10 9.3288710090178e-12 1.67421632113474e-13 9.52194989523036e-11 1.15859100091598e-10 2.70672373403613e-13 2.5819857363274e-10 3.74195674446298e-10 3.1211699891287e-12 3.86024545662167e-13 2.37010522319281e-10 1.957992656898e-10 2.41262565481293e-12 1.40595313169456e-11 4.87612172861418e-11 1.99840144432528e-15 9.87110393424473e-12 8.17923506701845e-12 1.11022302462516e-16 9.40387989700753e-10 3.1641356201817e-14 3.07536762722549e-09 7.5369710472728e-12 2.20005125228795e-11 4.01397803884151e-11 6.45161701839925e-12
3.89289281366167e-06 5.7839768553225e-05 0.999999999999964 0.000499737158600078 2.1671764538489e-07 2.80285778253564e-07 1.90806838440416e-07 2.16960780674569e-07 1.89059394695157e-07 2.81178147321093e-07 1.9157456709884e-07 2.02904361201739e-07 2.08630950848665e-07 2.10509742970544e-07 2.30693995351139e-07 1.85671915065022e-07 2.66752936628478e-07 3.12706758043291e-07 2.1101798197698e-07 1.89508371328806e-07 3.40539185628153e-07 2.06564692017963e-07 2.96485518136436e-07 1.23879711366737e-06 3.36319025406873e-07 1.86958487025102e-07 2.87026776124577e-07 8.57677987742278e-07 2.49567401966466e-07 1.85614452585803e-07
0 2.45692355349547e-13 0.999999999990403 1 2.46469511466785e-14 0 1.11022302462516e-16 5.55111512312578e-16 1.11022302462516e-16 0 0 6.66133814775094e-16 1.88737914186277e-15 0 0 0 0 0 0 0 2.22044604925031e-16 0 0 0 3.31956684362922e-14 1.11022302462516e-16 1.11022302462516e-16 4.5852210917019e-14 1.75415237890775e-14 5.55111512312578e-16
0.000202496408481245 0.998458596967082 0.999999995973952 1 3.90307786091171e-11 1.74760206306246e-12 1.3292700273837e-12 2.55378274083284e-10 2.45037323765018e-12 7.61620289058129e-08 2.91253798856417e-09 2.32081346385193e-06 5.69551974471949e-08 1.21502807814977e-11 4.66515714947491e-13 1.77702297321503e-11 1.49513567082593e-08 1.99351890550759e-09 4.93376672849877e-10 8.921438476861e-09 3.02091685000505e-12 1.31665456315488e-09 3.5527136788005e-15 2.33086439038743e-10 4.44089209850063e-16 2.8643754035329e-14 0 3.30392212810615e-07 2.70549793679464e-09 1.34230437875971e-09
2.45193419123879e-07 0.00299854061498617 1 1 2.96597916351615e-05 1.02511590068799e-05 5.83414219296197e-05 4.68440031614614e-05 1.20398975809177e-05 2.15939740988436e-06 1.05000640426844e-06 4.06728180013527e-05 3.6239023899487e-06 0.000159846144840436 0.00300325779071087 4.18395602986843e-05 0.000197074376239392 8.31977504889281e-07 4.4046629131822e-06 0.00010659876033059 0.986134458345217 0.000148201015197635 0.000176541341465608 8.88783063479615e-07 0.000801351105590209 3.64972047472989e-07 2.47792744789699e-06 1.38576130405133e-05 5.2276146171093e-05 4.14543072366769e-05
1.03911623805519e-06 0.999881483980353 1 1 5.04371191278885e-06 6.73262046335665e-07 2.24355906297546e-07 6.40020015318932e-07 3.90149364404291e-06 1.88692136804391e-07 2.44716998898387e-06 2.02748918654017e-07 8.16764395006331e-08 6.40956368425094e-07 4.13471681015576e-06 4.03970442541812e-07 2.63400969480188e-07 5.37088463370416e-07 6.61142144475768e-07 1.42994386709283e-06 2.78332561776118e-06 1.57754116181241e-06 9.51812628380289e-07 4.62886543139973e-06 1.09144836168973e-06 3.09169887691141e-07 3.65676225633216e-07 7.14561041115225e-07 1.15702504166482e-06 2.40694379882722e-06
0 3.64486218984439e-12 0.999999999996355 1 0 0 0 0 0 0 0 0 0 0 0 0 0 0 0 0 0 0 0 0 0 0 0 0 0 0
7.01660951563099e-14 0.999999998218226 1 1 0 1.35942568313396e-09 0 1.11022302462516e-16 2.33515429215458e-11 0 1.27753363443617e-12 2.35295116723933e-11 3.99680288865056e-15 0 0 0 1.77635683940025e-15 0 1.77096115550057e-11 0 4.46309655899313e-14 4.44089209850063e-16 6.66133814775094e-16 0 1.77635683940025e-14 0 0 1.02140518265514e-14 4.56301663120939e-14 0
0.992685258333917 0.00152514868169007 1 1 1.00301264452929e-05 1.05953974626205e-05 6.77435494457201e-05 1.76328085625954e-05 6.90315264972874e-06 3.51913232885526e-05 8.18587843798291e-06 2.35826440312392e-05 0.000305503568414522 2.36405167199916e-05 1.19545553185496e-05 5.94405687304178e-06 2.9868071300343e-05 4.06624633766395e-05 7.10865391084781e-06 2.70282134172684e-05 6.75334745925404e-06 0.000370832210485728 1.38632289222729e-05 1.39994913728181e-05 3.55638029587713e-05 5.82138000237986e-06 2.09486046551799e-05 4.47188975961632e-05 1.15153707997973e-05 3.54860818194691e-05
0.00165426684852121 0.999999996852082 1 1 0.000727863771137427 1.33226762955019e-15 1.68719495743375e-05 5.19551198729928e-08 0.000191939418925591 2.82373610159814e-05 0 0 0.0040689684238937 6.24645113411759e-08 1.26195410787844e-07 2.77555756156289e-15 0.732353622631057 2.28339891439333e-09 0.000674339843807048 0.00104381388323571 9.13392521617595e-08 1.23483194642837e-05 1.43643985595077e-11 7.7715611723761e-16 1.57318602589385e-13 0.176934398038854 0 2.87842999435739e-08 5.55111512312578e-15 0.00133267531863768
1.93725562402935e-06 0.999048402013584 0.99999999999802 1 2.54574633695714e-06 0.00580039264223453 1.99979857617993e-06 1.37511149722602e-06 2.20912049819777e-06 5.78494957970133e-06 1.85246465866928e-06 1.40561403538797e-06 1.57154927427072e-06 2.34979588698003e-06 2.45459823844385e-06 0.00068518032124687 1.55478055596792e-06 3.29060989723295e-06 7.60618628026233e-06 1.33567765547848e-06 1.39271478727387e-06 7.51947173271983e-06 1.23008040257e-05 1.44391693090995e-06 2.94423343116801e-06 1.35433597225898e-06 1.54930246842877e-06 3.0261466389403e-06 3.74474402475844e-06 1.34938542839524e-06
5.55111512312578e-16 3.04299030418065e-10 0.999999999695646 1 8.43769498715119e-15 0 0 0 0 1.11022302462516e-16 0 4.55191440096314e-15 6.66133814775094e-16 0 2.63122856836162e-14 0 0 0 2.22044604925031e-16 0 0 0 1.11022302462516e-16 0 0 0 0 0 0 0
0.325350741847462 0.999831081409334 1 1 0.0463059564310636 0.16436129832204 0.0427277876759219 0.0252195342840976 0.100199197134604 0.0625028017463397 0.306258263551868 0.192852257114043 0.0375926783379207 0.0521772708338402 0.117459675632048 0.347326793708627 0.337004331711489 0.112670912002546 0.240435563010573 0.0785564463611993 0.0325215409521422 0.0399706637658281 0.032204764238237 0.0710726756708669 0.0396487268114217 0.0335865474459892 0.0549429645252001 0.0806303422086649 0.0254558664249859 0.946918764731061
0.9988811354868 0.999999892578022 0.999999999980358 1 7.59387696219749e-05 3.39237737900788e-09 1.5073251823372e-06 1.85151937059924e-06 2.40178775201549e-07 2.80295837651323e-08 1.60493488721158e-07 1.84041216488851e-07 6.45036746638183e-06 9.7668094596548e-05 5.00533969827188e-09 0.000135570539941177 8.20893485409258e-08 4.23902389767861e-06 6.8735340054138e-06 8.79307519019434e-08 8.15900144557347e-07 2.25027650535559e-06 8.83814577079534e-09 4.42697929425862e-08 0.000379125180286377 6.3316594411944e-08 1.78154124785834e-08 1.12041401545415e-06 3.03944863944139e-06 2.17194855656189e-06
9.63193854119915e-07 0.999887050192657 1 1 1.61293267630924e-09 3.69245123366113e-09 3.83163356598715e-09 3.9087901519963e-06 5.14489921998873e-07 2.03716763347295e-07 4.69705385697239e-11 4.51012582836086e-09 7.12568237748457e-09 2.6019508225783e-07 1.65411572572438e-06 1.72191172542746e-07 2.7542779168499e-10 1.02043937744156e-08 2.46199055475849e-06 7.59001178141094e-06 1.70091431006547e-06 3.04128802142145e-08 4.91427086801721e-08 6.49636233696071e-10 1.3791656705564e-10 3.19979154284056e-10 9.08393915644012e-10 8.25688006855785e-09 5.66872431218002e-08 2.21336937666905e-09
0.901048174297243 0.999999613732653 1 1 0.0558895192529636 0.124484725884517 0.184502789292506 0.061752064494257 0.0731677784912346 0.0975707767415929 0.0726261700224717 0.0465873559733214 0.0586538022874947 0.0536437858709149 0.108495002861957 0.0733837648773026 0.999999999975254 0.0675346885275245 0.101676325145158 0.0784859706947618 0.0598336021678524 0.138012238685734 0.174779416284945 0.999283865904972 0.0745164857569551 0.0493115851069504 0.183298943296395 0.054069231568023 0.0691984009058569 0.0974414074248461
0 0 1 1 0 0 0 7.03437308402499e-12 0 8.01092825408745e-09 0 3.43058914609173e-14 0 0 1.11022302462516e-16 3.33066907387547e-16 4.08519307271149e-09 0.000491728308012584 5.00154151428234e-09 7.78266340262235e-14 0 6.8582761691971e-10 0 1.70319314207745e-12 0 1.64004365643677e-11 3.21964677141295e-15 1.78729313571324e-08 7.26717463983562e-10 1.17239551400417e-13
6.78190836822523e-12 7.46376028759599e-08 0.999999999999996 1 1.11022302462516e-16 7.91609060298848e-05 0 0 2.53130849614536e-14 0 0 0 8.5688067752443e-10 0 1.46260781264118e-12 0 0 1.11022302462516e-16 3.72772479551031e-10 8.05933098035894e-12 3.56488172315039e-11 6.88304968576858e-12 1.04251626220631e-08 0 0 0 2.34968045020878e-10 0 1.23234755733392e-14 2.85216295026203e-13
5.79492009933347e-12 0.999233071898276 0.999999999995632 1 1.11022302462516e-16 6.67688127009569e-12 2.77555756156289e-14 9.99200722162641e-16 3.46211293067444e-06 3.38282686307423e-08 2.06835693750129e-06 0 6.66133814775094e-16 2.30382379839966e-12 7.32747196252603e-15 3.63363528155247e-09 2.1094237467878e-15 1.11022302462516e-16 1.81969354309253e-05 1.4374705759046e-08 1.11022302462516e-16 1.11022302462516e-16 4.34192644838127e-07 9.44720724982417e-07 3.45223849507192e-12 3.94427477345971e-07 2.22044604925031e-16 4.32986979603811e-14 7.25732871575957e-08 1.11022302462516e-16
0 0.999999999868926 1 1 0 0 0 0 0 0 0 0 0 0 0 0 0 0 0 0 0 0 4.97268892729608e-13 0 2.22044604925031e-16 4.66293670342566e-15 0 0 0 0
0.892351694387008 1.81115280817323e-06 1 1 1.48698878320586e-05 1.14898321301737e-07 1.64601332564018e-10 0.00145302122047974 2.80128116258993e-08 3.50608844568168e-06 9.46915434951734e-10 8.47690943017732e-06 3.59673846261899e-10 7.44559969234615e-11 0.000951672062095676 2.92876722873814e-10 5.13274775353345e-05 0.00148399523390474 1.63919877671503e-10 5.0502974091593e-06 0.000119633287868237 0.00293547243484149 4.78865000765882e-05 4.4540146071359e-07 0.00115710202391195 2.45759583450411e-06 2.34354183636931e-06 1.48371638231115e-06 2.60724637287657e-05 0.00221435274819659
1.79389836318933e-12 0.999999999995191 1 1 0 0 0 0 0 1.04261044242548e-12 1.11022302462516e-16 0 0 0 2.33146835171283e-15 0 0 0 0 0 0 0 5.55111512312578e-16 1.11022302462516e-16 3.33066907387547e-16 0 8.88178419700125e-16 1.11022302462516e-16 0 0
0.981697535905929 0.000600185094130512 0.999999999999992 1 4.01595876764471e-06 0.997701260615008 0.00484514318591334 4.65396688709152e-06 6.15451557062219e-06 2.03127599024411e-05 5.52283991162028e-06 3.83678689652722e-06 2.00780309635995e-05 3.49268059951502e-06 7.23092738341702e-06 3.42634430394728e-06 3.61865927567262e-06 0.000199818874760838 3.64759955151506e-06 8.04163717549322e-06 5.03607997892619e-06 1.09105420558198e-05 8.16234777269997e-05 1.89783905019114e-05 5.19019123246256e-06 3.88517106852948e-06 3.58776022935103e-06 3.97786027339642e-06 9.98193640822098e-06 0.00654775169720134
0 0.999999983242608 1 1 0 0 3.87578857896642e-13 0 1.20461862707089e-10 6.79456491070596e-14 7.7715611723761e-16 2.35478303522996e-13 0 2.33146835171283e-14 1.33226762955019e-15 0 0 0 2.22044604925031e-16 8.97060203897126e-14 0 0 0 1.86417636882652e-09 2.1094237467878e-15 0 0 1.90958360235527e-14 1.765254609154e-13 0
0 1.86517468137026e-13 0.999999990371095 1 0 0 2.56461518688411e-14 0 0 0 0 3.88578058618805e-15 0 0 0 0 2.73114864057789e-14 0 0 0 0 5.77315972805081e-15 5.16031661845773e-13 2.55351295663786e-15 0 0 0 0 2.68673971959288e-14 0
0.158188393580784 0.0760290376083728 1 1 0.167244160560177 0.0689662701368372 0.0641962793631091 0.127860059132641 0.146837586880175 0.0657062560593715 0.147754177729361 0.118882763831677 0.0716348265773742 0.0792942595132151 0.0631865258605615 0.0784627903423396 0.0642587681580954 0.0935059247989184 0.104785358294332 0.0806362613493438 0.0627517466836284 0.100725378422713 0.062048533550477 0.0736623764535218 0.0694020801525381 0.0878411437720443 0.0663008633428582 0.181605671154544 0.109528229890243 0.060677401617993
0.998557408728305 0.999928138489101 0.999999972858958 1 0.03782943002557 0.198389254013341 0.0682769003289443 0.0368104977346689 0.0357251862321706 0.0571056653042155 0.0843576478008499 0.0479676507544644 0.0382700312844316 0.037725567003823 0.173284732919889 0.0498489777298203 0.0351497707102775 0.0346613812274997 0.0688995470530314 0.11582976679403 0.0609555332045781 0.116174707253347 0.999991007259803 0.0414268234191345 0.0534883494707988 0.0921054342542491 0.0418242091044442 0.0478419345374567 0.137031778497068 0.0563887271895742
0 3.33066907387547e-16 0.999999999999998 1 0 0 0 0 0 0 0 0 0 0 0 0 0 0 0 0 0 0 0 0 0 0 0 0 0 0
1.54325797474542e-07 0.999999999999073 1 1 0 5.55111512312578e-16 0 0 0 3.22653015416563e-12 3.94348109722387e-10 0 0 0 1.4432899320127e-15 0 5.27355936696949e-14 0 0 0 0 0 0 0 0 0 0 0 0 0
0.00121716786154613 0.998644263706888 0.99999755040914 1 5.28770035534976e-08 3.15832824393514e-06 8.40907076304909e-07 1.36969033892598e-08 8.98329459708691e-08 2.19641631549194e-08 3.30742122911509e-07 1.06458000304066e-07 5.20343726995165e-08 4.3687128181702e-07 1.66084362951402e-06 1.11995455770453e-05 1.14158079573823e-05 1.17461025982424e-05 1.5850958656749e-08 1.76386296568687e-07 1.06121168119699e-06 1.13483491936961e-07 6.29936177665158e-08 1.91864797827179e-07 1.37441308334374e-08 2.9497770004383e-08 8.10551169516671e-08 3.53560287824628e-07 4.34742572608116e-07 1.74831433663591e-07
0.997293035005392 0.999999999999999 1 1 0.164552633982356 0.0490346608199479 0.0651713954938363 0.0485205103537101 0.0481980210005044 0.0731905537004546 0.0676728393068583 0.118469520889343 0.107303080728073 0.101146005719728 0.0492081725136078 0.0539565197936115 0.141464407521729 0.059262588412488 0.0485874376587618 0.297109859973126 0.987245082444 0.047303389891849 0.0770992984217506 0.130726703316836 0.0526000676265471 0.0471887005713791 0.126555811236413 0.999998920725142 0.0704536467324812 0.160539634514152
0 0 1 1 0 0 8.88178419700125e-16 0 0 0 0 5.55111512312578e-16 2.88487123079051e-10 0 0 0 0 0 0 0 0 4.21884749357559e-15 0 0 0 0 0 0 0 0
0 0.999999941049945 1 1 8.4133811029119e-12 0 2.22044604925031e-16 5.55111512312578e-16 1.7821299991283e-12 0 0 0 2.06563655069658e-10 8.88178419700125e-16 0 0 0 0 0 2.76434430901418e-12 0 0 5.32907051820075e-15 5.87328192747094e-08 0 0 0 0 2.24265050974282e-14 0
0 0 0.999999999999663 1 0 0 0 0 0 0 0 0 0 0 0 0 0 0 0 0 0 0 0 0 0 0 0 0 0 0
9.82664127615607e-05 0.985522453378645 0.999999999999947 1 5.5292992406919e-11 1.78883616552827e-06 4.29208779628709e-10 1.2578016406195e-10 1.21680957265724e-06 1.20446830287335e-09 0.00129257982973974 8.73536266360331e-05 5.403237663959e-07 2.29395347162153e-09 8.50884918079942e-11 0.00301508544405871 1.00352559595507e-09 2.35489244548859e-07 5.11062621111336e-08 1.09113064139521e-08 4.43362524471524e-08 2.40218952396454e-07 0.00302953334528 2.40621677960462e-06 1.38820195338951e-08 6.13383959716662e-05 1.14291909270037e-11 0.000271713859460232 1.4610757048672e-11 1.21761301041801e-09
0.0921748134425395 0.999830461757811 0.999990412320827 0.999997033107584 0.0660790207566714 0.0795647187841217 0.0941482474481495 0.0868151842212891 0.0633244028743676 0.0606735201408073 0.18544241145165 0.115868016282273 0.0884790641398168 0.0622886854259158 0.0843196653076886 0.0899316525984181 0.062857147502655 0.0700220746688641 0.0731244226304374 0.0796591175015169 0.160978100382829 0.0626312665841074 0.0633416273633928 0.0942907454922338 0.0628804700249262 0.0924019004202625 0.0647549025947582 0.0889369821831952 0.123023955455622 0.0690019097843598
0.0741235645713511 0.999755596827396 1 1 0.0902831858295531 0.0690923598720047 0.0611270151578361 0.152413527957961 0.0596439510784106 0.0698248726130962 0.0677682225460575 0.993104693046239 0.0845795683129272 0.0602913305021456 0.122473950193065 0.0802235679099058 0.059828639130199 0.0599567915678922 0.0611795008657784 0.068025461264006 0.0615335580326131 0.0608221244960847 0.0605036103209717 0.0608813202932889 0.0666652371358268 0.0651436761033669 0.0851509742680492 0.0631946062649575 0.0630515861302222 0.0594283545849531
1.06403774680075e-11 0 1 1 0.000680527630006145 0 0 0 0 0 0 0 0 0 0 0 2.80109269112927e-12 0 0 0 0 0 3.38618022510673e-14 1.11022302462516e-16 0 0 0 0 0 0
0 0 1 1 0 0 0 0 0 0 0 0 0 0 0 0 0 0 0 0 0 0 0 0 0 0 0 0 0 0
0 0 1 1 0 0 0 0 0 0 0 0 0 0 0 0 0 0 0 0 0 0 0 0 0 0 0 0 0 0
0 0 1 1 0 0 1.20867760244892e-11 0 0 6.20780760129946e-10 1.08379749619303e-10 0 0 0 0 3.34455796391353e-11 0 0 0 0 0 6.66133814775094e-16 2.80886425230165e-13 0 0 0 3.44169137633799e-15 0 0 0
0.0623969311909597 0.999929344843947 0.999999999944696 1 0.0625084954352706 0.0602088030689935 0.0666664924533656 0.0605347878022505 0.0683047907777876 0.059277518316747 0.0593137453080029 0.064402797079936 0.093804528728277 0.0879898848021234 0.0587887772360576 0.143157833581429 0.200685424520825 0.0609815597439924 0.0604227652784102 0.0624772656567134 0.0698362169396445 0.0812049844045248 0.0945280550413826 0.0759791881224235 0.0587849586141297 0.0590632002300696 0.05878622280165 0.108491577459124 0.119221596467615 0.209623962010878
0 1.04360964314765e-14 0.999999999999989 1 0 0 0 0 0 0 0 0 0 0 0 0 0 0 0 0 0 0 0 0 0 0 0 0 0 0
0.00156889973826591 0.00251079649273345 0.999999999988151 0.99999996712589 1.86365396137589e-06 3.46402203843521e-06 3.01169649715716e-05 8.30348812042025e-07 1.72708883861006e-07 6.76225382201245e-06 2.67285319210941e-07 3.80027640356495e-07 1.23701582965818e-06 9.17777420506027e-07 5.68674593859342e-07 1.01864673052177e-06 1.24457576882175e-05 1.75806586666383e-05 5.32087053417563e-07 1.03464762823968e-06 4.3311168345106e-06 1.67222069435979e-06 2.09970089870559e-07 4.91716363648642e-06 7.24698720699912e-07 1.85808280284139e-06 1.04690686264508e-06 4.73279289292527e-06 1.72936956865932e-07 0.000525389653085351
0.476077860807971 0.522325481350598 1 1 8.51635752807667e-07 1.01157896503778e-08 5.5740348448019e-08 1.46528757805076e-06 1.9100721004861e-11 1.33081535259594e-05 0.000631985041123273 1.46915280052617e-07 1.73914038051892e-05 6.6170770571472e-05 0.000366562208191756 7.63177833151829e-08 6.09468023831106e-05 1.67803126949195e-09 2.00575400529646e-05 4.71356287334856e-12 7.93947803057193e-08 1.12632125848222e-12 1.84502075839532e-08 3.56663887313147e-09 9.77085079512108e-12 4.37527998276011e-08 2.31741444811639e-07 8.46491476702571e-06 6.25000051712732e-12 7.8625699284629e-09
1.56078796553771e-08 0.999965594972759 1 1 4.27560598037502e-08 2.48609496877883e-07 1.54444835587242e-07 9.86335568775587e-09 4.19436485543656e-10 1.0829304120108e-10 3.07352621242707e-07 6.02265811677771e-06 1.25169574705097e-08 5.94339435444624e-08 1.03544987695159e-07 1.7750245717707e-12 8.94375830062799e-08 2.08920248101485e-07 4.29372759569446e-10 4.76687237904727e-07 2.40600639411781e-09 6.32209078421653e-08 5.96189764223709e-14 1.42453377427465e-07 4.30409066165538e-08 3.74551356596697e-09 6.37667696423705e-12 1.51578749552073e-12 2.86058077225704e-09 1.45599316603295e-07
0 0 1 1 0 0 0 0 0 0 0 0 0 0 0 0 0 0 0 0 0 0 0 0 0 0 0 0 0 0
0.988234935358524 1 1 1 0.0607122855904723 0.0754028730580599 0.0787143144867714 0.137611911917985 0.052417667575606 0.0488309358154032 0.140927374472581 0.0555207298437673 0.107680615065324 0.0575406246761319 0.0489705276690199 0.0741466815387201 0.124714000775657 0.998857113844053 0.219771403638275 0.0480596635621904 0.192821756043682 0.0671379113703686 0.338242504297136 0.0502305690345307 0.169224961477304 0.0687535920624188 0.0587332244782537 0.130586316439127 0.0636896260882303 0.64257374929003
3.29329283843549e-08 0.999999876970238 1 1 1.1991838855252e-08 2.31245578241612e-10 1.50175117896723e-08 3.8222954790168e-07 1.78634884662188e-13 6.30297813941638e-10 7.82401698984359e-10 2.73580591514389e-09 1.98938096662715e-06 1.77187875582963e-06 1.00480845866002e-10 3.55934726137264e-09 4.69402294811516e-13 6.85340673101109e-13 5.0117144601014e-06 9.40089117662524e-11 1.0373002456987e-10 3.00760320105509e-05 5.99203090478895e-08 5.21804821573824e-14 0.999752678404664 2.47787346197015e-11 6.82612802727078e-07 9.43689570931383e-15 3.92058496778702e-10 1.39666056497845e-13
0.02811922936464 0.13714646748682 0.999999999999876 1 0.00946008551850641 0.00911125723440331 0.0215058025637237 0.0097992950429151 0.00917397026020295 0.0133665230079324 0.00850155151682885 0.00849396370350264 0.0112845508660704 0.00850548447000732 0.0118033365684056 0.00873086344057428 0.00850322838518158 0.00873187338356118 0.0084931794465013 0.0085006412202745 0.00861012467010114 0.0187001375615816 0.00852421569012041 0.0282987401156207 0.00879278528831173 0.00867572374179304 0.00951001487576064 0.00892451664466465 0.00992304500538632 0.0085054884659076
1.90057969362556e-11 0.999937319625744 1 1 1.12132525487141e-14 9.58627566216563e-09 3.73448783008712e-09 4.62395483014078e-08 4.50188775147353e-10 0 0 1.11022302462516e-16 1.71070735355272e-09 4.66571226098722e-12 8.35976488033907e-09 2.21803145517008e-07 3.85913523359704e-13 2.85502732566556e-11 3.05618641505134e-10 1.12132525487141e-14 1.8522235967211e-09 1.66314066529782e-06 3.00051617918573e-06 0 1.43407508090831e-12 0 0 9.25787224659302e-11 1.32116539930394e-14 2.80453438250561e-12
0 0.9751127502402 1 1 2.29357977055145e-10 0 2.49749391167953e-08 0 0 4.55191440096314e-15 0 1.50990331349021e-14 0 0 0 3.71924713249427e-14 1.03816288898884e-10 2.08166817117217e-13 3.33066907387547e-16 1.11022302462516e-16 0 0 0 0 0 0 0 0 0 0
1.55431223447522e-15 1.99840144432528e-15 0.999999999999803 1 4.66293670342566e-15 2.09168919083069e-05 7.68472172008039e-07 1.00837560523814e-10 4.44089209850063e-16 1.4432899320127e-15 7.8996476027271e-11 5.91386475889966e-06 1.11022302462516e-16 1.98072525048332e-09 0.000185105985860412 0.00130649444045638 2.14679741671331e-05 1.93363214329167e-10 4.38538094726937e-14 2.93091109971888e-05 8.90080606108512e-07 1.23190346812407e-11 6.12612072181662e-10 1.83963955180388e-12 1.4122036873232e-13 1.3106601204349e-07 7.61294329743034e-06 5.08483255501346e-11 1.11022302462516e-16 4.80434869631896e-06
0.0257293623861192 0.999994655304892 1 1 0.999999999698354 0.000281913904053521 4.50710786116248e-05 4.74677830061276e-05 7.07865701080612e-05 0.000101447831962975 0.000626010017391265 0.000271993714405117 0.00116714203416912 8.32224503075629e-05 8.14279559493425e-05 2.93130499475769e-05 0.000118090841848328 1.31601894968192e-05 3.9615817375882e-05 0.000100402996288107 0.00313280410701733 0.829845298111306 0.00156920836353103 0.000255368785884946 0.000101466151689378 5.39387602815911e-05 0.00100927409673979 1.81956376704706e-05 0.0529321466920755 5.89306755509611e-05
2.12507789143501e-12 5.3937965205364e-12 0.999999999657022 0.999999999999967 4.77728967496205e-13 4.84834394853806e-13 4.67292871064728e-13 4.95714580495132e-13 5.98521232575422e-13 5.00044450291171e-13 6.09179373611823e-13 9.47797396122496e-13 5.99187366390197e-13 5.47784040350052e-13 4.67959004879503e-13 4.95936625100057e-13 1.14852571897472e-12 5.51336754028853e-13 5.71653835379493e-13 9.01279051390702e-13 5.02264896340421e-13 6.79123424163208e-13 5.22359933086136e-13 7.46069872548105e-13 6.0196292395176e-13 5.14033260401447e-13 7.33080263159991e-13 5.97077942643409e-13 6.25388629771351e-13 6.91890988946398e-13
0.999984338351079 0.999999802242377 1 1 0.0527745559834283 0.0678418707117269 0.0625458520463507 0.0557319757921517 0.072174848108478 0.229573643714628 0.0511231274024216 0.0809597463976368 0.0805161636094254 0.0786193138588936 0.0561451891462403 0.101043328882798 0.181298924430413 0.0859469344480935 0.0637596074252167 0.0591797849025232 0.0601576565829353 0.057010506193475 0.0573134303264916 0.0530636456892014 0.138509890969497 0.0517892278371954 0.0703523595198858 0.101844045692906 0.897888583093548 0.298378925516108
0.999747249885157 1 1 1 0.0941026537089159 0.0649029540396608 0.0572762072086896 0.0434700130563138 0.0519223305422875 0.073756085783579 0.0470914996161492 0.0801864756622106 0.0778808222663625 0.160845403212737 0.0442478508326953 0.0437021256933547 0.0661659038176133 0.0769818286401309 0.135722671245076 0.0568157308217742 0.0587917801833502 0.171561407782701 0.153955848686578 0.110172946562221 0.0492796732134603 0.086204130592058 0.143052017907289 0.0809585714686007 0.0505601811349723 0.0859165537307945
0 0 1 1 0 0 0 0 0 0 0 0 0 0 0 0 0 0 0 0 0 0 0 0 0 0 0 0 0 0
0.148786408810763 0.999999989940652 1 1 0.0528360268573707 0.0817587704440064 0.0774028890006691 0.164464125774555 0.088630855517113 0.0559414989413792 0.0545276711161843 0.0896353652147712 0.121772567258691 0.0600223121197998 0.0884704368039649 0.0903689852011526 0.0901240013086362 0.054091155182339 0.053394287156043 0.0708452395415797 0.827347754846631 0.0634736394583461 0.0531463206609106 0.0576437866642727 0.10125651796144 0.0788980941808729 0.0588599724829834 0.089437979107714 0.0953253683795815 0.0990226258321846
0.219642333256549 0.999906095395701 1 1 0.0604455782072175 0.0492470445771219 0.0458455664367914 0.111772542869467 0.0470606735661266 0.0824055156719026 0.0463528049663667 0.0498223427984908 0.0701376466156464 0.0774759309026977 0.0656658168584555 0.0673948764997504 0.0507742539089907 0.0459203429887123 0.0475578506079768 0.0820421300105594 0.0500367170894883 0.0766909047257258 0.0458345281555891 0.182364352808894 0.0580547393451251 0.0694512769851792 0.0554392367714508 0.999999669977376 0.108177220197386 0.0658156420447183
0.999999990006105 0.174089895564307 1 1 0.0493733302737259 0.0733590984041628 0.0733534722410831 0.100669295833141 0.053300225169055 0.0737733087567376 0.050809303346895 0.0513718101090321 0.966449291738794 0.0502515890948385 0.048774644546584 0.0596354229394932 0.0795262735949338 0.0496377366238301 0.0480467618545959 0.0480867321900821 0.999836435084313 0.0480431772230431 0.0653948187050095 0.054680087627563 0.0903376052274844 0.063685115952165 0.0509940407344939 0.169591552215688 0.0571098030216289 0.112704331987047
0.183028445899338 0.999979118073844 0.999999999999997 1 0.0032855785153969 0.000647857697327114 0.0115875411228121 0.00720758503191921 0.184200919433768 0.00165927017348488 0.00346764001409439 0.000675411781091761 0.00172389245131499 0.000694170400559635 0.00154266462751351 0.00242321573074133 0.00133716791108573 0.000946864101266764 0.00364355223787083 0.00170730510459649 0.00143600715564574 0.000701636207105838 0.00411884193640399 0.00150070384279166 0.00069033617429981 0.0104693209130086 0.00282321496656324 0.00182119632303379 0.00066719267248172 0.00136587801852173
0.0140744267350955 0.00871090637496341 1 0.0278653776239712 0.00401790900270893 0.00503037158319486 0.00540390465300156 0.00418496100227883 0.00442997322118011 0.00479962250089683 0.00515998797627959 0.00431389340238075 0.00416351466764919 0.00568103804662567 0.0059997455136388 0.00422642473665469 0.00440745642753626 0.00437079475277025 0.00714895238678392 0.00526973957062127 0.00573637843492036 0.00581082675581412 0.00521064320049347 0.00413034789062661 0.0100825477472603 0.00400978711464273 0.0040079982967548 0.00571205192611302 0.00408449962017077 0.00409423532268571
0.0544440136852021 0.141731392478209 1 1 0.0561786265725773 0.071849949593893 0.0821426163092039 0.0786874311740973 0.0572587345945675 0.105563571741549 0.118272554258486 0.0667968119672669 0.0753119874725674 0.0550555202583558 0.0562163646369898 0.0534633118236904 0.0700474293135668 0.0540998611712281 0.101576068122228 0.0722249072522373 0.0587571359321071 0.350262671201241 0.0629294987265072 0.060748531827361 0.0657747894918205 0.057583899646898 0.556494390785634 0.0972802588637639 0.932966256572909 0.0536123838417991
0.106984690690599 0.126434782963473 1 1 0.0961830666766552 0.0642276926453769 0.152149222737294 0.0747236177063711 0.0907024092623069 0.0830073168131324 0.081124934413063 0.0628907820235203 0.0671721812315729 0.0624833559961523 0.0692715790215415 0.0609348783622705 0.0869475100620211 0.0654796485091429 0.0803828732851194 0.0719636049923889 0.0619723096092821 0.0684901948876818 0.0630630179923624 0.271367366861013 0.0642545654113191 0.168624662460295 0.0711382836592076 0.0773043489567975 0.0610523293659329 0.0715657946126839
0 0 0 1 0 0 0 0 0 0 0 0 0 0 0 0 0 0 0 0 0 0 0 0 0 0 0 0 0 0
0.00141945568852986 0.163963903032947 0.999999999983888 0.0269866378432939 0.000566342823858812 0.00014111692155272 0.000145668304650237 0.000219203288566061 0.000152938608626751 0.000151570294729786 0.000217679390204895 0.000196780396464202 0.000457343824131207 0.000430708019368842 0.000158267343730145 0.000145976949540882 0.000275416614919477 0.000146289827437363 0.000150398828695386 0.000268071006686577 0.000153471086607015 0.000176153972305193 0.000253044005891545 0.000509367642805181 0.00375384169162729 0.0001426872287833 0.000185025911229708 0.000144279271330205 0.000157433052414002 0.000148004768292798
0.921972288388086 0.999999999999841 1 1 0.0627349580833823 0.141272367509644 0.0705561405025535 0.0562238614833706 0.0580641009441133 0.147034246933972 0.0650534810495559 0.145877069730669 0.055985302597561 0.0651771483474887 0.0790620133383211 0.148898711547816 0.0695344159990404 0.0864822296205475 0.135247941788042 0.0563631748103905 0.0730707211462773 0.0624665315317264 0.13689425234207 0.0637968951461412 0.0651843728208907 0.0738173640887546 0.0620343835145988 0.0659933100957778 0.0579362961560747 0.0854598137485978
0.000379790662143553 0.997338781105305 1 1 1.74182113177324e-10 6.18567863597264e-09 9.01350993842698e-10 5.98017294572983e-08 8.72453122879868e-06 7.14641593890786e-05 3.05580998283261e-08 3.50120821224209e-10 7.57172102794357e-13 4.12070377819873e-12 1.11022302462516e-16 8.41010594498925e-11 2.70942277058595e-07 1.4432899320127e-15 1.35225164399344e-13 3.33066907387547e-16 7.1682260127659e-10 6.2573123349452e-09 1.23456800338317e-13 8.67107496915764e-11 8.38884517406768e-12 4.44089209850063e-16 1.94981066847788e-08 5.0311872486386e-05 4.44089209850063e-16 4.44089209850063e-16
0 0 1 1 0 0 2.84323675714404e-11 0 0 0 0 0 0 0 0 0 0 0 0 0 0 0 0 0 0 0 0 0 0 0
0 0 1 1 0 0 0 0 0 0 0 0 0 0 0 0 0 0 0 0 0 0 0 0 0 0 0 0 0 0
0.0111730859946828 0.999999975310056 1 1 0.00576844191799075 0.0105018886594975 0.153636039032128 0.00531270124282823 0.00133403724746062 0.00181706360108014 0.00281954913931448 0.000976166411397972 0.0067061162406199 0.0171405923323693 0.00348782003632342 0.0130829781214461 0.0116523882871616 0.00805559467300998 0.0034370447278359 0.0128546236711611 0.000947095949035415 0.00337169404637649 0.00111527498441577 0.00128455907459879 0.00215066389619256 0.00105451048082406 0.0551787849864522 0.00094831669229356 0.00356754865706332 0.00273206914259849
0 0 1 1 0 0 0 0 0 0 0 0 0 0 0 0 0 0 0 0 0 0 0 0 0 0 0 0 0 0
0.000521033109352365 0.742652360292491 0.999999999778169 1 0.0012645648491505 0.00209813880434628 0.000503484686195765 0.000837497888652394 0.000783384675607457 0.000612355421149791 0.00252857135014872 0.00211565274797654 0.000547751381541617 0.000528402824081509 0.00194401115579979 0.000796407009931888 0.113186338828664 0.000963280152149304 0.000644027978811912 0.0490204698629311 0.000596322890940137 0.000981002945296239 0.000746103501765516 0.0163159143766863 0.000534624247466531 0.000669673350155331 0.000630450739859678 0.000505898609560851 0.000568369811835945 0.000642084692573874
0.154529392131328 0.0742533236381497 1 1 0.0375644720993717 0.0360429454158746 0.0190662913687468 1 0.0415425243911616 0.0203991033823797 0.0313494415853695 0.0395302264454929 0.0716086742762433 0.110946790602928 0.036289143050651 0.0207403912025671 0.0662028407077757 0.0466791758261625 0.0194213888515061 0.0765770532936292 0.0216239492965647 0.0540944625032332 0.0316560549517994 0.0449089891064948 0.0926483027002339 0.0180583013746431 0.0172638712823311 0.0291718831001055 0.0298875777560066 0.0177814688706395
1.04828323799211e-09 1.80628531687432e-07 0.999999729235982 1 2.06165418070725e-10 1.26698207481013e-10 1.27418409157087e-10 1.27896915280701e-10 1.99181782178925e-10 2.68638555844802e-10 1.26704313707648e-10 1.73295711114463e-10 1.42995948415603e-10 1.37275524281222e-10 1.34204425350504e-10 2.81316192562997e-10 1.2885581490707e-10 2.36398012276595e-10 1.42133194103167e-10 2.11173856179414e-10 1.30544242082919e-10 7.38431760183289e-10 1.54853685430112e-10 2.14977813328687e-10 1.30377486584621e-10 6.90978385620156e-10 1.41379907780959e-10 1.80123582715908e-10 1.26860633109516e-10 2.61703880788389e-10
0.00547051037929525 0.100288796004251 1 1 0.00165758892794321 0.000788292900663956 0.00115431488890627 0.000937264701389884 0.000887512595606377 0.0012678943252562 0.000879680062583099 0.00285751043596094 0.00120610243939134 0.00080907964073218 0.000817043960881447 0.00407506609852826 0.999958619059149 0.00188276005466892 0.000980404139875435 0.00244219751319796 0.0063696328372046 0.00124313198938286 0.000985246209051049 0.0013105732530011 0.00191652674021414 0.00117529481685141 0.00136686519393159 0.00088361308533047 0.0031299637194514 0.00155934093294408
0.185706888717389 1 1 1 0.0520699392168257 0.171721219249196 0.0848991394446623 0.999998464686833 0.0955115922145692 0.195584484727722 0.0311691411031388 0.0340983726016938 0.0332619427171412 0.112364389370725 0.0362935863950703 0.358332810770989 0.221662116733548 0.234568116748647 0.132285430242486 0.114831199085015 0.991721223859828 0.0798417805077725 0.0382604458914267 0.0429487984242481 0.105804228737497 0.0304332842540386 0.0960869679140129 0.048264754486259 0.0395626238001965 0.99987765612465
0.201004476458268 0.99999999990119 1 1 0.0809653042358778 0.0725855845343681 0.0646708687376054 0.0674572527205013 0.0495728897479555 0.0566118455360328 0.0493789777422433 0.0706957159979207 0.0508903253419332 0.986670483602609 0.0799165929562398 0.0682177912597932 0.140679613973747 0.053034756299174 0.999486351610619 0.0516860538726305 0.102567118072968 0.0542979650347006 0.0685820879086011 0.0495819860186236 0.0588824692260412 0.0517617304016489 0.0695326052183808 0.0583487171106938 0.0516550822573407 0.0698989995683511
0.00185907593377888 0.999591056541972 0.999999999976921 1 7.26770053274262e-05 6.30290343243134e-05 0.00101155460086133 0.00110369321761872 0.0278402563976465 0.00686230350578199 0.0108754554748096 0.00720888649995732 0.000516675537117206 5.72708923901599e-05 0.000681351791834595 6.64136986329167e-05 4.54765362167819e-05 0.000124116685652154 0.000168866381246024 0.000588326230840375 8.30377096402435e-05 0.000151959783007083 0.00164245057679402 0.00113567009982984 0.000156280385495311 0.005161944977221 0.222339591392911 0.000446672437045215 0.000280767425821615 7.83306792464522e-05
0.000700945345842419 1.85521049905768e-05 1 1 4.80405412450757e-06 3.09874852444381e-08 4.42364354036329e-08 6.07318813017343e-08 9.20435110043361e-05 4.34365436619011e-07 0.00198822064682669 4.44228125107138e-06 2.91682249877745e-05 0.000123472961526261 9.44105463585032e-07 1.74122512408559e-07 6.29471921442804e-06 8.43277209738869e-06 2.66728906184177e-07 9.67019952623493e-05 4.57657533203815e-07 4.8454693899358e-05 1.69660628657198e-07 0.992982676834302 1.07494506786932e-05 1.29897377854071e-06 0.000810479742904269 1.25913091274521e-05 3.22603652791464e-07 3.48947248873799e-08
0 0 0 1 0 0 0 0 0 0 0 0 0 0 0 0 0 0 0 0 0 0 0 0 0 0 0 0 0 0
0.996571237038246 0.999999636813179 1 1 5.94727777802895e-07 2.31942241668559e-05 3.2246216807863e-10 4.32829549978919e-10 8.83318751476736e-10 8.27337642839154e-10 1.49825039374996e-07 0.000596537747326042 5.64739078390275e-07 5.74884089239447e-05 1.87466977497053e-08 0.000108608237413099 0.000148165556991153 1.06486696993535e-06 9.35094780829537e-07 1.98171136611691e-07 3.24256649837373e-05 7.96837846595011e-05 0.000559712893531961 8.18216075115785e-07 0.000352026610995093 9.67313235578082e-06 5.31469623532566e-07 0.000260108549666627 3.99937971629072e-10 6.68887167876164e-11
0.674645456022259 0.99783053510486 1 1 0.0142763652718797 0.00562325102917727 0.00394408022511394 0.00272646955291189 0.00133074288409352 0.0112282939560764 0.000168348709366994 0.000922840731908403 0.0490265729765178 0.257217812281713 7.4831865326086e-05 0.000819059053350446 0.197382492161401 0.0293821003983857 0.00822950119498844 0.00326456663887076 0.00928142365428264 0.00290711304178737 0.00192943693332226 0.000724562643497295 0.000833879193945841 0.0130995084133162 0.0011249675100492 0.00209900352159331 0.00288621201804762 0.000178759560043207
2.02152587480686e-05 0.999958435259702 0.999999975778078 1 0.262040322473461 0.0026305959214793 0.000481175774602494 0.0297424096257072 0.0228389746940701 9.38158771779385e-08 1.77972711012941e-08 0.00120585007205964 0.00339869032570794 1.18026346229705e-06 0.00262902581690538 0.000622999731512475 0.00181785283247771 0.0739574436690856 9.49939038541459e-09 4.7400294800326e-09 9.42652300661706e-09 1.13807084757278e-05 0.000358792889242454 6.67474273519097e-07 7.13291925524828e-09 0.000539311322796165 0.00207422184560246 0.00814397990990989 2.97144721257414e-05 0.000746815443615545
2.00511340753273e-07 0.999922171879469 1 1 2.3513029656641e-07 1.34468176260505e-07 1.37970902369666e-07 1.09354351018887e-07 1.35131084877393e-07 2.97112664582322e-07 1.4100815670659e-07 1.26552035850658e-07 1.50991428471414e-07 1.01414005304612e-07 2.43886048267861e-06 1.04020345115252e-07 1.16635563429668e-07 6.57012499183374e-07 1.17353118000985e-07 1.01394861173887e-07 2.32719465920184e-07 1.40305623230752e-07 1.91597712140279e-07 1.05549409767924e-07 1.15767359587515e-07 1.33334303042965e-07 1.02194795070787e-07 1.58553830509334e-07 1.48338370697942e-07 1.0133607908358e-07
0.195867435656582 0.999999999797344 1 1 0.0845732380892568 0.117087041914468 0.0709723316080892 0.0516529731428487 0.0708410744705761 0.0759735447048139 0.0884252609622478 0.0857651098304316 0.0918947336593464 0.0471005862446765 0.0537913230100975 0.310606309038973 0.0734141862545733 0.133108908876195 0.981942725276854 0.0874438863419992 0.0476574877421777 0.0480864987503197 0.0617526281436804 0.094969837947528 0.0470012740133704 0.0492955216218821 0.0765408136291446 0.0787982081640861 0.0539861157880356 0.0547942048345709
0 0 0.99999999999997 1 0 0 0 0 0 0 0 0 0 0 0 0 0 0 0 0 0 0 0 0 0 0 0 0 0 0
0 1.11022302462516e-16 1 1 0 0 0 0 0 0 0 0 0 0 0 0 0 0 0 0 0 0 0 0 0 0 0 0 0 0
0 0 1 1 0 0 0 0 0 0 0 0 0 0 0 0 0 0 0 0 0 0 0 0 0 0 0 0 0 0
0.999855090646912 0.999999913088407 1 1 7.22672443240757e-05 3.27020286188251e-05 0.000328986595639957 0.000616163338333475 0.000674780235560335 0.00592234132643465 0.00337025003836688 0.000975564264097284 4.41138883247039e-05 0.0430182868148229 0.00755290105253925 0.00212181780765353 0.00141658870951544 0.00748993080502303 0.00757106776129746 0.00398465641571311 0.00426061713461845 0.0174141432134929 0.00638610497825531 0.0591321400356299 0.000162272000899688 0.00220261284553491 0.00717122349311328 0.00463546248325597 0.00169129610187335 0.00149200275224537
6.72474491616448e-05 0.998463082027447 0.999999999989645 1 8.27024730420955e-06 4.21582910714591e-06 1.11644218516727e-05 3.89305594394873e-06 8.71056010076643e-06 4.02368478014115e-06 3.39237569457751e-06 3.53315439405311e-06 3.65783438305289e-06 3.68075062706641e-06 5.58333056221993e-06 5.88914500065929e-06 2.5845164024485e-06 2.76042997804371e-06 4.58880650611171e-06 1.35332802643218e-05 6.29388105144457e-06 5.44888590281456e-06 2.75334884569656e-06 5.90258580301928e-06 2.79239557787747e-06 2.74912237108182e-06 7.45282507341738e-06 4.59696980992241e-06 2.63826349522489e-06 3.9090155899979e-06
0.000130025321511962 0.996483728424493 1 1 1.38605014178284e-05 3.92844613750221e-06 3.28930350979029e-06 1.66947033894971e-05 1.11936673607982e-05 2.44786037214562e-05 7.95438385070568e-06 3.89476638750219e-05 4.7763643975518e-06 1.72021837165914e-05 2.65169644607655e-05 8.90202210201974e-06 2.8278242573565e-05 4.2230768428908e-06 6.25590660574549e-06 2.152149497614e-05 3.04216267421609e-05 7.80546251166747e-06 5.53483797227639e-06 1.58218679098265e-05 4.14269700599323e-06 8.57554505462321e-06 7.45446743999345e-06 7.68818819885109e-06 1.21912011945557e-05 3.47479714479793e-06
0.0134098166151893 0.99902874147756 1 0.165716360940948 0.00793959044097348 0.00816582061266125 0.010404825743291 0.0106731472609646 0.00881385126795386 0.00789486485005397 0.00809512677177582 0.00938498922645714 0.0159185337001504 0.00856838022607809 0.0082221412529595 0.00829741912065851 0.0216308388533129 0.00818480460632331 0.00800981374133414 0.00797011020232985 0.0100646241847094 0.00842372066615615 0.00898837566773103 0.0078944183038826 0.00813970327923697 0.00824191840208222 0.00789824603839295 0.0080055772603318 0.00861575461622754 0.00850480674090848
0.000109584232208859 0.981801072556818 0.0190415571305793 1 0.000794584439388846 8.85634710843242e-05 0.000835200669769942 9.38798978340483e-05 0.000385974625692342 8.93502994158135e-05 9.34834448625965e-05 0.000350928050222965 9.04901797217361e-05 8.75822951236227e-05 8.77869924239549e-05 8.97710973607468e-05 0.000122404065421189 0.000115281550013946 0.00297054816032893 0.00153950690667026 8.93569291893215e-05 0.000109376836682995 0.000159259176219506 0.000142159829875865 0.00045537640834159 9.34434952679641e-05 9.0142590223441e-05 0.00362321434476742 0.000191128145972774 0.00320703600642336
0.999509022014446 0.999999885949699 1 1 0.0339519478574205 0.0393086087619148 0.0513912284828145 0.175119100898006 0.0638484279193812 0.0581242809455417 0.0980558132844718 0.326708034189606 0.0327793944931565 0.036730730538404 0.0345916242598087 0.0305359043490669 0.315920049732516 0.97511961509683 0.312198281350309 0.0526762551441975 0.314359010814204 0.0915048731385312 0.173381161259923 0.0294526091249979 0.056269063167413 0.0462052698262123 0.0527549600215438 0.104756667263675 0.0503680367639159 0.0737150577355242
0 0 1 1 0 0 0 0 0 0 0 0 0 0 0 0 0 0 0 0 0 0 0 0 0 0 0 0 0 0
0.191430011766335 1 1 1 0.11088891967654 0.384284932618777 0.0494805553036937 0.15597973135356 0.0625026488865096 0.110901726595317 0.0467794835629246 0.0431323845382846 1 0.184128339656552 0.0426003201083881 0.044257336139818 0.0771230981003335 0.04227671138933 0.0977364756229621 0.088247509103897 0.129507499700364 0.0466405435094487 0.455135273606321 0.0419532314265172 0.218127179243995 0.0682190134936969 0.101310797444327 0.0754722940661714 0.0475148573457406 0.0870480999684825
0.91049752120696 0.999999999846505 1 1 0.000136149429410315 0.000239969830301279 0.00174467830215885 8.39663553615644e-05 0.0048435005198888 0.000981233871678922 0.000130850816959183 0.000123237262091624 0.000330698157959941 0.0011511814306252 0.000467697733119721 9.01181507667603e-05 0.000460091415500408 0.000240485340000762 0.00010308819480942 0.000111997464280256 7.58117926649149e-05 0.00115009271886324 0.000526845027046807 0.000329269587887149 0.000260789836379005 0.000392825113203932 7.32867578977503e-05 0.00494394748250981 0.000124138055113687 0.000156353487241745
7.78813254666e-05 0.00896480803178679 1 1 4.38553209081149e-07 8.38218383591993e-13 2.22044604925031e-15 3.74000830305476e-11 7.94085775498443e-05 1.45069845025603e-09 1.00556418747288e-09 2.04591898977924e-12 0.000369825939463109 5.12223596871308e-12 1.63213534686291e-05 1.94428031152771e-05 6.25480773996934e-06 0.988820623404374 1.36415413187763e-07 1.00672126190915e-09 1.68908405118184e-06 4.44566605750651e-12 7.50441930819079e-11 2.63500552044604e-07 1.37116639153945e-08 1.33319166817358e-08 7.60177920611227e-10 0.000122899612016059 0.0011199971330037 2.92987856198579e-13
3.06241698666554e-11 0 1 1 0 0 0 0 0 2.22044604925031e-16 0 0 0 0 0 0 0 0 0 0 0 0 0 3.23996385276359e-12 0 4.65183447317941e-14 0 0 0 0
1.4571984729983e-09 2.32921648635198e-09 3.31223174665496e-07 1 8.91833495941796e-10 1.4991087893268e-07 1.7454983014531e-09 7.86063769631085e-10 3.31649907536757e-09 1.89104247816374e-08 4.14565426432034e-09 8.22162915525837e-09 1.10311136891639e-08 2.34118890940493e-09 1.17196199633796e-07 1.97011884583986e-09 1.14892537705913e-08 2.65208588423604e-09 1.3631559214744e-09 1.03146324814674e-09 1.68263316613348e-08 1.12749810599055e-08 4.72752795799281e-08 3.61528751380291e-09 8.34555424766847e-10 9.64890056742718e-10 1.83540993514697e-09 1.89035098685508e-09 1.62078406251709e-09 1.79447623427365e-09
0.0753344833278778 0.73129515533239 1 1 0.133061523579732 0.0776779862908346 0.0476014849573789 0.063862832616962 0.072689474073841 0.1191582010116 0.0438015945688367 0.355920677301479 0.0828359905514982 0.0480494477899847 0.0463098370443249 0.0946760354403396 0.145890435886637 0.057787553153372 0.0844059282691674 0.0902407750236699 0.0782983552959896 0.0758529575454349 0.0542734391171816 0.0872645651787259 0.10140694841782 0.0461897892728315 0.0436311332981779 0.0904250615763087 0.0481966879075325 0.0428105098742355
0.329297814812439 1 1 1 0.131586325441676 0.0570411776915504 0.0808853353228562 0.153040854408935 0.131594831639711 0.142988067850492 1 0.100925039241949 0.172681428032742 0.0554119209412228 0.0525839629298656 0.0504202610780767 0.04930111958939 0.0665056424160776 0.0728289583075543 0.120359397475918 0.079795599021611 0.0647744839292821 0.0988096923642602 0.0775255244823891 0.0499062437810779 0.0594796634255443 0.164042295095073 0.0492930182251187 0.180796542077854 0.174924610508683
2.20601314993019e-13 1.43596246005018e-12 0.997275293896593 1 7.84141640508551e-11 1.66533453693773e-15 0 2.59792187762287e-14 1.11022302462516e-15 0.987578931004137 4.39896674642171e-10 7.31636973227978e-13 0 1.54666146556792e-09 2.22044604925031e-16 1.25168508890994e-09 6.99384994362617e-12 3.93149179878094e-10 0 5.23051080447701e-07 1.13855491701287e-09 2.93098878501041e-14 0 4.04575262180629e-11 1.47729585453504e-07 1.64469449170923e-09 5.81388270859406e-11 8.23008328154629e-12 3.07372061136846e-09 0
5.55111512312578e-16 2.1094237467878e-15 0.999999999994344 1 3.21964677141295e-15 6.66133814775094e-16 6.66133814775094e-16 6.10622663543836e-15 1.22124532708767e-15 1.11022302462516e-15 2.99760216648792e-15 8.88178419700125e-16 8.88178419700125e-16 8.88178419700125e-16 5.21804821573824e-15 1.66533453693773e-15 8.88178419700125e-16 3.77475828372553e-15 8.88178419700125e-14 1.4432899320127e-15 1.4432899320127e-15 7.7715611723761e-16 4.00079969153921e-12 3.1863400806742e-14 6.66133814775094e-16 1.11022302462516e-15 1.88737914186277e-15 2.66453525910038e-15 8.88178419700125e-16 1.06581410364015e-14
0 1.32147467835075e-06 2.20712337295481e-13 0.999999999999779 3.33066907387547e-16 0 0 7.60880247696605e-12 8.6630702611501e-13 0 0 2.22044604925031e-16 1.66533453693773e-14 2.22044604925031e-16 0 0 0 0 0 0 0 2.22692975171412e-11 0 6.59151500381761e-07 6.82830937348555e-08 0 0 0 5.10702591327572e-15 0
1.55986334959834e-13 0.999999999993522 1 1 7.88258347483861e-15 2.20157225783169e-13 6.66133814775094e-16 0 3.99680288865056e-15 0 1.11022302462516e-15 0 3.33066907387547e-16 4.13002965160558e-14 0 3.61743968113615e-12 0 1.70974345792274e-14 0 0 1.11022302462516e-16 5.55111512312578e-16 0 1.99840144432528e-15 0 0 1.11022302462516e-15 2.22044604925031e-16 2.06501482580279e-14 0
0.999992486657813 0.999999991165473 1 1 6.12900469265654e-08 7.5010878619608e-09 2.13119994985078e-08 5.14582738642133e-08 3.28397246063261e-08 2.25042717794111e-09 5.06131381250441e-09 1.52318871959878e-07 2.42173107123378e-08 3.82432451617731e-06 7.26639607373514e-08 5.01260323249042e-08 3.93921314456591e-08 7.8271102932348e-09 8.90970774936051e-09 8.76798422755343e-09 1.46033894976583e-08 3.30952720783984e-09 1.77299785963925e-09 2.12988549019855e-09 1.11895642751492e-08 1.01471812063991e-08 4.01408326577979e-08 6.03294414425193e-09 4.49856404349802e-08 4.442148171524e-08
0.118267196041505 0.0826450105428147 1 1 0.0777744351305312 0.0674215079921658 0.0885164499192466 0.0736034712703365 0.0694238988675486 0.0865599131094282 0.0721392179117476 0.113310213250831 0.0675617942425859 0.066136012417205 0.0719766887758255 0.0693673804129246 0.0695796933637067 0.0767147912171219 0.0668428341717592 0.0692589042498463 0.0672390553830947 0.0692776890590812 0.0801308713670682 0.0770279933342491 0.0664955846698081 0.0729091607345866 0.066515114877382 0.0750864097406584 0.0766503237602348 0.0692792072447419
0 0 0 1 0 0 0 0 0 0 0 0 0 0 0 0 0 0 0 0 0 0 0 0 0 0 0 0 0 0
0 0 1 1 0 0 0 0 0 0 0 0 0 0 0 0 0 0 0 0 0 0 0 0 0 0 0 0 0 0
0.0892456635012486 0.99996357129533 1 1 0.0659300593859967 0.0620591063657582 0.0653291756650016 0.0673576324235027 0.0784421515054997 0.0932898211913233 0.0647977470413326 0.0940932257543122 0.0619260853928024 0.0624125683872709 0.062482311723728 0.0732198494411767 0.0622597227548173 0.0675139452086704 0.0643771107086638 0.0644356314964903 0.065527670419829 0.0639922451423226 0.081189686738641 0.0655493408959891 0.999723421937875 0.0663327633083626 0.0706900311338179 0.0688872532286083 0.0618863545395896 0.0616941577611165
0 0 1 1 0 0 0 0 0 0 0 0 0 0 0 0 0 0 0 0 0 0 0 0 0 0 0 0 0 0
1.40110145707695e-13 7.48734407807206e-13 1.55764290354909e-13 1 7.75560726751223e-11 5.78702294973255e-08 0.000251250524414548 2.0987566129449e-09 3.19855253394508e-13 3.49003682620364e-08 3.18675289490145e-08 1.03514773197588e-07 5.56548473973351e-09 0.000157315514208611 0.0282692894310947 0.000548869767958093 8.32535929085054e-10 1.52431844924195e-10 4.35257541409051e-06 3.8645842082019e-10 1.11594155027817e-08 6.07250674611315e-06 1.77643267029737e-05 8.71124089141251e-06 7.27288646358293e-05 2.18766238568868e-07 6.2041650816802e-08 6.22835116814713e-13 6.09057106426558e-06 0.0243261845589963
0.0910128317807705 0.164440282621549 1 1 0.0695939285741448 0.0877284728691455 0.0699594751579182 0.0898594538398523 0.0926767991200086 0.0977907977302609 0.0723023456368638 0.0703397958370759 0.0968144678734937 0.0695778361167064 0.127728581031069 0.0705225791747853 0.0873659137484878 0.162424708555254 0.0969614556303374 0.0722324529558008 0.0883983772852048 0.0694563346760299 0.0699987170325497 0.0743822541302276 0.0777654094095938 0.0718408790994624 0.0786337676910555 0.0757159015362625 0.0767872560164654 0.0873563473379013
0.999996386251207 0.999991069244276 1 1 0.0567872008842599 0.00514179263860393 0.00383648285816784 0.00200027723752894 0.00628515855210399 0.00264969109311064 0.0944672167547715 0.0036661395623272 0.00411695188850536 0.00433148279159001 0.0020052763045012 0.0037127038557635 0.0019456286242856 0.00245942248340547 0.0020131844743575 0.907412661352205 0.00426344553974978 0.00232132818002018 0.00197882580449549 0.0164866556024571 0.0029154361594369 0.0231764450802869 0.810272230674984 0.00224434121861761 0.0090095497604874 0.999890855114642
0.0465847693286733 0.373230157237547 0.999996362783039 0.285109645250877 0.0419562964935094 0.0444378041081942 0.0423522025473262 0.0429408582837797 0.0713230971620393 0.0436033838334978 0.0477423962757977 0.0570919381603873 0.0435144168583701 0.0704980885521043 0.0428885587133168 0.0416603858555986 0.0419976262215414 0.0417078831946905 0.0454375912647486 0.0424923723037214 0.0415830326232816 0.0425706291404813 0.0417893358566949 0.0415979997827781 0.0415554518297713 0.0809267518442971 0.0416998147829972 0.0633639852441138 0.0434377523234069 0.0699214868815192
0.0108783059508037 0.989089198501859 1 1 5.65468438740169e-09 4.00683615775499e-06 2.53134624372819e-10 2.04123384861532e-11 5.78955485908139e-06 4.21140899931061e-10 2.459747183714e-09 8.09314038008324e-09 5.02140995450873e-10 2.72781797150401e-12 3.29640759133554e-11 4.04670868592305e-06 1.07305209717801e-07 6.52084486940652e-06 2.36518360452465e-10 1.78276282625234e-11 6.2887683949242e-10 9.30190529047081e-08 4.59079320114242e-08 3.86637437510551e-07 3.41315864460512e-12 7.36051553040795e-09 1.03624245184619e-07 8.19447464439627e-07 2.99458203789627e-08 3.06399350336051e-11
