[1] "Average Estimates for Betas: "
 [1] 0.056680247 0.107519048 0.207377750 0.312180018 0.008249900 0.009602299
 [7] 0.006294488 0.006602417 0.008835288 0.008831366 0.010852819 0.007669823
[13] 0.007711327 0.004640761 0.007422665 0.006905685 0.010928390 0.010051311
[19] 0.008778069 0.008878932 0.010081857 0.010270025 0.010321617 0.010034177
[25] 0.012478283 0.006777770 0.008293905 0.011118750 0.009309480 0.009061506
[1] "Standard Deviations of Betas: "
 [1] 0.02556769 0.02862914 0.02519866 0.02580169 0.02533646 0.02729577
 [7] 0.02264140 0.02464126 0.05398668 0.02741329 0.02619637 0.03411306
[13] 0.02733163 0.06742735 0.02815162 0.02455444 0.02786538 0.02506829
[19] 0.02422781 0.02597321 0.02647137 0.02607245 0.02771521 0.02486192
[25] 0.02752952 0.02277961 0.02374290 0.02625318 0.02592716 0.03000318
[1] "Average StdErrors for Betas: "
 [1] 0.02438939 0.02423578 0.02380326 0.02421453 0.02386698 0.02462499
 [7] 0.02402624 0.02400689 0.02871921 0.02422646 0.02444442 0.02778178
[13] 0.02475533 0.02750732 0.02426452 0.02467540 0.02460360 0.02442704
[19] 0.02463814 0.02388282 0.02466506 0.02473522 0.02488743 0.02491633
[25] 0.02449562 0.02435700 0.02417096 0.02474632 0.02440680 0.02455402
[1] "Positive rate for exposures: "
 [1] 0.64583333 0.97916667 1.00000000 1.00000000 0.05208333 0.07291667
 [7] 0.06770833 0.06770833 0.05729167 0.08333333 0.07812500 0.08854167
[13] 0.08854167 0.07291667 0.08854167 0.07812500 0.07812500 0.07291667
[19] 0.07812500 0.07291667 0.09375000 0.07291667 0.09895833 0.07291667
[25] 0.09375000 0.05729167 0.07291667 0.09375000 0.06770833 0.09375000
[1] "Bonferroni-corrected positive rate for exposures: "
 [1] 0.234375000 0.859375000 0.994791667 1.000000000 0.010416667 0.015625000
 [7] 0.000000000 0.005208333 0.000000000 0.010416667 0.005208333 0.005208333
[13] 0.000000000 0.010416667 0.005208333 0.000000000 0.015625000 0.010416667
[19] 0.005208333 0.010416667 0.015625000 0.005208333 0.015625000 0.010416667
[25] 0.020833333 0.000000000 0.005208333 0.015625000 0.010416667 0.020833333
