[1] "Average Estimates for Betas: "
 [1]  5.083441e-02  9.716219e-02  1.999147e-01  3.025113e-01  4.716361e-04
 [6]  9.544226e-05 -1.323331e-03 -1.674220e-03 -2.478149e-04  2.116239e-03
[11]  2.336901e-03 -1.833762e-04 -1.185972e-03  1.131570e-04 -1.314896e-04
[16] -1.073899e-03  6.360758e-04  1.389590e-04  2.115776e-03  1.749786e-05
[21]  1.702051e-03  1.770716e-03  9.902570e-04  1.597319e-03  1.830250e-03
[26] -2.213221e-03 -1.056653e-03  9.948526e-04  8.328355e-04  7.726219e-05
[1] "Standard Deviations of Betas: "
 [1] 0.02023453 0.02029874 0.02047514 0.01922672 0.01984419 0.02041493
 [7] 0.01773011 0.01813727 0.01812892 0.01936271 0.01912066 0.01911900
[13] 0.01889532 0.02029547 0.02038708 0.02084300 0.01801583 0.02095681
[19] 0.01925023 0.01965489 0.02059846 0.02147025 0.02120817 0.02017261
[25] 0.01923530 0.01886214 0.01755928 0.01952094 0.01762127 0.01984512
[1] "Average StdErrors for Betas: "
 [1] 0.03522174 0.03495006 0.03433938 0.03512960 0.03653992 0.03633536
 [7] 0.03565025 0.03493373 0.03533429 0.03511121 0.03621261 0.03715029
[13] 0.03664105 0.03680935 0.03561424 0.03602999 0.03662792 0.03697126
[19] 0.03677144 0.03625579 0.03604225 0.03635134 0.03739114 0.03678005
[25] 0.03610224 0.03599663 0.03450915 0.03875769 0.03657636 0.03523048
[1] "Positive rate for exposures: "
 [1] 0.259459459 0.843243243 1.000000000 1.000000000 0.000000000 0.000000000
 [7] 0.010810811 0.000000000 0.000000000 0.000000000 0.005405405 0.005405405
[13] 0.000000000 0.021621622 0.000000000 0.005405405 0.000000000 0.005405405
[19] 0.005405405 0.000000000 0.005405405 0.000000000 0.000000000 0.000000000
[25] 0.000000000 0.010810811 0.000000000 0.000000000 0.000000000 0.005405405
[1] "Bonferroni-corrected positive rate for exposures: "
 [1] 0.02162162 0.38918919 0.96756757 0.99459459 0.00000000 0.00000000
 [7] 0.00000000 0.00000000 0.00000000 0.00000000 0.00000000 0.00000000
[13] 0.00000000 0.00000000 0.00000000 0.00000000 0.00000000 0.00000000
[19] 0.00000000 0.00000000 0.00000000 0.00000000 0.00000000 0.00000000
[25] 0.00000000 0.00000000 0.00000000 0.00000000 0.00000000 0.00000000
