[1] "Average PIPs: "
 [1] 0.12209814 0.59114571 0.92083620 0.97744486 0.01869817 0.02061638
 [7] 0.02064446 0.01437983 0.01742374 0.01713205 0.02179207 0.02386345
[13] 0.02240544 0.01819684 0.02407957 0.01914979 0.02280690 0.02836630
[19] 0.01524616 0.02163400 0.01974158 0.01655410 0.01960156 0.02346080
[25] 0.02324502 0.01618861 0.02172786 0.02384556 0.01922314 0.01769252
[1] "Percent of time PIP >= 0.1: "
 [1] 0.24644550 0.72511848 0.94312796 0.98104265 0.03791469 0.02843602
 [7] 0.02843602 0.02369668 0.04739336 0.03317536 0.03791469 0.05687204
[13] 0.04739336 0.04265403 0.03791469 0.04265403 0.03791469 0.05687204
[19] 0.02369668 0.04739336 0.04739336 0.02843602 0.05213270 0.04739336
[25] 0.04739336 0.03317536 0.03317536 0.06635071 0.02843602 0.05213270
[1] "Percent of time PIP >= 0.5: "
 [1] 0.099526066 0.563981043 0.914691943 0.976303318 0.004739336 0.004739336
 [7] 0.004739336 0.000000000 0.000000000 0.000000000 0.004739336 0.004739336
[13] 0.004739336 0.000000000 0.004739336 0.000000000 0.004739336 0.014218009
[19] 0.000000000 0.004739336 0.000000000 0.000000000 0.000000000 0.004739336
[25] 0.009478673 0.000000000 0.004739336 0.004739336 0.004739336 0.000000000
[1] "Percent of time PIP >= 0.9: "
 [1] 0.056872038 0.502369668 0.909952607 0.976303318 0.000000000 0.004739336
 [7] 0.000000000 0.000000000 0.000000000 0.000000000 0.004739336 0.004739336
[13] 0.000000000 0.000000000 0.004739336 0.000000000 0.004739336 0.009478673
[19] 0.000000000 0.004739336 0.000000000 0.000000000 0.000000000 0.000000000
[25] 0.004739336 0.000000000 0.004739336 0.000000000 0.004739336 0.000000000
