[1] "Average Estimates for Betas: "
 [1]  0.0447168927  0.1019864854  0.2013388817  0.3018631629 -0.0040187745
 [6]  0.0014082805  0.0005618836 -0.0020716857 -0.0019424087 -0.0022842272
[11] -0.0034667386 -0.0008238323  0.0023433946  0.0026022842  0.0086181881
[16] -0.0024056537 -0.0016612480 -0.0016029005  0.0022967184 -0.0001884383
[21]  0.0021450572 -0.0012619475  0.0026656673 -0.0011517037  0.0057500667
[26]  0.0012538642 -0.0056797920  0.0008204607  0.0004667827  0.0013567554
[1] "Standard Deviations of Betas: "
 [1] 0.03690311 0.04043698 0.03949555 0.02977128 0.03317257 0.03154073
 [7] 0.04227884 0.04151513 0.03779958 0.04962410 0.04232638 0.04265664
[13] 0.03946520 0.03420703 0.04729157 0.04705751 0.05421348 0.04608296
[19] 0.05281359 0.03246384 0.03851457 0.03410790 0.05188496 0.04444918
[25] 0.05072238 0.02975247 0.04094567 0.07301434 0.03228541 0.05997777
[1] "Average StdErrors for Betas: "
 [1] 0.02717644 0.02793312 0.02789590 0.02741133 0.02763868 0.02642538
 [7] 0.02866423 0.02833336 0.02758487 0.02881199 0.02919629 0.02783387
[13] 0.02775019 0.02808790 0.02783316 0.02884374 0.02980132 0.02981188
[19] 0.02904415 0.02742061 0.03150260 0.02466694 0.02903476 0.02707298
[25] 0.03079357 0.02684629 0.02911146 0.03032918 0.02691674 0.02941944
[1] "Positive rate for exposures: "
 [1] 0.49484536 0.89690722 0.97938144 1.00000000 0.08762887 0.08762887
 [7] 0.11340206 0.10824742 0.14432990 0.10309278 0.08762887 0.17010309
[13] 0.11855670 0.11855670 0.12886598 0.11855670 0.11855670 0.10309278
[19] 0.13402062 0.10309278 0.10824742 0.13917526 0.09793814 0.11855670
[25] 0.11855670 0.10309278 0.15979381 0.13402062 0.11340206 0.11340206
[1] "Q-value positive rate for exposures: "
 [1] 0.36082474 0.82474227 0.97422680 1.00000000 0.03608247 0.05670103
 [7] 0.04123711 0.03092784 0.05670103 0.03092784 0.02577320 0.07216495
[13] 0.04639175 0.02061856 0.06701031 0.06185567 0.07216495 0.02577320
[19] 0.05154639 0.04639175 0.03092784 0.06701031 0.02577320 0.05154639
[25] 0.05670103 0.03608247 0.04639175 0.07216495 0.03608247 0.04123711
[1] "Precision/Recall/F1 based on p-values:"
[1] 0.5248796 0.8427835 0.6468843
[1] "Precision/Recall/F1 based on Q-values:"
[1] 0.7237308 0.7899485 0.7553913
