[1] "Average PIPs: "
 [1] 0.17447566 0.62256963 0.93952056 0.99997884 0.04242450 0.04402237
 [7] 0.03654305 0.03891546 0.05173693 0.03693756 0.03795088 0.06010430
[13] 0.04376108 0.03344745 0.04547935 0.03718625 0.04029692 0.04742005
[19] 0.03821176 0.04496650 0.05285527 0.04429583 0.03983369 0.04638062
[25] 0.04682399 0.03324743 0.04716243 0.04462406 0.03478533 0.03860307
[1] "Percent of time PIP >= 0.1: "
 [1] 0.36018957 0.79146919 0.95734597 1.00000000 0.09004739 0.09004739
 [7] 0.07582938 0.08056872 0.13270142 0.07109005 0.08530806 0.11374408
[13] 0.09952607 0.08056872 0.09952607 0.10426540 0.09952607 0.09952607
[19] 0.07109005 0.09478673 0.10900474 0.09004739 0.10426540 0.10426540
[25] 0.09952607 0.08530806 0.10426540 0.10900474 0.07582938 0.09004739
[1] "Percent of time PIP >= 0.5: "
 [1] 0.137440758 0.563981043 0.933649289 1.000000000 0.014218009 0.009478673
 [7] 0.004739336 0.004739336 0.014218009 0.004739336 0.004739336 0.028436019
[13] 0.009478673 0.000000000 0.014218009 0.004739336 0.000000000 0.014218009
[19] 0.009478673 0.014218009 0.014218009 0.009478673 0.004739336 0.009478673
[25] 0.018957346 0.000000000 0.014218009 0.009478673 0.004739336 0.004739336
[1] "Percent of time PIP >= 0.9: "
 [1] 0.094786730 0.545023697 0.928909953 1.000000000 0.009478673 0.009478673
 [7] 0.000000000 0.004739336 0.014218009 0.004739336 0.004739336 0.018957346
[13] 0.004739336 0.000000000 0.009478673 0.000000000 0.000000000 0.009478673
[19] 0.004739336 0.009478673 0.014218009 0.009478673 0.000000000 0.009478673
[25] 0.009478673 0.000000000 0.014218009 0.009478673 0.004739336 0.004739336
