[1] "Average Estimates for Betas: "
 [1]  0.0424382657  0.1022431747  0.2018331175  0.3049062174 -0.0072415172
 [6] -0.0026770877 -0.0006159434  0.0051494908  0.0024170658 -0.0003592298
[11]  0.0018208899  0.0011539695  0.0031176399 -0.0007131940  0.0017285278
[16]  0.0033847092 -0.0026101727  0.0016177167 -0.0061809930 -0.0078892558
[21]  0.0068256395 -0.0024916575 -0.0026884702 -0.0027980786 -0.0021852839
[26] -0.0020682025 -0.0008357603  0.0045087669  0.0003589692 -0.0017480120
[1] "Standard Deviations of Betas: "
 [1] 0.05765766 0.04987337 0.05658389 0.05276473 0.06629812 0.04266607
 [7] 0.06433272 0.04841670 0.05640330 0.04343312 0.03941065 0.05818990
[13] 0.06296792 0.04785152 0.05100814 0.04653004 0.06250103 0.04698269
[19] 0.06190303 0.05221657 0.04479776 0.03976116 0.05754098 0.07427315
[25] 0.04881087 0.04901170 0.05411160 0.06671891 0.04541218 0.04076602
[1] "Average StdErrors for Betas: "
 [1] 0.03416545 0.03550446 0.03752757 0.03872957 0.03881007 0.03612491
 [7] 0.04302245 0.03625346 0.03584779 0.03450495 0.03527977 0.04137134
[13] 0.03946029 0.03612998 0.03865926 0.03768617 0.04088174 0.03497267
[19] 0.03877675 0.03888024 0.03801391 0.03360698 0.03662234 0.03991454
[25] 0.03845052 0.03794719 0.03857399 0.03889121 0.03387686 0.03562039
[1] "Positive rate for exposures: "
 [1] 0.48223350 0.85279188 0.92385787 0.96954315 0.08121827 0.05076142
 [7] 0.08629442 0.10152284 0.10659898 0.07106599 0.04568528 0.09137056
[13] 0.07106599 0.09644670 0.04568528 0.08629442 0.10659898 0.07614213
[19] 0.05583756 0.09137056 0.04060914 0.09137056 0.05583756 0.09644670
[25] 0.07106599 0.07614213 0.10152284 0.09644670 0.05583756 0.06091371
[1] "Q-value positive rate for exposures: "
 [1] 0.30964467 0.75634518 0.89847716 0.92893401 0.02538071 0.03045685
 [7] 0.02030457 0.03045685 0.04060914 0.02030457 0.01015228 0.02538071
[13] 0.03553299 0.02538071 0.01015228 0.04060914 0.04060914 0.02030457
[19] 0.03045685 0.02538071 0.02538071 0.04060914 0.01522843 0.04568528
[25] 0.02538071 0.01522843 0.03553299 0.05076142 0.03045685 0.02030457
[1] "Precision/Recall/F1 based on p-values:"
[1] 0.6162791 0.8071066 0.6989011
[1] "Precision/Recall/F1 based on Q-values:"
[1] 0.7972028 0.7233503 0.7584830
