[1] "Average Estimates for Betas: "
 [1]  0.0500321708  0.0952296429  0.2075216278  0.3135643896  0.0022034916
 [6] -0.0061703979 -0.0019185019  0.0033157677  0.0071669316 -0.0008264021
[11] -0.0041874521 -0.0021743835 -0.0069136888  0.0008594534  0.0048782339
[16]  0.0087188033 -0.0071389318  0.0014617821  0.0063790754  0.0086483559
[21]  0.0058978483 -0.0057323977  0.0087952469  0.0019391837  0.0029080552
[26]  0.0057465705 -0.0052881112 -0.0051726124 -0.0086986811 -0.0062597288
[1] "Standard Deviations of Betas: "
 [1] 0.08198818 0.08263444 0.08608841 0.07995052 0.07748805 0.08234682
 [7] 0.09038279 0.07139499 0.07380567 0.06418712 0.07875079 0.08245243
[13] 0.08309313 0.08389325 0.07930191 0.07499390 0.07704992 0.08460871
[19] 0.09084415 0.08802909 0.08514105 0.06865843 0.08337565 0.07477462
[25] 0.08401439 0.08931975 0.08935729 0.08858496 0.08243002 0.09143001
[1] "Average StdErrors for Betas: "
 [1] 0.06737340 0.06831869 0.06810083 0.06771862 0.06812024 0.06701715
 [7] 0.06854416 0.06767514 0.06607415 0.06951901 0.06854377 0.06891049
[13] 0.06936017 0.06783751 0.06692595 0.06851911 0.06895219 0.06965236
[19] 0.06800841 0.06753010 0.07189987 0.06519209 0.06721293 0.06918733
[25] 0.07100135 0.06614309 0.07028074 0.07056827 0.06657635 0.06922803
[1] "Positive rate for exposures: "
 [1] 0.14218009 0.34123223 0.83886256 0.98104265 0.07109005 0.06635071
 [7] 0.09478673 0.07582938 0.07582938 0.03791469 0.08530806 0.07582938
[13] 0.07109005 0.06635071 0.09478673 0.09952607 0.06635071 0.10900474
[19] 0.09004739 0.08530806 0.05687204 0.06161137 0.10900474 0.06161137
[25] 0.05687204 0.09478673 0.07582938 0.09952607 0.06635071 0.09478673
[1] "Q-value positive rate for exposures: "
 [1] 0.052132701 0.161137441 0.606635071 0.895734597 0.037914692 0.033175355
 [7] 0.033175355 0.018957346 0.018957346 0.009478673 0.033175355 0.028436019
[13] 0.037914692 0.023696682 0.042654028 0.023696682 0.014218009 0.042654028
[19] 0.037914692 0.042654028 0.023696682 0.018957346 0.042654028 0.023696682
[25] 0.033175355 0.047393365 0.018957346 0.061611374 0.033175355 0.042654028
[1] "Precision/Recall/F1 based on p-values:"
[1] 0.5299891 0.5758294 0.5519591
[1] "Precision/Recall/F1 based on Q-values:"
[1] 0.6753731 0.4289100 0.5246377
