[1] "Average Estimates for Betas: "
 [1]  5.014637e-02  1.005843e-01  1.992558e-01  2.998916e-01  3.492736e-04
 [6]  4.871874e-04 -1.015432e-04 -1.594653e-03  1.083115e-03  1.092806e-03
[11]  9.215449e-04 -1.356493e-03 -1.612623e-05  2.876742e-04 -2.150048e-03
[16] -3.976582e-04  2.388060e-03  7.207263e-04 -1.912000e-03  2.479589e-03
[21]  5.738705e-04 -3.868754e-04 -3.415241e-04  2.491632e-03 -1.137657e-03
[26]  3.341199e-04 -7.978035e-04 -1.112115e-03 -9.627289e-05 -1.773686e-03
[1] "Standard Deviations of Betas: "
 [1] 0.01241678 0.01422506 0.01558852 0.01544778 0.01463749 0.01419123
 [7] 0.01239911 0.01324116 0.01429131 0.01402234 0.01439008 0.01341323
[13] 0.01329717 0.01452605 0.01445605 0.01445310 0.01520357 0.01533407
[19] 0.01454996 0.01453224 0.01337527 0.01465164 0.01369805 0.01548723
[25] 0.01407842 0.01506314 0.01416204 0.01255654 0.01428850 0.01543065
[1] "Average StdErrors for Betas: "
 [1] 0.01607298 0.01616361 0.01640480 0.01606260 0.01593556 0.01598458
 [7] 0.01591840 0.01622033 0.01620407 0.01609833 0.01614609 0.01609020
[13] 0.01605737 0.01627869 0.01621421 0.01599849 0.01612108 0.01637593
[19] 0.01617287 0.01614231 0.01618693 0.01635203 0.01607901 0.01610982
[25] 0.01613110 0.01621483 0.01608556 0.01582029 0.01621717 0.01616718
[1] "Positive rate for exposures: "
 [1] 0.924242424 1.000000000 1.000000000 1.000000000 0.030303030 0.045454545
 [7] 0.005050505 0.010101010 0.025252525 0.020202020 0.035353535 0.025252525
[13] 0.015151515 0.025252525 0.050505051 0.040404040 0.050505051 0.045454545
[19] 0.040404040 0.030303030 0.030303030 0.025252525 0.005050505 0.055555556
[25] 0.025252525 0.045454545 0.030303030 0.015151515 0.035353535 0.025252525
[1] "Bonferroni-corrected positive rate for exposures: "
 [1] 0.5101010 0.9949495 1.0000000 1.0000000 0.0000000 0.0000000 0.0000000
 [8] 0.0000000 0.0000000 0.0000000 0.0000000 0.0000000 0.0000000 0.0000000
[15] 0.0000000 0.0000000 0.0000000 0.0000000 0.0000000 0.0000000 0.0000000
[22] 0.0000000 0.0000000 0.0000000 0.0000000 0.0000000 0.0000000 0.0000000
[29] 0.0000000 0.0000000
