[1] "Average Estimates for Betas: "
 [1]  0.0471379067  0.1057575704  0.1989990184  0.2959759388 -0.0073797989
 [6]  0.0025051845  0.0070750152  0.0020049625  0.0024236333 -0.0028838577
[11]  0.0060475745 -0.0004275241 -0.0027478457  0.0073732926 -0.0126416011
[16] -0.0007952863  0.0033103881 -0.0047091515  0.0058830111 -0.0042373002
[21] -0.0054283587 -0.0032696507  0.0033388675  0.0065583573  0.0008933178
[26]  0.0059438339 -0.0004030670  0.0044133907 -0.0022613357 -0.0048142638
[1] "Standard Deviations of Betas: "
 [1] 0.06672007 0.07573162 0.08274493 0.07149213 0.07303111 0.07425982
 [7] 0.06735652 0.05873962 0.07089495 0.06835729 0.07723844 0.07069611
[13] 0.07712563 0.06792072 0.08749986 0.07293971 0.06574712 0.08932904
[19] 0.08208494 0.07740799 0.07845671 0.06707798 0.07038808 0.07152036
[25] 0.06523051 0.06958427 0.07447167 0.07193561 0.07259206 0.06644079
[1] "Average StdErrors for Betas: "
 [1] 0.04001718 0.04027388 0.04088402 0.04052938 0.03956553 0.03990351
 [7] 0.03974238 0.04074664 0.04021351 0.03999126 0.04037417 0.04026983
[13] 0.03978879 0.04038138 0.04027700 0.04006447 0.04032469 0.04057713
[19] 0.04025827 0.04058135 0.04021766 0.04062404 0.04028719 0.04026562
[25] 0.04048073 0.04016299 0.04047826 0.03930020 0.04032671 0.04044097
[1] "Positive rate for exposures: "
 [1] 0.4040404 0.7070707 0.8737374 0.9747475 0.2474747 0.2373737 0.2222222
 [8] 0.2121212 0.1969697 0.1767677 0.1767677 0.2121212 0.2424242 0.2121212
[15] 0.2878788 0.2676768 0.1717172 0.2020202 0.2070707 0.2171717 0.1919192
[22] 0.2171717 0.2222222 0.1666667 0.1666667 0.2626263 0.2424242 0.2626263
[29] 0.1868687 0.2272727
[1] "Bonferroni-corrected positive rate for exposures: "
 [1] 0.14646465 0.44949495 0.75757576 0.93434343 0.05555556 0.09090909
 [7] 0.05555556 0.03030303 0.05555556 0.05555556 0.06565657 0.04040404
[13] 0.10101010 0.05050505 0.08585859 0.06060606 0.04040404 0.09090909
[19] 0.05555556 0.04545455 0.06565657 0.05555556 0.07070707 0.06060606
[25] 0.05050505 0.07070707 0.08080808 0.05555556 0.07575758 0.05050505
