[1] "Average Estimates for Betas: "
 [1]  5.188440e-02  9.638365e-02  1.911035e-01  2.985064e-01 -4.350949e-04
 [6]  1.246438e-04  5.375588e-03  4.640685e-03 -1.096109e-03  4.046585e-03
[11]  1.018950e-03 -3.547180e-03 -8.056481e-04 -1.922748e-03 -4.734001e-03
[16]  1.691833e-03  3.234961e-03 -1.594305e-03  8.806285e-05  3.400053e-03
[21] -1.095463e-03 -3.311342e-03 -4.105573e-04  7.582045e-03 -2.994058e-03
[26]  3.116103e-03  1.423960e-03  4.102537e-03  4.912194e-03 -4.318691e-03
[1] "Standard Deviations of Betas: "
 [1] 0.05089787 0.04252472 0.04853323 0.03739363 0.04311189 0.04267113
 [7] 0.03911769 0.04990017 0.04356775 0.04521594 0.05111470 0.04411490
[13] 0.04951990 0.05186302 0.05531333 0.04842833 0.03802988 0.05107721
[19] 0.04139894 0.05100146 0.04622442 0.05178237 0.03783584 0.03833434
[25] 0.04887479 0.04416691 0.05023871 0.04440052 0.04871897 0.04484586
[1] "Average StdErrors for Betas: "
 [1] 0.03546973 0.03391215 0.03384474 0.03329698 0.03355623 0.03334622
 [7] 0.03446161 0.03431235 0.03373452 0.03396845 0.03476310 0.03340668
[13] 0.03364011 0.03428375 0.03388426 0.03347739 0.03384712 0.03462122
[19] 0.03399629 0.03401853 0.03432386 0.03434063 0.03341073 0.03394307
[25] 0.03390774 0.03366885 0.03373233 0.03300654 0.03350629 0.03438550
[1] "Positive rate for exposures: "
 [1] 0.41414141 0.75757576 0.95454545 1.00000000 0.07575758 0.09090909
 [7] 0.03535354 0.08585859 0.09090909 0.08080808 0.08080808 0.10101010
[13] 0.08585859 0.12626263 0.11616162 0.11111111 0.05555556 0.08080808
[19] 0.08080808 0.06565657 0.07070707 0.11616162 0.06060606 0.06565657
[25] 0.09090909 0.12121212 0.08080808 0.07070707 0.07575758 0.09090909
[1] "Bonferroni-corrected positive rate for exposures: "
 [1] 0.136363636 0.479797980 0.883838384 0.969696970 0.005050505 0.005050505
 [7] 0.000000000 0.000000000 0.020202020 0.020202020 0.015151515 0.015151515
[13] 0.020202020 0.015151515 0.030303030 0.005050505 0.010101010 0.015151515
[19] 0.010101010 0.010101010 0.010101010 0.030303030 0.005050505 0.005050505
[25] 0.005050505 0.005050505 0.020202020 0.005050505 0.025252525 0.005050505
