[1] "Average Estimates for Betas: "
 [1]  0.0487236759  0.1078225728  0.1984063971  0.2931984210 -0.0074578052
 [6]  0.0017928584  0.0092035175  0.0028385521  0.0027893400 -0.0008309782
[11]  0.0054503371  0.0015236721 -0.0035621635  0.0077018786 -0.0121481061
[16] -0.0025821007  0.0018826479 -0.0034657041  0.0067372158 -0.0031384605
[21] -0.0052130458 -0.0023435643  0.0032967540  0.0031151730  0.0002098323
[26]  0.0086497443  0.0002361663  0.0032818211 -0.0011900201 -0.0055950793
[1] "Standard Deviations of Betas: "
 [1] 0.06241082 0.07556774 0.07653064 0.07116127 0.07382457 0.07179898
 [7] 0.06516059 0.05534450 0.06874047 0.06580093 0.07754843 0.07004882
[13] 0.07949949 0.06661581 0.08438582 0.07547143 0.06556049 0.08718338
[19] 0.08182682 0.07493454 0.07753791 0.06532957 0.06752428 0.07003107
[25] 0.06508552 0.06909931 0.07066085 0.07168972 0.07513316 0.06530865
[1] "Average StdErrors for Betas: "
 [1] 0.04208850 0.04235484 0.04295212 0.04241941 0.04184065 0.04185559
 [7] 0.04179539 0.04265486 0.04209639 0.04253252 0.04217267 0.04214256
[13] 0.04163887 0.04229082 0.04242441 0.04195817 0.04211103 0.04269171
[19] 0.04201971 0.04232075 0.04212814 0.04244091 0.04218693 0.04199177
[25] 0.04245854 0.04209929 0.04252482 0.04143009 0.04221707 0.04235922
[1] "Positive rate for exposures: "
 [1] 0.3535354 0.7171717 0.8838384 0.9747475 0.1868687 0.2222222 0.1969697
 [8] 0.1464646 0.1616162 0.1565657 0.1616162 0.1616162 0.2222222 0.1919192
[15] 0.2575758 0.2121212 0.1161616 0.1818182 0.1666667 0.1767677 0.1666667
[22] 0.1767677 0.2121212 0.1717172 0.1717172 0.2373737 0.2020202 0.2020202
[29] 0.1717172 0.2020202
[1] "Bonferroni-corrected positive rate for exposures: "
 [1] 0.11111111 0.43434343 0.72727273 0.92929293 0.03535354 0.06060606
 [7] 0.05555556 0.02020202 0.03030303 0.03535354 0.05050505 0.03535354
[13] 0.06060606 0.04545455 0.05555556 0.05555556 0.04040404 0.08080808
[19] 0.04545455 0.03030303 0.05050505 0.04545455 0.05050505 0.06060606
[25] 0.02525253 0.03535354 0.05050505 0.04545455 0.05050505 0.03535354
