[1] "Average Estimates for Betas: "
 [1]  0.0490565782  0.1011484595  0.2001654820  0.2979905913 -0.0051650251
 [6] -0.0027536704  0.0042117848 -0.0021905858 -0.0036195250  0.0003099875
[11] -0.0038575134 -0.0023759253  0.0018718429 -0.0011645964 -0.0010590665
[16] -0.0023348414  0.0030564501  0.0032665140 -0.0052843112  0.0015379895
[21] -0.0008453106  0.0005462480 -0.0021518106  0.0048707125 -0.0006748760
[26]  0.0007280013 -0.0013189746 -0.0012644346 -0.0008167182 -0.0027766021
[1] "Standard Deviations of Betas: "
 [1] 0.03346524 0.04198583 0.03557351 0.03564339 0.03773329 0.03368039
 [7] 0.03452001 0.03337555 0.03561881 0.03914875 0.03872543 0.03325649
[13] 0.03449150 0.03319420 0.03268467 0.03862173 0.03699063 0.04127206
[19] 0.04240834 0.03235240 0.03618527 0.03996173 0.03748961 0.03299877
[25] 0.03123538 0.04033088 0.03506111 0.03280678 0.03825796 0.03567405
[1] "Average StdErrors for Betas: "
 [1] 0.02443146 0.02531324 0.02554385 0.02468335 0.02384495 0.02390255
 [7] 0.02454302 0.02465295 0.02448847 0.02471011 0.02408627 0.02582107
[13] 0.02387858 0.02387260 0.02571579 0.02419962 0.02478189 0.02507098
[19] 0.02563454 0.02537883 0.02590456 0.02413199 0.02429770 0.02458823
[25] 0.02452310 0.02548486 0.02379743 0.02478487 0.02517469 0.02555674
[1] "Positive rate for exposures: "
 [1] 0.5632911 0.9113924 0.9936709 1.0000000 0.1835443 0.1708861 0.1329114
 [8] 0.1265823 0.1772152 0.1455696 0.1455696 0.1329114 0.1455696 0.1392405
[15] 0.1455696 0.1898734 0.1392405 0.1708861 0.1645570 0.1265823 0.1139241
[22] 0.1518987 0.1329114 0.1772152 0.1455696 0.2468354 0.1708861 0.1835443
[29] 0.1392405 0.1202532
[1] "Bonferroni-corrected positive rate for exposures: "
 [1] 0.253164557 0.740506329 0.949367089 1.000000000 0.056962025 0.006329114
 [7] 0.037974684 0.031645570 0.063291139 0.031645570 0.031645570 0.025316456
[13] 0.069620253 0.031645570 0.031645570 0.044303797 0.031645570 0.056962025
[19] 0.031645570 0.018987342 0.012658228 0.075949367 0.031645570 0.031645570
[25] 0.012658228 0.050632911 0.037974684 0.018987342 0.031645570 0.031645570
