[1] "Average Estimates for Betas: "
 [1]  0.0499209584  0.1043136090  0.1988571880  0.3045553851 -0.0037713689
 [6] -0.0089054881  0.0041593557  0.0009542366 -0.0023008502  0.0057129310
[11]  0.0018711149 -0.0036059564 -0.0007401948  0.0011545963  0.0020023447
[16] -0.0021176660 -0.0065473170 -0.0040086944  0.0069280336 -0.0044597116
[21] -0.0059245698  0.0039138350 -0.0048297510  0.0004916223  0.0012369012
[26] -0.0013606861 -0.0082230324 -0.0076609358  0.0062425673  0.0047760654
[1] "Standard Deviations of Betas: "
 [1] 0.07026949 0.07480335 0.06933295 0.06728241 0.06785165 0.06856891
 [7] 0.06224530 0.06673750 0.06814840 0.07187623 0.06507103 0.07899576
[13] 0.06271430 0.07005373 0.06413841 0.07515688 0.06925584 0.07465400
[19] 0.06589169 0.07071682 0.06855229 0.06702067 0.06586810 0.06976725
[25] 0.06766441 0.05761713 0.06995770 0.06828393 0.07043956 0.06491936
[1] "Average StdErrors for Betas: "
 [1] 0.02258182 0.02250524 0.02254677 0.02253990 0.02257275 0.02257998
 [7] 0.02282167 0.02265519 0.02266371 0.02266150 0.02273626 0.02261112
[13] 0.02259971 0.02254303 0.02251584 0.02263821 0.02263384 0.02242940
[19] 0.02261454 0.02262974 0.02267301 0.02272651 0.02272474 0.02254287
[25] 0.02252623 0.02273500 0.02252301 0.02256633 0.02264582 0.02268438
[1] "Positive rate for exposures: "
 [1] 0.630 0.795 0.980 1.000 0.480 0.490 0.455 0.585 0.530 0.515 0.440 0.585
[13] 0.500 0.495 0.470 0.555 0.530 0.590 0.475 0.485 0.475 0.465 0.510 0.500
[25] 0.490 0.405 0.540 0.485 0.525 0.555
[1] "Bonferroni-corrected positive rate for exposures: "
 [1] 0.400 0.670 0.970 1.000 0.245 0.260 0.220 0.290 0.280 0.280 0.245 0.330
[13] 0.240 0.235 0.240 0.345 0.290 0.380 0.270 0.315 0.235 0.280 0.295 0.305
[25] 0.305 0.190 0.285 0.305 0.310 0.270
