[1] "Average Estimates for Betas: "
 [1]  0.0342243851  0.0672910682  0.1300224224  0.2076409304 -0.0037042622
 [6] -0.0036439462  0.0024327554  0.0005976266 -0.0051539645 -0.0027696715
[11]  0.0031456894 -0.0029720702  0.0022039125  0.0020925596  0.0014375073
[16] -0.0049487536 -0.0001323574 -0.0057157633  0.0083031986 -0.0003263827
[21] -0.0004948053  0.0029786741 -0.0011959726  0.0016193135  0.0017050499
[26]  0.0038309260  0.0002369797 -0.0076759462  0.0033261799  0.0035695593
[1] "Standard Deviations of Betas: "
 [1] 0.04983722 0.05623960 0.06608638 0.07610067 0.04101413 0.04405435
 [7] 0.04341885 0.04414485 0.04992582 0.04271904 0.04844834 0.04645241
[13] 0.04568492 0.04183311 0.04286941 0.04657728 0.04457293 0.04764473
[19] 0.04540917 0.04811477 0.04529509 0.04444916 0.03984323 0.04742711
[25] 0.04411141 0.04310417 0.04786047 0.04950557 0.04443199 0.04184998
[1] "Average StdErrors for Betas: "
 [1] 0.008163436 0.008174592 0.008196599 0.008103085 0.008149325 0.008101352
 [7] 0.008218824 0.008187777 0.008182902 0.008253795 0.008241942 0.008189276
[13] 0.008155041 0.008173600 0.008213018 0.008160146 0.008165967 0.008167940
[19] 0.008208422 0.008176730 0.008223432 0.008214006 0.008348517 0.008165116
[25] 0.008107026 0.008269834 0.008125491 0.008103464 0.008160932 0.008241892
[1] "Positive rate for exposures: "
 [1] 0.810 0.900 0.950 0.975 0.710 0.705 0.690 0.700 0.730 0.740 0.750 0.735
[13] 0.730 0.665 0.695 0.745 0.670 0.770 0.725 0.715 0.730 0.720 0.650 0.740
[25] 0.720 0.720 0.745 0.730 0.705 0.735
[1] "Bonferroni-corrected positive rate for exposures: "
 [1] 0.705 0.840 0.930 0.970 0.540 0.535 0.570 0.585 0.620 0.560 0.590 0.560
[13] 0.575 0.555 0.515 0.610 0.510 0.600 0.610 0.590 0.545 0.570 0.495 0.565
[25] 0.590 0.545 0.610 0.620 0.565 0.550
