[1] "Average Estimates for Betas: "
 [1]  4.933259e-02  1.005909e-01  2.002338e-01  3.014898e-01 -4.780258e-04
 [6] -9.504752e-04  1.078816e-04  1.286398e-04 -5.543462e-04  8.429473e-04
[11]  1.184848e-04 -4.225187e-04  2.697255e-05  3.847710e-04  5.829261e-04
[16]  4.317414e-05 -4.945629e-04  3.599719e-04  8.473054e-04 -4.133357e-04
[21]  5.789205e-04  8.835718e-05 -6.946822e-04  1.950230e-04 -9.036238e-04
[26]  5.670049e-04 -9.292825e-04 -8.883853e-04  4.157727e-04  1.740222e-04
[1] "Standard Deviations of Betas: "
 [1] 0.008571215 0.009698209 0.009500489 0.009722050 0.009470951 0.010682880
 [7] 0.009017948 0.010808872 0.009009051 0.009862865 0.009655578 0.010354887
[13] 0.009245705 0.009856627 0.009460915 0.009746333 0.010339947 0.010520194
[19] 0.010066747 0.009556237 0.010155368 0.009430113 0.008513670 0.008780473
[25] 0.009475590 0.009373660 0.009305447 0.009606455 0.009513438 0.009273188
[1] "Average StdErrors for Betas: "
 [1] 0.007231943 0.007230961 0.007246213 0.007246337 0.007214664 0.007250032
 [7] 0.007249604 0.007216993 0.007248624 0.007229816 0.007243505 0.007218178
[13] 0.007222172 0.007241058 0.007224221 0.007237288 0.007253678 0.007208241
[19] 0.007237154 0.007224057 0.007247740 0.007240631 0.007250034 0.007250695
[25] 0.007245104 0.007243296 0.007232405 0.007239734 0.007253225 0.007249917
[1] "Positive rate for exposures: "
 [1] 1.000 1.000 1.000 1.000 0.130 0.190 0.115 0.180 0.135 0.125 0.125 0.175
[13] 0.125 0.130 0.150 0.130 0.145 0.185 0.140 0.135 0.160 0.140 0.110 0.100
[25] 0.140 0.140 0.125 0.145 0.125 0.115
[1] "Bonferroni-corrected positive rate for exposures: "
 [1] 0.990 1.000 1.000 1.000 0.015 0.025 0.005 0.040 0.015 0.020 0.010 0.030
[13] 0.010 0.025 0.010 0.020 0.040 0.025 0.020 0.005 0.015 0.015 0.015 0.005
[25] 0.025 0.015 0.010 0.010 0.020 0.020
