[1] "Average Estimates for Betas: "
 [1]  0.0494681775  0.1038303968  0.1980437251  0.3038740605 -0.0054049368
 [6] -0.0086901371  0.0046280636 -0.0008356195 -0.0028539432  0.0054675054
[11]  0.0041719949 -0.0026505967  0.0005865996  0.0013676435  0.0053021952
[16] -0.0032641274 -0.0064661666 -0.0048602714  0.0057825294 -0.0040037858
[21] -0.0043850607  0.0018119774 -0.0061126502  0.0018608152 -0.0002252656
[26] -0.0013326941 -0.0075584096 -0.0085026658  0.0052713330  0.0047278280
[1] "Standard Deviations of Betas: "
 [1] 0.06804735 0.06904152 0.06676473 0.06545640 0.06444595 0.06728835
 [7] 0.05990038 0.06563748 0.06630974 0.06786126 0.06223266 0.07418165
[13] 0.05971203 0.06900882 0.06208676 0.07005963 0.06967233 0.07090099
[19] 0.06327028 0.06789333 0.06531471 0.06359435 0.06170163 0.06629921
[25] 0.06385843 0.05591107 0.06660674 0.06614246 0.06669343 0.06271358
[1] "Average StdErrors for Betas: "
 [1] 0.007812710 0.007801081 0.007812407 0.007792338 0.007789842 0.007791988
 [7] 0.007837317 0.007805385 0.007832863 0.007838199 0.007844571 0.007806487
[13] 0.007801137 0.007800526 0.007822985 0.007824354 0.007809244 0.007767987
[19] 0.007817433 0.007798475 0.007850435 0.007834350 0.007890848 0.007803984
[25] 0.007787841 0.007872495 0.007789693 0.007781519 0.007797141 0.007842473
[1] "Positive rate for exposures: "
 [1] 0.820 0.950 0.985 1.000 0.770 0.785 0.780 0.830 0.830 0.830 0.830 0.820
[13] 0.800 0.830 0.845 0.830 0.830 0.825 0.810 0.835 0.740 0.780 0.795 0.780
[25] 0.825 0.760 0.820 0.800 0.825 0.825
[1] "Bonferroni-corrected positive rate for exposures: "
 [1] 0.760 0.910 0.985 1.000 0.655 0.685 0.665 0.715 0.715 0.725 0.700 0.715
[13] 0.700 0.725 0.755 0.710 0.745 0.745 0.700 0.695 0.640 0.645 0.705 0.655
[25] 0.705 0.625 0.690 0.705 0.735 0.670
