[1] "Average Estimates for Betas: "
 [1]  4.879658e-02  9.864808e-02  1.996932e-01  3.002916e-01  3.241193e-04
 [6] -2.333478e-04  1.618659e-03  1.607839e-03  8.202117e-04 -5.399008e-05
[11]  1.308807e-03 -3.682952e-04 -2.011174e-03 -7.526372e-05  5.152192e-04
[16]  5.994460e-04 -6.052209e-04 -8.267116e-04  7.853094e-04  4.579241e-04
[21] -1.001055e-03 -2.020333e-03 -6.232153e-04 -1.542093e-04 -1.001977e-03
[26] -1.073830e-03  4.703882e-04  4.090088e-04  2.009482e-03 -1.024599e-03
[1] "Standard Deviations of Betas: "
 [1] 0.01728308 0.01844065 0.01740810 0.01820934 0.01995788 0.01731825
 [7] 0.01902618 0.01960549 0.01932317 0.01759036 0.01788851 0.01905311
[13] 0.01941465 0.01989376 0.01774638 0.01817432 0.01780774 0.01807275
[19] 0.01787817 0.01965277 0.01856815 0.01669736 0.01940805 0.02109431
[25] 0.01939181 0.01932977 0.01725216 0.01945199 0.01666983 0.01753224
[1] "Average StdErrors for Betas: "
 [1] 0.01697706 0.01692496 0.01668244 0.01681192 0.01670547 0.01676624
 [7] 0.01696357 0.01684051 0.01700318 0.01675809 0.01687439 0.01665218
[13] 0.01701601 0.01688262 0.01661439 0.01683080 0.01708645 0.01675652
[19] 0.01671646 0.01707137 0.01710984 0.01685490 0.01689338 0.01676500
[25] 0.01713283 0.01682933 0.01666682 0.01671831 0.01682562 0.01698231
[1] "Positive rate for exposures: "
 [1] 0.845 0.995 1.000 1.000 0.090 0.045 0.085 0.060 0.085 0.060 0.055 0.050
[13] 0.050 0.050 0.065 0.070 0.050 0.060 0.060 0.085 0.055 0.045 0.085 0.085
[25] 0.050 0.070 0.055 0.080 0.035 0.045
[1] "Bonferroni-corrected positive rate for exposures: "
 [1] 0.430 0.985 1.000 1.000 0.000 0.000 0.000 0.010 0.000 0.010 0.010 0.000
[13] 0.005 0.015 0.005 0.005 0.005 0.000 0.005 0.005 0.005 0.000 0.015 0.010
[25] 0.005 0.005 0.000 0.005 0.000 0.005
