[1] "Average PIPs: "
  [1] 0.19100683 0.90877287 0.99999970 1.00000000 0.01618077 0.01657190
  [7] 0.01679985 0.01586368 0.01558560 0.01600231 0.01549868 0.01601320
 [13] 0.01625559 0.01590440 0.01616028 0.01816579 0.01555018 0.01662598
 [19] 0.01558919 0.01616189 0.01686902 0.01638535 0.01667989 0.01541271
 [25] 0.01587855 0.01575396 0.01578253 0.01574410 0.01634392 0.01785961
 [31] 0.01632718 0.01626682 0.01564085 0.01896426 0.01629051 0.01624652
 [37] 0.01647956 0.01551568 0.01822484 0.01611253 0.01646379 0.01648298
 [43] 0.01614069 0.01634417 0.01569687 0.01632751 0.01696188 0.01691859
 [49] 0.01579344 0.01615637 0.01650488 0.01701951 0.01610090 0.01581187
 [55] 0.01644939 0.01687705 0.01748458 0.01584898 0.01615684 0.01586572
 [61] 0.01589770 0.01514671 0.01661076 0.01642710 0.01594061 0.01540115
 [67] 0.01561196 0.01702101 0.01713869 0.01627482 0.01623299 0.01555742
 [73] 0.01815716 0.01644654 0.01611927 0.01602926 0.01608466 0.01583321
 [79] 0.01600653 0.01641306 0.01643459 0.01593566 0.01593350 0.01553775
 [85] 0.01559163 0.01629061 0.01625195 0.01648461 0.01895050 0.01698806
 [91] 0.01556107 0.01615695 0.01573093 0.01655046 0.01669901 0.01768523
 [97] 0.01717567 0.01599655 0.01604026 0.01640910 0.01652330 0.01695697
[103] 0.01613094 0.01619663 0.01690035 0.01595610 0.01618135 0.01571914
[109] 0.01517695 0.01559614 0.01662847 0.01641885 0.01621949 0.01615238
[115] 0.01648128 0.01582673 0.01676498 0.01701040 0.01607970 0.01588929
[121] 0.01617497 0.01577205 0.01674969 0.01614922 0.01630172 0.01610485
[127] 0.01631806 0.01624604 0.01550491 0.01569443 0.01595366 0.01563243
[133] 0.01577026 0.01606737 0.01646147 0.01563859 0.01635473 0.01571658
[139] 0.01540688 0.01598922 0.01589994 0.01597500 0.01552686 0.01669564
[145] 0.01665662 0.01626234 0.01624374 0.01560961 0.01765218 0.01586949
[151] 0.01601076 0.01596917 0.01628694 0.01606414 0.01754167 0.01634830
[157] 0.01580002 0.01672836 0.01685617 0.01709862 0.01615602 0.01653708
[163] 0.01548072 0.01657894 0.01808830 0.01629011 0.01670172 0.01650957
[169] 0.01626591 0.01577224 0.01666842 0.01636064 0.01702530 0.01574555
[175] 0.01595128 0.01590377 0.01544787 0.01603463 0.01673981 0.01557801
[181] 0.01622047 0.01634460 0.01575443 0.01578351 0.01576849 0.01577224
[187] 0.01601102 0.01652767 0.01568467 0.01621275 0.01611635 0.01544345
[193] 0.01646222 0.01601885 0.01579389 0.01640719 0.01986155 0.01658931
[199] 0.01619206 0.01623489
[1] "Percent of time PIP >= 0.1: "
  [1] 0.465 0.985 1.000 1.000 0.005 0.000 0.005 0.000 0.000 0.000 0.000 0.000
 [13] 0.000 0.000 0.000 0.010 0.000 0.005 0.000 0.000 0.005 0.000 0.000 0.000
 [25] 0.000 0.000 0.000 0.000 0.000 0.005 0.000 0.000 0.000 0.005 0.000 0.000
 [37] 0.000 0.000 0.005 0.000 0.000 0.000 0.000 0.000 0.000 0.000 0.010 0.000
 [49] 0.000 0.000 0.000 0.000 0.005 0.000 0.000 0.005 0.005 0.000 0.000 0.000
 [61] 0.000 0.000 0.005 0.000 0.000 0.000 0.000 0.005 0.005 0.000 0.000 0.000
 [73] 0.005 0.005 0.000 0.000 0.000 0.005 0.000 0.000 0.000 0.000 0.000 0.000
 [85] 0.000 0.000 0.000 0.000 0.005 0.005 0.000 0.000 0.000 0.000 0.000 0.005
 [97] 0.000 0.000 0.000 0.000 0.000 0.000 0.000 0.000 0.000 0.000 0.000 0.000
[109] 0.000 0.000 0.000 0.000 0.000 0.000 0.000 0.000 0.000 0.000 0.000 0.000
[121] 0.000 0.005 0.005 0.000 0.000 0.000 0.000 0.000 0.000 0.000 0.000 0.000
[133] 0.000 0.000 0.005 0.000 0.000 0.000 0.000 0.000 0.000 0.000 0.000 0.000
[145] 0.005 0.000 0.005 0.000 0.005 0.000 0.000 0.000 0.000 0.000 0.005 0.005
[157] 0.000 0.000 0.005 0.000 0.000 0.000 0.000 0.000 0.005 0.005 0.000 0.000
[169] 0.000 0.000 0.000 0.000 0.000 0.000 0.000 0.000 0.000 0.000 0.000 0.000
[181] 0.000 0.000 0.000 0.000 0.000 0.000 0.000 0.000 0.000 0.000 0.000 0.000
[193] 0.000 0.000 0.000 0.000 0.005 0.000 0.000 0.000
[1] "Percent of time PIP >= 0.5: "
  [1] 0.100 0.915 1.000 1.000 0.000 0.000 0.000 0.000 0.000 0.000 0.000 0.000
 [13] 0.000 0.000 0.000 0.000 0.000 0.000 0.000 0.000 0.000 0.000 0.000 0.000
 [25] 0.000 0.000 0.000 0.000 0.000 0.000 0.000 0.000 0.000 0.005 0.000 0.000
 [37] 0.000 0.000 0.005 0.000 0.000 0.000 0.000 0.000 0.000 0.000 0.000 0.000
 [49] 0.000 0.000 0.000 0.000 0.000 0.000 0.000 0.000 0.000 0.000 0.000 0.000
 [61] 0.000 0.000 0.000 0.000 0.000 0.000 0.000 0.000 0.000 0.000 0.000 0.000
 [73] 0.000 0.000 0.000 0.000 0.000 0.000 0.000 0.000 0.000 0.000 0.000 0.000
 [85] 0.000 0.000 0.000 0.000 0.005 0.000 0.000 0.000 0.000 0.000 0.000 0.000
 [97] 0.000 0.000 0.000 0.000 0.000 0.000 0.000 0.000 0.000 0.000 0.000 0.000
[109] 0.000 0.000 0.000 0.000 0.000 0.000 0.000 0.000 0.000 0.000 0.000 0.000
[121] 0.000 0.000 0.000 0.000 0.000 0.000 0.000 0.000 0.000 0.000 0.000 0.000
[133] 0.000 0.000 0.000 0.000 0.000 0.000 0.000 0.000 0.000 0.000 0.000 0.000
[145] 0.000 0.000 0.000 0.000 0.000 0.000 0.000 0.000 0.000 0.000 0.000 0.000
[157] 0.000 0.000 0.000 0.000 0.000 0.000 0.000 0.000 0.000 0.000 0.000 0.000
[169] 0.000 0.000 0.000 0.000 0.000 0.000 0.000 0.000 0.000 0.000 0.000 0.000
[181] 0.000 0.000 0.000 0.000 0.000 0.000 0.000 0.000 0.000 0.000 0.000 0.000
[193] 0.000 0.000 0.000 0.000 0.005 0.000 0.000 0.000
[1] "Percent of time PIP >= 0.9: "
  [1] 0.035 0.805 1.000 1.000 0.000 0.000 0.000 0.000 0.000 0.000 0.000 0.000
 [13] 0.000 0.000 0.000 0.000 0.000 0.000 0.000 0.000 0.000 0.000 0.000 0.000
 [25] 0.000 0.000 0.000 0.000 0.000 0.000 0.000 0.000 0.000 0.000 0.000 0.000
 [37] 0.000 0.000 0.000 0.000 0.000 0.000 0.000 0.000 0.000 0.000 0.000 0.000
 [49] 0.000 0.000 0.000 0.000 0.000 0.000 0.000 0.000 0.000 0.000 0.000 0.000
 [61] 0.000 0.000 0.000 0.000 0.000 0.000 0.000 0.000 0.000 0.000 0.000 0.000
 [73] 0.000 0.000 0.000 0.000 0.000 0.000 0.000 0.000 0.000 0.000 0.000 0.000
 [85] 0.000 0.000 0.000 0.000 0.000 0.000 0.000 0.000 0.000 0.000 0.000 0.000
 [97] 0.000 0.000 0.000 0.000 0.000 0.000 0.000 0.000 0.000 0.000 0.000 0.000
[109] 0.000 0.000 0.000 0.000 0.000 0.000 0.000 0.000 0.000 0.000 0.000 0.000
[121] 0.000 0.000 0.000 0.000 0.000 0.000 0.000 0.000 0.000 0.000 0.000 0.000
[133] 0.000 0.000 0.000 0.000 0.000 0.000 0.000 0.000 0.000 0.000 0.000 0.000
[145] 0.000 0.000 0.000 0.000 0.000 0.000 0.000 0.000 0.000 0.000 0.000 0.000
[157] 0.000 0.000 0.000 0.000 0.000 0.000 0.000 0.000 0.000 0.000 0.000 0.000
[169] 0.000 0.000 0.000 0.000 0.000 0.000 0.000 0.000 0.000 0.000 0.000 0.000
[181] 0.000 0.000 0.000 0.000 0.000 0.000 0.000 0.000 0.000 0.000 0.000 0.000
[193] 0.000 0.000 0.000 0.000 0.000 0.000 0.000 0.000
