[1] "Average Estimates for Betas: "
  [1]  5.492672e-02  1.036159e-01  1.978321e-01  3.009176e-01  3.032445e-03
  [6] -9.277016e-04 -8.804360e-03 -9.690475e-04 -1.220837e-02 -3.547586e-03
 [11] -6.652697e-04  8.734412e-03 -4.763478e-03 -2.948294e-04  1.434941e-03
 [16] -1.102437e-02 -1.370159e-02  3.282076e-03 -1.805978e-02 -9.492154e-03
 [21] -8.221127e-03 -6.650470e-03  1.041957e-02  2.487173e-03  4.590812e-04
 [26] -7.046458e-03 -1.251312e-03  1.394182e-02  1.943896e-03  5.311238e-03
 [31]  9.026578e-04 -3.369808e-03 -1.305119e-02 -7.794696e-04 -8.955510e-03
 [36]  3.648679e-04  8.573984e-03  3.461785e-03 -8.224610e-03  5.904264e-03
 [41] -1.211087e-02  3.729302e-03  1.305255e-03 -1.311334e-03  3.194349e-03
 [46]  1.924684e-02  2.466531e-03  1.596175e-02  1.645848e-03  2.379010e-03
 [51]  9.713506e-03  4.610382e-03 -9.590626e-04 -6.253265e-03 -8.190497e-03
 [56] -1.000578e-02  1.045629e-02  8.145914e-03  1.416620e-02 -2.473967e-03
 [61]  6.144793e-04 -7.763846e-04  1.867823e-03  7.273325e-03 -7.992967e-04
 [66]  2.156764e-03  3.342204e-03  5.592747e-03 -4.908228e-03 -5.165005e-03
 [71] -2.422965e-03  4.631772e-03 -6.797189e-03 -5.916649e-04 -1.082109e-03
 [76] -9.464378e-03 -6.426180e-03 -1.104975e-02 -1.707884e-04  1.673811e-02
 [81]  1.496084e-02 -7.411439e-03  8.526981e-03 -3.000058e-03  8.511581e-03
 [86] -1.526602e-03 -3.898273e-03  9.491357e-03  7.540085e-03  7.616497e-03
 [91] -8.372539e-03  3.127016e-03  3.860178e-03 -1.865689e-03  3.173234e-03
 [96] -3.827414e-03 -6.413086e-03 -4.442766e-04 -3.311189e-03  4.353295e-03
[101]  1.709030e-03  1.218918e-03 -1.630159e-03  1.878761e-03  5.022177e-03
[106] -1.404621e-02 -3.816203e-03  8.149717e-03  1.270415e-02  1.266005e-03
[111] -5.658310e-03 -2.834689e-03 -8.010782e-03 -5.092281e-04 -8.689825e-04
[116] -5.719010e-03  6.158300e-03 -3.616659e-03  7.383422e-03  2.071321e-02
[121]  9.920793e-03  2.582659e-03  4.537129e-03 -6.030841e-03  3.471330e-03
[126]  2.649302e-03  2.313404e-02 -5.921021e-03 -7.154003e-03  5.872236e-03
[131] -2.982541e-03  1.650679e-03  1.116940e-02  1.341222e-02  1.028013e-02
[136] -3.679232e-03  8.049071e-03 -2.386801e-03 -1.051840e-02  9.992849e-03
[141]  2.802670e-03  7.485588e-03  6.663276e-03 -1.616509e-03 -8.371296e-03
[146] -1.026193e-02  9.917672e-03  6.703252e-03 -1.627781e-02  1.066702e-03
[151] -2.763002e-04 -1.124179e-02  9.170581e-03 -9.064582e-03 -2.478027e-02
[156]  1.616339e-03 -5.763478e-03 -5.425695e-04  8.002399e-03  1.935295e-03
[161]  7.764232e-04 -4.140083e-03  9.172328e-04  5.981711e-03 -6.674292e-03
[166] -9.560832e-03 -3.040069e-03  4.821399e-03 -8.607697e-05  1.734792e-03
[171]  3.043720e-03  6.799469e-03  4.289219e-03 -6.454654e-03 -7.824181e-03
[176]  4.325248e-03 -6.199339e-03 -3.792922e-04 -7.034612e-03  2.591284e-03
[181]  3.435836e-04  7.801098e-04 -8.543361e-03 -1.473034e-03  2.014353e-03
[186]  2.469077e-03 -3.015594e-04 -1.454487e-03 -3.547716e-03 -3.258024e-03
[191] -5.964857e-03  2.163739e-03 -7.997591e-03 -5.129253e-03  6.459148e-03
[196] -3.093920e-04  1.164804e-03  1.280556e-02  1.373019e-02 -5.367232e-04
[1] "Standard Deviations of Betas: "
  [1] 0.09153909 0.10585631 0.10833679 0.10124233 0.10622727 0.10391656
  [7] 0.10468243 0.10367725 0.10463918 0.09885300 0.10064200 0.10091894
 [13] 0.10986487 0.11302395 0.09387396 0.10113685 0.10112512 0.10857522
 [19] 0.10332681 0.11863430 0.11294929 0.09400276 0.10693769 0.10528211
 [25] 0.10213138 0.10186810 0.09579726 0.10396327 0.09665489 0.10478284
 [31] 0.11183934 0.10488688 0.11386118 0.11822285 0.10735324 0.09987600
 [37] 0.10435640 0.10204043 0.10247897 0.11313346 0.09870691 0.11113648
 [43] 0.10158335 0.10497117 0.10861065 0.10809308 0.09450301 0.11535626
 [49] 0.10339352 0.10363860 0.11016673 0.10544400 0.10222464 0.10528723
 [55] 0.09657637 0.10288600 0.10583540 0.10997120 0.09611965 0.10082055
 [61] 0.10254675 0.09729019 0.10065905 0.10587913 0.10251258 0.11290511
 [67] 0.10371150 0.09721711 0.10466193 0.10304249 0.10844459 0.10907044
 [73] 0.09891694 0.09716125 0.10607086 0.10629102 0.09457114 0.09942805
 [79] 0.11098004 0.10690127 0.10749566 0.11549768 0.10523814 0.10432788
 [85] 0.10237112 0.10537434 0.10970564 0.10080926 0.10017644 0.10343352
 [91] 0.10822328 0.11482732 0.10869460 0.09880135 0.11376856 0.09887284
 [97] 0.10323202 0.11127484 0.09874135 0.11229087 0.11215309 0.09968753
[103] 0.10157159 0.10028570 0.09840707 0.10468548 0.10955080 0.09600412
[109] 0.09234459 0.11511469 0.10292544 0.09824416 0.11098984 0.10211614
[115] 0.10287699 0.09253590 0.12054095 0.10092131 0.10019223 0.10302356
[121] 0.11295567 0.10652565 0.10305528 0.10531541 0.11732202 0.10644254
[127] 0.10529046 0.10171207 0.11720143 0.10353108 0.10962368 0.09719581
[133] 0.10430572 0.10187004 0.10140314 0.10400906 0.11532661 0.10754951
[139] 0.10724245 0.11050977 0.10624162 0.10238774 0.10022799 0.11497325
[145] 0.10656896 0.11704874 0.10299288 0.10114461 0.10259365 0.10850382
[151] 0.09485796 0.10473550 0.10575343 0.10059605 0.11017344 0.10025765
[157] 0.10748303 0.10270723 0.10961508 0.12073861 0.10390827 0.09406347
[163] 0.10046102 0.11414437 0.10327674 0.10711854 0.10439767 0.11034244
[169] 0.11078104 0.10331418 0.10342427 0.10598394 0.09581811 0.10249758
[175] 0.11418468 0.09932485 0.10696147 0.10432638 0.10863820 0.09979878
[181] 0.11285513 0.10193609 0.10731487 0.11387802 0.11109649 0.11069977
[187] 0.09581299 0.10212720 0.10952830 0.09714828 0.10635677 0.11348431
[193] 0.11124713 0.10661722 0.10900657 0.10168480 0.10123732 0.11107360
[199] 0.10899486 0.10252273
[1] "Average StdErrors for Betas: "
  [1] 0.10171486 0.10256327 0.10005746 0.10087106 0.10284905 0.10117927
  [7] 0.10335496 0.10500580 0.09996240 0.10157535 0.09903802 0.10168329
 [13] 0.10404461 0.10059555 0.10324562 0.10208435 0.10036138 0.10272758
 [19] 0.10305916 0.10325069 0.10214588 0.10265292 0.10334042 0.10035715
 [25] 0.10055665 0.10090208 0.10187817 0.10218945 0.10185701 0.10401395
 [31] 0.09949092 0.10096221 0.10253883 0.10470750 0.10210136 0.10151194
 [37] 0.10198128 0.10227534 0.10035391 0.10286599 0.10401352 0.10371341
 [43] 0.10109215 0.10111096 0.09958121 0.10155776 0.10212382 0.10446196
 [49] 0.10165428 0.10324924 0.10368402 0.10093412 0.10194695 0.10265936
 [55] 0.10298078 0.10277263 0.10446825 0.10331053 0.10197582 0.10301965
 [61] 0.10313797 0.10062608 0.10268962 0.10170649 0.10300939 0.10061499
 [67] 0.10089628 0.10257325 0.10229513 0.10008975 0.10290262 0.10063555
 [73] 0.10209788 0.10121248 0.10267823 0.10146441 0.10062902 0.10102482
 [79] 0.10088707 0.10087832 0.10289069 0.10332948 0.10270281 0.10091300
 [85] 0.10318760 0.10246512 0.10271324 0.10381241 0.10203271 0.10483793
 [91] 0.10201759 0.10200997 0.10049067 0.10398872 0.10267798 0.10163405
 [97] 0.10434100 0.10337832 0.10151325 0.10064184 0.10316528 0.10325435
[103] 0.10196039 0.10303637 0.10403802 0.10422010 0.10397842 0.10218815
[109] 0.09919201 0.10069090 0.10401058 0.10069152 0.10151851 0.10160849
[115] 0.10000370 0.09977484 0.10362262 0.10122371 0.10121689 0.10329009
[121] 0.10338332 0.10126803 0.10194115 0.10304156 0.10357496 0.10285001
[127] 0.10414667 0.10102338 0.10081317 0.10230667 0.10291487 0.10040367
[133] 0.10210972 0.10414364 0.10352151 0.10235280 0.10219657 0.10442819
[139] 0.10114450 0.10302480 0.10380772 0.10132562 0.10083941 0.10302909
[145] 0.10197967 0.10094886 0.10183373 0.10163189 0.10182767 0.10079805
[151] 0.10179410 0.10146359 0.10264051 0.09990188 0.10182927 0.10080634
[157] 0.10159736 0.10359684 0.10233917 0.10407049 0.10212930 0.10251105
[163] 0.09933050 0.10166961 0.10207341 0.10208460 0.10078383 0.10405941
[169] 0.10272096 0.10362682 0.10509698 0.10230785 0.10203847 0.10208274
[175] 0.10190299 0.10074695 0.10279537 0.10124050 0.10266613 0.09954761
[181] 0.10255430 0.10445562 0.10194753 0.10315494 0.10230152 0.10130778
[187] 0.10216761 0.10208539 0.10211649 0.10356941 0.10394603 0.10271736
[193] 0.10379028 0.10475362 0.10238719 0.10168957 0.10019527 0.10251797
[199] 0.10144252 0.10401492
[1] "Positive rate for exposures: "
  [1] 0.065 0.180 0.475 0.855 0.050 0.035 0.050 0.035 0.065 0.045 0.045 0.045
 [13] 0.055 0.055 0.030 0.040 0.045 0.060 0.070 0.080 0.075 0.035 0.070 0.060
 [25] 0.060 0.040 0.035 0.050 0.030 0.040 0.075 0.050 0.055 0.075 0.055 0.035
 [37] 0.075 0.050 0.060 0.055 0.020 0.070 0.050 0.055 0.060 0.070 0.020 0.075
 [49] 0.045 0.060 0.060 0.065 0.040 0.060 0.045 0.060 0.050 0.085 0.045 0.045
 [61] 0.030 0.025 0.045 0.060 0.020 0.080 0.055 0.045 0.050 0.065 0.060 0.080
 [73] 0.035 0.035 0.055 0.080 0.050 0.040 0.065 0.070 0.075 0.075 0.055 0.065
 [85] 0.055 0.050 0.055 0.050 0.050 0.045 0.040 0.070 0.065 0.030 0.080 0.040
 [97] 0.060 0.075 0.040 0.055 0.055 0.050 0.050 0.045 0.035 0.035 0.035 0.025
[109] 0.045 0.070 0.035 0.035 0.045 0.030 0.045 0.025 0.045 0.040 0.040 0.055
[121] 0.065 0.055 0.030 0.045 0.075 0.045 0.045 0.020 0.070 0.060 0.065 0.045
[133] 0.050 0.035 0.045 0.055 0.070 0.055 0.070 0.060 0.040 0.045 0.030 0.050
[145] 0.070 0.080 0.050 0.040 0.050 0.055 0.025 0.050 0.050 0.050 0.070 0.040
[157] 0.065 0.035 0.065 0.060 0.035 0.035 0.055 0.055 0.040 0.055 0.055 0.065
[169] 0.065 0.045 0.045 0.045 0.050 0.050 0.060 0.040 0.040 0.070 0.070 0.040
[181] 0.065 0.050 0.070 0.060 0.050 0.060 0.025 0.045 0.050 0.040 0.060 0.055
[193] 0.090 0.025 0.060 0.035 0.040 0.070 0.045 0.035
[1] "Q-value positive rate for exposures: "
  [1] 0.000 0.010 0.090 0.305 0.005 0.000 0.000 0.000 0.000 0.000 0.000 0.000
 [13] 0.000 0.000 0.000 0.000 0.000 0.000 0.000 0.000 0.000 0.000 0.005 0.000
 [25] 0.000 0.000 0.000 0.000 0.000 0.000 0.000 0.000 0.000 0.000 0.005 0.000
 [37] 0.000 0.000 0.000 0.000 0.000 0.005 0.000 0.005 0.000 0.000 0.000 0.000
 [49] 0.000 0.000 0.000 0.000 0.005 0.005 0.000 0.010 0.005 0.005 0.005 0.000
 [61] 0.005 0.000 0.000 0.000 0.000 0.000 0.000 0.000 0.000 0.000 0.000 0.005
 [73] 0.000 0.000 0.005 0.000 0.000 0.000 0.005 0.000 0.000 0.000 0.000 0.000
 [85] 0.000 0.000 0.000 0.000 0.000 0.000 0.000 0.000 0.000 0.000 0.005 0.000
 [97] 0.000 0.000 0.005 0.005 0.000 0.000 0.000 0.005 0.000 0.005 0.005 0.000
[109] 0.000 0.005 0.000 0.000 0.010 0.000 0.000 0.000 0.010 0.000 0.000 0.000
[121] 0.000 0.000 0.000 0.000 0.000 0.000 0.000 0.000 0.000 0.000 0.000 0.000
[133] 0.000 0.000 0.000 0.000 0.005 0.000 0.000 0.000 0.000 0.005 0.010 0.000
[145] 0.000 0.010 0.000 0.005 0.000 0.000 0.000 0.000 0.000 0.000 0.000 0.000
[157] 0.005 0.000 0.000 0.000 0.000 0.000 0.000 0.010 0.000 0.000 0.000 0.000
[169] 0.005 0.000 0.000 0.005 0.000 0.005 0.005 0.000 0.000 0.000 0.000 0.000
[181] 0.000 0.000 0.005 0.005 0.000 0.000 0.000 0.000 0.005 0.000 0.005 0.000
[193] 0.000 0.000 0.005 0.000 0.000 0.005 0.000 0.000
[1] "Precision/Recall/F1 based on p-values:"
[1] 0.1348459 0.3937500 0.2008929
[1] "Precision/Recall/F1 based on Q-values:"
[1] 0.6328125 0.1012500 0.1745690
