[1] "Average PIPs: "
  [1] 0.18941184 0.90794022 0.99999970 1.00000000 0.01598077 0.01636106
  [7] 0.01656779 0.01566200 0.01538866 0.01579535 0.01529743 0.01579793
 [13] 0.01604921 0.01570020 0.01595850 0.01795426 0.01534804 0.01641521
 [19] 0.01539072 0.01595560 0.01665803 0.01617978 0.01646514 0.01520852
 [25] 0.01567592 0.01555692 0.01557681 0.01553940 0.01613083 0.01763575
 [31] 0.01611704 0.01605942 0.01544404 0.01874218 0.01608428 0.01603730
 [37] 0.01626111 0.01531713 0.01802469 0.01590168 0.01626118 0.01627006
 [43] 0.01593196 0.01612970 0.01549303 0.01611319 0.01674929 0.01666466
 [49] 0.01558088 0.01593608 0.01629159 0.01681912 0.01590068 0.01560793
 [55] 0.01625170 0.01666906 0.01724756 0.01563984 0.01595292 0.01566570
 [61] 0.01569380 0.01494711 0.01640096 0.01620923 0.01574505 0.01520021
 [67] 0.01541084 0.01680716 0.01691981 0.01607991 0.01601806 0.01534950
 [73] 0.01788105 0.01623333 0.01591699 0.01581061 0.01587823 0.01559300
 [79] 0.01579903 0.01620151 0.01622703 0.01573248 0.01572730 0.01533913
 [85] 0.01539186 0.01607482 0.01604446 0.01626959 0.01874365 0.01677790
 [91] 0.01535676 0.01595205 0.01552872 0.01635027 0.01648479 0.01746596
 [97] 0.01696038 0.01579815 0.01582348 0.01620003 0.01631373 0.01674771
[103] 0.01592327 0.01599229 0.01668864 0.01575299 0.01597512 0.01551935
[109] 0.01498415 0.01538355 0.01641991 0.01619079 0.01600609 0.01594763
[115] 0.01627691 0.01561634 0.01654898 0.01679424 0.01587315 0.01568314
[121] 0.01597107 0.01557088 0.01654301 0.01594800 0.01609324 0.01590046
[127] 0.01610146 0.01604484 0.01530215 0.01549304 0.01575134 0.01543474
[133] 0.01555761 0.01586249 0.01625096 0.01543893 0.01615416 0.01550939
[139] 0.01520858 0.01579119 0.01569831 0.01577668 0.01532697 0.01648083
[145] 0.01643756 0.01605857 0.01603932 0.01540456 0.01725267 0.01566500
[151] 0.01580533 0.01576890 0.01607495 0.01586793 0.01731753 0.01614923
[157] 0.01559849 0.01650400 0.01664793 0.01688350 0.01594696 0.01630463
[163] 0.01527911 0.01638036 0.01785511 0.01606689 0.01649683 0.01630239
[169] 0.01605786 0.01556578 0.01643579 0.01615238 0.01681061 0.01553616
[175] 0.01574606 0.01571110 0.01525192 0.01583590 0.01650760 0.01538352
[181] 0.01600782 0.01613712 0.01552627 0.01557818 0.01556297 0.01556721
[187] 0.01580979 0.01632282 0.01549018 0.01599713 0.01591439 0.01524095
[193] 0.01624853 0.01581161 0.01560476 0.01619495 0.01964571 0.01636575
[199] 0.01599150 0.01602617
[1] "Percent of time PIP >= 0.1: "
  [1] 0.455 0.985 1.000 1.000 0.005 0.000 0.005 0.000 0.000 0.000 0.000 0.000
 [13] 0.000 0.000 0.000 0.010 0.000 0.005 0.000 0.000 0.005 0.000 0.000 0.000
 [25] 0.000 0.000 0.000 0.000 0.000 0.005 0.000 0.000 0.000 0.005 0.000 0.000
 [37] 0.000 0.000 0.005 0.000 0.000 0.000 0.000 0.000 0.000 0.000 0.010 0.000
 [49] 0.000 0.000 0.000 0.000 0.005 0.000 0.000 0.005 0.005 0.000 0.000 0.000
 [61] 0.000 0.000 0.000 0.000 0.000 0.000 0.000 0.005 0.005 0.000 0.000 0.000
 [73] 0.005 0.005 0.000 0.000 0.000 0.005 0.000 0.000 0.000 0.000 0.000 0.000
 [85] 0.000 0.000 0.000 0.000 0.005 0.005 0.000 0.000 0.000 0.000 0.000 0.005
 [97] 0.000 0.000 0.000 0.000 0.000 0.000 0.000 0.000 0.000 0.000 0.000 0.000
[109] 0.000 0.000 0.000 0.000 0.000 0.000 0.000 0.000 0.000 0.000 0.000 0.000
[121] 0.000 0.005 0.005 0.000 0.000 0.000 0.000 0.000 0.000 0.000 0.000 0.000
[133] 0.000 0.000 0.005 0.000 0.000 0.000 0.000 0.000 0.000 0.000 0.000 0.000
[145] 0.005 0.000 0.005 0.000 0.005 0.000 0.000 0.000 0.000 0.000 0.005 0.005
[157] 0.000 0.000 0.005 0.000 0.000 0.000 0.000 0.000 0.005 0.005 0.000 0.000
[169] 0.000 0.000 0.000 0.000 0.000 0.000 0.000 0.000 0.000 0.000 0.000 0.000
[181] 0.000 0.000 0.000 0.000 0.000 0.000 0.000 0.000 0.000 0.000 0.000 0.000
[193] 0.000 0.000 0.000 0.000 0.005 0.000 0.000 0.000
[1] "Percent of time PIP >= 0.5: "
  [1] 0.100 0.915 1.000 1.000 0.000 0.000 0.000 0.000 0.000 0.000 0.000 0.000
 [13] 0.000 0.000 0.000 0.000 0.000 0.000 0.000 0.000 0.000 0.000 0.000 0.000
 [25] 0.000 0.000 0.000 0.000 0.000 0.000 0.000 0.000 0.000 0.005 0.000 0.000
 [37] 0.000 0.000 0.005 0.000 0.000 0.000 0.000 0.000 0.000 0.000 0.000 0.000
 [49] 0.000 0.000 0.000 0.000 0.000 0.000 0.000 0.000 0.000 0.000 0.000 0.000
 [61] 0.000 0.000 0.000 0.000 0.000 0.000 0.000 0.000 0.000 0.000 0.000 0.000
 [73] 0.000 0.000 0.000 0.000 0.000 0.000 0.000 0.000 0.000 0.000 0.000 0.000
 [85] 0.000 0.000 0.000 0.000 0.005 0.000 0.000 0.000 0.000 0.000 0.000 0.000
 [97] 0.000 0.000 0.000 0.000 0.000 0.000 0.000 0.000 0.000 0.000 0.000 0.000
[109] 0.000 0.000 0.000 0.000 0.000 0.000 0.000 0.000 0.000 0.000 0.000 0.000
[121] 0.000 0.000 0.000 0.000 0.000 0.000 0.000 0.000 0.000 0.000 0.000 0.000
[133] 0.000 0.000 0.000 0.000 0.000 0.000 0.000 0.000 0.000 0.000 0.000 0.000
[145] 0.000 0.000 0.000 0.000 0.000 0.000 0.000 0.000 0.000 0.000 0.000 0.000
[157] 0.000 0.000 0.000 0.000 0.000 0.000 0.000 0.000 0.000 0.000 0.000 0.000
[169] 0.000 0.000 0.000 0.000 0.000 0.000 0.000 0.000 0.000 0.000 0.000 0.000
[181] 0.000 0.000 0.000 0.000 0.000 0.000 0.000 0.000 0.000 0.000 0.000 0.000
[193] 0.000 0.000 0.000 0.000 0.005 0.000 0.000 0.000
[1] "Percent of time PIP >= 0.9: "
  [1] 0.035 0.805 1.000 1.000 0.000 0.000 0.000 0.000 0.000 0.000 0.000 0.000
 [13] 0.000 0.000 0.000 0.000 0.000 0.000 0.000 0.000 0.000 0.000 0.000 0.000
 [25] 0.000 0.000 0.000 0.000 0.000 0.000 0.000 0.000 0.000 0.000 0.000 0.000
 [37] 0.000 0.000 0.000 0.000 0.000 0.000 0.000 0.000 0.000 0.000 0.000 0.000
 [49] 0.000 0.000 0.000 0.000 0.000 0.000 0.000 0.000 0.000 0.000 0.000 0.000
 [61] 0.000 0.000 0.000 0.000 0.000 0.000 0.000 0.000 0.000 0.000 0.000 0.000
 [73] 0.000 0.000 0.000 0.000 0.000 0.000 0.000 0.000 0.000 0.000 0.000 0.000
 [85] 0.000 0.000 0.000 0.000 0.000 0.000 0.000 0.000 0.000 0.000 0.000 0.000
 [97] 0.000 0.000 0.000 0.000 0.000 0.000 0.000 0.000 0.000 0.000 0.000 0.000
[109] 0.000 0.000 0.000 0.000 0.000 0.000 0.000 0.000 0.000 0.000 0.000 0.000
[121] 0.000 0.000 0.000 0.000 0.000 0.000 0.000 0.000 0.000 0.000 0.000 0.000
[133] 0.000 0.000 0.000 0.000 0.000 0.000 0.000 0.000 0.000 0.000 0.000 0.000
[145] 0.000 0.000 0.000 0.000 0.000 0.000 0.000 0.000 0.000 0.000 0.000 0.000
[157] 0.000 0.000 0.000 0.000 0.000 0.000 0.000 0.000 0.000 0.000 0.000 0.000
[169] 0.000 0.000 0.000 0.000 0.000 0.000 0.000 0.000 0.000 0.000 0.000 0.000
[181] 0.000 0.000 0.000 0.000 0.000 0.000 0.000 0.000 0.000 0.000 0.000 0.000
[193] 0.000 0.000 0.000 0.000 0.000 0.000 0.000 0.000
