[1] "Average PIPs: "
  [1] 0.0552696579 0.6276994382 0.9920345350 0.9997189717 0.0004355960
  [6] 0.0004120396 0.0003887675 0.0003750626 0.0003897950 0.0003253299
 [11] 0.0002995728 0.0004908881 0.0004337964 0.0003672157 0.0003639508
 [16] 0.0010269316 0.0004144127 0.0004515622 0.0004668709 0.0004747843
 [21] 0.0003920279 0.0003813233 0.0004044430 0.0003690453 0.0003601118
 [26] 0.0003677464 0.0004248629 0.0004319427 0.0004745829 0.0003450340
 [31] 0.0004364945 0.0003787962 0.0005565817 0.0003677492 0.0004222163
 [36] 0.0003136114 0.0005973650 0.0004725676 0.0003649849 0.0003653802
 [41] 0.0003672647 0.0004355851 0.0007574507 0.0004898654 0.0004290907
 [46] 0.0003691024 0.0003307756 0.0003687433 0.0003427001 0.0003891370
 [51] 0.0003408414 0.0006197581 0.0007186116 0.0003544444 0.0003399472
 [56] 0.0004399506 0.0005807982 0.0003325983 0.0004180392 0.0005703625
 [61] 0.0003539419 0.0003798252 0.0009986903 0.0004600932 0.0003342535
 [66] 0.0007180222 0.0003721408 0.0004986656 0.0004205976 0.0003629507
 [71] 0.0004319992 0.0003635981 0.0007644330 0.0003503217 0.0004039403
 [76] 0.0008255007 0.0004020126 0.0003841218 0.0005935272 0.0008507157
 [81] 0.0003608332 0.0003714703 0.0004051194 0.0008514009 0.0004205564
 [86] 0.0003213919 0.0003441854 0.0003908019 0.0003658976 0.0004723528
 [91] 0.0003790511 0.0003331800 0.0003929486 0.0003513097 0.0003669575
 [96] 0.0006086688 0.0003841036 0.0004292633 0.0004025049 0.0005562513
[101] 0.0004810686 0.0004836007 0.0005745746 0.0004761002 0.0006283957
[106] 0.0005352144 0.0004380810 0.0003077371 0.0003642969 0.0003546290
[111] 0.0003904068 0.0003772090 0.0004224119 0.0007788636 0.0005194245
[116] 0.0003516328 0.0004362264 0.0007052063 0.0003316879 0.0003543310
[121] 0.0003149517 0.0004049109 0.0006415342 0.0003934795 0.0003210625
[126] 0.0008663643 0.0010046338 0.0003742358 0.0003845452 0.0004775144
[131] 0.0049548931 0.0003517500 0.0003226828 0.0004010380 0.0005966574
[136] 0.0003566539 0.0007000313 0.0003490612 0.0003566843 0.0004261113
[141] 0.0003540878 0.0003419155 0.0003457827 0.0003619254 0.0003747567
[146] 0.0007512566 0.0003836286 0.0003637231 0.0003333933 0.0003735098
[151] 0.0004023794 0.0003305347 0.0003863025 0.0003828419 0.0003441032
[156] 0.0004519096 0.0003552520 0.0004613298 0.0004823029 0.0006387334
[161] 0.0004136083 0.0003529192 0.0003806038 0.0006032321 0.0004797802
[166] 0.0054007134 0.0003730829 0.0004226795 0.0003375222 0.0003890266
[171] 0.0003017762 0.0004633481 0.0005054277 0.0003361270 0.0003745491
[176] 0.0004412051 0.0003940230 0.0004317119 0.0004857010 0.0003819962
[181] 0.0003915963 0.0006212770 0.0004795689 0.0004016021 0.0005008498
[186] 0.0002973087 0.0007691135 0.0005250753 0.0003075919 0.0003787094
[191] 0.0003682724 0.0005792130 0.0003290788 0.0004457042 0.0004529632
[196] 0.0003331399 0.0004656873 0.0003513462 0.0005036886 0.0003314557
[1] "Percent of time PIP >= 0.1: "
  [1] 0.080 0.695 0.995 1.000 0.000 0.000 0.000 0.000 0.000 0.000 0.000 0.000
 [13] 0.000 0.000 0.000 0.005 0.000 0.000 0.000 0.000 0.000 0.000 0.000 0.000
 [25] 0.000 0.000 0.000 0.000 0.000 0.000 0.000 0.000 0.000 0.000 0.000 0.000
 [37] 0.000 0.000 0.000 0.000 0.000 0.000 0.000 0.000 0.000 0.000 0.000 0.000
 [49] 0.000 0.000 0.000 0.000 0.000 0.000 0.000 0.000 0.000 0.000 0.000 0.000
 [61] 0.000 0.000 0.005 0.000 0.000 0.000 0.000 0.000 0.000 0.000 0.000 0.000
 [73] 0.000 0.000 0.000 0.000 0.000 0.000 0.000 0.000 0.000 0.000 0.000 0.005
 [85] 0.000 0.000 0.000 0.000 0.000 0.000 0.000 0.000 0.000 0.000 0.000 0.000
 [97] 0.000 0.000 0.000 0.000 0.000 0.000 0.000 0.000 0.000 0.000 0.000 0.000
[109] 0.000 0.000 0.000 0.000 0.000 0.000 0.000 0.000 0.000 0.000 0.000 0.000
[121] 0.000 0.000 0.000 0.000 0.000 0.000 0.005 0.000 0.000 0.000 0.005 0.000
[133] 0.000 0.000 0.000 0.000 0.000 0.000 0.000 0.000 0.000 0.000 0.000 0.000
[145] 0.000 0.000 0.000 0.000 0.000 0.000 0.000 0.000 0.000 0.000 0.000 0.000
[157] 0.000 0.000 0.000 0.000 0.000 0.000 0.000 0.000 0.000 0.005 0.000 0.000
[169] 0.000 0.000 0.000 0.000 0.000 0.000 0.000 0.000 0.000 0.000 0.000 0.000
[181] 0.000 0.000 0.000 0.000 0.000 0.000 0.000 0.000 0.000 0.000 0.000 0.000
[193] 0.000 0.000 0.000 0.000 0.000 0.000 0.000 0.000
[1] "Percent of time PIP >= 0.5: "
  [1] 0.045 0.625 0.990 1.000 0.000 0.000 0.000 0.000 0.000 0.000 0.000 0.000
 [13] 0.000 0.000 0.000 0.000 0.000 0.000 0.000 0.000 0.000 0.000 0.000 0.000
 [25] 0.000 0.000 0.000 0.000 0.000 0.000 0.000 0.000 0.000 0.000 0.000 0.000
 [37] 0.000 0.000 0.000 0.000 0.000 0.000 0.000 0.000 0.000 0.000 0.000 0.000
 [49] 0.000 0.000 0.000 0.000 0.000 0.000 0.000 0.000 0.000 0.000 0.000 0.000
 [61] 0.000 0.000 0.000 0.000 0.000 0.000 0.000 0.000 0.000 0.000 0.000 0.000
 [73] 0.000 0.000 0.000 0.000 0.000 0.000 0.000 0.000 0.000 0.000 0.000 0.000
 [85] 0.000 0.000 0.000 0.000 0.000 0.000 0.000 0.000 0.000 0.000 0.000 0.000
 [97] 0.000 0.000 0.000 0.000 0.000 0.000 0.000 0.000 0.000 0.000 0.000 0.000
[109] 0.000 0.000 0.000 0.000 0.000 0.000 0.000 0.000 0.000 0.000 0.000 0.000
[121] 0.000 0.000 0.000 0.000 0.000 0.000 0.000 0.000 0.000 0.000 0.005 0.000
[133] 0.000 0.000 0.000 0.000 0.000 0.000 0.000 0.000 0.000 0.000 0.000 0.000
[145] 0.000 0.000 0.000 0.000 0.000 0.000 0.000 0.000 0.000 0.000 0.000 0.000
[157] 0.000 0.000 0.000 0.000 0.000 0.000 0.000 0.000 0.000 0.005 0.000 0.000
[169] 0.000 0.000 0.000 0.000 0.000 0.000 0.000 0.000 0.000 0.000 0.000 0.000
[181] 0.000 0.000 0.000 0.000 0.000 0.000 0.000 0.000 0.000 0.000 0.000 0.000
[193] 0.000 0.000 0.000 0.000 0.000 0.000 0.000 0.000
[1] "Percent of time PIP >= 0.9: "
  [1] 0.040 0.565 0.990 1.000 0.000 0.000 0.000 0.000 0.000 0.000 0.000 0.000
 [13] 0.000 0.000 0.000 0.000 0.000 0.000 0.000 0.000 0.000 0.000 0.000 0.000
 [25] 0.000 0.000 0.000 0.000 0.000 0.000 0.000 0.000 0.000 0.000 0.000 0.000
 [37] 0.000 0.000 0.000 0.000 0.000 0.000 0.000 0.000 0.000 0.000 0.000 0.000
 [49] 0.000 0.000 0.000 0.000 0.000 0.000 0.000 0.000 0.000 0.000 0.000 0.000
 [61] 0.000 0.000 0.000 0.000 0.000 0.000 0.000 0.000 0.000 0.000 0.000 0.000
 [73] 0.000 0.000 0.000 0.000 0.000 0.000 0.000 0.000 0.000 0.000 0.000 0.000
 [85] 0.000 0.000 0.000 0.000 0.000 0.000 0.000 0.000 0.000 0.000 0.000 0.000
 [97] 0.000 0.000 0.000 0.000 0.000 0.000 0.000 0.000 0.000 0.000 0.000 0.000
[109] 0.000 0.000 0.000 0.000 0.000 0.000 0.000 0.000 0.000 0.000 0.000 0.000
[121] 0.000 0.000 0.000 0.000 0.000 0.000 0.000 0.000 0.000 0.000 0.005 0.000
[133] 0.000 0.000 0.000 0.000 0.000 0.000 0.000 0.000 0.000 0.000 0.000 0.000
[145] 0.000 0.000 0.000 0.000 0.000 0.000 0.000 0.000 0.000 0.000 0.000 0.000
[157] 0.000 0.000 0.000 0.000 0.000 0.000 0.000 0.000 0.000 0.005 0.000 0.000
[169] 0.000 0.000 0.000 0.000 0.000 0.000 0.000 0.000 0.000 0.000 0.000 0.000
[181] 0.000 0.000 0.000 0.000 0.000 0.000 0.000 0.000 0.000 0.000 0.000 0.000
[193] 0.000 0.000 0.000 0.000 0.000 0.000 0.000 0.000
