[1] "Average Estimates for Betas: "
  [1]  5.195300e-02  1.005485e-01  1.921302e-01  3.025619e-01 -3.971320e-03
  [6]  2.727856e-03 -1.263611e-02 -9.820229e-04 -9.072396e-03 -7.143643e-03
 [11]  1.129521e-03  4.691524e-03 -1.481121e-03 -3.091819e-03  2.301701e-03
 [16] -2.989356e-03 -5.860621e-03 -1.416512e-03  9.540376e-04 -6.603422e-03
 [21] -5.658492e-03 -3.168625e-03  3.087339e-03 -5.822446e-03  3.910901e-03
 [26] -3.471136e-03  3.849856e-04  6.457375e-03 -2.074307e-03  9.566465e-04
 [31]  8.221369e-04  3.018220e-03 -2.978224e-03 -2.611763e-03 -7.026369e-03
 [36]  1.768479e-03  1.420176e-03 -6.205724e-03  2.198278e-03  5.245095e-03
 [41] -7.110148e-03 -6.034458e-03 -5.375659e-03  3.351535e-03  3.303265e-03
 [46]  3.784254e-03 -7.255497e-03  1.417043e-04 -3.336284e-03 -4.534926e-04
 [51]  1.681310e-03  1.692669e-03  2.070106e-03 -1.128381e-03 -4.301402e-03
 [56] -2.743645e-03 -1.770424e-03  7.658332e-03  5.623930e-03 -8.165092e-04
 [61]  3.869081e-04  1.204304e-03 -7.046132e-03  6.167583e-04 -1.466374e-03
 [66]  3.398339e-03  3.052786e-03 -4.107116e-03  4.979750e-03  6.644709e-03
 [71] -1.365797e-03 -5.032272e-03 -1.123489e-02 -5.832511e-03 -1.061633e-02
 [76] -3.507806e-03 -7.107538e-04 -6.684318e-03 -5.939879e-03  1.118386e-02
 [81]  8.833780e-03  6.678148e-03  5.301996e-04 -5.788935e-04  3.188275e-03
 [86] -4.598656e-04  2.397220e-03  2.228137e-03 -2.004160e-03  2.660882e-03
 [91] -2.572081e-03 -1.647656e-03  1.187870e-03 -6.211349e-03 -3.584333e-03
 [96] -1.237963e-03 -5.343736e-04 -1.167382e-03 -7.850013e-05  4.449622e-03
[101] -4.826558e-03 -2.167942e-03 -5.520637e-03 -1.120625e-03  2.163696e-03
[106] -2.409612e-03 -8.206507e-04 -3.982811e-03 -2.021480e-03 -1.273621e-02
[111]  8.378545e-03 -2.544793e-04  1.005400e-03  5.373258e-03  5.209501e-03
[116] -5.520628e-03 -1.245708e-03 -1.537985e-03  1.249135e-03  3.069215e-03
[121]  2.270827e-03 -8.400321e-03  5.659815e-04  8.919453e-03  4.759736e-03
[126]  2.290954e-03  1.254615e-02  1.378616e-03 -3.439250e-03  6.787936e-03
[131] -2.531349e-03 -9.097949e-03  8.053477e-04  5.290430e-03  6.022556e-03
[136] -8.856125e-03  8.910488e-03  3.550525e-03 -3.000669e-03  5.551163e-03
[141]  3.320997e-04 -2.943551e-03  6.231536e-03 -5.103140e-03 -6.968509e-03
[146] -2.967052e-03 -4.064374e-04  1.523656e-03 -7.742304e-04 -4.036311e-03
[151]  5.931512e-03 -7.448807e-05  3.097886e-03 -2.695719e-03 -6.004226e-03
[156]  5.741980e-03  1.121550e-02  4.830050e-04 -2.862162e-03  5.920424e-04
[161]  6.433860e-03 -3.421827e-03  5.651957e-03 -8.701618e-05 -5.766875e-03
[166] -2.739421e-03  2.564858e-03  7.295645e-03 -5.162062e-03 -1.670808e-03
[171] -3.710946e-03  3.619653e-03  1.924471e-03 -1.012752e-02 -9.610696e-04
[176]  3.365261e-03 -4.782271e-03 -5.735481e-03  5.775248e-03 -4.510668e-04
[181]  1.224200e-03  2.938374e-03 -7.582796e-03 -2.062682e-03  4.383413e-04
[186]  1.264747e-02  2.442058e-03  1.088366e-02 -5.025643e-03  1.446691e-03
[191] -5.060278e-03 -6.642078e-03 -7.867804e-04 -1.639212e-03  4.311334e-03
[196] -1.261833e-03  1.921778e-03  1.386850e-02  3.196904e-04 -1.025215e-03
[1] "Standard Deviations of Betas: "
  [1] 0.06221542 0.05832969 0.06140931 0.05450514 0.06704347 0.06525415
  [7] 0.06777267 0.05966869 0.05766858 0.05678717 0.05414502 0.05651747
 [13] 0.06132504 0.06586585 0.06164618 0.06636450 0.06014330 0.05888102
 [19] 0.05911008 0.06218833 0.05806029 0.05878420 0.06767201 0.05590386
 [25] 0.06895899 0.06102918 0.05587706 0.06235386 0.05903051 0.06272104
 [31] 0.06246844 0.06237779 0.06630340 0.05680057 0.05792618 0.06146264
 [37] 0.05473940 0.08238613 0.05709049 0.06682682 0.06338796 0.06173672
 [43] 0.06008024 0.06829505 0.05658818 0.06107587 0.05869869 0.06738737
 [49] 0.05961344 0.05936818 0.06335424 0.05880796 0.07038090 0.06112511
 [55] 0.06474325 0.05775706 0.06802147 0.05528036 0.06194946 0.06451894
 [61] 0.05600618 0.05651610 0.06331194 0.05919879 0.06135957 0.05913793
 [67] 0.06435950 0.05440267 0.06665060 0.06973419 0.06095444 0.06086216
 [73] 0.06584708 0.05330105 0.05889178 0.06168476 0.05457017 0.05889124
 [79] 0.05893364 0.06326296 0.06470144 0.05882980 0.06240515 0.05623164
 [85] 0.06219657 0.05991608 0.06367412 0.06296893 0.05607809 0.06251001
 [91] 0.06551182 0.06737151 0.06372876 0.06445358 0.06943016 0.05692672
 [97] 0.06567822 0.06438112 0.05932590 0.06604342 0.07039285 0.06193340
[103] 0.06162737 0.05782862 0.05636764 0.05291921 0.06540772 0.06664263
[109] 0.06085014 0.05713197 0.07522521 0.05854192 0.06356841 0.06260647
[115] 0.06229480 0.05806575 0.06529965 0.05755856 0.06463339 0.05839577
[121] 0.07017942 0.06721320 0.06386763 0.06395554 0.06870702 0.05922390
[127] 0.06047651 0.06550272 0.06564604 0.05855472 0.07009471 0.05761138
[133] 0.06459071 0.06650250 0.05443190 0.06668883 0.06727085 0.06014213
[139] 0.07221634 0.06231530 0.06367039 0.06449581 0.05719500 0.05418083
[145] 0.06541375 0.05584804 0.05794053 0.05882903 0.06109561 0.06664727
[151] 0.05477306 0.06588150 0.05874077 0.06105778 0.06652848 0.06298595
[157] 0.05943437 0.06139269 0.05845434 0.07170472 0.05507733 0.06101380
[163] 0.05460484 0.06500910 0.05939186 0.06589123 0.05929924 0.06626941
[169] 0.05971998 0.05791117 0.06191972 0.06437946 0.06513557 0.05886741
[175] 0.05740124 0.06095160 0.06884705 0.05799243 0.06617658 0.06132493
[181] 0.05542169 0.06024873 0.06043422 0.06930147 0.05652839 0.06441255
[187] 0.06660363 0.05662860 0.05757190 0.06461512 0.05883068 0.05890762
[193] 0.06499438 0.07486656 0.05700170 0.05870665 0.05947008 0.05494581
[199] 0.06144656 0.06409714
[1] "Average StdErrors for Betas: "
  [1] 0.02614688 0.02619977 0.02518655 0.02504257 0.02620002 0.02537600
  [7] 0.02704655 0.02669897 0.02617745 0.02557953 0.02558037 0.02594878
 [13] 0.02572682 0.02596338 0.02616747 0.02558510 0.02568589 0.02650509
 [19] 0.02644115 0.02667352 0.02644427 0.02605098 0.02654261 0.02501263
 [25] 0.02550827 0.02654095 0.02548450 0.02622225 0.02603586 0.02661352
 [31] 0.02527698 0.02564962 0.02683263 0.02628177 0.02613526 0.02583127
 [37] 0.02636381 0.02681187 0.02551397 0.02663596 0.02689278 0.02612413
 [43] 0.02579828 0.02622278 0.02511387 0.02658267 0.02679746 0.02692989
 [49] 0.02633031 0.02738657 0.02560234 0.02534160 0.02588768 0.02569319
 [55] 0.02611102 0.02599590 0.02684070 0.02598027 0.02578322 0.02626423
 [61] 0.02629085 0.02554548 0.02670980 0.02578112 0.02589951 0.02624258
 [67] 0.02610974 0.02575683 0.02603073 0.02553799 0.02624011 0.02591029
 [73] 0.02608456 0.02528816 0.02644883 0.02596550 0.02510611 0.02567098
 [79] 0.02556886 0.02607530 0.02781772 0.02660917 0.02607421 0.02582887
 [85] 0.02614816 0.02616121 0.02630437 0.02685739 0.02608645 0.02718356
 [91] 0.02575549 0.02563087 0.02588503 0.02686761 0.02624402 0.02636723
 [97] 0.02619000 0.02675427 0.02560983 0.02592730 0.02626555 0.02641519
[103] 0.02613690 0.02700256 0.02598134 0.02730418 0.02683034 0.02580607
[109] 0.02546534 0.02602774 0.02668903 0.02646970 0.02575763 0.02637171
[115] 0.02626429 0.02575688 0.02641018 0.02562695 0.02577202 0.02675766
[121] 0.02629619 0.02599063 0.02533327 0.02681365 0.02725913 0.02644225
[127] 0.02625384 0.02672401 0.02589526 0.02580450 0.02795560 0.02579153
[133] 0.02668045 0.02589687 0.02608674 0.02667188 0.02573923 0.02660570
[139] 0.02659297 0.02595972 0.02656519 0.02607141 0.02640846 0.02671894
[145] 0.02588258 0.02626043 0.02606600 0.02558751 0.02617153 0.02625513
[151] 0.02510522 0.02640110 0.02599312 0.02535332 0.02604094 0.02605308
[157] 0.02565772 0.02628082 0.02641694 0.02653297 0.02660983 0.02672849
[163] 0.02576547 0.02557279 0.02537185 0.02628347 0.02611069 0.02669804
[169] 0.02655107 0.02702442 0.02694396 0.02735147 0.02609823 0.02552138
[175] 0.02608639 0.02567141 0.02619191 0.02589819 0.02621573 0.02525789
[181] 0.02646972 0.02660068 0.02595520 0.02676407 0.02617677 0.02600163
[187] 0.02596707 0.02642241 0.02589815 0.02620965 0.02677863 0.02579600
[193] 0.02724854 0.02685596 0.02638677 0.02574414 0.02526880 0.02682600
[199] 0.02653449 0.02672898
[1] "Positive rate for exposures: "
  [1] 0.6289308 0.8176101 0.9748428 1.0000000 0.3584906 0.3081761 0.4025157
  [8] 0.3270440 0.3144654 0.2955975 0.3018868 0.3144654 0.3522013 0.3144654
 [15] 0.3333333 0.3647799 0.3333333 0.3647799 0.3081761 0.3459119 0.3018868
 [22] 0.3333333 0.3459119 0.3584906 0.3522013 0.3270440 0.3270440 0.3647799
 [29] 0.3836478 0.3584906 0.4213836 0.2767296 0.3773585 0.2641509 0.3962264
 [36] 0.3144654 0.3144654 0.3144654 0.3584906 0.3584906 0.3836478 0.3522013
 [43] 0.2704403 0.3962264 0.3270440 0.3584906 0.3018868 0.3899371 0.3647799
 [50] 0.3584906 0.4150943 0.3647799 0.3647799 0.3522013 0.3522013 0.3584906
 [57] 0.4465409 0.3270440 0.2704403 0.3836478 0.3459119 0.3081761 0.2955975
 [64] 0.3647799 0.3396226 0.3647799 0.3836478 0.3018868 0.3773585 0.4025157
 [71] 0.3207547 0.3459119 0.3144654 0.3081761 0.3773585 0.3710692 0.3018868
 [78] 0.3396226 0.3584906 0.3836478 0.3710692 0.2893082 0.3333333 0.3081761
 [85] 0.3207547 0.3647799 0.3333333 0.3144654 0.3018868 0.3018868 0.3459119
 [92] 0.3459119 0.3207547 0.3270440 0.3647799 0.3333333 0.3647799 0.3207547
 [99] 0.3018868 0.4025157 0.4402516 0.3836478 0.3710692 0.3522013 0.2515723
[106] 0.3018868 0.4025157 0.3773585 0.3333333 0.3396226 0.3584906 0.3584906
[113] 0.3836478 0.2767296 0.3270440 0.3647799 0.3270440 0.4150943 0.3333333
[120] 0.3584906 0.3207547 0.3333333 0.3584906 0.3459119 0.3647799 0.3207547
[127] 0.3270440 0.3207547 0.3018868 0.3710692 0.3270440 0.3081761 0.3647799
[134] 0.3899371 0.3773585 0.3710692 0.3710692 0.3773585 0.3773585 0.3584906
[141] 0.3773585 0.3396226 0.3459119 0.3207547 0.3333333 0.3270440 0.3773585
[148] 0.3710692 0.3396226 0.3962264 0.3270440 0.3710692 0.3584906 0.3522013
[155] 0.3144654 0.3522013 0.3773585 0.3396226 0.3459119 0.4402516 0.3207547
[162] 0.3333333 0.3144654 0.3459119 0.3647799 0.4088050 0.3647799 0.3270440
[169] 0.2955975 0.3333333 0.3144654 0.3459119 0.3773585 0.3647799 0.3459119
[176] 0.3773585 0.3773585 0.3459119 0.3962264 0.3773585 0.2767296 0.3081761
[183] 0.3522013 0.3396226 0.3144654 0.3584906 0.3710692 0.2955975 0.3018868
[190] 0.3584906 0.3333333 0.3584906 0.3207547 0.4088050 0.3899371 0.3333333
[197] 0.3647799 0.3018868 0.3144654 0.3647799
[1] "Q-value positive rate for exposures: "
  [1] 0.4339623 0.7484277 0.9559748 1.0000000 0.2578616 0.2201258 0.2515723
  [8] 0.2012579 0.2327044 0.1823899 0.1949686 0.1823899 0.2641509 0.2075472
 [15] 0.2264151 0.2264151 0.2138365 0.2012579 0.2012579 0.2327044 0.1949686
 [22] 0.2578616 0.2138365 0.2264151 0.2955975 0.2201258 0.2264151 0.2452830
 [29] 0.2641509 0.2641509 0.2767296 0.2138365 0.2452830 0.1886792 0.2515723
 [36] 0.2012579 0.1886792 0.2578616 0.2327044 0.2201258 0.2452830 0.2327044
 [43] 0.1886792 0.3018868 0.2452830 0.2264151 0.1949686 0.2578616 0.2641509
 [50] 0.2075472 0.2830189 0.2641509 0.2264151 0.2389937 0.2327044 0.2515723
 [57] 0.2830189 0.2012579 0.1886792 0.2704403 0.2327044 0.2138365 0.2138365
 [64] 0.2264151 0.2327044 0.2389937 0.2012579 0.2201258 0.2704403 0.2452830
 [71] 0.2578616 0.2012579 0.2389937 0.1635220 0.2327044 0.2704403 0.2515723
 [78] 0.2327044 0.2515723 0.2704403 0.2515723 0.1635220 0.2389937 0.1823899
 [85] 0.1886792 0.1886792 0.2264151 0.2578616 0.2012579 0.1761006 0.2264151
 [92] 0.2264151 0.2201258 0.2452830 0.2515723 0.2389937 0.2578616 0.1949686
 [99] 0.1949686 0.2767296 0.2830189 0.2264151 0.2389937 0.2327044 0.1761006
[106] 0.2075472 0.2704403 0.2641509 0.2201258 0.2201258 0.2389937 0.2327044
[113] 0.2075472 0.2075472 0.1949686 0.2452830 0.2075472 0.2515723 0.2138365
[120] 0.2327044 0.2327044 0.2515723 0.2515723 0.2515723 0.2641509 0.2075472
[127] 0.2201258 0.1949686 0.2264151 0.2327044 0.2075472 0.2138365 0.2578616
[134] 0.2641509 0.1949686 0.2327044 0.2704403 0.2012579 0.2327044 0.2452830
[141] 0.2704403 0.1886792 0.2075472 0.2264151 0.2138365 0.2075472 0.2515723
[148] 0.2452830 0.2201258 0.2641509 0.2327044 0.2264151 0.2264151 0.2641509
[155] 0.2138365 0.2389937 0.2515723 0.2389937 0.2327044 0.3018868 0.2515723
[162] 0.2327044 0.1761006 0.2515723 0.2452830 0.2830189 0.2515723 0.2515723
[169] 0.2389937 0.2264151 0.1949686 0.2075472 0.2641509 0.2327044 0.2389937
[176] 0.2264151 0.2515723 0.2327044 0.2452830 0.2578616 0.1509434 0.2012579
[183] 0.2327044 0.2641509 0.1949686 0.2452830 0.2389937 0.2075472 0.2075472
[190] 0.2264151 0.2201258 0.2893082 0.2201258 0.2578616 0.2264151 0.2075472
[197] 0.2704403 0.1949686 0.1886792 0.2515723
[1] "Precision/Recall/F1 based on p-values:"
[1] 0.04800565 0.85534591 0.09090909
[1] "Precision/Recall/F1 based on Q-values:"
[1] 0.06483045 0.78459119 0.11976479
