[1] "Average Estimates for Betas: "
 [1]  0.0423143537  0.0871937559  0.1661397152  0.2500621870 -0.0006203890
 [6]  0.0075077309 -0.0046386347  0.0034220545 -0.0062993747 -0.0065543159
[11] -0.0003630822 -0.0023085516  0.0035118408  0.0038479370 -0.0019010815
[16] -0.0292667995 -0.0047921579 -0.0001258360 -0.0047481668 -0.0118308009
[21]  0.0102936433 -0.0026665854 -0.0008316562  0.0024610824  0.0026721268
[26]  0.0120651422 -0.0047724464  0.0090637318  0.0166719241 -0.0102507985
[1] "Standard Deviations of Betas: "
 [1] 0.1093383 0.1299922 0.1265172 0.1335321 0.1277325 0.1425659 0.1241290
 [8] 0.1145809 0.1241617 0.1231268 0.1311017 0.1171256 0.1191932 0.1262040
[15] 0.1197136 0.1244207 0.1290016 0.1163898 0.1311133 0.1205403 0.1204207
[22] 0.1245078 0.1312578 0.1352605 0.1357990 0.1227197 0.1178720 0.1224617
[29] 0.1179644 0.1298333
[1] "Average StdErrors for Betas: "
 [1] 0.02676510 0.02718937 0.02692807 0.02667917 0.02711978 0.02710184
 [7] 0.02712822 0.02689025 0.02680709 0.02707038 0.02717376 0.02708643
[13] 0.02698300 0.02696753 0.02694568 0.02692510 0.02686318 0.02662176
[19] 0.02681608 0.02677906 0.02703094 0.02671508 0.02678698 0.02687204
[25] 0.02678784 0.02695835 0.02668407 0.02685833 0.02690159 0.02709539
[1] "Positive rate for exposures: "
 [1] 0.645 0.750 0.865 0.965 0.715 0.720 0.640 0.655 0.670 0.645 0.685 0.625
[13] 0.645 0.720 0.670 0.715 0.690 0.685 0.730 0.645 0.685 0.725 0.640 0.680
[25] 0.745 0.650 0.650 0.695 0.640 0.685
[1] "Bonferroni-corrected positive rate for exposures: "
 [1] 0.465 0.600 0.770 0.935 0.495 0.535 0.470 0.485 0.550 0.470 0.480 0.435
[13] 0.460 0.525 0.480 0.515 0.520 0.495 0.520 0.475 0.515 0.525 0.465 0.500
[25] 0.625 0.480 0.425 0.515 0.505 0.515
