[1] "Average Estimates for Betas: "
 [1]  0.0489339794  0.1038145486  0.2012555375  0.3026601898  0.0027931033
 [6]  0.0103111705  0.0003196217  0.0030326639 -0.0074257687 -0.0033512039
[11]  0.0026934718  0.0019059232  0.0025236822  0.0061891227 -0.0011076268
[16] -0.0328813449 -0.0040495106  0.0020527134 -0.0021430663 -0.0128600985
[21]  0.0073338125 -0.0015900767  0.0014828893  0.0009149460  0.0014316459
[26]  0.0140065420 -0.0059570100  0.0114630498  0.0143219118 -0.0087124424
[1] "Standard Deviations of Betas: "
 [1] 0.1082202 0.1341844 0.1258223 0.1334309 0.1315111 0.1459402 0.1247510
 [8] 0.1205507 0.1310068 0.1277879 0.1343568 0.1218746 0.1187756 0.1302449
[15] 0.1193817 0.1294085 0.1314445 0.1201964 0.1307713 0.1231048 0.1226219
[22] 0.1289703 0.1349833 0.1367751 0.1398500 0.1290586 0.1212269 0.1217872
[29] 0.1211629 0.1326544
[1] "Average StdErrors for Betas: "
 [1] 0.1172943 0.1191965 0.1179476 0.1168704 0.1189111 0.1187367 0.1187480
 [8] 0.1179555 0.1177039 0.1185700 0.1190276 0.1186846 0.1185184 0.1181998
[15] 0.1179406 0.1178364 0.1177021 0.1169705 0.1175191 0.1173149 0.1185032
[22] 0.1171116 0.1174894 0.1177483 0.1176518 0.1181697 0.1168872 0.1175511
[29] 0.1179875 0.1186138
[1] "Positive rate for exposures: "
 [1] 0.055 0.165 0.375 0.740 0.085 0.100 0.075 0.045 0.050 0.060 0.075 0.050
[13] 0.040 0.080 0.055 0.070 0.075 0.045 0.050 0.065 0.050 0.065 0.080 0.075
[25] 0.070 0.055 0.050 0.055 0.070 0.070
[1] "Bonferroni-corrected positive rate for exposures: "
 [1] 0.010 0.025 0.125 0.270 0.005 0.010 0.000 0.000 0.005 0.000 0.000 0.000
[13] 0.005 0.000 0.000 0.000 0.005 0.005 0.010 0.010 0.000 0.005 0.005 0.005
[25] 0.000 0.005 0.005 0.000 0.005 0.005
