[1] "Average Estimates for Betas: "
 [1]  5.115731e-02  1.017090e-01  2.009679e-01  2.989612e-01 -6.205187e-04
 [6]  6.303690e-04  1.066579e-03 -3.204435e-04  7.573462e-04 -3.695909e-03
[11] -2.602249e-03  4.426192e-03 -2.425021e-04  1.127891e-03 -8.396174e-05
[16] -1.121883e-03  6.723316e-04  2.985066e-03  3.289018e-04 -6.032163e-04
[21]  2.229460e-03  3.241752e-04  2.824281e-03 -6.561866e-04 -2.427901e-04
[26] -1.501176e-03 -3.431386e-04  1.902494e-03  1.169327e-03 -8.154666e-04
[1] "Standard Deviations of Betas: "
 [1] 0.02243273 0.02471060 0.02097517 0.02361652 0.02614665 0.02568734
 [7] 0.02236219 0.02264641 0.02341025 0.02273345 0.02423070 0.02295502
[13] 0.02142368 0.02405383 0.02207339 0.02467041 0.02486526 0.02327416
[19] 0.02254439 0.02535310 0.02500725 0.02295871 0.02475831 0.02221438
[25] 0.02312483 0.02339745 0.02260445 0.02360166 0.02182323 0.02461451
[1] "Average StdErrors for Betas: "
 [1] 0.02312183 0.02348212 0.02333357 0.02300561 0.02342994 0.02356301
 [7] 0.02335283 0.02321882 0.02337112 0.02338907 0.02353931 0.02328765
[13] 0.02335749 0.02343992 0.02341705 0.02334836 0.02325991 0.02311140
[19] 0.02344203 0.02328720 0.02337908 0.02322959 0.02322331 0.02343299
[25] 0.02338704 0.02364469 0.02326287 0.02318441 0.02328118 0.02349658
[1] "Positive rate for exposures: "
 [1] 0.620 0.985 1.000 1.000 0.065 0.065 0.060 0.035 0.055 0.020 0.045 0.055
[13] 0.030 0.040 0.035 0.065 0.060 0.050 0.025 0.070 0.060 0.020 0.045 0.020
[25] 0.040 0.070 0.015 0.080 0.030 0.060
[1] "Bonferroni-corrected positive rate for exposures: "
 [1] 0.180 0.850 1.000 1.000 0.010 0.000 0.000 0.000 0.000 0.000 0.005 0.005
[13] 0.000 0.005 0.000 0.005 0.000 0.000 0.000 0.000 0.000 0.000 0.005 0.000
[25] 0.000 0.000 0.005 0.000 0.000 0.005
