[1] "Average Estimates for Betas: "
 [1]  5.152384e-02  1.094495e-01  1.996717e-01  3.132706e-01  5.546757e-03
 [6]  1.907932e-02  8.485476e-03  1.113219e-02 -7.369825e-03 -5.811072e-03
[11]  5.860364e-04  6.164486e-03  1.213863e-03 -5.005885e-03  5.667118e-03
[16] -3.463464e-02  2.576553e-03  4.075310e-03 -8.487393e-04 -8.565302e-03
[21]  1.675698e-02  1.519990e-02  5.240769e-04 -6.116159e-03  3.167248e-03
[26]  1.468809e-02  6.050575e-03 -7.010018e-05  1.482231e-02 -1.001969e-02
[1] "Standard Deviations of Betas: "
 [1] 0.1154644 0.1151469 0.1197189 0.1331996 0.1349227 0.1335995 0.1197728
 [8] 0.1177105 0.1351390 0.1236923 0.1353264 0.1206731 0.1182084 0.1256351
[15] 0.1167359 0.1392781 0.1271165 0.1139153 0.1285442 0.1261817 0.1209477
[22] 0.1383579 0.1215674 0.1379866 0.1134831 0.1316132 0.1222864 0.1256113
[29] 0.1204932 0.1324300
[1] "Average StdErrors for Betas: "
 [1] 0.1033110 0.1044029 0.1071069 0.1098986 0.1134188 0.1054076 0.1091877
 [8] 0.1068105 0.1088910 0.1041804 0.1123584 0.1125871 0.1086542 0.1080137
[15] 0.1045891 0.1118728 0.1060157 0.1084875 0.1081282 0.1086121 0.1065978
[22] 0.1023069 0.1058617 0.1108753 0.1054124 0.1057689 0.1044200 0.1094990
[29] 0.1070160 0.1088126
[1] "Positive rate for exposures: "
 [1] 0.15602837 0.25531915 0.47517730 0.78723404 0.14893617 0.13475177
 [7] 0.09929078 0.07801418 0.15602837 0.09219858 0.07092199 0.09219858
[13] 0.08510638 0.07801418 0.09219858 0.08510638 0.11347518 0.04964539
[19] 0.09929078 0.09929078 0.08510638 0.12056738 0.08510638 0.07801418
[25] 0.07801418 0.08510638 0.12056738 0.11347518 0.14184397 0.04964539
[1] "Bonferroni-corrected positive rate for exposures: "
 [1] 0.014184397 0.042553191 0.212765957 0.446808511 0.021276596 0.007092199
 [7] 0.007092199 0.014184397 0.021276596 0.021276596 0.007092199 0.007092199
[13] 0.014184397 0.000000000 0.007092199 0.021276596 0.007092199 0.014184397
[19] 0.028368794 0.014184397 0.007092199 0.042553191 0.007092199 0.014184397
[25] 0.007092199 0.007092199 0.000000000 0.007092199 0.014184397 0.000000000
