[1] "Average Estimates for Betas: "
 [1]  4.389918e-02  1.050124e-01  2.065822e-01  3.037649e-01  4.710821e-03
 [6]  9.512309e-03  7.480428e-03  7.016444e-03 -2.152819e-03 -4.997131e-03
[11] -2.130585e-03  8.500571e-03 -2.284425e-04 -5.216171e-04  9.147895e-03
[16] -2.652472e-02 -2.679837e-03  3.418600e-03 -1.926657e-03 -7.507336e-04
[21]  6.279379e-03  4.218096e-03 -1.697535e-03 -1.543516e-02 -4.379838e-03
[26]  9.483831e-03  7.619653e-03  5.047410e-03  7.095424e-03 -2.432138e-05
[1] "Standard Deviations of Betas: "
 [1] 0.09813449 0.11810303 0.10673315 0.11424121 0.12097503 0.12510119
 [7] 0.10359290 0.11274848 0.12657157 0.11061188 0.12029170 0.11416112
[13] 0.09554343 0.12040503 0.11007522 0.10789136 0.10749819 0.09378419
[19] 0.11620826 0.11443089 0.10998745 0.11905649 0.11467480 0.11561844
[25] 0.11030688 0.11356135 0.10955618 0.11069849 0.11354598 0.11949232
[1] "Average StdErrors for Betas: "
 [1] 0.06522176 0.06605717 0.06536148 0.06550115 0.06719078 0.06615005
 [7] 0.06633888 0.06563853 0.06641398 0.06684624 0.06705594 0.06644703
[13] 0.06558702 0.06659748 0.06517201 0.06606893 0.06654672 0.06569403
[19] 0.06691622 0.06558962 0.06554282 0.06418833 0.06564635 0.06655366
[25] 0.06530398 0.06607536 0.06463830 0.06598113 0.06597756 0.06666326
[1] "Positive rate for exposures: "
 [1] 0.200 0.475 0.785 0.960 0.265 0.220 0.180 0.220 0.265 0.190 0.240 0.220
[13] 0.155 0.295 0.230 0.235 0.230 0.155 0.175 0.210 0.230 0.270 0.250 0.230
[25] 0.260 0.210 0.215 0.235 0.210 0.225
[1] "Bonferroni-corrected positive rate for exposures: "
 [1] 0.065 0.180 0.475 0.830 0.075 0.065 0.035 0.045 0.085 0.030 0.080 0.055
[13] 0.025 0.070 0.030 0.055 0.055 0.025 0.040 0.050 0.040 0.065 0.050 0.055
[25] 0.040 0.045 0.070 0.050 0.045 0.040
