[1] "Average Estimates for Betas: "
 [1]  0.0495686762  0.1031536594  0.2008260829  0.3016140567  0.0035231449
 [6]  0.0110201023 -0.0002489924  0.0029465426 -0.0080529008 -0.0036108824
[11]  0.0030720232  0.0020391626  0.0034229634  0.0065574897 -0.0020561801
[16] -0.0330454283 -0.0042342037  0.0012893751 -0.0016222026 -0.0132498424
[21]  0.0066903877 -0.0008273953  0.0010017278  0.0008133960  0.0008134484
[26]  0.0150489250 -0.0054717835  0.0109940768  0.0141237607 -0.0083747991
[1] "Standard Deviations of Betas: "
 [1] 0.1078887 0.1336368 0.1248428 0.1327864 0.1302647 0.1446295 0.1235247
 [8] 0.1196938 0.1296933 0.1259736 0.1337604 0.1211374 0.1184381 0.1299439
[15] 0.1190932 0.1286083 0.1298031 0.1192926 0.1294181 0.1217498 0.1209208
[22] 0.1280135 0.1335621 0.1363706 0.1383371 0.1281194 0.1207373 0.1200596
[29] 0.1195687 0.1310315
[1] "Average StdErrors for Betas: "
 [1] 0.02657886 0.02702188 0.02676354 0.02650069 0.02693445 0.02692046
 [7] 0.02695763 0.02672048 0.02664733 0.02689740 0.02699778 0.02691826
[13] 0.02680764 0.02678918 0.02676194 0.02675802 0.02669260 0.02644847
[19] 0.02664602 0.02660367 0.02684484 0.02654785 0.02661366 0.02669531
[25] 0.02662561 0.02678954 0.02650295 0.02668762 0.02673834 0.02692294
[1] "Positive rate for exposures: "
 [1] 0.670 0.770 0.905 0.985 0.695 0.750 0.655 0.725 0.695 0.675 0.655 0.605
[13] 0.650 0.720 0.700 0.705 0.710 0.680 0.680 0.690 0.720 0.685 0.655 0.670
[25] 0.760 0.675 0.640 0.660 0.665 0.720
[1] "Bonferroni-corrected positive rate for exposures: "
 [1] 0.470 0.640 0.855 0.965 0.505 0.570 0.430 0.500 0.550 0.440 0.470 0.425
[13] 0.455 0.565 0.520 0.530 0.510 0.460 0.520 0.475 0.510 0.520 0.505 0.520
[25] 0.625 0.470 0.450 0.460 0.515 0.485
