[1] "Average Estimates for Betas: "
 [1]  0.0377205667  0.0627143874  0.1296943571  0.2001219232  0.0049738067
 [6]  0.0047315180 -0.0028264291  0.0012454126  0.0027749739 -0.0044090672
[11]  0.0098574959  0.0026321164 -0.0052300618 -0.0027172217  0.0015509567
[16] -0.0045544329  0.0026400939  0.0022711303 -0.0007340887 -0.0011931718
[21] -0.0018345153 -0.0000140585  0.0012938917  0.0007662389 -0.0001737022
[26] -0.0029750485  0.0071026751 -0.0025085817 -0.0001345170 -0.0043520097
[1] "Standard Deviations of Betas: "
 [1] 0.05729579 0.06177745 0.06596366 0.08788649 0.05534804 0.05534666
 [7] 0.05482384 0.05552127 0.05192173 0.05029016 0.05279284 0.05248371
[13] 0.05554858 0.05029838 0.05547114 0.05170522 0.05249849 0.05572482
[19] 0.05468105 0.05940722 0.05530475 0.04908340 0.05128436 0.05174814
[25] 0.04992320 0.05445273 0.05266285 0.05141481 0.05626009 0.04623638
[1] "Average StdErrors for Betas: "
 [1] 0.007929495 0.008072175 0.007874367 0.007961516 0.008096728 0.007957711
 [7] 0.008028404 0.008027178 0.008043372 0.008003181 0.008078709 0.008029193
[13] 0.008001782 0.008016050 0.008017731 0.008070506 0.007959646 0.008061671
[19] 0.007912719 0.008154267 0.008061390 0.007990133 0.008110341 0.007944987
[25] 0.007928815 0.008144244 0.008057512 0.008087048 0.007935830 0.007966549
[1] "Positive rate for exposures: "
 [1] 0.850 0.900 0.940 0.950 0.815 0.775 0.760 0.780 0.765 0.800 0.770 0.750
[13] 0.775 0.765 0.770 0.755 0.780 0.790 0.785 0.750 0.795 0.760 0.720 0.765
[25] 0.750 0.745 0.765 0.750 0.795 0.745
[1] "Bonferroni-corrected positive rate for exposures: "
 [1] 0.755 0.830 0.920 0.940 0.680 0.650 0.640 0.620 0.640 0.650 0.605 0.610
[13] 0.665 0.620 0.615 0.590 0.665 0.660 0.665 0.575 0.645 0.650 0.590 0.615
[25] 0.660 0.615 0.595 0.630 0.645 0.640
