[1] "Average Estimates for Betas: "
 [1]  0.0573810597  0.0980597980  0.1968143299  0.2958671917 -0.0039251579
 [6]  0.0011108796 -0.0002728693 -0.0066266651  0.0010015478 -0.0060320689
[11]  0.0036744807  0.0045435048 -0.0026688961 -0.0044915188  0.0021172784
[16] -0.0031771151 -0.0005222592  0.0021081427  0.0026589136 -0.0020095396
[21] -0.0044261364 -0.0033481079  0.0024644571  0.0043806494 -0.0026220835
[26]  0.0020659151  0.0114239565 -0.0039215535  0.0039449573 -0.0067235164
[1] "Standard Deviations of Betas: "
 [1] 0.06618738 0.06652728 0.06702278 0.06925912 0.06375956 0.06814747
 [7] 0.06615499 0.06922551 0.06673248 0.07110408 0.06818487 0.06728248
[13] 0.07011352 0.06919439 0.07521800 0.05865701 0.06174911 0.06666868
[19] 0.07052713 0.06982289 0.06848342 0.06659127 0.06471157 0.07055431
[25] 0.06518001 0.06436537 0.06709808 0.06835751 0.07199308 0.06689026
[1] "Average StdErrors for Betas: "
 [1] 0.01606468 0.01618912 0.01600126 0.01609906 0.01620208 0.01610681
 [7] 0.01619911 0.01628108 0.01612708 0.01616631 0.01619548 0.01624411
[13] 0.01617432 0.01616820 0.01611812 0.01617620 0.01616095 0.01610148
[19] 0.01608111 0.01625209 0.01611747 0.01607494 0.01613867 0.01611253
[25] 0.01618567 0.01626189 0.01616458 0.01621052 0.01614591 0.01611553
[1] "Positive rate for exposures: "
 [1] 0.715 0.855 0.990 1.000 0.565 0.665 0.660 0.635 0.580 0.640 0.645 0.670
[13] 0.615 0.635 0.715 0.605 0.635 0.620 0.665 0.640 0.675 0.570 0.590 0.655
[25] 0.595 0.575 0.660 0.670 0.650 0.615
[1] "Bonferroni-corrected positive rate for exposures: "
 [1] 0.605 0.760 0.990 1.000 0.350 0.470 0.535 0.430 0.410 0.455 0.455 0.420
[13] 0.435 0.400 0.505 0.345 0.380 0.460 0.500 0.465 0.425 0.400 0.445 0.470
[25] 0.385 0.395 0.470 0.505 0.470 0.445
