[1] "Average Estimates for Betas: "
 [1]  0.0552299757  0.1005386888  0.1965989187  0.2965226200 -0.0014358229
 [6]  0.0019709289 -0.0006621947 -0.0084036481 -0.0018228122 -0.0041828617
[11]  0.0050822094  0.0044225942 -0.0045536570 -0.0033711685 -0.0007117612
[16] -0.0027380688  0.0010599461  0.0009818338 -0.0010350185  0.0006852029
[21] -0.0046791736  0.0005405200 -0.0012354332  0.0022948711 -0.0019247629
[26]  0.0016188407  0.0062041479 -0.0008551976  0.0013148490 -0.0059638156
[1] "Standard Deviations of Betas: "
 [1] 0.06688995 0.06226438 0.06635454 0.06906509 0.06305035 0.06537459
 [7] 0.06524178 0.06787391 0.06927727 0.06623993 0.06427665 0.06675435
[13] 0.07107525 0.06371804 0.07313436 0.06090664 0.06094193 0.06730394
[19] 0.06609072 0.06904717 0.06454862 0.06270615 0.06193913 0.06585143
[25] 0.06304998 0.06215588 0.06467031 0.06682767 0.07109192 0.06205015
[1] "Average StdErrors for Betas: "
 [1] 0.04238593 0.04262192 0.04207676 0.04236316 0.04252896 0.04250346
 [7] 0.04263625 0.04254972 0.04243867 0.04262803 0.04268276 0.04266912
[13] 0.04254505 0.04256837 0.04249901 0.04255546 0.04249593 0.04243718
[19] 0.04250525 0.04272738 0.04258822 0.04234933 0.04250916 0.04242063
[25] 0.04239801 0.04274750 0.04271127 0.04260557 0.04255781 0.04250499
[1] "Positive rate for exposures: "
 [1] 0.365 0.640 0.965 1.000 0.160 0.190 0.225 0.225 0.220 0.210 0.195 0.215
[13] 0.225 0.170 0.230 0.135 0.175 0.230 0.225 0.250 0.165 0.180 0.180 0.180
[25] 0.180 0.165 0.200 0.250 0.230 0.195
[1] "Bonferroni-corrected positive rate for exposures: "
 [1] 0.125 0.260 0.825 0.985 0.040 0.045 0.040 0.055 0.075 0.045 0.040 0.050
[13] 0.070 0.030 0.075 0.030 0.035 0.065 0.045 0.035 0.050 0.040 0.035 0.060
[25] 0.025 0.055 0.040 0.025 0.060 0.045
