0 1 7.83595410780435e-13 1 0 1.11022302462516e-16 0.999952704002064 0 0 6.4037664060379e-13 1 0 0 5.32907051820075e-15 4.57997240028707e-05 0 2.31004104733756e-12 1 0 0 1.11022302462516e-16 0 0 0 1.66533453693773e-15 0 0 0 1 3.7793101981265e-12
1.11022302462516e-16 0 1 1 0 1.4432899320127e-15 0 0 0 2.22044604925031e-16 1 2.74580358450294e-12 0 5.6621374255883e-15 0 1.13502540699528e-11 1 3.77198272616397e-12 0 7.31803435960465e-07 7.97251153983325e-13 1 0 1 1 5.77315972805081e-15 0 4.44089209850063e-16 1.66533453693773e-15 2.14968820522188e-10
0.999999999998243 1 1 1 0 2.7176194627998e-10 5.99520433297585e-15 3.33066907387547e-16 1.33226762955019e-15 0 4.44089209850063e-16 2.99320568331041e-11 0 2.28077556840844e-11 0 1 0 0.999999999999951 1.11022302462516e-16 1.9036516807347e-10 2.30069900908347e-07 8.81761922366664e-08 2.0195426442271e-09 4.86536588795161e-10 1 0 0 1 0 6.86073420297362e-12
0.999999999989547 0 1 1 0 0 0 0 0 0 0 0 1 2.29363915638103e-08 0 0 0 0 0 1 0 0 1 0 0 0.999999977063609 0.999999999999994 0 0 0
5.4829817131008e-08 0.999999999999878 1 1 0 0 0 5.55111512312578e-16 0 5.8208993181097e-13 3.33066907387547e-16 4.21884749357559e-15 1.99840144432528e-15 2.76445533131664e-14 0 2.66453525910038e-15 0 1.11022302462516e-16 0.999999999999991 0 5.55111512312578e-16 6.30741459062278e-10 0 2.22044604925031e-16 1.19904086659517e-13 4.00790511889682e-14 1.63202784619898e-14 0 8.49209591535782e-13 7.31636973227978e-13
0 1 1 1 0 0 0 0 1 0 0 0 0 0 0 0 0 1 1 0 0 0 0 0 0 0 1 0 0 0
1 0 1 1 1.77635683940025e-15 0 1.50990331349021e-14 0 0 0 0 0 0 0 0 2.22044604925031e-16 1 2.22044604925031e-16 0 1.11022302462516e-16 1.05769837333014e-11 4.77395900588817e-15 0 0 0 0 0 0 0 0
0 1 1 1 0 1.04660724531414e-12 1.77635683940025e-14 9.38138455808257e-13 0 1.66533453693773e-15 0 0 1 0 0 0 0 4.23094892454401e-12 0 0 1 0 0 8.88178419700125e-16 1.30106592166612e-10 0 1.11022302462516e-16 0 1 1
0.0113634264240736 1 1 1 0 0 2.22044604925031e-15 0 0.999999975739761 0 9.99199949558438e-07 0 0 0 0 0 0 0 0 2.42602370414957e-08 0 0.999999000795634 0 1 0 1 0 0 1 0
9.2148511043888e-15 9.01579089163107e-09 8.44951142386918e-09 1 2.51970666553802e-11 2.67563748934663e-14 4.88498130835069e-15 3.99680288865056e-15 5.00710584105946e-14 1.01818553588373e-12 3.70173541448526e-05 0.000112683636314004 5.77315972805081e-15 1.79148851309208e-09 3.24129056927802e-10 3.69183572601628e-11 3.05533376376843e-13 1.35409572443734e-10 4.66293670342566e-15 9.41469124882133e-14 6.79058376196195e-09 3.77475828372553e-15 2.5168868544867e-08 1.43778211558754e-10 4.66293670342566e-15 3.88578058618805e-15 5.10702591327572e-15 3.88578058618805e-15 1.29118937763906e-13 3.99680288865056e-15
6.19504447740837e-14 1.11022302462516e-16 1 1 1.11022302462516e-16 9.99200722162641e-16 2.66342503607575e-13 0.999999999138466 1.11022302462516e-16 3.33066907387547e-16 1.11022302462516e-16 2.52020626589911e-14 2.66453525910038e-15 4.16333634234434e-14 3.33066907387547e-16 2.06501482580279e-14 1.11022302462516e-16 1.11022302462516e-16 1.11022302462516e-16 9.99200722162641e-16 5.55111512312578e-16 1.02362562870439e-13 1.0325074129014e-14 1.11022302462516e-15 4.44089209850063e-16 2.22044604925031e-16 3.33066907387547e-16 5.55111512312578e-16 2.66453525910038e-15 2.42028619368284e-14
0 0 1 1.22124532708767e-15 0 0 0 0 0 0 0 1 0.999999999926893 0 1 0 0 0 0 0 0 1 0 1 0 1.74203862446376e-09 0 0 1 0.999999998331068
0 1 0 1 0 2.22044604925031e-16 0 0 1.11022302462516e-16 0 1 0 0 0 1 0 0 0 0 0 0 0 0 1 0 0 0 0 0 0
7.13540337926588e-13 2.00975127984115e-07 1 1 3.37878613976272e-11 5.92963456114148e-11 2.67619260085894e-12 1.07472586385882e-10 5.56821255770501e-12 2.41806574763359e-13 3.81494835721696e-12 1.94400051611865e-13 6.03850303093623e-13 4.21218615542784e-13 0.999999999567269 8.59201598757409e-13 3.35731442646647e-13 1.83075776760688e-12 3.15081294388619e-13 2.57349697108111e-13 4.66182648040103e-13 2.99538172043867e-13 1.35384660038262e-07 1.66566760384512e-12 3.67039731941077e-13 7.08605442656385e-07 1.04350639240636e-10 1.9728663147589e-13 3.20743431814208e-13 6.54110099418403e-12
0 0.99999999994746 0 1 0 0 0 0 0.999999998536257 0.999999999987451 0 0 0 0 0 0 0 7.01711910799929e-10 1 1 0 0 0 5.93987747876668e-10 0 0 0.999999998704302 1 0 0
3.33066907387547e-16 1 1 1 4.65183447317941e-14 3.33066907387547e-16 3.10862446895044e-15 2.33501551427651e-10 1.97619698383278e-14 5.55111512312578e-16 8.88178419700125e-16 3.33066907387547e-16 1 3.33066907387547e-16 4.44089209850063e-16 4.51860771022439e-14 3.33066907387547e-16 1.4432899320127e-15 3.33066907387547e-16 8.88178419700125e-16 4.44089209850063e-16 6.32827124036339e-15 0.999999929382356 2.21378471110256e-13 1.58761892521397e-14 3.18334247850771e-12 6.67677024779323e-12 1.11022302462516e-15 1.55439596749574e-08 3.04201108747293e-13
4.77395900588817e-15 0.03499083188606 0.999920299426667 1 0 0 0 0 0 0 0 1 0 0 5.44009282066327e-15 0 0 0 1 1 1 6.55031584528842e-15 2.6178281764544e-11 0 0 1 0 0 1.11022302462516e-15 0
0 0 0.999999090079606 1 0 0 0 0 0 0 0 1.0547118733939e-14 0 0 1.11022302462516e-16 0 0 0 0 1 1 1.11022302462516e-16 0 1.33226762955019e-15 5.77315972805081e-15 1 1 1.11022302462516e-16 0 0
0 1 1 1.11022302462516e-15 0 0 0 2.22044604925031e-16 3.8968828164343e-13 7.0832228971085e-14 1 0 0 1.38000721960907e-13 2.22044604925031e-16 0 0 0 0 0.999999999999993 1 1 1 1.17305054558869e-11 1.11022302462516e-16 2.61024535319621e-12 1.0547118733939e-13 0 1.47125591709596e-08 0
0 1.31923929835853e-06 1 1 0 0 0 0 0 0 0 0 0 4.09672296086683e-14 0 0 0 0 1 0 0 0 0 1.1435519198244e-10 0 0 0 0 0 0
1.2182223674273e-08 2.22044604925031e-16 1 1 0 0 0 0.999930531175986 0 0 0 1.11022302462516e-16 0 0 0 0 0 0 0 0 0 0 0.999999914999717 0 1 0 1 1.35447209004269e-14 0 3.43255232537754e-06
0 0 0.999999999999779 1 0 0 1.33226762955019e-14 0 0 0 0 0 0 0 0 0.999999999999976 0 0 1 0 0 1 0 0 0 0 0 0 0 0
0 4.43603487276789e-10 1 1 0 0 2.34257058195908e-13 2.69053368473493e-09 0 0 3.33066907387547e-16 7.56061879769732e-14 6.11460770905126e-10 8.60533866386959e-12 3.44169137633799e-14 0 0 0 2.77029842333798e-05 0 0 0 0 1.06847863889925e-12 1.98396854500515e-13 1.29381416691388e-09 0 1.11022302462516e-16 4.88498130835069e-15 2.86539319362955e-05
1.11022302462516e-15 2.11406447903073e-11 1 1 1.20278564885723e-10 3.73923114693753e-12 1.35493838371303e-11 1.11022302462516e-15 6.0063065632221e-14 2.33146835171283e-15 1.0547118733939e-14 1.22124532708767e-15 1 9.2148511043888e-15 1 3.64028325261501e-08 3.44169137633799e-15 1 2.55351295663786e-15 9.2148511043888e-15 8.18600742746867e-12 1.69966263285914e-11 1.16968449370702e-07 1.43584033551747e-11 8.88178419700125e-16 9.10382880192628e-15 1.40998324127395e-14 1.27675647831893e-14 8.38218383591993e-14 1.01807451358127e-12
1 0 0 1 0 0 1.11022302462516e-16 0 0 0 0 0 0 1.77635683940025e-15 1 0 0 1.59428026336172e-13 0 0 0 0 0 0 0 0 0 1.11022302462516e-16 5.10702591327572e-15 0
0 0 1 1 0 1 0 0.999999999999585 0.999999999999949 0 0 0 2.22044604925031e-16 0 0 0 1 0 0 0 0 0 0 0 0 0 0 0 0 0
0.999227381860649 1.06200492844266e-10 0 1 0 0 0 0 0 0 0 0 0 3.20299342604358e-13 0 0.999999999999999 0.999999999999597 0 0 0 0 9.99200722162641e-16 4.94607451662077e-08 0 0 1 0 0 0 0.999999999999992
2.22929885662637e-09 4.71622740860766e-11 1 1 1.11022302462516e-16 1 5.55111512312578e-16 1.77635683940025e-15 8.9644410334877e-06 5.55111512312578e-16 1 2.88358226185892e-11 0.999999999999929 3.33066907387547e-16 1.11022302462516e-16 1.33226762955019e-15 3.44169137633799e-15 1.11022302462516e-16 6.02184968556685e-13 1.93178806284777e-14 1.11022302462516e-16 1 6.10622663543836e-14 1.11022302462516e-16 1 3.75255382323303e-14 1.4432899320127e-15 9.76996261670138e-15 0 1.55220635916775e-05
0 1.01862962509358e-12 1.11022302462516e-16 1 1.11022302462516e-16 7.10422831673441e-11 5.55111512312578e-16 3.7591110046975e-07 0 0 0 4.44089209850063e-16 3.15303338993544e-14 0 0 3.21964677141295e-15 9.99200722162641e-16 1 0 3.04867242562068e-13 0 0 2.22044604925031e-16 0.99999999999865 6.32827124036339e-15 0 0 1 1 1
0 0 1 1 8.88178419700125e-16 0 2.00950367457153e-14 0 0 0 1 8.88178419700125e-15 0 1 0 3.10862446895044e-15 2.22044604925031e-15 7.89368570508486e-14 7.373908150754e-10 0.999999999949719 0 9.99200722162641e-16 0 1.47659662275146e-14 0 0 1.82076576038526e-14 5.33879607189647e-11 0 1.11022302462516e-16
0 4.84057238736568e-13 0.00229116415386532 1 2.26196839037129e-12 3.33066907387547e-16 0 0 4.39869252133462e-11 0 0 0 0 1.37556632751057e-13 0 3.73130638608998e-08 0 0 1 1.18793863634892e-14 0 1 0 0.999999999999995 0.00212732447564423 9.55652779133231e-10 0.999999628769324 1 0 0
0 0 1 1 0 0 0 0 0 0 0 0 0 0 0 0 0 1 0 1 0 0 0 0 0 0 0 0 0 1
2.09781081395022e-11 8.14304612628547e-09 0.999998793086187 1 0 1.2498124757343e-10 4.44089209850063e-16 2.15194528863094e-12 0 0 0 1.22124532708767e-14 0 1 1.55431223447522e-15 4.44089209850063e-16 1.37667655053519e-14 1 0 0 0 1.12754650727354e-07 1.34337319046551e-10 0 0 0 1 1.11022302462516e-16 0 0
2.73470135425669e-12 1 1 1 7.4405615002604e-10 4.53003989875356e-09 6.22613072209788e-13 1.16218146217761e-12 4.40358860487322e-12 6.52922160782055e-13 7.04547531427124e-13 7.0565775445175e-13 1.08357767203415e-12 5.0771609139133e-12 6.33493257851114e-13 3.23027530280129e-08 5.72542013799193e-13 6.65617561068643e-11 2.93765012315816e-12 9.07370179548117e-07 2.18447482325246e-12 0.9955556089843 1.31994415397685e-12 2.1582735598713e-12 6.52256026967279e-13 0.00446061846301393 2.050424652289e-08 2.10154116331296e-12 1.14797060746241e-12 2.26888507981471e-11
0 0.999999975190748 1 1 0 0 0 0 0 0 1 0 0 0 0 0 0 0 0 0.999992872446778 0 3.67810077173125e-07 2.88546964100078e-12 0 1.72084568816899e-14 1 1.11022302462516e-16 3.18974624491375e-10 0 1
0 1 0 1 8.88178419700125e-16 7.82010012301271e-11 0 3.84493881178116e-10 0 2.22044604925031e-16 0 0 1.17161946810995e-10 1.57596158345541e-12 0 0 0 6.12843109593086e-14 6.29322987188985e-06 0 0 9.35918009759007e-14 1 1 1.4124663549886e-08 0 0 0.999999999999999 0 4.70734562441066e-14
2.59470223085145e-12 9.10382880192628e-15 0.999999983778083 1 3.21520587931445e-13 5.6621374255883e-15 7.43849426498855e-15 5.10702591327572e-15 7.99360577730113e-15 1.93334237508225e-12 1 5.32517963058865e-09 1.01552655173975e-10 5.21804821573824e-15 2.66897615119888e-13 2.83550960489265e-13 2.53130849614536e-14 8.10462807976364e-15 0.999999999898804 4.97268892729608e-13 5.21804821573824e-15 3.21609294751113e-10 1.02884367692013e-11 5.69544411632705e-14 1.23460222045679e-08 2.19713136573318e-13 1.28008714739281e-13 4.9960036108132e-15 7.21644966006352e-15 1.30784272300843e-13
8.88178419700125e-15 0.999992709249337 1 1 1.68264291389164e-11 1.16573417585641e-14 3.15303338993544e-14 3.15824600949366e-06 9.88098491916389e-15 9.88098491916389e-15 1.78314439658322e-07 2.87547763377916e-14 9.11686598326078e-07 1.21014309684142e-14 8.08242361927114e-13 9.88098491916389e-15 1.83186799063151e-14 2.55107046598368e-12 6.5358829459683e-13 4.40758540776187e-14 5.34450261824304e-12 4.61852778244065e-14 5.83644244045445e-13 1.32928112961395e-11 3.64708263589364e-13 0.999999779776496 1.37112543541207e-13 2.87159185319297e-12 3.94129173741931e-14 9.2148511043888e-15
0.99998035076914 0.000104220591204407 1 1 0 1 0 7.7715611723761e-16 0 0 1.99840144432528e-15 0.00179899833433006 4.44089209850063e-16 0 0 0 2.70894418008538e-14 0 6.60582699651968e-13 1.00097707900204e-12 7.7715611723761e-16 1.11022302462516e-16 9.10382880192628e-15 0 0 2.22044604925031e-15 3.44169137633799e-15 3.23518989375771e-13 0 0
4.91828799908944e-14 1 0.999999999999996 1 0 0 1.11022302462516e-16 0 0 1.77635683940025e-15 5.55111512312578e-16 0 2.22044604925031e-16 4.49640324973188e-12 2.36537094030487e-05 4.44089209850063e-16 1.11022302462516e-16 6.66133814775094e-16 0 1.11022302462516e-16 0 0 0 2.22044604925031e-16 1.88737914186277e-15 0 0 0 1.11022302462516e-16 1.11022302462516e-16
4.46180226876258e-07 0.000115876398663062 1 1 1.11022302462516e-16 1.11022302462516e-16 2.22044604925031e-16 4.44089209850063e-16 3.33066907387547e-16 1.11022302462516e-16 1.88737914186277e-15 1.11022302462516e-16 1.66533453693773e-15 2.22044604925031e-16 1.01851860279112e-12 1.88737914186277e-15 1.11022302462516e-15 1.11022302462516e-16 1.11022302462516e-16 1.11022302462516e-15 1 7.88258347483861e-15 1 2.22044604925031e-16 1.11022302462516e-16 3.35287353436797e-14 1.9453327837482e-12 1 1.11022302462516e-16 1.84297022087776e-14
1.14463993838854e-13 1.0769163338864e-14 1 1 0 1.11022302462516e-16 1.04360964314765e-14 9.99200722162641e-16 2.1094237467878e-15 0 4.44089209850063e-16 1.11022302462516e-16 6.34486597483885e-07 2.55351295663786e-15 1.11022302462516e-16 1.65534252971611e-13 1.64868119156836e-13 7.06323888266525e-13 1.11022302462516e-16 1.02917674382752e-13 1.22124532708767e-15 1.11022302462516e-16 1.11022302462516e-16 4.44089209850063e-16 0 0 1.11022302462516e-16 5.21550802545789e-10 1.34336985979644e-14 1
1.09920073043668e-10 1 1 1 1.10483642310477e-05 6.35713703900365e-13 1.2188028364335e-12 8.84159689906738e-09 9.39730626647872e-10 6.38711306066853e-13 1.1973333435833e-10 2.44271269878027e-12 4.19775325610772e-13 4.41836567333098e-11 3.0714319976255e-12 2.94209101525666e-13 3.13082892944294e-13 3.80029341329191e-13 8.03534158100305e-08 2.89324120217316e-13 2.98094882111855e-13 1.48780987530017e-12 5.13811215796522e-13 9.04609720464578e-13 3.95905530581331e-13 5.60631541191015e-11 1.09161679695546e-10 3.89333042604134e-05 0.00268493943253922 2.71014655162105e-10
7.43849426498855e-15 1 2.65965027779203e-12 1 8.10462807976364e-15 7.43849426498855e-15 7.63833440942108e-14 1.9435564269088e-12 8.54871728961371e-15 5.02486940945346e-13 9.54791801177635e-15 0.0139884128466246 9.8478773902233e-07 9.9165120559519e-13 2.39674946556079e-12 3.11284331644401e-12 2.57349697108111e-13 0.999999999999999 1.58761892521397e-14 2.1606349087655e-07 6.20206375145926e-09 1 1.3988810110277e-14 1.44662060108658e-13 2.24820162486594e-13 2.8421709430404e-14 0.999999999998008 1 7.32747196252603e-15 0.999999999988081
0.999999999999971 0 1 1 4.66293670342566e-15 0 0 0.999857550664744 0.999999875585128 0 1.0522472692065e-06 0.00185195211838574 5.55111512312578e-16 1.11022302462516e-15 1.34336985979644e-14 1.3988810110277e-14 0 5.89597259903485e-11 1.9876766899074e-11 1.8934853684982e-11 1.33226762955019e-15 1.11022302462516e-16 6.4733773896819e-12 1.85407245112401e-14 0 0 0 6.32827124036339e-15 0 1
4.38538094726937e-14 2.57643956724785e-07 1 1 1.40443212615082e-13 0.999999995397204 9.53126466640697e-12 8.39106562011693e-13 1.54321000422897e-14 2.79393690405527e-08 1.00711661232822e-11 4.14113188185183e-14 1.58761892521397e-14 1.01452179990247e-12 2.5047003804346e-08 1.9781953852771e-12 7.16093850883226e-14 1 4.94604357470507e-13 1.846317543297e-10 1.30750965610105e-12 1.26565424807268e-13 1.06137321154165e-12 1.54321000422897e-14 4.59632332194815e-14 1.70974345792274e-14 2.42427324881334e-08 1.51878509768721e-13 1.37898581442641e-11 1.7430501486615e-14
1.08433776979666e-05 1 1 1 0 0 0 0 0 0 0.999999999998477 0 0 0.998045671022053 2.06059780349932e-09 0 0 0 0 0.00195432897794723 0 0 0 0 1 0 1 0 0 0
0 0 1 1 0 0 0 0 0 0 0 0 0 1 0 1 0 1 0 0 0 0 0 1 0 0 0 1 0 0
1.55431223447522e-15 2.7639079913655e-10 1 1 0.999999999966124 1 2.22044604925031e-15 9.99200722162641e-16 9.53681578153009e-14 6.88338275267597e-15 3.14278603141815e-11 1.17296360069297e-07 1 4.99899865946674e-09 9.88098491916389e-14 7.83592302155967e-10 2.1094237467878e-15 3.10862446895044e-15 1.3899992268307e-13 2.33146835171283e-15 6.44151398887516e-13 7.123190925995e-13 5.41707789736279e-11 1.03943520457506e-08 1.33226762955019e-15 0.999999999933485 9.99200722162641e-16 3.56097373810371e-11 1.11022302462516e-15 5.25135490647699e-14
0.995428371578024 0 0 1 0 0 0 0 0 0 0 0 0 1 0 0 0 1 0 0 0 0 0 0 1 0 0.999999999964285 0 6.66133814775094e-16 0
0.00453587139301503 1 1 1 0 0 0 1.11022302462516e-16 0 0 2.22044604925031e-15 0 0 0 0 0 1 0 0 3.03090885722668e-14 0 1.11022302462516e-16 0 0 0 0 0 0 0 0
0.999999998409273 1 1 1 0 0 0 0 0 0 0 0 3.81072950972339e-12 0 1.61482716087846e-10 0.999965437092732 1 0 1.12132525487141e-14 5.01820807130571e-14 3.43780155303008e-05 0 1.82345763932723e-07 0 0 0 0 0 1.13120623979057e-12 0
1 1 1 1 0 0 1 0 0 0 0 1 0 1 0 0 0 0 1 0 0 0 0 0 0 0 0 0 0 0
2.90983581674453e-09 1 1 1 6.33937347060964e-14 2.68408628656402e-11 0.99730239375182 1.4432899320127e-15 2.22044604925031e-16 4.44089209850063e-16 2.22044604925031e-16 0.999999996032562 2.42250663973209e-13 9.99200722162641e-16 4.44089209850063e-16 1.45661260830821e-13 0.999999999986749 1.23678844943242e-13 1.62667657122029e-11 1.24735777262686e-11 8.88178419700125e-16 0.000757372599191952 2.22044604925031e-16 2.89768209427166e-14 0.00167288575983759 7.7715611723761e-16 5.15587572635923e-13 8.78780193058759e-07 5.55111512312578e-16 2.33146835171283e-15
2.4535928844216e-14 1.78785697357853e-09 1 1 1.67643676718399e-14 3.64153152077051e-14 6.81899980925493e-10 8.52196091472024e-12 1.19681522470216e-08 3.11791592544353e-10 6.06625860655186e-13 2.31037411424495e-13 2.28705943072782e-14 2.05391259555654e-14 6.59891881138464e-08 1.56541446472147e-14 2.96429547574917e-14 6.05389072205753e-11 1.50648074459525e-07 6.07291994469961e-14 3.46389583683049e-14 1.57651669496772e-14 1.09590114760749e-12 2.02726724296554e-13 4.63355132040988e-10 0.999999998355542 8.14015521655165e-13 1.57651669496772e-14 1.91002769156512e-12 2.20823359597944e-13
1.85079729320137e-11 4.57744953052952e-13 1 1 5.55111512312578e-16 3.33066907387547e-16 9.57370660525925e-09 1.33226762955019e-15 4.44089209850063e-16 7.7715611723761e-16 5.86419801607008e-13 7.54951656745106e-15 2.77411427163088e-12 3.5527136788005e-13 5.88418203051333e-15 4.44089209850063e-16 1.99840144432528e-15 6.3504757008559e-14 6.92779167366098e-14 5.21804821573824e-15 3.33066907387547e-16 6.55031584528842e-15 0.999915552267732 1.28710988533953e-08 1.06581410364015e-14 4.30766533554561e-14 3.86357612569554e-14 1.10911280160053e-13 4.44089209850063e-16 4.44089209850063e-16
0 1.88737914186277e-15 1 1 1.11022302462516e-16 0 0 0 0 0 0 0 3.86406673017481e-05 0 2.22044604925031e-16 7.7715611723761e-16 2.44249065417534e-15 0 0 4.26146895549095e-11 0 0 1.77635683940025e-15 0 0 1 2.19935181178244e-13 0 0 2.40918396343659e-14
0.999999709273809 5.6621374255883e-15 0.999999999999995 1 8.88178419700125e-16 1.4432899320127e-15 8.88178419700125e-16 3.530509218308e-14 1.22124532708767e-15 8.88178419700125e-16 1.33226762955019e-15 8.88178419700125e-16 3.77475828372553e-15 9.35407307167679e-12 4.88498130835069e-15 1.66533453693773e-15 1.11022302462516e-15 8.88178419700125e-16 1.96953653386345e-09 5.77315972805081e-15 4.05675493198032e-13 8.88178419700125e-16 1.55431223447522e-15 4.88498130835069e-15 2.34399978515931e-06 3.74145159298678e-14 9.99200722162641e-16 2.66453525910038e-15 1.66533453693773e-15 1.22124532708767e-15
0 1 1 0 0 0 0.999999999984238 0 0 0 0 5.55111512312578e-16 1 6.28719298845226e-13 1 2.27040608535845e-13 0 0 3.33066907387547e-16 1.95095273269885e-10 0 3.14703818560247e-12 1.54321000422897e-14 7.93809462606987e-14 2.99760216648792e-15 5.14033260401447e-13 0 1.3855583347322e-13 1 1.11022302462516e-16
2.22044604925031e-16 2.28037153556793e-05 1 1 3.33066907387547e-16 1.22124532708767e-15 3.33066907387547e-16 1.01374468819415e-08 4.61852778244065e-14 2.76112466224276e-13 2.77555756156289e-15 3.10731218533533e-09 3.33066907387547e-16 2.33146835171283e-15 1.13242748511766e-14 7.66087193682097e-12 1.75475189934104e-11 2.89035462230913e-12 2.44249065417534e-15 3.62471164194744e-11 2.61596933004427e-09 3.77475828372553e-15 0.999999992375145 1.67473505063853e-08 3.33066907387547e-16 1 3.31290550548147e-13 5.21804821573824e-15 5.44009282066327e-14 6.66133814775094e-16
4.21884749357559e-15 1 1 1 1.69864122767649e-14 1.18779430735572e-11 3.99680288865056e-15 6.55031584528842e-15 1.92068583260152e-14 1.45439216225896e-14 8.32667268468867e-15 2.24952279026525e-11 0.999988492290943 3.88578058618805e-15 2.10460537886092e-11 1.14908083048704e-13 8.27116153345742e-14 1.64783745337793e-06 0.999999999999962 4.88498130835069e-15 1.68753899743024e-14 1.53543844305659e-13 2.4061863612701e-12 4.88498130835069e-15 2.64233079860787e-14 5.6621374255883e-15 2.87876145144139e-09 1.22124532708767e-14 4.16333634234434e-14 1.21014309684142e-14
2.22044604925031e-16 1 1 1 0 0 0 1 0 0 1 0 0 0 0 2.4491519923231e-13 1 1 0 0 0 0 0 0 0 0 0 1 0 1
1 2.11718420572993e-11 1 1 1.11022302462516e-16 5.49560397189452e-14 0 0 0 0 1 1.11022302462516e-16 1 5.96929172758109e-11 1 1.23234755733392e-14 2.22044604925031e-16 1.11022302462516e-15 1.01642461114437e-09 0 8.18681973324686e-08 0 0 1.0991207943789e-14 1.17571952173989e-10 0 2.33146835171283e-15 5.99076344087734e-13 5.28799226628962e-13 8.44725400739321e-11
2.6931790131357e-12 1.09584785690231e-10 1 1 1.96298532983974e-12 2.03943717469457e-08 1.58795199212136e-12 1.10422782029218e-12 5.94302385081846e-13 1.04516395538212e-12 1.17686590472843e-08 2.03603800486007e-12 5.02597963247808e-12 8.72824360564906e-07 2.84539058981181e-12 5.73319169916431e-13 6.63358257213531e-13 0.999999839978409 4.42590408766819e-12 2.8118063433169e-11 5.93858295871996e-13 1.31339383813156e-12 6.5563110496214e-12 1.16506804204164e-12 1.7936763185844e-12 9.64633669608972e-08 1.80487846890287e-11 1.69018301798829e-07 4.01556565776673e-12 3.51441098445093e-12
0 1 1 1 0 0 0 0 0 0 0 0 0 0 1 0.999999999999891 0 1 1 2.77555756156289e-15 0 7.64943663966733e-14 0 0 0 0 1 0 0 1
3.33066907387547e-16 1 1 1 3.77475828372553e-15 6.85526535537662e-09 3.33066907387547e-16 1.11022302462516e-15 6.66133814775094e-14 4.03924671488198e-10 2.70146127689941e-11 1.26920696175148e-12 6.66133814775094e-16 6.66133814775094e-16 2.22044604925031e-15 0.999999999999999 4.03899136358632e-13 3.33066907387547e-16 1 8.88178419700125e-16 3.33066907387547e-16 7.99360577730113e-15 2.55351295663786e-15 2.69802624686122e-10 1.88737914186277e-15 1.48436818392383e-13 2.13832285211879e-11 2.22044604925031e-16 1.20781162848971e-12 1.24076069418777e-08
0 0 1 1 0 0 0 1 0 0 0 1.08485975758299e-08 0.999998507841251 3.10862446895044e-15 1.66533453693773e-15 1.47659662275146e-13 1.18349774425042e-12 7.1276318180935e-14 2.85452772530448e-11 3.66373598126302e-15 0 1.11022302462516e-16 0 0.999999999999709 0 2.22044604925031e-16 0 0.999740924408302 1.0547118733939e-14 0
1.23290266884624e-11 0 1.2034464347721e-05 1 2.56461518688411e-14 0 0.999986675212622 0 0 0 0 1 0 0 0 0 9.48368747760719e-05 0 2.8199664825479e-14 0 0 0 0 0.999958548697715 0 0 0 0 1 1
0.999999999990165 6.92961243942136e-10 1 1 0 0 1.08801856413265e-14 3.63042929052426e-14 0 0.999987236596971 1 0 0 0.999999940810897 0 0 4.44089209850063e-16 0 1 0 3.06153991047609e-11 0 0 0 0 1.51656465163796e-13 0 0 0 1.11022302462516e-16
4.69595917707011e-10 3.57129858352678e-07 1 1 1.58769997149477e-10 2.29816166097407e-14 1.77080572427712e-13 1.97619698383278e-14 2.08166817117217e-13 6.13509243407862e-13 1.7874590696465e-14 2.02959871131725e-12 1 3.99680288865056e-14 1.45439216225896e-14 1.02157999972707e-05 1.69864122767649e-14 1 1.53210777398272e-14 1.4432899320127e-14 1.71107572555229e-12 2.26583196649699e-11 8.53606074713298e-12 2.30948939916598e-06 5.26245713672324e-14 1.49880108324396e-14 1.70974345792274e-14 6.47593090263854e-13 9.97291138560286e-12 2.02060590481778e-14
0 1 1 1 1.11022302462516e-16 7.32747196252603e-15 0 0 4.44089209850063e-16 3.33066907387547e-16 1.11022302462516e-16 0 0 0 0.00586572657452078 5.55111512312578e-16 1.55431223447522e-15 0 4.88498130835069e-15 1.11022302462516e-16 0 0 0 9.45910016980633e-14 0 1.11022302462516e-16 0 0 1.11022302462516e-16 1
8.90813794607315e-06 8.43769498715119e-14 7.12313985573587e-10 1 2.76778600039052e-13 8.10462807976364e-15 5.95676796777411e-08 2.05835348765504e-13 1.72306613421824e-13 1.58761892521397e-14 1 1.04360964314765e-14 1.57335144912452e-10 1.93844940099552e-13 1.27675647831893e-14 7.99360577730113e-15 8.88178419700125e-15 7.7715611723761e-14 0.999919072217886 1.37667655053519e-14 8.09291957655223e-05 1.47659662275146e-14 5.09448039309746e-12 1.0991207943789e-14 1.44395606582748e-12 3.29736238313671e-14 1.60760293965723e-12 1.21320731238939e-11 1.74484204862324e-10 8.17124146124115e-13
0 0.183368781037999 1 1 0 0 0 9.01501095995627e-14 0 2.96371815977636e-10 0 2.63677968348475e-13 0 0 3.10862446895044e-15 0.99999999086481 0 0 0 1.66533453693773e-15 0 0 0 1.36446409726432e-12 0 0.999999988934741 3.96833677029917e-11 2.22044604925031e-16 0 0
1 0.00201697985316118 1.45013431307461e-06 1 0 4.85312234843605e-10 0 1.39999123405232e-13 0 1.5306644840507e-12 0 0 5.88418203051333e-15 1.33226762955019e-15 1 0.999999999999993 2.22044604925031e-16 0.000125659497941855 0 6.33271213246189e-13 0 1.03532515893789e-10 4.44089209850063e-16 0 0 0 0 0 1.34414845920361e-07 6.26644736101412e-10
4.13585232728053e-08 1 1 1 1.55431223447522e-15 2.44249065417534e-15 6.66133814775094e-16 1.49880108324396e-14 2.33146835171283e-15 1.0325074129014e-14 1.22124532708767e-15 8.41215985758481e-13 4.44089209850063e-15 4.59299265287427e-13 6.32827124036339e-15 3.94129173741931e-14 6.67244037799719e-14 4.7453277962628e-07 1.22475873665095e-07 5.83532776543549e-08 3.02274871799568e-11 0.998799859617477 2.03144245869424e-09 1 6.66133814775094e-16 4.44089209850063e-16 1.55431223447522e-15 2.87644267293885e-08 5.32907051820075e-15 3.73723442192997e-08
0 1 1 1 0 0 0 0 0 0.999278095646868 0 1 0 0 8.2137630030843e-12 1.4432899320127e-15 0 0 0 0 0 6.13953332617712e-14 1.83186799063151e-14 3.37889325963125e-07 0 0 0 0 0.999999999994941 0
1.12621023617976e-12 1 1 1 1.66533453693773e-15 1.99840144432528e-15 4.9960036108132e-15 0.999999999999461 5.09259301395559e-12 4.77395900588817e-15 1.66533453693773e-15 5.10702591327572e-15 3.60378393793326e-13 1.88737914186277e-15 1.66533453693773e-15 5.44009282066327e-15 1.38777878078145e-14 6.99440505513849e-15 1.55431223447522e-15 1.55431223447522e-15 1.66533453693773e-15 3.77475828372553e-15 5.77315972805081e-15 4.09894340691608e-13 2.33146835171283e-15 5.6621374255883e-15 3.33066907387547e-15 8.5265128291212e-14 1.66533453693773e-15 0.999999997677314
0 4.80797170473446e-05 1 0.999999999999547 0 2.44249065417534e-15 2.33146835171283e-15 3.23074900165921e-14 0 0 1.13246179100912e-09 2.59651189438159e-11 1 2.22044604925031e-16 5.31052979368951e-11 1.28242971797476e-11 0 0 0 1.5047629808862e-10 0.999999999993066 2.28968729532042e-08 2.22044604925031e-16 1.26865185023917e-12 0 2.99760216648792e-15 0 0 0 8.47988346208695e-13
0 1 1 1 0.99977264268177 1.02268193913346e-11 5.44009282066327e-15 3.5527136788005e-15 1.57207413753468e-09 1.11022302462516e-16 4.87387907810444e-14 1 1.22124532708767e-15 1.17683640610267e-14 6.66133814775094e-16 1.17182075154432e-09 0 1.98729921407903e-14 0 1.53210777398272e-14 1 3.44765327398022e-11 3.08642000845794e-14 1.40998324127395e-14 8.70858940515973e-13 1.11022302462516e-16 0 8.21565038222616e-15 2.53019827312073e-13 1.11022302462516e-15
2.22044604925031e-16 6.50368647825417e-13 1 1 2.44249065417534e-15 1.81743509131138e-13 0.999999996717932 1.11022302462516e-16 0 0 1.77635683940025e-15 0 0 0 0 0 2.8599345114344e-12 7.7715611723761e-16 1 0 0 0 3.0186964039558e-12 0 1.22124532708767e-14 0 0 0 1 0
2.59586352413521e-10 1.33748950570389e-06 1 1 9.99200722162641e-15 0.000294837238257406 2.77555756156289e-15 1.32680108588801e-06 2.43749546102734e-08 1.4432899320127e-14 2.43287834322814e-10 1.89095433611453e-06 1.4432899320127e-15 2.23232021756559e-09 3.13440177590607e-07 3.43614026121486e-13 3.27626814566884e-13 1.66533453693773e-15 5.89972515285808e-13 5.44009282066327e-15 0.999998112905312 1.66533453693773e-15 7.14983627858601e-14 3.99680288865056e-15 1.99840144432528e-15 6.66300348228788e-12 3.21964677141295e-15 8.54538662053983e-13 1.16573417585641e-14 1.77635683940025e-15
4.65170538621607e-06 1.56737955947506e-11 1 1 1.17954535028275e-11 6.83782697130653e-10 2.05004691078425e-06 2.62458943467436e-11 7.38753502815825e-12 0.000822329581588788 5.13208364694151e-11 1 7.3471080441756e-08 4.04299926870522e-11 5.65149926856634e-10 4.69161376415173e-11 8.12736544730797e-11 0.0256817144794379 5.28563848245511e-09 1.96034935273648e-06 8.43225489433053e-12 2.01302841063011e-09 3.05720489226502e-05 0.00313595108625764 7.62234719786647e-12 2.11230969260345e-06 5.60455137854632e-09 6.34947650013373e-11 7.25852711269681e-12 1.57456270244438e-11
0.999999999997778 0 1 1 0 0 0 0 0 1.11022302462516e-16 4.45343761867889e-12 0 1 0 1 1.11022302462516e-16 0 0 0 0 0 1.14908083048704e-13 0 0 0 0 0 1 0 0
1.18127729820117e-12 1 0.999999999999833 1 1.53799195601323e-12 1.08868469794743e-12 1.51367807177394e-12 1.11999298724186e-12 2.72748490459662e-12 1.58595359067704e-12 2.69917421746868e-12 2.63566946046012e-12 3.17847059783105e-09 1 1.27731158983124e-12 4.82902606790958e-12 4.81450446176979e-09 1.12410081243297e-12 1.03012748331466e-08 2.54037901825654e-11 2.62905719417006e-09 1.4196199771277e-11 4.78528328073935e-12 3.7316150169886e-11 4.04571420808963e-09 1.67664980788018e-08 1.24178445304324e-12 2.1615376155637e-11 1.09771081113763e-11 1.4589163210843e-10
1 1 1 1 1.08133502152441e-11 4.66293670342566e-15 3.04201108747293e-14 1.38777878078145e-13 4.64861482640799e-12 6.77236045021345e-15 1.765254609154e-14 4.66293670342566e-15 4.66293670342566e-15 1.73416836446449e-13 2.01342276184846e-11 5.22537568770076e-12 8.09352584951739e-14 6.99440505513849e-15 1.62847513252018e-12 5.77315972805081e-15 2.88657986402541e-14 5.21804821573824e-15 4.73796557542983e-11 4.77395900588817e-15 5.85087533977457e-14 5.44009282066327e-14 6.21724893790088e-15 2.40591990774419e-11 9.2148511043888e-15 9.88098491916389e-15
1.13786732758303e-06 3.33066907387547e-15 1 1 1.55431223447522e-15 6.66133814775094e-16 4.44089209850063e-16 1.021282602931e-07 6.4170890823334e-13 5.55111512312578e-16 2.34419195166424e-09 2.87250445651921e-10 6.55031584528842e-15 5.60784751968413e-11 4.82502926502093e-13 4.88498130835069e-14 4.6074255521944e-14 0.999955640480652 3.33066907387547e-15 6.66133814775094e-14 9.22070197972857e-11 3.19744231092045e-14 1.1225407565707e-06 2.42839082176260e-12 1.03440089826989e-09 4.67558989303285e-08 1.24344978758018e-13 2.11719530796017e-13 0.99999999631942 3.99680288865056e-15
0 0 1 1 0 1.11022302462516e-16 0 0 0.999999999999962 0.99999999997828 8.79063488667953e-12 0 0 0 0 1 1 0 0 0 0 0 1 0 1.11022302462516e-16 0 0 0 0 0
1 2.9398436962258e-05 1 1 0 0 0 7.96281929282827e-11 9.81992265280951e-13 0 0 0 1.24935617407118e-11 0 4.44089209850063e-16 0 0 0 1 0 4.72732963885392e-13 1 0 0 1.99840144432528e-15 0 1 0 0.000168058376669888 0
0 0 1 1 0 0 2.08868589091082e-10 0 0 0 0 0 0 0 0 1 0 0 1 4.23994173104347e-13 0 0 7.7715611723761e-16 0 1 1 0.999999999999998 1.91180404840452e-13 0 1.11022302462516e-16
0 7.7715611723761e-16 1 1 0 0 0 0 0 0 0 0 0 0 0 0 0 0 0 0 0 0 8.30862378897734e-10 0 0 0 0 0 0 0
2.74452488513433e-08 1.71411773663976e-11 1 1 1.57751589568988e-12 1.80612069744512e-09 3.63042929052426e-13 0.997778377321433 8.68860539071648e-13 5.286882043265e-13 0.999990687263815 5.30708810231317e-12 9.99877958207662e-12 8.12323541765636e-11 2.18324691658722e-10 1.77280412572145e-12 4.24449364544444e-12 2.64514966841212e-06 5.00821606408408e-13 4.99977836909693e-12 3.16635606623095e-13 2.55599985621302e-11 4.15223411209809e-13 1.03583808197527e-12 5.35793631684101e-13 2.00633509805925e-10 1.81032966395378e-12 1.5057527449458e-05 1.16906484493029e-12 5.71106273383748e-09
9.33697563709757e-14 1.68309810533174e-13 1 1 3.47281853385617e-07 1.11022302462516e-15 7.99360577730113e-15 1.66533453693773e-15 1.33226762955019e-15 1.12132525487141e-14 3.05755420981768e-13 2.44249065417534e-15 1.22124532708767e-15 1.49930815210864e-05 2.77555756156289e-15 1.22124532708767e-15 1.04072306328362e-12 1.33226762955019e-15 3.27515792264421e-14 0.999999999999999 1.77635683940025e-15 2.77555756156289e-15 5.97077942643409e-13 1.33165206639418e-08 9.2148511043888e-15 9.99200722162641e-16 9.99200722162641e-16 2.53130849614536e-13 4.03201216514493e-06 3.31179528245684e-13
3.04978264864531e-13 0.990972111602712 1 1 0 1.33089174347845e-07 1.26596066962747e-10 0 0 0 0 0.00727799402013385 1.11022302462516e-16 4.20774526332934e-14 6.97369701541106e-06 0 0 0 0 2.6690174470545e-07 0 0 1 1.48971945890253e-11 0 6.24538623039683e-08 0 2.77111666946439e-13 3.33066907387547e-16 1.11022302462516e-16
1.24192878203644e-11 1 1 1 1.05138120432002e-13 1.71485048383602e-12 1.0857981180834e-13 1.04471986617227e-13 2.02282635086704e-13 7.4495964952348e-13 4.9086290587752e-12 2.56759434824616e-08 2.32114327758381e-12 2.06149819437229e-09 4.21362944535986e-12 2.80403478214453e-11 1.06248343456627e-13 1.91735516352765e-13 1.0413891970984e-13 1.4344081478157e-13 1 1 5.44835575544411e-08 4.41868763800812e-13 2.27150520615282e-10 0.999999999998634 3.89588472593516e-10 7.92588217279899e-13 1.88959958791202e-13 1.30451205393456e-13
0 1 1 1 1.33424920001346e-08 0 0 0 1.97619698383278e-14 0.000932766890608172 0 0 0 5.55111512312578e-16 1.11022302462516e-16 0 0 0 9.99200722162641e-15 3.31234731643093e-07 0 0.00426079966579118 1 2.77555756156289e-14 0 0 0 0 2.22044604925031e-16 1.88737914186277e-15
7.54951656745106e-15 0.000155576749039099 1 1 3.33066907387547e-16 2.6505464489901e-12 0.00142127106037149 8.88178419700125e-16 1.33226762955019e-13 1.11022302462516e-16 7.7715611723761e-16 1.11022302462516e-16 1.20237153566904e-13 1.11022302462516e-16 1.94636931016845e-08 4.20297130432346e-12 1.11022302462516e-16 3.33066907387547e-16 7.7715611723761e-16 5.21804821573824e-15 2.44304576568766e-12 2.92666654133633e-07 6.17284001691587e-14 2.22044604925031e-16 1.82076576038526e-14 2.60996380063716e-09 2.49745738423179e-07 9.99200722162641e-15 4.01456645704457e-13 3.33066907387547e-16
3.84366627415034e-09 1 0.999999999826672 1 4.44089209850063e-16 3.33066907387547e-16 4.44089209850063e-16 0 0 1.11022302462516e-15 1 1 0 0 0 1 0 0 0 5.79758463459257e-12 0 2.01993977100301e-12 0 0 0 1 1.11022302462516e-16 0 1 0
0.999999999946218 0.999999999995807 1 1 0 0 0 0 0 0 0 4.83799666994855e-11 0 0 0 0 0 1 0.99999999995162 0 0 0 4.14523970704295e-12 0 0 1 0 0 0 1
0.00259324408022321 1 1 1 9.99200722162641e-16 7.15364434356047e-11 5.10702591327572e-15 1.4432899320127e-15 3.00870439673417e-14 7.58563542599955e-05 0.999998576619778 9.99200722162641e-16 1.6496026766788e-10 4.66293670342566e-15 1.33226762955019e-15 9.99200722162641e-16 7.53841433720481e-14 1 4.11892742135933e-14 8.54871728961371e-15 8.88178419700125e-16 2.52020626589911e-14 1.63776274797467e-06 1.47659662275146e-14 4.17152984111269e-06 1.72306613421824e-13 1 1.55431223447522e-15 9.99200722162641e-16 1.6176060491091e-11
1.31372690503895e-12 2.66453525910038e-15 1 1 1.11022302462516e-16 7.7715611723761e-16 8.88178419700125e-16 3.33066907387547e-16 2.22044604925031e-16 2.07498140891715e-09 1.22124532708767e-15 5.07038855346309e-13 3.66373598126302e-15 3.03868041839905e-13 3.23074900165921e-14 2.22044604925031e-16 3.44169137633799e-15 2.22044604925031e-16 6.92779167366098e-14 1.69237890368379e-09 2.22044604925031e-16 2.22044604925031e-16 1.11022302462516e-16 2.22044604925031e-16 2.66453525910038e-15 7.84816656107523e-13 4.61075622126828e-13 7.99360577730113e-15 5.55111512312578e-16 0.99999765147079
0 1 1 1 0 0 0 0.999999999999998 0 0 0 1 0 0 0 0 0 1 0 0 1.6903145549918e-12 1.10781669127036e-06 0 1 1 0 0 0 2.36111130647032e-12 0
1.11022302462516e-16 0.999979967954285 1 1 1.79856129989275e-14 0 1.66533453693773e-15 0 0 6.93223256575948e-13 7.36459671024647e-10 0 0 1.99840144432528e-15 0 0 1.11022302462516e-16 0 0.000832293466698886 0 0 4.2854608750531e-14 0 0 1.11022302462516e-16 1.11022302462516e-16 1.77635683940025e-15 0.999997353697619 2.37162511851352e-11 0
1 4.5852210917019e-14 1 1 0 1.38575326803503e-05 0 0 0 1.38777878078145e-14 0 0 0 0 2.22044604925031e-16 0 1.0635936575909e-13 1 0 0 0 1 0 0 0 0 0 0 0 0
6.54237125541357e-05 1.03132640871806e-07 0.992054073951252 1 0.999999639392901 1.11022302462516e-16 1.88737914186277e-15 2.77555756156289e-13 4.44089209850063e-16 1.11022302462516e-16 1.4432899320127e-15 1.22124532708767e-15 2.67563748934663e-14 4.16666701141821e-13 9.99200722162641e-16 1.66533453693773e-15 3.6981528950264e-13 8.43769498715119e-15 1.2131762261447e-10 4.38951097692097e-11 1.11022302462516e-16 4.88276086230144e-13 7.64943663966733e-14 3.62525676145253e-10 1 7.699285653473e-12 6.66133814775094e-16 1.95399252334028e-14 9.87876447311464e-13 4.44089209850063e-16
9.27635745995303e-12 0 1 1 0 1.11022302462516e-16 0.999999998122404 0 0 0 2.1094237467878e-15 1.11022302462516e-16 0 1 1.11022302462516e-16 0 0 0 0 0 1.20348175869367e-13 0 1.11022302462516e-16 0 0 1.99840144432528e-15 0 0 0 0
2.23955298750411e-11 0 1 1 1 1.11022302462516e-15 0 1.11022302462516e-16 3.76987330241718e-12 0 1.11022302462516e-16 1.77635683940025e-15 0 9.32587340685131e-14 1.11022302462516e-16 5.99520433297585e-15 0 0 7.21644966006352e-15 0 2.72004641033163e-14 0 0 0 1 1 1 1.11022302462516e-16 5.55111512312578e-16 1
1.12443387934036e-12 3.68944497175505e-09 0.999999999986221 1 8.888445535149e-13 2.15150119942109e-12 2.52348142382175e-11 8.60850835060489e-10 5.37247690779452e-10 1.83297821365613e-12 2.36514141604971e-11 1.80566672725035e-11 2.91699997490014e-12 0.000230558658008029 1.95158333937684e-11 0.999999461125391 2.30756280750199e-09 1.10047562174032e-08 4.45835590667798e-11 3.21866755470523e-10 7.66586794043178e-12 6.46645736956941e-10 1.25813318652135e-08 8.94506690940489e-13 2.06412664738309e-12 1.92336035986784e-10 3.55382390182513e-12 1 3.18659543196986e-11 8.59767244498766e-06
0.164988919994355 1.07067365529012e-07 1 1 9.14646136607189e-12 7.14384107425303e-12 8.13149547695957e-10 9.71722702303168e-12 2.54207765948422e-12 5.3884674500182e-12 1.37604372341116e-11 5.44638534272224e-09 3.38750081175787e-05 1.95597538166226e-10 4.06430444854777e-12 2.76245692987231e-12 5.27949906015124e-11 2.59436916394407e-12 3.72125241732135e-09 5.29175069319265e-08 7.15424608443982e-10 2.58348897830274e-12 6.19928630651856e-09 2.47291076505007e-12 3.51152440458691e-12 4.39411669728162e-06 6.1170624121587e-11 5.20787324709282e-07 1.1985912262702e-10 2.49666953777705e-12
1.78856929267113e-13 0 1 1 0 0 0 9.73665592596262e-14 0 0 0 0 0 0 0 0 0 0 1.19904086659517e-14 0 0 0 0 0 1.66533453693773e-15 0 5.6621374255883e-15 0 0 0
3.3939517862791e-13 1.33226762955019e-15 1 1 1.37854272441729e-09 1.02140518265514e-14 4.44089209850063e-16 2.44804176929847e-13 8.88178419700125e-16 3.33066907387547e-16 0.999916643606456 2.22044604925031e-16 8.88178419700125e-16 1.4432899320127e-15 3.99680288865056e-15 2.22044604925031e-16 7.7715611723761e-16 5.55111512312578e-16 7.7715611723761e-16 3.96107984818039e-05 3.33066907387547e-16 2.22044604925031e-16 5.34516875205782e-12 4.10782519111308e-15 2.22044604925031e-16 1 5.67402391737915e-09 2.22044604925031e-16 9.5132457467173e-11 3.33066907387547e-16
0.999999449906322 2.34645636254527e-12 1 1 0 1.28919097619473e-12 0 1.11022302462516e-16 0 5.55111512312578e-16 4.86277684785819e-13 3.25173221682462e-12 0 3.77475828372553e-15 5.59466751814952e-08 4.57289761612856e-12 9.88098491916389e-15 2.33146835171283e-15 0 1.11022302462516e-16 0 8.88178419700125e-16 2.1094237467878e-15 0 0 0 1.11022302462516e-16 2.24154028671819e-11 2.1316282072803e-14 2.14384066055118e-13
0 0 1 1 0 0 0 6.66133814775094e-16 9.99200722162641e-15 0 1 3.33066907387547e-16 0 2.88324919495153e-13 6.07180972167498e-13 0.994243289474858 1.11022302462516e-16 0 5.95571814088203e-10 1 1.69431135788045e-12 0.999999999999981 0 6.66133814775094e-16 0 6.99440505513849e-15 1.77635683940025e-15 0 1 1.81077375316363e-13
2.94253510446651e-12 1 5.55111512312578e-16 1 0 1 0 0 0 0 2.80886425230165e-14 0 0 1.11022302462516e-16 0 0 0 0 0 4.10782519111308e-15 0 0 1 1 0 0 0 0 0 1
0 0.999999046296556 1 1 0 0 0 0 0 0 0 0 0 0 0 0 4.43483028078617e-11 3.33066907387547e-16 0 1 0 0 0 1.11022302462516e-16 0 0 0 0.999999999999964 0 0
0 1.72084568816899e-14 1 0 0 1.69694680640653e-07 0 0 0 0 1 1 0 1 0 0 0 0 0 6.67244037799719e-14 0 0 1 0.99999839937828 0 1 0.999999830308837 0 4.6638359840756e-11 1
0.999999999661621 1 1 1 0 2.22044604925031e-16 1.75293113358066e-12 0 0 0 0.999999999999997 0 0.999929576094358 0 3.33066907387547e-16 0 0 0 0 0 0 1.11022302462516e-15 0 1.11022302462516e-16 0 1 0 7.7715611723761e-16 0 1
2.69784194983913e-14 3.70115826875406e-10 1 1 3.90465437760668e-13 5.52571322032236e-11 1 0.0107979750147467 6.44424472673322e-08 2.47898680483249e-06 8.09352584951739e-14 6.46194904312392e-05 3.65463055396198e-06 0.000146348662792173 7.82286914913222e-07 1.765254609154e-14 1.66533453693773e-14 1 1.21955151266562e-06 1 8.07398592428399e-12 5.56100721027519e-11 2.75335310107039e-14 0.99999335344726 1.0369483049999e-13 1.66533453693773e-14 3.35953487251572e-13 1.66533453693773e-14 1 9.43497502348123e-11
1 9.0999430213401e-12 1 1 1.48769885299771e-14 6.21724893790088e-15 2.52834816322212e-05 6.10622663543836e-15 6.10622663543836e-15 7.105427357601e-15 9.43680911158484e-06 7.37309879816905e-10 3.83026943495679e-14 0.00184565448076346 7.21644966006352e-15 1.16573417585641e-14 3.75414321851508e-09 0.999999910556926 3.60305119073701e-11 7.31636973227978e-14 6.43929354282591e-15 8.71525074330748e-13 1.48282552903112e-09 1.84297022087776e-14 2.79503005518045e-06 1 7.88258347483861e-15 7.53214601800778e-10 1.21014309684142e-14 3.53269913322407e-09
0 1 1 1 0 0 0 0 0 0 0 0 0 1.66833213910422e-12 0.999982498435899 1 0 0 0 0 7.79487585589322e-13 1 1.75015559140679e-05 0 0 0 0 4.44089209850063e-16 0 1.4432899320127e-15
3.33066907387547e-15 0.999999999999127 1 1 1.39101869001124e-06 1.27557671314449e-07 8.88178419700125e-16 8.69120905244714e-08 1.55431223447522e-15 3.80806497446429e-14 5.02931030155196e-14 1 1 1.08801856413265e-14 1 5.59333690475228e-11 5.10702591327572e-15 1.27675647831893e-14 9.99200722162641e-16 3.77475828372553e-15 1.33781541400424e-10 8.88178419700125e-16 5.67323965583455e-14 1.67121062655262e-07 3.10862446895044e-15 1.11022302462516e-15 2.88657986402541e-14 3.45654166322706e-06 2.43006798417156e-06 0.00184429778358852
4.87315743313843e-11 1.63105010353437e-06 1 1 6.43929354282591e-14 5.90638649100583e-14 1.50313095304e-12 4.15223411209809e-14 2.92765811593654e-13 3.1641356201817e-14 1.7430501486615e-13 3.69704267200177e-14 4.23883150801885e-13 4.66293670342566e-14 2.92166291160356e-12 3.83693077310454e-13 2.14049855618015e-09 0.9956348540427 6.56141807553468e-14 1.48673739985838e-10 0.999980300644776 3.31956684362922e-14 3.73034936274053e-14 1.07447384323223e-12 4.27435864480685e-14 7.22866211333439e-13 1.52100554373646e-13 3.46389583683049e-14 1.30573329926165e-12 4.11892742135933e-14
8.32667268468867e-15 1 1 1 9.65338919911574e-13 4.21584989140911e-11 1.49369405733069e-12 9.2148511043888e-15 1.36557432028894e-14 1.34056476119859e-06 2.70054399287289e-07 6.29496454962464e-14 9.69115898641348e-11 2.71971334342425e-12 1.11022302462516e-14 8.21565038222616e-15 1.31006316905768e-14 0.999999999849746 2.42361686275672e-13 1.58761892521397e-14 1.26898491714655e-13 0.0038467879781956 7.99360577730113e-15 7.9588891033211e-11 1.7936763185844e-12 3.23074900165921e-14 1.14552811680824e-12 2.80886425230165e-14 8.73301431170148e-13 9.65894031423886e-15
1 0 1 1 0 0 0 0 1.48769885299771e-13 0 0 0 0 0 1 0 0 1 0 0 0 5.54249922624095e-08 0.999999999826562 0.999999944575008 1.73436154327078e-10 1 6.66133814775094e-16 0 0.999999999999852 1
1 0 1 1 0 0 0 0 7.7715611723761e-16 0.999999459708095 2.57381116419708e-10 0 0 2.93098878501041e-14 0 0 0.99999997665756 0 1 1 0 1 1.34825484110479e-12 0 4.67419880578746e-10 0 0 0 0 0
5.55111512312578e-16 6.88338275267597e-15 1 1 0 4.44089209850063e-16 4.44089209850063e-16 5.55111512312578e-16 6.66133814775094e-16 7.7715611723761e-16 1.33226762955019e-13 8.6476603655683e-11 1.11022302462516e-16 2.22044604925031e-16 2.46469511466785e-14 1 8.54694093277431e-12 0.999999999989873 1.18571819029967e-13 3.235448120531e-08 6.88338275267597e-15 3.56381590904675e-14 4.44089209850063e-16 3.33066907387547e-16 0 0 1.08801856413265e-14 2.22044604925031e-16 7.43849426498855e-15 6.29496454962464e-14
3.65517194289566e-09 0 1.11022302462516e-16 1 2.79531953140122e-12 0 0 7.7715611723761e-16 7.15982828580763e-13 0 0 0 1.11022302462516e-16 0 1.77635683940025e-15 1.59539048638635e-13 3.33066907387547e-16 0 0 0 0 0 2.22044604925031e-15 8.88178419700125e-16 1 1 0 1 0 1
0.999989868364394 0.999999999999998 1 1 0 0 0 0 0 0 0 0 1 0 0 0 0 1 0 0 0 0 0 5.05151476204446e-14 0 0 2.22044604925031e-16 1 0 4.44089209850063e-16
0.999830306643141 2.30970798043018e-12 1 1 0 0 0 0 0 0 0 0 0 0 7.7715611723761e-16 0 0 0 0 0 0 0 0.000169693352257472 0 0 1 0 0 0 0
0 0 1 1 0 0 0 0 1.66533453693773e-15 0 5.99520433297585e-15 0 0 0 0 0 5.73985303731206e-14 1 0 1 0 0 2.47538273212555e-08 1 0 0 0 0 0 0
0.999995969981337 1 0.999999999999922 1 5.92313975644743e-11 1.94955163124177e-13 2.34153807454618e-10 4.77395900588817e-15 9.99200722162641e-15 6.42819131257966e-14 1 1.64313007644523e-14 1.50990331349021e-14 1 5.10702591327572e-15 1.37567734981303e-12 1.9277135443474e-11 4.44089209850063e-15 4.55191440096314e-15 3.69704267200177e-14 8.90842954959226e-13 5.99520433297585e-15 1 9.53199741360322e-11 2.64233079860787e-14 3.90298904306974e-12 1.70974345792274e-14 4.05231403988182e-14 6.49480469405717e-14 5.44009282066327e-15
2.67562142441946e-07 1 1 1 3.33066907387547e-16 1.33226762955019e-15 5.55111512312578e-16 4.44089209850063e-16 4.44089209850063e-16 8.88178419700125e-16 9.34807786734382e-14 1.11022302462516e-15 3.84492437888184e-12 0.999999999996302 9.99200722162641e-16 1.11022302462516e-14 4.44089209850063e-16 7.71382957509559e-13 7.32747196252603e-14 4.44089209850063e-16 4.44089209850063e-16 7.7715611723761e-16 8.88178419700125e-16 1.33226762955019e-15 5.89119530935989e-10 7.65347341058487e-10 7.7715611723761e-16 0.999997499384294 1.66533453693773e-15 1.12132525487141e-14
5.79136738565467e-12 0.982624417992126 1 1 3.66373598126302e-15 3.88578058618805e-15 4.9960036108132e-15 3.88578058618805e-15 2.12730943971451e-11 3.77475828372553e-15 5.44009282066327e-15 2.16493489801906e-14 5.32907051820075e-15 5.32907051820075e-15 4.21884749357559e-15 4.66293670342566e-15 6.88338275267597e-15 1.98729921407903e-14 4.44089209850063e-15 1 5.37581090753747e-12 4.21884749357559e-15 4.9960036108132e-15 4.21884749357559e-15 5.75095526755831e-14 1.12132525487141e-14 3.66373598126302e-15 3.99680288865056e-15 4.88498130835069e-15 4.10782519111308e-15
4.44089209850063e-16 0.999951748882069 1 1 7.37188088351104e-14 0.959444330774665 2.34856578629206e-12 8.88178419700125e-16 1.66533453693773e-15 5.16253706450698e-14 1.65423230669148e-14 3.21964677141295e-15 4.44089209850063e-16 6.51700915454967e-14 3.68371999570627e-13 9.55544099401351e-09 1.73398571057248e-08 8.28771273830853e-10 3.21964677141295e-13 4.21884749357559e-15 6.66133814775094e-16 1.66533453693773e-15 7.08957337280935e-11 1.11022302462516e-15 0.0560205082380032 7.71605002114484e-14 2.13651318858865e-12 1.7874590696465e-14 3.77475828372553e-15 2.57571741713036e-14
1.33226762955019e-15 1.01110760653e-07 1 1.66533453693773e-15 1 1.45872203205499e-12 7.7715611723761e-15 2.03784766839021e-10 3.5527136788005e-14 7.7715611723761e-16 1.55431223447522e-15 6.66133814775094e-16 7.04836189413527e-12 2.46546806303982e-07 0.999998736274868 1 9.10382880192628e-15 6.11826582730401e-08 3.62467222903007e-09 1.22124532708767e-15 9.99200722162641e-16 1.765254609154e-14 6.77236045021345e-15 1.22124532708767e-15 1.33226762955019e-15 1.88238313825195e-12 0.999999999999998 8.88178419700125e-16 2.17148987680105e-09 6.66133814775094e-16
0 1 1 1 0 2.25375273998907e-14 0 0 0 0 1 0.999999999983454 0 0 0 0 0 0 0 0 0 0 0 0 0 0 0 0 0 1
0 0.999999986842001 0.999999999996682 1 0 0 9.76996261670138e-15 0 0 0.999999998746503 0 0 0 0 0 0 3.21964677141295e-15 0 3.08109093793973e-12 1 0 2.12916129171958e-10 0 0 1.11022302462516e-16 0 4.44089209850063e-16 0 0 0
1.11022302462516e-16 1 1 1 1.11022302462516e-16 2.30926389122033e-14 1 1.11022302462516e-16 2.22409868300133e-10 2.04424699390415e-10 7.90145393558817e-10 1.66533453693773e-15 2.4614692506475e-09 1.11022302462516e-16 2.44290143669446e-11 1 1 8.71294147941626e-11 1.11022302462516e-16 2.22044604925031e-16 2.88657986402541e-15 1 2.66453525910038e-15 7.86517299444789e-06 1.11022302462516e-16 4.44089209850063e-15 3.23185922468383e-13 4.1191650090866e-10 9.15489906105904e-13 2.22044604925031e-16
0.0230541844625824 5.87607740243357e-12 1 1 7.08877401223162e-13 7.07212066686225e-13 3.56332741091592e-11 7.08211267408387e-13 5.39457367665364e-12 1.23789867245705e-12 4.97935026544383e-12 0.999999939538067 1.77791115163473e-12 0.999999736211526 6.68576305429269e-13 7.39519556702817e-13 4.39288605491583e-11 1.09076233822947e-07 6.67577104707107e-13 1.2806866678261e-11 3.51574325208048e-12 1.81921144815078e-12 6.66688926287407e-13 4.74720263099471e-12 7.15094650161063e-13 0.000162366078900522 6.88560319872522e-13 6.66355859380019e-13 5.94309046419994e-11 2.11417428563898e-07
1.75526260193237e-13 1 1 1 2.02478034339038e-11 1.89803728289917e-12 5.07149877648772e-13 1.7608137170555e-13 6.43630038155152e-10 3.06310532494081e-13 6.58586518653692e-11 3.60045326885938e-13 0.00212431962669046 3.65418506564907e-09 5.36101385506527e-10 1.76192394008012e-13 7.34456939710526e-12 2.22225172707979e-08 2.25597318603832e-13 3.79474229816879e-13 4.81270422403313e-08 6.2897465014089e-12 1.19203968917958e-09 6.16839912481737e-13 1.70332281612673e-09 3.4220077882452e-09 3.21401355529716e-08 3.15236725612067e-12 1.48170364866473e-12 2.19062545880888e-11
3.96349619791181e-14 0.999881046226051 1 1 9.08162434143378e-14 9.88098491916389e-15 1.31339383813156e-13 2.20934381900406e-14 2.18269846641306e-13 2.20934381900406e-14 2.25375273998907e-14 4.34652314140749e-13 9.54791801177635e-15 1.40110145707695e-13 1.07025499573865e-13 1.27675647831893e-14 8.99280649946377e-15 8.1823436914874e-14 1.49324996812084e-13 1.01030295240889e-14 1.13242748511766e-14 8.88178419700125e-15 5.79831738178882e-11 1.65423230669148e-14 8.21565038222616e-15 2.19824158875781e-14 9.54791801177635e-15 2.53130849614536e-14 9.99200722162641e-15 4.61852778244065e-14
4.34534408455534e-10 4.64073224293315e-14 1 1 2.22044604925031e-16 0 0 5.96189764223709e-14 1.11022302462516e-16 0 0 0 1.20670140546508e-12 9.67004254448511e-14 0 1 0 7.62179208635416e-12 3.33066907387547e-16 9.35918009759007e-14 2.22044604925031e-16 0 1 1 0 0 3.67483821150927e-14 0 1.11022302462516e-16 0
0.993628332456298 0.999244951879998 1 1 0 2.22044604925031e-16 2.44249065417534e-15 0 0 9.56599655044243e-09 0 0 2.22044604925031e-16 1.11022302462516e-16 0 0 0 0 3.33066907387547e-15 0 0 0 0 0 0 0 1.11022302462516e-16 0 0.999999999385669 1.12132525487141e-14
1 3.15563499442284e-07 9.99200722162641e-16 1 4.77395900588817e-15 0 2.97206703692154e-13 1.35336764017779e-09 0 1 0 1.47079015633267e-11 1.78379533366524e-12 0 0.999999966423371 0 0 1 2.86294765672324e-10 1.0547118733939e-14 9.96319549084745e-09 4.04930677744275e-05 4.32667381058405e-05 1.11022302462516e-16 0 2.44249065417534e-15 0.999999999999998 1 0 5.87307980026708e-14
0 1 1 1 0 0 6.03961325396085e-14 7.15731918177198e-11 0 2.72004641033163e-14 0 1 0 1.11022302462516e-16 1 0 0 1.51553214422506e-11 0 0 6.77891076605874e-12 0 0 1.22124532708767e-15 1 0.994629892375514 1.17683640610267e-11 0 3.33066907387547e-15 4.36095604072761e-13
4.00790511889682e-14 0 1 1 0 0 0 0 0 0 0 1 0 3.21964677141295e-15 2.14384066055118e-13 0 0 0 8.88178419700125e-16 0.999998484640955 0 0 0 1 0 1.6306400674182e-11 0 4.06341627012807e-14 0 0
1.78782544324463e-11 0.00635414999614858 8.17124146124115e-13 1 1 0 0 4.44089209850063e-16 2.22044604925031e-16 0 0 0 0 1 9.21152043531492e-13 1 0 1 2.22044604925031e-16 1.86730197970775e-09 1 0 0 0 0 0.993646086031659 0 1.56763491077072e-13 0 0
0 6.5403238380668e-13 4.44089209850063e-16 1 0 0 0 0 6.54830634161385e-11 0 0 1 7.7715611723761e-16 0.999948303937725 0.999999999968244 0 0 0.999999915837175 0 5.1686793872352e-05 4.36195524144978e-12 3.33066907387547e-16 0 0 0.999999999999849 1 5.55111512312578e-16 0 1.5242869371157e-06 1.40074341015151e-09
0.999999994078862 3.66289045616863e-06 0.254795171611208 1 0 5.08482145278322e-14 0 1.39285817968293e-06 0 0.999999999960663 9.99200722162641e-16 0 2.65343302885412e-14 1.11022302462516e-16 0 3.33066907387547e-16 0 5.55111512312578e-16 6.66133814775094e-16 0 0 0 0 1.13242748511766e-14 0 0 3.02868841117743e-13 1.22124532708767e-15 1.26565424807268e-14 0
2.61124455391837e-13 6.43929354282591e-15 1 1 1.11022302462516e-16 1.22124532708767e-15 1.38922207071346e-12 3.99680288865056e-15 0 1.17106324637462e-12 1 4.88498130835069e-15 0 1.11022302462516e-16 3.21964677141295e-15 1.31006316905768e-14 0 1.46412881818492e-11 1.92690308153942e-12 0 6.68354260824344e-13 1.4388490399142e-13 6.66133814775094e-16 2.22044604925031e-16 2.54241072639161e-13 0 0.999999999590408 1 0 1
1.44504297416859e-10 8.88178419700125e-16 1 1 0 0 0 0 0 0 0 0 0 0 1 0 3.63346133180897e-06 0 0 0 0 0 0 0 0.999999999999993 0 0 0 2.22044604925031e-16 1.27273293015762e-08
1 0 1 1 0 0 5.75163162097603e-07 0.999681504417365 0 0 0 0 0 0 0 0 0 0 0 1.33226762955019e-15 0 0 0 0.999999999998394 0 0 0 0 1 0
0.999999996065443 0 1 1 0 3.07884944206194e-08 0 0 1 0 0 0 0.999999969170931 0 0 0 1 1 0 0 1 1 0 7.48290318597356e-14 0 2.84244849879656e-11 0 0 0 0
0 0.000634764181666081 1 1 0 0 0 0 1 0 0 0 1.8828272274618e-12 0 0 0 3.33066907387547e-15 0 1 0 0 0.999999999985121 0 0 1.21149756893146e-11 0.999999999999992 0 0.999999999999404 0 0
4.21287463248099e-07 2.99270608294933e-11 3.48971438942636e-05 0.999999995088052 1.87161397491309e-12 4.44089209850063e-16 2.66453525910038e-15 1.53210777398272e-14 1.69695812957116e-10 7.59775246939043e-07 4.44089209850063e-16 2.22044604925031e-16 1.22124532708767e-15 1.08598635639723e-08 2.1094237467878e-15 1.91054949638669e-11 1.97775129606725e-12 1 5.58886270596304e-13 1.92611482319194e-11 1.17017506795491e-13 1.11022302462516e-15 2.2966073487396e-12 1 4.78790509271798e-05 4.44089209850063e-16 2.20934381900406e-14 8.88178419700125e-16 6.66133814775094e-16 1
1.22124532708767e-15 1.53654866608122e-13 1 1 4.44089209850063e-16 0 0 2.17942330849041e-11 1.79560111179811e-06 0 0 5.93711746432746e-11 0 1 0 0.999999999992 0 3.59712259978551e-14 0 0 0 0 0 0 0.999987697026655 0 0 1 0.000237337639239277 0
1 0.999999999995451 0 1 0 0 0 0 0 0 1.92554860944938e-11 0 0 0 1 0 0 1 0 0 0 1 0 0 0 0 0 0 0 0
2.33413288697193e-12 1 1 1 0.999999999968223 0 5.02978973765389e-05 1.75415237890775e-14 0 0 1 0.99994969832383 0 1.11022302462516e-16 1.11022302462516e-16 8.43769498715119e-15 1.11022302462516e-16 1 0 0 0 0 0 0 2.66453525910038e-13 0 0 0 0 0
0 0 0.000626722437477079 1 0.999990522392517 0 0 0 0 0 0 0 0 1 0 0 0 0 1 1 0 0 0 1 0 1 0 0 0 0
1.46291867508808e-11 1 1 1 6.77236045021345e-15 1.66533453693773e-15 2.05280237253191e-13 3.88578058618805e-15 1.4432899320127e-15 3.57380791626838e-13 5.64093216581796e-12 1 1.66533453693773e-15 1 2.1538326677728e-14 5.48228129559902e-13 6.16175469536628e-08 1.34893896808208e-06 1.13242748511766e-14 1.31561428418081e-13 6.43929354282591e-15 1.22124532708767e-15 8.21354895208515e-09 4.66197160164938e-06 0.00163106206763675 6.90447699014385e-13 0.892750599205372 4.9960036108132e-15 5.95987703633227e-11 1.68551872459233e-09
2.56015293109702e-06 1.52638071071465e-08 0.999999999999989 1 1.01562960375112e-07 0.999999999579403 1.2640999358382e-12 4.56468196574633e-12 3.48054918219987e-13 1.048494624456e-12 8.37097058337122e-12 7.01783076095808e-12 9.99755833674953e-12 0.999999999512139 3.59934304583476e-13 0.999999999918445 3.1122882049317e-12 1.04694031222152e-12 2.39630537635094e-12 9.75886038645513e-13 2.12247774911134e-10 3.19189119579733e-13 5.93303184359684e-13 3.2917668590926e-11 1.05282449425204e-12 1 1.25999211064709e-12 9.96004501097048e-10 1.91497280255248e-08 4.03577171681491e-12
0 1.03309583110445e-11 1 1 0 0 1.11022302462516e-16 0 1.12798659301916e-13 1.11022302462516e-16 4.44089209850063e-16 5.99964522507435e-13 1.11022302462516e-16 0 0 1 1 0 1.06737407801205e-09 0.00901425160655855 1 0 6.41409148016692e-12 0 0.991001463305043 0 2.55351295663786e-15 0.999999500251555 1.11022302462516e-16 1
0 3.46278561380586e-13 1 1 9.99200722162641e-16 0 0 0 2.08847139560042e-06 8.88178419700125e-16 0.999999999999899 1 0 0 0 0 0 0 1 2.22044604925031e-16 0 1.11022302462516e-16 1.11022302462516e-16 0 0 2.09518513649698e-10 2.22044604925031e-15 0 6.66133814775094e-15 2.22044604925031e-16
1.33226762955019e-15 2.0083434915108e-10 1 1 0 1.84297022087776e-14 0 4.34900460088983e-09 0 0 3.95239396766556e-13 0 0 0.999999999999998 0 0 2.33146835171283e-15 0.999999963096995 0 1 9.99200722162641e-16 0 0 0 1.52970235367533e-08 0.0251787210357816 0.974819464597498 4.27435864480685e-13 1.47041545606186e-09 1
0 0 1 0 1.11022302462516e-16 0 0 1.11022302462516e-16 1 0 0 4.44089209850063e-16 1.08580033852945e-10 0 3.23925880563181e-08 1.55431223447522e-15 1.34181554756196e-12 0 3.38591377158082e-11 1 0 1 1.04916075827077e-13 1 8.18388468104558e-10 8.88178419700125e-16 2.1316282072803e-14 0 1.11022302462516e-16 3.76365605347928e-14
3.61932706027801e-14 6.66133814775094e-16 1 1 1.74971148680925e-13 0.00884743592784398 8.88178419700125e-16 5.55111512312578e-16 8.47100167788994e-14 9.74900891237418e-07 7.7715611723761e-16 5.55111512312578e-16 2.1094237467878e-15 3.73834296851783e-12 1 6.66133814775094e-15 1 1.88737914186277e-15 2.22716711739679e-09 1.22124532708767e-15 2.4781775187499e-08 6.89448498292222e-14 2.33146835171283e-15 3.888889210657e-12 5.55111512312578e-16 5.55111512312578e-16 5.55111512312578e-16 2.95319324550292e-14 3.66373598126302e-15 4.70759664583653e-09
1.11022302462516e-16 2.23598917159507e-13 1 1 3.33066907387547e-16 2.92099677778879e-13 1.11022302462516e-16 1.11022302462516e-16 3.33066907387547e-16 6.44048148146226e-11 3.21964677141295e-15 2.55351295663786e-15 8.99280649946377e-15 9.99677007840205e-11 0.999999999999999 0.999919770454015 1 2.22044604925031e-16 1.16442744335643e-10 6.88338275267597e-15 3.33066907387547e-16 1 8.25942142052005e-05 2.56294985234717e-12 1.11022302462516e-16 4.69541932002215e-08 1.11022302462516e-16 3.5527136788005e-15 6.10622663543836e-15 4.44089209850063e-16
1.11022302462516e-16 1 1.10292008660418e-05 1 0 1.11022302462516e-16 1.11022302462516e-16 5.23130316842924e-10 2.22044604925031e-16 0 0 0 0 2.38088096682354e-07 0.999988969134372 2.22044604925031e-16 6.66133814775094e-16 4.0265516476623e-09 3.88578058618805e-15 0 0 9.99200722162641e-16 0.999999999999999 1.11022302462516e-16 0 0 1.73194791841524e-14 0 0 0
0 1 0.999999998829683 1 0 0 0 0 0 0 0.999999999999999 0 0.999999999999961 0 0 0 0 1 0 0 0 0 1 0 4.44089209850063e-16 0 0 0 1 0
2.68966248162528e-08 1 0.999999999940024 1 1.05668807037773e-11 3.23074900165921e-14 9.34625710158343e-11 4.20108392518159e-13 2.94209101525666e-14 1.46113676713355e-10 5.23591170420445e-10 5.90305582193196e-13 2.53130849614536e-14 4.42978986825437e-13 2.43027820090447e-13 2.53130849614536e-14 3.0209279522353e-11 0.999999999997262 5.61772850460329e-14 1 2.46358489164322e-12 1.42050882168121e-09 4.92383456229817e-09 2.94209101525666e-14 3.39074446298326e-09 3.63042929052426e-14 1 1 4.26991775270835e-12 2.8421709430404e-14
0 0.999999999003881 0 1 2.7894102028192e-08 0 0 2.12052597703405e-14 0.00277077238566148 0 1 1.11022302462516e-14 2.18583033895214e-08 0 8.0013773384735e-13 2.22044604925031e-16 6.78346268045971e-14 0 3.97645633072319e-05 0 2.95903634928152e-10 0 4.44089209850063e-16 0 0 1.06067666391096e-05 1 2.22044604925031e-16 1.30562227695918e-13 1.11022302462516e-16
0 0 1 1 0 1.55431223447522e-15 0.999999952610383 0.0115476756161002 0 6.92204693564236e-09 0 0 0 0 7.7715611723761e-16 0 0 0.999999998252965 1 0 0 0 0 0.988441840277485 1.14589885358285e-08 0 0 2.99760216648792e-15 1.88737914186277e-15 1
1.52100554373646e-14 9.64942337089436e-06 1 1 3.97459842815806e-14 1 6.22835116814713e-14 3.19744231092045e-14 9.30119536945995e-10 1.25555121854859e-12 7.8115292012626e-13 3.10862446895044e-14 2.27595720048157e-14 1 1.765254609154e-14 2.29150032282632e-13 3.08642000845794e-14 2.62996291411355e-11 2.66453525910038e-14 2.05113703799498e-12 1.83186799063151e-14 4.29545288227473e-13 1.55653268052447e-13 7.53841433720481e-14 8.28614954428986e-12 8.24518231468119e-11 1 1.69799840854523e-10 3.17523785042795e-14 6.01119154453045e-12
0 1 1 1 0 0 0 0 0 0 0 0 5.89469132689091e-05 3.11972669919669e-14 3.33066907387547e-16 9.54791801177635e-15 0 6.32827124036339e-15 1 2.64498423163673e-11 0 0 0 1.37029410041123e-09 0 0 0 0.999941057519077 1 0.999999992336053
0 1 4.64572824654397e-12 1 0 0 1.97386551548107e-12 0 2.44249065417534e-15 0 1 0 0 0 0 0 0 0 0 1.11022302462516e-16 1 0 0 0 5.15665288247646e-12 1 0 1 0 0
0 1 1 1 0 0 0 1.49364916279815e-06 0 0 0.9999915477781 0 1 0 0 0 0 0 0 0 0 0 0 0 0 0 0 1 0 0
0 1 1 1 1.56541446472147e-14 0 0 0 0 0 1.11022302462516e-16 0 0 0 0 0 0 5.77315972805081e-15 0 0 0 0 1 0 0 0 0 0 0 1
0 0.00270483441023683 1 1 0 2.34257058195908e-14 0 0 0 3.33572919286595e-07 1.58273394390562e-12 0 0 0 6.43929354282591e-15 1.11022302462516e-16 1.04360964314765e-14 0 9.54791801177635e-15 4.59043913991763e-12 0 1 7.78256348255013e-11 0 1 0 0 0 0 1
1.91291357198864e-08 1 1 1 3.33844063504785e-13 2.6789681584205e-13 3.37063710276198e-13 3.08642000845794e-13 3.28292948381659e-13 1.83546511323129e-11 1.58969282182397e-10 1.43343115155403e-11 2.65010235978025e-13 8.67112914804125e-09 1.00661812219016e-10 2.5995872121598e-12 0.999996424955577 1.63116187223977e-11 1.33064670393424e-11 1.19929621789083e-11 1.5084600235582e-12 2.20423679309079e-12 2.77444733853827e-13 2.11606946409759e-08 2.62456723021387e-13 5.1281201507436e-13 4.45554704242568e-12 2.91877633173954e-13 1.13464793116691e-12 0.000100245814297795
3.77475828372553e-15 0 0 2.71560551823313e-13 0 0 7.37410132956029e-13 0.999999999998852 0 0 1 1.11022302462516e-16 2.9723851158181e-09 0 0 0.999999701964793 0 0 1 1.68753899743024e-14 0 0 3.44169137633799e-15 0 0 6.89559520594685e-13 0 1.70885527950304e-12 0 0.999999999999931
1 1 1 1 0 0 4.44089209850063e-16 0 0 0 0 0 0 0 1 0 0 1 0 1 0 0 0 0 0 0 0 0 0 1
2.07378558769733e-12 1 1 1 3.68594044175552e-14 5.62883073484954e-14 4.84386424304262e-08 2.44249065417534e-14 2.37587727269783e-14 5.54778445405191e-13 1.60082405109563e-08 0.999962734909735 0.0227943825251201 5.13400433277411e-12 4.0364388498304e-09 2.91588975187551e-12 1.07469588783715e-13 7.90478793533111e-14 2.70239386424009e-12 1.63535851527286e-13 3.45501405263349e-13 2.73264300076903e-08 2.35367281220533e-14 1 1.36557432028894e-13 4.05231403988182e-14 1.2667644710973e-13 1.42719169815564e-12 0.999996922570404 8.79074590898199e-12
1.33226762955019e-15 1 1 1 0 0 7.31701392061579e-05 0 0 0 0 0.997868608825785 0 0 0 0 0 0 0 0 2.22044604925031e-16 0 0 0.00208050258189163 0.999999979179102 7.34967642301854e-14 0 1 0 0
0 1 1 1 0 0 0 0 0 0 0 3.33066907387547e-16 0 0 0 0 0 4.21884749357559e-15 1.88737914186277e-15 0 3.33066907387547e-16 1.01030295240889e-14 1 0 0 1.11022302462516e-16 0 0 0 0
9.07951435147325e-06 4.10782519111308e-15 1 1 0 0 1.11022302462516e-16 3.76476627650391e-13 0 2.78341794057724e-11 1.11022302462516e-16 0 1 0.999999999999424 0 9.67852211819498e-07 1 0 2.57704968475991e-12 1.82854842378788e-11 6.41231512332752e-12 3.66373598126302e-15 0 4.66293670342566e-15 2.22044604925031e-16 2.22044604925031e-16 0.999999032424657 0 1 1.32925881413115e-09
0 1 0 1 0 1 0 0 0.99999999993688 5.64659430324355e-13 7.19356463285692e-10 1 0 0 0 0 0 0 0 0.999999999999973 0 0 0.999999997735958 0 1.4521717162097e-13 2.89472303349747e-07 0 0.999999710527519 0 0
0.999999999977265 4.44830175472255e-07 1 1 9.70468594374552e-10 1.11022302462516e-16 1.11022302462516e-16 2.99760216648792e-15 1.11022302462516e-16 0 0.999999999999983 0.999999999999451 4.83559492669983e-07 1.11022302462516e-16 0 9.48030542957667e-12 1.4432899320127e-15 0 0 0.99999773038181 1.11022302462516e-16 5.51044765373376e-11 6.66133814775094e-16 4.88498130835069e-15 0 1.11022302462516e-16 1.99840144432528e-15 1.33590305484432e-09 1.25254130400876e-08 1.11022302462516e-16
1.57869273209599e-11 0.999999999999154 4.24083582695189e-08 1 2.0202728379104e-12 5.08271202903643e-12 4.78728168218368e-13 5.1103565823496e-13 1.05726538635054e-12 6.82121026329696e-13 9.76685399223243e-12 2.28687069281364e-11 7.33302307764916e-13 4.63185045873615e-13 5.73319169916431e-13 5.41966471701016e-12 0.999999926693283 1.07065911691961e-10 6.13398221105399e-13 3.74768610345022e-06 1 5.98299187970497e-13 1.27053922938103e-12 5.4944937488699e-13 4.50117720873777e-12 1.16596732269159e-10 3.55807605600944e-11 0.999999999999949 4.15700807110397e-12 2.73093769820321e-11
0 0 9.02125463220216e-09 1 0.999999633055025 1 0 0 2.36588526547621e-13 0 0.999999999332566 6.0507154842071e-14 0 0 0 2.55351295663786e-15 0 0.999997366265367 0 0 1.11022302462516e-16 0 0 0 0 2.1094237467878e-14 1 0 1 0
4.42978986825437e-14 0.999999989415256 0.99999999963833 1 1.26565424807268e-14 4.68514116391816e-14 0.999899039701641 1.03208175339375e-09 4.9960036108132e-14 1.0369483049999e-13 0.999999983011806 2.94209101525666e-14 2.78665979180914e-14 1.53210777398272e-14 2.24265050974282e-14 1.35447209004269e-14 1.24344978758018e-14 2.29816166097407e-14 1.64646074551911e-13 8.60533866386959e-13 1 1.57651669496772e-14 1.03483888125311e-12 4.91751084297221e-12 3.59712259978551e-14 2.80631073934501e-12 7.75268738095747e-13 1.67643676718399e-14 8.80406858527749e-14 1.23234755733392e-14
1.25011112572793e-13 0.072705290932684 1 1 1.7874590696465e-14 0 0 1.11022302462516e-16 1.11022302462516e-16 0 0 1.11022302462516e-16 1.90070181815827e-13 4.3005010663677e-10 0 1 0 1.11022302462516e-16 0.999999367573591 5.55111512312578e-16 0.999999999999993 0 2.17603712826531e-14 4.44089209850063e-16 0 4.44089209850063e-16 0 0 0.999999990427765 1.11022302462516e-16
0 0 1 1 1.13131859436066e-09 1 0 0 0 1.96997973489488e-12 0 1 1 1 1.23090426740191e-12 0 0 0 0 0 7.68995978006615e-12 3.90537786731926e-06 2.04098322575952e-07 0 1 0 0 0 0.999999999991704 0
1 7.45420886683057e-07 1 1 0.000497495278943272 8.99280649946377e-15 0 0 0 0 0 0 1 4.97725194392729e-11 0 0 0 0 0 0.00131484390847747 0 2.77555756156289e-15 0 0.979500876558717 0 3.15858450505857e-12 0 0 1.70041758451589e-12 1.79856129989275e-14
0 1 1 1 0 0 0.000868385839446484 0 0 0 1 1.66533453693773e-15 0 0 0 0 0 0 0 0 0 0 0 1.22124532708767e-15 1 0 0 7.60946861078082e-13 0 0
1.05675468375921e-11 2.8008932395629e-08 1 1 2.06211825393154e-10 1.22934995516744e-12 1.33448807559944e-13 1.55431223447522e-15 5.55923003187075e-08 1.53432822003197e-13 6.55031584528842e-15 1.36612943180126e-11 1 1.14352971536391e-14 2.22044604925031e-15 1.11022302462516e-14 2.22044604925031e-15 1.11022302462516e-15 2.04281036531029e-14 1.6140577763224e-10 1.33226762955019e-15 1.4432899320127e-15 0.000116647181182761 1.04360964314765e-14 2.30926389122033e-14 8.56203996590921e-13 5.65582991551850e-09 0.999999845903258 1.88737914186277e-15 7.77045094935147e-13
6.811473607371e-11 1 1 1 3.88578058618805e-14 1.48769885299771e-14 2.55832022233449e-11 7.2176031817861e-10 1.83075776760688e-13 6.51367848547579e-13 1.29918298341636e-12 1.60879603638975e-07 1.75415237890775e-14 4.40458780559538e-12 5.2988613497007e-11 3.81916720471054e-14 3.90798504668055e-14 3.42076700299287e-10 0.999999999999496 9.31477117660506e-14 6.93889390390723e-14 1 0.999999999872274 2.8850377642442e-10 2.02060590481778e-14 3.59184926246314e-09 2.24186302855145e-09 9.71767111224153e-12 9.84345938093156e-12 8.71525074330748e-14
1.01796349127881e-12 8.04961941547333e-09 3.33066907387547e-16 1 0 0 0 1.45966615017201e-06 0 0 0 6.84119427774021e-13 0 0 0 0 1.11022302462516e-16 1 1 4.15105727569198e-11 1 1.0769163338864e-14 0 0 0 0 1 1.27134303085086e-10 1 1
0 1 0 1 0 0 0 0 2.03524974651259e-11 0 0 0 0 0 0 0 0 1 0 1 1 0 0 0 0 1 0 0 0 0
0 1 1 1 8.51066217499863e-10 0 0 0 1 0 0 0 1 0 0 0 0 0 0 0 1 0 0 0 1 0 0 0 0 0
0 0 1.63377089634764e-11 1 0 1.11022302462516e-16 0 0 1.11022302462516e-16 0 5.06643615949542e-10 1 8.24118551179254e-12 0 0 0 1.11534561497706e-06 1.34927957695652e-10 0 0 0 0.999999999226812 1 1.11022302462516e-16 0 3.7247982476174e-11 0 1 0.999999999987128 1
1 0 1 1 0 0 0 0 0 1 0 0 1 0.999999999953524 0 0 1 0 0 1.05437880648651e-12 0 4.54221105172792e-11 1 0 0 0 0 0 0 0
