[1] "Average Estimates for Betas: "
 [1]  5.422969e-02  1.050832e-01  1.999553e-01  2.981523e-01 -3.647457e-03
 [6] -7.024915e-05 -4.493090e-03  4.629895e-06 -1.268865e-03  1.669081e-03
[11] -7.207635e-03  6.979558e-04 -2.684936e-03 -5.430401e-03 -2.516795e-04
[16] -1.055076e-03  1.598269e-03  2.320269e-04 -5.493043e-03  8.133167e-04
[21] -7.917909e-03  1.239889e-03  8.179925e-04  8.637199e-04  2.364387e-03
[26]  4.906744e-03  3.026795e-03 -3.239777e-03 -7.361013e-03 -2.638006e-03
[1] "Standard Deviations of Betas: "
 [1] 0.05876302 0.05766562 0.05992866 0.05857824 0.05564589 0.05619910
 [7] 0.05358660 0.05319531 0.05859184 0.05134454 0.05607540 0.05973883
[13] 0.05725326 0.05770550 0.05582247 0.05130655 0.05103014 0.06127660
[19] 0.05839145 0.05819893 0.05144119 0.05388815 0.05335811 0.06150685
[25] 0.06239212 0.06207039 0.05541950 0.05664498 0.05222662 0.06235673
[1] "Average StdErrors for Betas: "
 [1] 0.01275091 0.01272690 0.01270559 0.01270642 0.01271246 0.01270173
 [7] 0.01282095 0.01280151 0.01267560 0.01275801 0.01279440 0.01275531
[13] 0.01274004 0.01278893 0.01276793 0.01273796 0.01271706 0.01273063
[19] 0.01273217 0.01277025 0.01284607 0.01280139 0.01282848 0.01272245
[25] 0.01268864 0.01272383 0.01285239 0.01269561 0.01272923 0.01273021
[1] "Positive rate for exposures: "
 [1] 0.800 0.945 0.995 1.000 0.585 0.630 0.620 0.625 0.570 0.585 0.605 0.630
[13] 0.670 0.630 0.615 0.625 0.625 0.635 0.640 0.590 0.605 0.630 0.610 0.645
[25] 0.605 0.680 0.595 0.665 0.665 0.625
[1] "Bonferroni-corrected positive rate for exposures: "
 [1] 0.615 0.890 0.995 1.000 0.410 0.480 0.385 0.435 0.385 0.420 0.455 0.415
[13] 0.475 0.460 0.450 0.420 0.400 0.500 0.440 0.445 0.400 0.450 0.455 0.465
[25] 0.505 0.475 0.430 0.475 0.420 0.505
