[1] "Average Estimates for Betas: "
 [1]  5.424108e-02  1.025724e-01  1.988295e-01  2.984428e-01 -3.715469e-03
 [6]  3.584291e-04 -5.024325e-03  5.162044e-04  1.111326e-03  2.568209e-03
[11] -6.750054e-03 -3.654486e-04 -2.277147e-03 -4.124985e-03 -2.889742e-03
[16]  2.442125e-03  3.914743e-03 -2.165867e-06 -5.524070e-03  4.617464e-04
[21] -6.628013e-03  2.591631e-03 -4.468945e-04 -6.366656e-04  9.441180e-04
[26]  3.849990e-03  1.938701e-03 -2.816413e-03 -6.179746e-03 -1.956168e-03
[1] "Standard Deviations of Betas: "
 [1] 0.05701223 0.05563824 0.05837070 0.05658617 0.05347977 0.05284309
 [7] 0.05147504 0.05037245 0.05526486 0.04866686 0.05457164 0.05876981
[13] 0.05350165 0.05572134 0.05362933 0.04861633 0.05062794 0.05863136
[19] 0.05614490 0.05639098 0.05025306 0.05539234 0.05215391 0.06002194
[25] 0.05908802 0.06025653 0.05126991 0.05361073 0.05123907 0.05976745
[1] "Average StdErrors for Betas: "
 [1] 0.03209321 0.02340939 0.02338947 0.02337277 0.02341905 0.02340955
 [7] 0.02354062 0.02353889 0.02332679 0.02348166 0.02352664 0.02347379
[13] 0.02334541 0.02351921 0.02345708 0.02341988 0.02335014 0.02345629
[19] 0.02343795 0.02344774 0.02360642 0.02346450 0.02361155 0.02342737
[25] 0.02330131 0.02337828 0.02356777 0.02334633 0.02345821 0.02343726
[1] "Positive rate for exposures: "
 [1] 0.440 0.900 0.990 1.000 0.305 0.350 0.285 0.345 0.345 0.350 0.355 0.375
[13] 0.415 0.360 0.375 0.305 0.355 0.415 0.380 0.355 0.305 0.385 0.395 0.395
[25] 0.405 0.405 0.340 0.375 0.325 0.390
[1] "Bonferroni-corrected positive rate for exposures: "
 [1] 0.175 0.730 0.985 1.000 0.140 0.180 0.130 0.130 0.150 0.125 0.170 0.180
[13] 0.150 0.160 0.195 0.120 0.150 0.180 0.170 0.175 0.120 0.165 0.145 0.155
[25] 0.200 0.205 0.150 0.185 0.140 0.170
