[1] "Average PIPs: "
 [1] 0.18597360 0.41637959 0.83624872 0.96500000 0.04500136 0.05984300
 [7] 0.05499791 0.05509802 0.05501392 0.04500551 0.16999973 0.13011439
[13] 0.13012487 0.12000116 0.11502957 0.12997069 0.09500048 0.21510701
[19] 0.14000413 0.12506186 0.10000047 0.12501633 0.12000190 0.12986562
[25] 0.10526249 0.16009048 0.13433784 0.15499867 0.12501548 0.17500999
[1] "Percent of time PIP >= 0.1: "
 [1] 0.190 0.420 0.840 0.965 0.045 0.060 0.055 0.055 0.055 0.045 0.170 0.130
[13] 0.130 0.120 0.115 0.130 0.095 0.215 0.140 0.125 0.100 0.125 0.120 0.130
[25] 0.105 0.160 0.135 0.155 0.125 0.175
[1] "Percent of time PIP >= 0.5: "
 [1] 0.185 0.415 0.835 0.965 0.045 0.060 0.055 0.055 0.055 0.045 0.170 0.130
[13] 0.130 0.120 0.115 0.130 0.095 0.215 0.140 0.125 0.100 0.125 0.120 0.130
[25] 0.105 0.160 0.135 0.155 0.125 0.175
[1] "Percent of time PIP >= 0.9: "
 [1] 0.185 0.415 0.835 0.965 0.045 0.060 0.055 0.055 0.055 0.045 0.170 0.130
[13] 0.130 0.120 0.115 0.130 0.095 0.215 0.140 0.125 0.100 0.125 0.120 0.130
[25] 0.105 0.160 0.130 0.155 0.125 0.175
