[1] "Average Estimates for Betas: "
 [1]  0.034342857  0.116464667  0.196142620  0.290123772  0.001225563
 [6]  0.030699460 -0.007897699 -0.001119310  0.011139551  0.001723273
[11] -0.037786321 -0.004750199 -0.002367280 -0.002409419 -0.014276989
[16]  0.016222790 -0.001914265  0.022305619 -0.003189739  0.007708668
[21] -0.016887748 -0.015332492  0.023462007 -0.004777152 -0.005594426
[26]  0.009546611 -0.023917999 -0.003806688  0.011963690 -0.017018212
[1] "Standard Deviations of Betas: "
 [1] 0.1270043 0.1222867 0.1304252 0.1302795 0.1208639 0.1247905 0.1386291
 [8] 0.1270628 0.1303303 0.1355427 0.1266417 0.1443028 0.1415120 0.1327344
[15] 0.1236247 0.1454859 0.1335904 0.1443842 0.1287232 0.1216169 0.1334073
[22] 0.1247802 0.1410368 0.1414374 0.1539673 0.1309249 0.1327641 0.1448603
[29] 0.1386346 0.1313787
[1] "Average StdErrors for Betas: "
 [1] 0.1123117 0.1066833 0.1078815 0.1097647 0.1125204 0.1097424 0.1082854
 [8] 0.1119263 0.1039356 0.1088066 0.1044127 0.1112674 0.1073985 0.1116415
[15] 0.1046870 0.1096494 0.1115056 0.1088823 0.1068614 0.1079181 0.1114703
[22] 0.1105809 0.1130240 0.1105326 0.1064403 0.1057749 0.1099734 0.1053470
[29] 0.1113052 0.1087600
[1] "Positive rate for exposures: "
 [1] 0.13114754 0.24590164 0.48360656 0.68032787 0.08196721 0.09836066
 [7] 0.11475410 0.10655738 0.15573770 0.13934426 0.13114754 0.13934426
[13] 0.13114754 0.13934426 0.12295082 0.16393443 0.11475410 0.17213115
[19] 0.13114754 0.13114754 0.09836066 0.08196721 0.14754098 0.15573770
[25] 0.14754098 0.10655738 0.10655738 0.15573770 0.11475410 0.09836066
[1] "Bonferroni-corrected positive rate for exposures: "
 [1] 0.032786885 0.057377049 0.221311475 0.385245902 0.016393443 0.008196721
 [7] 0.032786885 0.016393443 0.016393443 0.024590164 0.008196721 0.000000000
[13] 0.016393443 0.008196721 0.024590164 0.016393443 0.016393443 0.032786885
[19] 0.016393443 0.016393443 0.024590164 0.008196721 0.024590164 0.016393443
[25] 0.024590164 0.008196721 0.016393443 0.024590164 0.024590164 0.008196721
