[1] "Average Estimates for Betas: "
 [1]  0.0477418800  0.1035743579  0.2016653810  0.2972248299  0.0024070883
 [6]  0.0146465947  0.0040343656 -0.0035392628 -0.0001086866 -0.0049404239
[11] -0.0028121503 -0.0086232319 -0.0104236134  0.0072381450 -0.0109409528
[16]  0.0073767049 -0.0121257098  0.0289698825  0.0002685888 -0.0079245615
[21] -0.0050228035 -0.0150621073  0.0145695009 -0.0004881084 -0.0011202134
[26]  0.0054460326 -0.0058024576  0.0032690372  0.0120537310 -0.0133507310
[1] "Standard Deviations of Betas: "
 [1] 0.1256676 0.1239346 0.1205375 0.1232474 0.1235357 0.1287614 0.1261825
 [8] 0.1239963 0.1246377 0.1337807 0.1255205 0.1336201 0.1333509 0.1207035
[15] 0.1203345 0.1468592 0.1218066 0.1306812 0.1210746 0.1256045 0.1321323
[22] 0.1252877 0.1347149 0.1205637 0.1329889 0.1236405 0.1283952 0.1326974
[29] 0.1362420 0.1258558
[1] "Average StdErrors for Betas: "
 [1] 0.04167030 0.04125050 0.04195336 0.04160667 0.04194120 0.04166979
 [7] 0.04124282 0.04199819 0.04079304 0.04247162 0.04043935 0.04243884
[13] 0.04246420 0.04178685 0.04136457 0.04167719 0.04172488 0.04185422
[19] 0.04191538 0.04198866 0.04142960 0.04158696 0.04232445 0.04134519
[25] 0.04151904 0.04186985 0.04179282 0.04141962 0.04146186 0.04134459
[1] "Positive rate for exposures: "
 [1] 0.520 0.615 0.815 0.945 0.485 0.510 0.460 0.395 0.550 0.480 0.495 0.500
[13] 0.480 0.515 0.430 0.570 0.415 0.480 0.440 0.485 0.515 0.465 0.510 0.450
[25] 0.445 0.405 0.535 0.490 0.465 0.485
[1] "Bonferroni-corrected positive rate for exposures: "
 [1] 0.270 0.400 0.685 0.885 0.225 0.235 0.240 0.240 0.250 0.200 0.210 0.250
[13] 0.215 0.200 0.195 0.315 0.195 0.240 0.215 0.240 0.225 0.240 0.270 0.220
[25] 0.205 0.225 0.235 0.245 0.225 0.265
