[1] "Average Estimates for Betas: "
 [1]  0.0267641904  0.0915757458  0.1614943682  0.2641352872  0.0052756045
 [6]  0.0066853732  0.0035883234  0.0016169915  0.0021058293 -0.0032326482
[11] -0.0180109597 -0.0196010572  0.0002443976  0.0033778216 -0.0050788889
[16]  0.0123342195 -0.0199091621  0.0161526239  0.0005139215  0.0060215626
[21] -0.0059962293 -0.0140571749  0.0131029150 -0.0026531592 -0.0010464081
[26]  0.0155445946  0.0025111990  0.0021506571  0.0040189197  0.0078224122
[1] "Standard Deviations of Betas: "
 [1] 0.1410023 0.1241813 0.1293524 0.1247561 0.1251370 0.1338467 0.1262938
 [8] 0.1274954 0.1360461 0.1328492 0.1324706 0.1258072 0.1284704 0.1383868
[15] 0.1181558 0.1365222 0.1318524 0.1251749 0.1268230 0.1354778 0.1343829
[22] 0.1369694 0.1364193 0.1348225 0.1357591 0.1271497 0.1300006 0.1446819
[29] 0.1323845 0.1310701
[1] "Average StdErrors for Betas: "
 [1] 0.02705521 0.02684925 0.02693463 0.02687699 0.02723067 0.02659668
 [7] 0.02671486 0.02702750 0.02658001 0.02717055 0.02687305 0.02705120
[13] 0.02746480 0.02742544 0.02683046 0.02667968 0.02700014 0.02708018
[19] 0.02727474 0.02700714 0.02699773 0.02710732 0.02716949 0.02666996
[25] 0.02706013 0.02714693 0.02671986 0.02694020 0.02664412 0.02671616
[1] "Positive rate for exposures: "
 [1] 0.700 0.735 0.880 0.965 0.660 0.740 0.685 0.620 0.710 0.645 0.740 0.650
[13] 0.625 0.760 0.620 0.640 0.705 0.675 0.680 0.660 0.630 0.715 0.710 0.695
[25] 0.740 0.625 0.695 0.650 0.665 0.665
[1] "Bonferroni-corrected positive rate for exposures: "
 [1] 0.525 0.580 0.750 0.905 0.500 0.570 0.485 0.440 0.525 0.520 0.545 0.490
[13] 0.505 0.590 0.415 0.520 0.515 0.505 0.480 0.495 0.500 0.535 0.505 0.570
[25] 0.570 0.485 0.500 0.495 0.485 0.510
