[1] "Average Estimates for Betas: "
 [1]  0.0544886852  0.0811778009  0.2106463453  0.2894738233  0.0081312014
 [6] -0.0011927797 -0.0010499727  0.0117023837 -0.0063019908 -0.0035751431
[11] -0.0061859898 -0.0074208198  0.0055915945 -0.0176669238  0.0060367607
[16] -0.0087799211  0.0121859413  0.0029237447 -0.0155132010  0.0176827984
[21]  0.0072977337  0.0105686292  0.0054634001  0.0155173346  0.0126677145
[26]  0.0239623416 -0.0006515162  0.0207066029 -0.0003148052 -0.0241889643
[1] "Standard Deviations of Betas: "
 [1] 0.1265018 0.1381067 0.1250484 0.1518457 0.1375368 0.1343423 0.1307086
 [8] 0.1159370 0.1393462 0.1234077 0.1303349 0.1377187 0.1335039 0.1271925
[15] 0.1237072 0.1357166 0.1270234 0.1479161 0.1492269 0.1539209 0.1261807
[22] 0.1348315 0.1463387 0.1373545 0.1345952 0.1484734 0.1463852 0.1623870
[29] 0.1490935 0.1329343
[1] "Average StdErrors for Betas: "
 [1] 0.1137478 0.1112230 0.1081940 0.1107023 0.1105737 0.1124186 0.1073355
 [8] 0.1081583 0.1128089 0.1128060 0.1104468 0.1127634 0.1069025 0.1111113
[15] 0.1090965 0.1089513 0.1094354 0.1082315 0.1075610 0.1097741 0.1085121
[22] 0.1082575 0.1115848 0.1111009 0.1061359 0.1064507 0.1067797 0.1073167
[29] 0.1091618 0.1053728
[1] "Positive rate for exposures: "
 [1] 0.15267176 0.20610687 0.52671756 0.67175573 0.09160305 0.13740458
 [7] 0.09923664 0.09160305 0.14503817 0.08396947 0.12213740 0.11450382
[13] 0.12977099 0.09923664 0.14503817 0.12213740 0.13740458 0.18320611
[19] 0.12213740 0.19847328 0.13740458 0.13740458 0.17557252 0.08396947
[25] 0.12977099 0.17557252 0.12213740 0.16030534 0.16793893 0.12213740
[1] "Bonferroni-corrected positive rate for exposures: "
 [1] 0.022900763 0.030534351 0.267175573 0.442748092 0.015267176 0.015267176
 [7] 0.030534351 0.007633588 0.007633588 0.022900763 0.030534351 0.007633588
[13] 0.030534351 0.015267176 0.015267176 0.030534351 0.022900763 0.030534351
[19] 0.053435115 0.038167939 0.022900763 0.022900763 0.030534351 0.015267176
[25] 0.015267176 0.038167939 0.038167939 0.030534351 0.030534351 0.038167939
