[1] "Average Estimates for Betas: "
 [1]  0.051947793  0.093348975  0.221260262  0.288187159  0.010974411
 [6]  0.006881214  0.006035228  0.007558302 -0.002670003 -0.006555463
[11] -0.020257990 -0.005535438  0.017424094 -0.008945706 -0.002586691
[16] -0.014549249  0.017357788  0.003633206  0.001794512  0.021655812
[21]  0.005819633  0.001791346 -0.007339229  0.004441994  0.007168348
[26]  0.004016843  0.002463922  0.013296224 -0.002668080 -0.012850829
[1] "Standard Deviations of Betas: "
 [1] 0.1208804 0.1295472 0.1209832 0.1295679 0.1144399 0.1321533 0.1196607
 [8] 0.1147161 0.1290233 0.1185312 0.1251750 0.1308983 0.1240179 0.1287597
[15] 0.1252236 0.1225617 0.1172438 0.1212152 0.1338662 0.1326583 0.1141607
[22] 0.1239019 0.1311624 0.1190245 0.1247652 0.1500211 0.1228981 0.1335208
[29] 0.1336633 0.1316996
[1] "Average StdErrors for Betas: "
 [1] 0.06840839 0.06757448 0.06774845 0.06687327 0.06799397 0.06790697
 [7] 0.06695159 0.06699129 0.06843421 0.06678974 0.06803687 0.06914698
[13] 0.06713081 0.06801705 0.06816898 0.06860238 0.06767910 0.06766284
[19] 0.06788133 0.06753477 0.06756216 0.06685232 0.06947004 0.06777585
[25] 0.06710836 0.06693135 0.06790847 0.06687715 0.06831409 0.06791796
[1] "Positive rate for exposures: "
 [1] 0.340 0.415 0.775 0.875 0.160 0.295 0.200 0.220 0.250 0.245 0.230 0.320
[13] 0.245 0.215 0.265 0.215 0.235 0.255 0.295 0.280 0.205 0.305 0.300 0.225
[25] 0.255 0.295 0.240 0.290 0.275 0.290
[1] "Bonferroni-corrected positive rate for exposures: "
 [1] 0.075 0.170 0.555 0.750 0.035 0.100 0.045 0.065 0.060 0.070 0.060 0.065
[13] 0.075 0.060 0.070 0.055 0.065 0.045 0.070 0.075 0.055 0.055 0.075 0.045
[25] 0.070 0.085 0.060 0.065 0.060 0.085
