[1] "Average Estimates for Betas: "
 [1]  4.774956e-02  9.407560e-02  2.187043e-01  2.883362e-01  1.008321e-02
 [6]  3.650581e-03  4.249186e-03  5.010997e-03 -2.002908e-03 -4.631442e-03
[11] -1.764570e-02 -8.072543e-03  1.344554e-02 -1.165097e-02  1.380244e-05
[16] -1.142752e-02  1.761060e-02  3.219690e-03  1.579605e-03  1.718125e-02
[21]  4.225789e-03 -6.368490e-03 -9.169868e-03  3.498478e-03  3.221298e-03
[26]  5.430966e-03 -2.409370e-03  1.404002e-02 -4.017988e-04 -1.271687e-02
[1] "Standard Deviations of Betas: "
 [1] 0.1207445 0.1310266 0.1217972 0.1269491 0.1155978 0.1287903 0.1238532
 [8] 0.1128624 0.1284033 0.1176810 0.1194815 0.1298241 0.1240691 0.1255537
[15] 0.1198966 0.1243655 0.1197749 0.1179923 0.1354692 0.1326821 0.1112026
[22] 0.1260231 0.1382944 0.1207274 0.1260456 0.1472446 0.1250845 0.1312949
[29] 0.1387975 0.1291668
[1] "Average StdErrors for Betas: "
 [1] 0.04277686 0.04199140 0.04222344 0.04125349 0.04268215 0.04264297
 [7] 0.04141425 0.04156270 0.04259272 0.04136870 0.04216414 0.04338279
[13] 0.04197437 0.04222785 0.04227376 0.04310571 0.04255482 0.04207306
[19] 0.04226472 0.04228880 0.04195823 0.04150676 0.04294082 0.04219023
[25] 0.04197005 0.04172476 0.04203798 0.04150372 0.04229462 0.04237855
[1] "Positive rate for exposures: "
 [1] 0.510 0.670 0.860 0.940 0.405 0.520 0.425 0.445 0.430 0.445 0.420 0.495
[13] 0.490 0.450 0.465 0.415 0.450 0.475 0.465 0.510 0.450 0.455 0.505 0.400
[25] 0.490 0.435 0.440 0.475 0.510 0.425
[1] "Bonferroni-corrected positive rate for exposures: "
 [1] 0.270 0.390 0.735 0.870 0.140 0.245 0.185 0.195 0.180 0.195 0.185 0.270
[13] 0.175 0.200 0.210 0.185 0.220 0.210 0.245 0.220 0.160 0.225 0.255 0.180
[25] 0.215 0.255 0.195 0.260 0.225 0.235
