Average Estimates for Betas: 
0.04467006 0.06303637 0.1303404 0.2112239 0.002857122
0.001124684 -0.001306877 0.002653812 0.002665175 6.254398e-05
-0.005974258 0.01202337 0.005114116 0.004931792 -0.001329631
0.01047502 -0.0005420125 -0.01468992 0.0142346 0.0129663
0.004677746 -0.01078104 -0.0073174 -0.00157615 -0.004927538
0.01008025 -0.01232467 0.01339585 0.01235158 0.004136731
Positive rate for exposures: 
0.13 0.37 0.66 0.78 0.05
0.08 0.03 0.04 0.06 0.07
0.07 0.04 0.07 0.08 0.07
0.02 0.06 0.05 0.07 0.05
0.02 0.06 0.03 0.04 0.02
0.08 0.07 0.06 0.05 0.05
Standard Deviations of Betas: 
0.08500622 0.08956087 0.1068452 0.1321365 0.0959911
0.0934401 0.08398201 0.093765 0.087569 0.09135269
0.09828073 0.08034075 0.0883516 0.1049211 0.08438631
0.07950399 0.08344823 0.08348413 0.09014851 0.09232735
0.09417908 0.09816838 0.08947313 0.08046514 0.08042406
0.1157311 0.09770102 0.09816377 0.08564655 0.0963061
Average StdErrors for Betas: 
0.06950055 0.0685039 0.07039781 0.06551847 0.07615684
0.0679984 0.07135754 0.07032167 0.07779547 0.07488764
0.07007243 0.06947866 0.07359561 0.07230101 0.07404917
0.07313149 0.074137 0.07159746 0.07576891 0.07613995
0.07604205 0.07623973 0.08079234 0.07136171 0.0727552
0.07618348 0.07753921 0.07669487 0.07266962 0.07244496
Q-value positive rate for exposures: 
0.02 0.11 0.56 0.72 0
0 0 0 0 0
0.01 0 0 0.02 0.01
0.01 0 0.01 0.01 0.02
0.01 0.01 0.01 0 0
0.02 0.02 0 0 0.01
Precision/Recall/F1 based on p-values:
0.5825826 0.485 0.5293315
Precision/Recall/F1 based on Q-values:
0.8924051 0.3525 0.5053763
Power at FPR threshold of 0.05: 
0.13 0.36 0.66 0.78
