Average Estimates for Betas: 
0.04301671 0.08584348 0.1630772 0.2464194 0.00128011
0.002523902 0.002759327 -0.001366627 -0.006365862 -0.009897682
-0.009115546 0.007401063 0.003187229 0.0118638 -0.00180947
0.003998481 0.008781437 -0.007060415 0.0146232 0.01253393
0.0007785553 -0.001361899 -0.005515016 -0.00310124 0.0003195677
-0.0113945 -0.002228348 0.003766708 0.0100213 -0.0003628231
Positive rate for exposures: 
0.2197802 0.5494505 0.8021978 0.9230769 0.1318681
0.1318681 0.05494505 0.1098901 0.1538462 0.0989011
0.1208791 0.1098901 0.1648352 0.1428571 0.1538462
0.1098901 0.1098901 0.1208791 0.1208791 0.1428571
0.0989011 0.1648352 0.08791209 0.0989011 0.1428571
0.1098901 0.1098901 0.1318681 0.05494505 0.0989011
Standard Deviations of Betas: 
0.05790732 0.05307887 0.06227727 0.08713052 0.06543836
0.06508303 0.05237418 0.04949463 0.06413491 0.04858354
0.05568818 0.0572093 0.06184767 0.06066163 0.05525753
0.05755553 0.04790221 0.06517978 0.05003431 0.05580427
0.0479793 0.04625691 0.06959887 0.05886715 0.05420209
0.06738373 0.05999229 0.07180109 0.0485843 0.04373622
Average StdErrors for Betas: 
0.05157946 0.04795731 0.04995016 0.05044975 0.04626941
0.04931105 0.0450499 0.04702563 0.04728699 0.04699627
0.04682461 0.04739428 0.04576224 0.05628352 0.05080816
0.04801845 0.04749207 0.04973473 0.04797459 0.04428691
0.0461833 0.04290476 0.04803415 0.04381441 0.0439404
0.04942006 0.04905362 0.04565783 0.04543642 0.04469626
Q-value positive rate for exposures: 
0.1098901 0.3296703 0.6703297 0.8241758 0.04395604
0.05494505 0.02197802 0.04395604 0.02197802 0.04395604
0.02197802 0.01098901 0.04395604 0.06593407 0.08791209
0.06593407 0.04395604 0.07692308 0.03296703 0.06593407
0 0.05494505 0.04395604 0.03296703 0.06593407
0.06593407 0.06593407 0.05494505 0.03296703 0.04395604
Precision/Recall/F1 based on p-values:
0.4477318 0.6236264 0.52124
Precision/Recall/F1 based on Q-values:
0.6153846 0.4835165 0.5415385
Power at FPR threshold of 0.05: 
0.1098901 0.3516484 0.7142857 0.8681319
