Average Estimates for Betas: 
0.03873527 0.06580484 0.09531752 0.02396778 0.001318588
-0.007376233 -0.009342338 -0.0007515969 8.295303e-05 -0.01102248
-0.01370519 0.004578007 0.01406401 0.008263897 -0.001878658
0.002389705 0.01099689 -0.01303764 0.002371112 0.01185428
-0.003058625 -0.004349301 -0.0006446579 -0.00712136 -0.004903615
-0.02837854 0.0008259515 0.005897143 0.0003683008 -5.168114e-05
Positive rate for exposures: 
0.1842105 0.3289474 0.5657895 0.4342105 0.03947368
0.05263158 0.06578947 0.03947368 0.05263158 0.03947368
0.06578947 0.05263158 0.09210526 0.05263158 0.07894737
0.03947368 0.06578947 0.01315789 0.1184211 0.07894737
0.06578947 0.01315789 0.05263158 0.03947368 0.02631579
0.05263158 0.03947368 0.06578947 0.07894737 0.09210526
Standard Deviations of Betas: 
0.05123988 0.04772843 0.0975778 0.1882478 0.05112188
0.06067486 0.05649173 0.05509235 0.08321136 0.06579603
0.06160957 0.05855952 0.0833013 0.05350366 0.05042548
0.05438765 0.06085056 0.07476949 0.05782036 0.09857328
0.05402104 0.04398814 0.05377696 0.05003006 0.05122931
0.1379551 0.04695198 0.05230031 0.05279987 0.04903988
Average StdErrors for Betas: 
0.04942241 0.0477238 0.05575388 0.07306661 0.05021504
0.04891014 0.0458002 0.04935918 0.0471769 0.04950248
0.04816504 0.05027987 0.05535131 0.05397631 0.05192745
0.05077995 0.04913818 0.05274067 0.04811709 0.0551236
0.04642078 0.04742295 0.04994827 0.04794769 0.04791776
0.05191876 0.05127164 0.04945684 0.04521367 0.04882417
Q-value positive rate for exposures: 
0.02631579 0.06578947 0.3289474 0.3289474 0.01315789
0.01315789 0.01315789 0 0.01315789 0.01315789
0 0.01315789 0.01315789 0.01315789 0.03947368
0.01315789 0 0 0.01315789 0.01315789
0 0 0 0 0.01315789
0.01315789 0 0 0.01315789 0.01315789
Precision/Recall/F1 based on p-values:
0.5066079 0.3782895 0.433145
Precision/Recall/F1 based on Q-values:
0.76 0.1875 0.3007916
Power at FPR threshold of 0.05: 
0.1315789 0.3157895 0.5526316 0.4342105
