Average Estimates for Betas: 
-0.04088772 0.1139878 0.1712256 0.3327772 -0.08197751
0.1397648 0.0275587 -0.01070462 0.014375 0.02533635
0.007953833 -0.2632041 -0.04669203 0.1439436 0.04444923
0.009477741 -0.3976875 0.08271728 0.05558299 0.1183873
0.02682616 -0.01472055 -0.04356043 -0.1015641 -0.008676953
-0.0488604 0.009798659 0.01741878 0.02317769 0.002724096
Positive rate for exposures: 
0.11 0.26 0.69 0.78 0.01
0.04 0.01 0.01 0.02 0.02
0.03 0.02 0 0.05 0.05
0.01 0.04 0.03 0.04 0.02
0.01 0.02 0.02 0.03 0.04
0.04 0.05 0.02 0.03 0.02
Standard Deviations of Betas: 
0.9874844 0.3589412 0.4406496 0.2782723 0.9833084
1.370131 0.3827671 0.111281 0.3689905 0.4258901
0.2318651 2.808318 0.4196573 1.32335 0.3588226
0.1775249 4.027621 0.7204694 0.3743421 0.7296909
0.3162213 0.1992512 0.5344097 0.6300877 0.2615465
0.3450137 0.2592583 0.2420253 0.5094142 0.1468863
Average StdErrors for Betas: 
3.36882 1.997304 2.619523 1.115459 3.407753
4.0933 2.019068 0.5348801 0.9556787 2.098757
0.7212769 14.6458 1.53136 3.328892 1.314117
0.7764238 11.7377 3.74472 2.288175 1.775145
1.541555 0.8727369 2.042516 3.092498 1.550006
0.8021443 1.150211 1.424271 1.622354 0.6953127
Q-value positive rate for exposures: 
0.01 0.04 0.45 0.66 0
0.01 0 0 0 0
0.02 0 0 0.01 0
0 0.01 0 0 0
0 0 0 0 0
0 0 0.01 0 0
Precision/Recall/F1 based on p-values:
0.7301587 0.46 0.5644172
Precision/Recall/F1 based on Q-values:
0.9508197 0.29 0.4444444
Power at FPR threshold of 0.05: 
0.15 0.31 0.72 0.81
