Average Estimates for Betas: 
0.04618037 0.06203273 0.1164965 0.1944285 -0.008070658
-0.001577495 -0.01125184 -0.002768671 0.01803682 -0.007329798
-0.004613428 0.005914642 7.805892e-05 0.001983445 0.004251725
0.006402072 0.00535019 -0.01583397 0.02711029 0.0139136
0.01195966 -0.009665281 -0.008889887 -0.001211926 -0.006841174
0.01232774 -0.02450754 0.008080363 0.01141866 -0.002529051
Positive rate for exposures: 
0.2409639 0.4216867 0.6024096 0.7349398 0.09638554
0.1445783 0.07228916 0.08433735 0.1686747 0.09638554
0.09638554 0.1204819 0.08433735 0.1204819 0.1204819
0.08433735 0.1566265 0.1445783 0.1325301 0.09638554
0.1325301 0.08433735 0.09638554 0.1084337 0.09638554
0.1325301 0.04819277 0.1084337 0.07228916 0.07228916
Standard Deviations of Betas: 
0.1282792 0.09539953 0.1240017 0.1459737 0.08966232
0.1174208 0.09819911 0.09915444 0.1003284 0.09139734
0.1183446 0.08639334 0.07571304 0.1139224 0.08383795
0.08981142 0.09465086 0.09928888 0.09927984 0.08677726
0.1217155 0.1009787 0.1145631 0.08982552 0.1007181
0.1191104 0.1024914 0.09762901 0.08326241 0.1038644
Average StdErrors for Betas: 
0.06613889 0.06381566 0.07911227 0.06912901 0.07414414
0.0700486 0.07225798 0.07135561 0.08214257 0.07708736
0.07631835 0.07008636 0.0669736 0.07196484 0.07399924
0.08100971 0.074273 0.07362243 0.08020594 0.0714494
0.07677326 0.08191103 0.08343455 0.07194607 0.07406282
0.07886722 0.08222065 0.07484894 0.07159742 0.07310952
Q-value positive rate for exposures: 
0.08433735 0.2289157 0.4698795 0.7108434 0.02409639
0.01204819 0.03614458 0.03614458 0.04819277 0.02409639
0.03614458 0.03614458 0.03614458 0.06024096 0.03614458
0.01204819 0.03614458 0.04819277 0.03614458 0.03614458
0.04819277 0.03614458 0.01204819 0.03614458 0.02409639
0.03614458 0.03614458 0.03614458 0.02409639 0.03614458
Precision/Recall/F1 based on p-values:
0.4191919 0.5 0.456044
Precision/Recall/F1 based on Q-values:
0.6294416 0.373494 0.4688091
Power at FPR threshold of 0.05: 
0.1445783 0.3253012 0.4939759 0.7108434
