Average Estimates for Betas: 
0.0448617 0.08439262 0.1678624 0.2573416 -0.003118859
0.001065975 -0.001238566 -0.005191865 -0.01097354 -0.004734182
-0.008831407 0.008633413 -0.0002717944 0.01091043 0.003557274
0.005334075 0.008896949 -0.009444972 0.01279372 0.009498323
0.001956445 -0.0005973595 0.0001023305 -0.001593705 -0.0004004192
-0.007516821 -0.0008573787 0.002557824 0.006728907 -0.0006556862
Positive rate for exposures: 
0.16 0.44 0.86 0.97 0.05
0.06 0.01 0.01 0.05 0.07
0.05 0.07 0.06 0.09 0.06
0.03 0.03 0.06 0.07 0.08
0.01 0.05 0.03 0.07 0.04
0.11 0.09 0.03 0.04 0.03
Standard Deviations of Betas: 
0.04935394 0.05063065 0.05584735 0.06111586 0.0518677
0.0579833 0.04927311 0.04414666 0.05276551 0.04774203
0.04901108 0.05201288 0.06025228 0.05944559 0.04832085
0.05248495 0.04896484 0.06099069 0.05062117 0.05273495
0.04278514 0.04991437 0.05268934 0.05993063 0.05125434
0.06277995 0.05663676 0.053336 0.0495405 0.03989232
Average StdErrors for Betas: 
0.05067298 0.04969135 0.04729233 0.0473577 0.05012197
0.0499514 0.0475667 0.04789963 0.04931139 0.04915884
0.04879691 0.04801435 0.05223758 0.05227235 0.0491721
0.04940281 0.05020054 0.05139773 0.04850602 0.0515354
0.04936634 0.04868924 0.04912587 0.04947044 0.04926524
0.04973452 0.05040444 0.04863141 0.047373 0.04952627
Q-value positive rate for exposures: 
0.03 0.13 0.76 0.87 0
0 0.01 0 0 0
0 0 0 0.02 0.01
0.01 0.01 0 0 0.01
0 0.01 0.01 0.01 0.01
0 0 0.01 0.01 0.02
Precision/Recall/F1 based on p-values:
0.6428571 0.6075 0.6246787
Precision/Recall/F1 based on Q-values:
0.9226804 0.4475 0.6026936
Power at FPR threshold of 0.05: 
0.15 0.44 0.86 0.97
