[1] "Average PIPs: "
 [1] 0.3662521 0.7749736 0.9330247 0.9752122 0.1299585 0.1252639 0.1304143
 [8] 0.1401679 0.1550133 0.1485310 0.1419079 0.1321038 0.1750234 0.1475331
[15] 0.1622601 0.1563738 0.1493272 0.1470409 0.1589130 0.1572513 0.1360968
[22] 0.1266309 0.1397991 0.1599965 0.1063215 0.1601100 0.1354416 0.1667702
[29] 0.1484897 0.1363978
[1] "Percent of time PIP >= 0.1: "
 [1] 0.5979899 0.8643216 0.9497487 0.9748744 0.2412060 0.1959799 0.2512563
 [8] 0.2160804 0.2763819 0.2663317 0.2010050 0.2010050 0.3266332 0.2613065
[15] 0.2814070 0.2713568 0.2462312 0.1959799 0.2713568 0.2613065 0.2261307
[22] 0.2110553 0.2361809 0.2311558 0.1708543 0.2412060 0.1959799 0.2462312
[29] 0.2060302 0.2261307
[1] "Percent of time PIP >= 0.5: "
 [1] 0.29648241 0.73366834 0.92964824 0.97487437 0.07035176 0.07035176
 [7] 0.07035176 0.09045226 0.09045226 0.08040201 0.09547739 0.08542714
[13] 0.12060302 0.08542714 0.11055276 0.10050251 0.09045226 0.10050251
[19] 0.10050251 0.11055276 0.08542714 0.07537688 0.09045226 0.11557789
[25] 0.06532663 0.11055276 0.09045226 0.12060302 0.11055276 0.08040201
[1] "Percent of time PIP >= 0.9: "
 [1] 0.25628141 0.71356784 0.92462312 0.97487437 0.07035176 0.07035176
 [7] 0.07035176 0.08542714 0.09045226 0.08040201 0.09547739 0.08040201
[13] 0.11557789 0.08542714 0.10552764 0.09547739 0.09045226 0.10050251
[19] 0.10050251 0.10050251 0.08542714 0.07035176 0.09045226 0.11557789
[25] 0.05527638 0.10552764 0.08542714 0.12060302 0.10050251 0.08040201
