[1] "Average Estimates for Betas: "
 [1]  0.0462985138  0.1005939083  0.1993495184  0.2983729094  0.0016901388
 [6] -0.0016713903  0.0019935428 -0.0024330523 -0.0016747807 -0.0001076004
[11] -0.0003140515  0.0022809984 -0.0057236491 -0.0016940282  0.0031927651
[16]  0.0003657446  0.0003837457  0.0026016567 -0.0015914957  0.0006974789
[21]  0.0026364693  0.0034957355 -0.0018882103 -0.0022575462  0.0005249246
[26] -0.0015873918 -0.0005796771 -0.0032010409  0.0025175163  0.0010415163
[1] "Standard Deviations of Betas: "
 [1] 0.02547243 0.03927054 0.02633681 0.02845012 0.03402387 0.02368520
 [7] 0.02420947 0.02735911 0.03447940 0.02442471 0.03167552 0.03000703
[13] 0.04877499 0.02852503 0.03245732 0.02681627 0.02880011 0.02989463
[19] 0.02882500 0.03557507 0.03128325 0.02279292 0.03074595 0.02732842
[25] 0.02667979 0.02670046 0.03452804 0.03285774 0.02621625 0.02817080
[1] "Average StdErrors for Betas: "
 [1] 0.01857455 0.01890719 0.01856587 0.01870416 0.01883087 0.01887604
 [7] 0.01864297 0.01827528 0.01841237 0.01885848 0.01849237 0.01838953
[13] 0.01948998 0.01867407 0.01874351 0.01847635 0.01844658 0.01887160
[19] 0.01919788 0.01897512 0.01865038 0.01842412 0.01821996 0.01885316
[25] 0.01885716 0.01862834 0.01862987 0.01880730 0.01901585 0.01880162
[1] "Positive rate for exposures: "
 [1] 0.72864322 0.96482412 1.00000000 1.00000000 0.11557789 0.05025126
 [7] 0.10050251 0.10552764 0.09547739 0.11557789 0.10050251 0.10552764
[13] 0.11557789 0.06532663 0.11055276 0.08040201 0.10552764 0.07035176
[19] 0.06030151 0.09547739 0.10552764 0.05025126 0.09045226 0.08040201
[25] 0.08040201 0.09045226 0.11055276 0.11557789 0.11055276 0.10050251
[1] "Bonferroni-corrected positive rate for exposures: "
 [1] 0.41708543 0.90954774 0.99497487 0.99497487 0.05025126 0.02010050
 [7] 0.04020101 0.04020101 0.04522613 0.01507538 0.02512563 0.05527638
[13] 0.05025126 0.03517588 0.03015075 0.03015075 0.02512563 0.03015075
[19] 0.01507538 0.05025126 0.06030151 0.01507538 0.04522613 0.02512563
[25] 0.02010050 0.03015075 0.03015075 0.05025126 0.03015075 0.03015075
