[1] "Average Estimates for Betas: "
 [1]  5.047515e-02  9.883534e-02  2.037597e-01  2.975791e-01 -1.495670e-03
 [6] -1.201779e-02  1.761579e-03 -1.060229e-03  5.467090e-03 -2.762294e-03
[11] -2.851866e-03  5.421906e-04 -6.047594e-04  5.794161e-03 -4.334900e-03
[16]  1.893634e-05  3.066985e-03  1.646792e-02 -3.958679e-03 -1.294370e-03
[21] -2.118201e-03 -6.479665e-03  4.817876e-04 -8.081367e-03  8.593971e-03
[26]  6.978244e-03 -7.180654e-03 -3.428754e-03 -1.536330e-03  9.609439e-03
[1] "Standard Deviations of Betas: "
 [1] 0.07179805 0.07175134 0.07177058 0.07914760 0.06712816 0.07275768
 [7] 0.05914613 0.05900148 0.07502785 0.06902540 0.06519463 0.06493165
[13] 0.07833608 0.06280367 0.08233174 0.06861128 0.06180929 0.07407961
[19] 0.07299566 0.07192877 0.06760969 0.05855777 0.06648804 0.06762490
[25] 0.06016208 0.07877671 0.05731137 0.07293636 0.06097243 0.06837264
[1] "Average StdErrors for Betas: "
 [1] 0.02376792 0.02376017 0.02378119 0.02402875 0.02403200 0.02399826
 [7] 0.02369047 0.02345838 0.02348771 0.02393327 0.02363963 0.02358245
[13] 0.02407694 0.02389794 0.02386898 0.02344814 0.02351614 0.02383396
[19] 0.02408532 0.02421683 0.02383620 0.02363275 0.02332173 0.02400217
[25] 0.02413714 0.02387704 0.02359038 0.02416852 0.02407821 0.02401084
[1] "Positive rate for exposures: "
 [1] 0.6231156 0.8643216 0.9748744 0.9849246 0.3417085 0.3216080 0.3819095
 [8] 0.2814070 0.4020101 0.4120603 0.3316583 0.3718593 0.3517588 0.3517588
[15] 0.3668342 0.3919598 0.3467337 0.3216080 0.3517588 0.3768844 0.3618090
[22] 0.3266332 0.3417085 0.3216080 0.3115578 0.3065327 0.2914573 0.3316583
[29] 0.3316583 0.3768844
[1] "Bonferroni-corrected positive rate for exposures: "
 [1] 0.3969849 0.7437186 0.9648241 0.9748744 0.1758794 0.1859296 0.1758794
 [8] 0.1708543 0.2613065 0.2110553 0.2060302 0.2060302 0.1959799 0.1608040
[15] 0.2311558 0.1959799 0.1507538 0.1959799 0.2160804 0.1758794 0.2361809
[22] 0.1708543 0.1909548 0.1608040 0.1356784 0.1608040 0.1407035 0.1758794
[29] 0.1758794 0.1708543
