[1] "Average PIPs: "
 [1] 0.34514130 0.90102554 0.99146906 0.99236856 0.04189444 0.02496772
 [7] 0.04914451 0.03703815 0.03461030 0.04715864 0.03458177 0.05772564
[13] 0.04900227 0.04387675 0.04459844 0.03796883 0.04531345 0.03690918
[19] 0.03360386 0.04814243 0.04407695 0.02454889 0.04346611 0.03345723
[25] 0.03294470 0.04248503 0.04281542 0.04454497 0.04832288 0.03562637
[1] "Percent of time PIP >= 0.1: "
 [1] 0.44221106 0.93467337 0.99497487 0.99497487 0.06030151 0.03517588
 [7] 0.07537688 0.04522613 0.04522613 0.08040201 0.03015075 0.06532663
[13] 0.06532663 0.06030151 0.06532663 0.05527638 0.06532663 0.04522613
[19] 0.03517588 0.06030151 0.05527638 0.02512563 0.06532663 0.02512563
[25] 0.04020101 0.04522613 0.05527638 0.05025126 0.08040201 0.06030151
[1] "Percent of time PIP >= 0.5: "
 [1] 0.32663317 0.88944724 0.98994975 0.98994975 0.02512563 0.01005025
 [7] 0.03015075 0.02010050 0.02010050 0.03015075 0.02010050 0.04522613
[13] 0.03015075 0.02512563 0.02512563 0.02010050 0.03015075 0.02010050
[19] 0.02010050 0.03015075 0.03015075 0.01005025 0.02512563 0.02010050
[25] 0.01507538 0.02512563 0.03015075 0.03015075 0.02512563 0.02010050
[1] "Percent of time PIP >= 0.9: "
 [1] 0.27638191 0.87939698 0.98994975 0.98994975 0.02010050 0.01005025
 [7] 0.03015075 0.02010050 0.02010050 0.02512563 0.02010050 0.04522613
[13] 0.03015075 0.02512563 0.02512563 0.02010050 0.03015075 0.02010050
[19] 0.02010050 0.03015075 0.02512563 0.01005025 0.02512563 0.02010050
[25] 0.01507538 0.02512563 0.02512563 0.03015075 0.02512563 0.02010050
