[1] "Average PIPs: "
 [1] 0.3881841 0.7494608 0.9410586 0.9708803 0.1817997 0.1687550 0.1923479
 [8] 0.1831379 0.2170845 0.2162909 0.1893329 0.2100870 0.2438760 0.2180670
[15] 0.2163167 0.2369113 0.1873276 0.1841293 0.2150660 0.2074114 0.1870423
[22] 0.1968185 0.1825508 0.2195389 0.1642922 0.1879353 0.1659603 0.2040327
[29] 0.1908977 0.2007309
[1] "Percent of time PIP >= 0.1: "
 [1] 0.5427136 0.8442211 0.9396985 0.9698492 0.2613065 0.2261307 0.3216080
 [8] 0.3015075 0.3316583 0.3065327 0.2814070 0.2864322 0.3768844 0.3266332
[15] 0.3216080 0.3417085 0.2864322 0.2613065 0.3216080 0.3216080 0.2964824
[22] 0.3316583 0.3065327 0.3216080 0.2713568 0.2361809 0.2261307 0.2663317
[29] 0.2663317 0.3266332
[1] "Percent of time PIP >= 0.5: "
 [1] 0.3165829 0.7085427 0.9396985 0.9698492 0.1256281 0.1155779 0.1407035
 [8] 0.1256281 0.1658291 0.1608040 0.1457286 0.1658291 0.1859296 0.1658291
[15] 0.1658291 0.1859296 0.1306533 0.1356784 0.1608040 0.1507538 0.1356784
[22] 0.1356784 0.1256281 0.1608040 0.1105528 0.1356784 0.1206030 0.1557789
[29] 0.1507538 0.1407035
[1] "Percent of time PIP >= 0.9: "
 [1] 0.2914573 0.6884422 0.9396985 0.9698492 0.1206030 0.1155779 0.1356784
 [8] 0.1256281 0.1507538 0.1507538 0.1407035 0.1557789 0.1859296 0.1608040
[15] 0.1557789 0.1758794 0.1256281 0.1356784 0.1608040 0.1457286 0.1306533
[22] 0.1306533 0.1206030 0.1608040 0.1055276 0.1356784 0.1206030 0.1507538
[29] 0.1356784 0.1306533
