[1] "Average PIPs: "
 [1] 0.39948039 0.94872780 0.99999959 1.00000000 0.01373222 0.01469798
 [7] 0.01370189 0.01465088 0.01388433 0.01516649 0.01400174 0.01559720
[13] 0.01430555 0.01414757 0.01404627 0.01481270 0.01431436 0.01421390
[19] 0.01343941 0.01737227 0.01422609 0.01351330 0.01282723 0.01338788
[25] 0.01328095 0.01322564 0.01580579 0.01307274 0.01361462 0.01531323
[1] "Percent of time PIP >= 0.1: "
 [1] 0.555 0.975 1.000 1.000 0.000 0.020 0.010 0.010 0.010 0.015 0.010 0.015
[13] 0.015 0.015 0.005 0.020 0.010 0.010 0.010 0.010 0.015 0.005 0.005 0.005
[25] 0.005 0.005 0.015 0.000 0.005 0.005
[1] "Percent of time PIP >= 0.5: "
 [1] 0.385 0.955 1.000 1.000 0.000 0.000 0.000 0.000 0.000 0.000 0.000 0.000
[13] 0.000 0.000 0.000 0.000 0.000 0.000 0.000 0.005 0.000 0.000 0.000 0.000
[25] 0.000 0.000 0.000 0.000 0.000 0.000
[1] "Percent of time PIP >= 0.9: "
 [1] 0.270 0.925 1.000 1.000 0.000 0.000 0.000 0.000 0.000 0.000 0.000 0.000
[13] 0.000 0.000 0.000 0.000 0.000 0.000 0.000 0.000 0.000 0.000 0.000 0.000
[25] 0.000 0.000 0.000 0.000 0.000 0.000
