[1] "Average Estimates for Betas: "
 [1]  4.895193e-02  1.005606e-01  1.999287e-01  3.010403e-01  1.652140e-03
 [6]  2.427256e-03  3.688432e-04  2.236063e-03 -1.733982e-03 -2.074175e-03
[11]  2.132943e-03 -8.497417e-04  1.513396e-03 -8.078971e-04  1.705542e-03
[16]  5.757105e-05 -2.410229e-03 -5.404049e-04  4.965202e-04  2.816965e-04
[21] -1.692649e-03 -4.116057e-04 -1.108707e-03 -3.819674e-03 -2.250137e-03
[26] -5.882379e-04 -1.340722e-03 -2.910942e-04 -2.268019e-04  2.300050e-03
[1] "Standard Deviations of Betas: "
 [1] 0.02181818 0.01733010 0.01956204 0.01967264 0.01848977 0.01698137
 [7] 0.01733382 0.01722589 0.01873578 0.01713833 0.01901302 0.01798440
[13] 0.01928605 0.01583792 0.01861951 0.01918325 0.01852786 0.01725643
[19] 0.01760044 0.01788854 0.01810311 0.01781704 0.01752858 0.01839250
[25] 0.01671861 0.01901914 0.01906922 0.01718632 0.01759898 0.01894532
[1] "Average StdErrors for Betas: "
 [1] 0.02346012 0.01886634 0.01893504 0.01890217 0.01868528 0.01890429
 [7] 0.01850182 0.01865740 0.01863227 0.01877390 0.01920075 0.01834967
[13] 0.01894526 0.01850160 0.01869609 0.01885738 0.01863844 0.01902721
[19] 0.01880061 0.01867368 0.01862681 0.01869076 0.01854673 0.01866933
[25] 0.01871795 0.01941211 0.01856458 0.01869578 0.01877923 0.01888192
[1] "Positive rate for exposures: "
 [1] 0.600 0.985 1.000 1.000 0.040 0.040 0.030 0.040 0.045 0.035 0.035 0.055
[13] 0.045 0.030 0.025 0.045 0.045 0.015 0.020 0.040 0.025 0.035 0.035 0.030
[25] 0.030 0.025 0.050 0.030 0.030 0.040
[1] "Bonferroni-corrected positive rate for exposures: "
 [1] 0.120 0.950 1.000 1.000 0.000 0.005 0.000 0.000 0.000 0.000 0.000 0.000
[13] 0.000 0.000 0.000 0.000 0.000 0.000 0.000 0.000 0.000 0.000 0.000 0.000
[25] 0.000 0.000 0.000 0.000 0.000 0.000
