[1] "Average Estimates for Betas: "
 [1]  4.893947e-02  1.001735e-01  1.994164e-01  2.990358e-01  1.646167e-03
 [6]  3.089174e-03 -2.099212e-04  3.534320e-03 -2.416193e-03 -2.832966e-03
[11]  2.018269e-03 -1.240029e-03  1.711933e-03 -1.687435e-04  9.870213e-04
[16] -5.484960e-05 -2.144083e-03 -1.482675e-03  1.032306e-04  9.828513e-04
[21] -3.889618e-05 -3.799425e-04 -1.870157e-03 -3.759502e-03 -2.494064e-03
[26] -4.997313e-04 -1.829108e-03 -9.800680e-04  4.003426e-04  2.181671e-03
[1] "Standard Deviations of Betas: "
 [1] 0.01845414 0.01831468 0.02034180 0.02103606 0.01878530 0.01828997
 [7] 0.01857985 0.02044986 0.01989651 0.01984231 0.02050843 0.01846817
[13] 0.02064128 0.01863865 0.02158427 0.02031331 0.02210328 0.01969438
[19] 0.01876846 0.01887611 0.01929263 0.02062624 0.01778918 0.01993991
[25] 0.01778218 0.02118360 0.02042355 0.01792736 0.01824760 0.01983853
[1] "Average StdErrors for Betas: "
 [1] 0.02234915 0.02374636 0.02351406 0.02340959 0.02258476 0.02436297
 [7] 0.02339699 0.02375557 0.02310065 0.02352426 0.02371968 0.02340759
[13] 0.02401147 0.02289738 0.02336933 0.02351530 0.02331872 0.02315919
[19] 0.02296227 0.02327092 0.02242555 0.02459041 0.02287110 0.02384530
[25] 0.02382498 0.02413205 0.02344222 0.02357988 0.02377728 0.02257488
[1] "Positive rate for exposures: "
 [1] 0.57225434 0.95953757 1.00000000 1.00000000 0.02890173 0.02890173
 [7] 0.02890173 0.03468208 0.03468208 0.02890173 0.03468208 0.02312139
[13] 0.02312139 0.01734104 0.02312139 0.04046243 0.03468208 0.04046243
[19] 0.04046243 0.02312139 0.01156069 0.04046243 0.02312139 0.02312139
[25] 0.02312139 0.01156069 0.04046243 0.02890173 0.02312139 0.03468208
[1] "Bonferroni-corrected positive rate for exposures: "
 [1] 0.219653179 0.768786127 0.982658960 1.000000000 0.000000000 0.005780347
 [7] 0.000000000 0.000000000 0.000000000 0.000000000 0.000000000 0.000000000
[13] 0.000000000 0.000000000 0.000000000 0.000000000 0.005780347 0.000000000
[19] 0.005780347 0.000000000 0.000000000 0.005780347 0.000000000 0.000000000
[25] 0.000000000 0.005780347 0.000000000 0.000000000 0.000000000 0.000000000
