[1] "Average Estimates for Betas: "
 [1]  0.0538519575  0.1001342077  0.2053034034  0.2990351296  0.0087079259
 [6]  0.0047702171  0.0014245629  0.0028126990  0.0023540858 -0.0035621303
[11]  0.0018827263 -0.0003335244  0.0075748020 -0.0040006052  0.0009335053
[16] -0.0022438286 -0.0042679338  0.0044699641  0.0068968160  0.0024541785
[21] -0.0073547639  0.0002825164 -0.0025001330 -0.0014375594  0.0022374152
[26] -0.0009649006  0.0026990945 -0.0029585926 -0.0006015641  0.0023830986
[1] "Standard Deviations of Betas: "
 [1] 0.04272465 0.05020708 0.04490940 0.05232334 0.04686645 0.04779356
 [7] 0.04823654 0.04451128 0.04693970 0.05129560 0.05482672 0.05139339
[13] 0.04535051 0.04677832 0.05295944 0.04576206 0.04160277 0.06169509
[19] 0.04942784 0.04689321 0.04617901 0.04653353 0.04944936 0.04415134
[25] 0.05219372 0.05135867 0.04741148 0.05319334 0.05110540 0.05047530
[1] "Average StdErrors for Betas: "
 [1] 0.05740426 0.05758854 0.05877116 0.05816057 0.05747154 0.05822402
 [7] 0.05463039 0.05534975 0.05617827 0.05802315 0.05930665 0.05564579
[13] 0.05790424 0.05754103 0.05706026 0.05907722 0.05699662 0.05718623
[19] 0.05727247 0.06010882 0.05662321 0.05558038 0.05638093 0.05739235
[25] 0.05650383 0.06033626 0.05758168 0.05743380 0.05791563 0.05833898
[1] "Positive rate for exposures: "
 [1] 0.105 0.390 0.930 0.990 0.045 0.030 0.050 0.045 0.065 0.055 0.050 0.065
[13] 0.055 0.025 0.050 0.040 0.030 0.065 0.025 0.050 0.060 0.055 0.080 0.040
[25] 0.060 0.060 0.040 0.055 0.055 0.060
[1] "Bonferroni-corrected positive rate for exposures: "
 [1] 0.010 0.085 0.635 0.940 0.015 0.010 0.005 0.005 0.020 0.015 0.015 0.020
[13] 0.010 0.015 0.010 0.000 0.005 0.020 0.010 0.005 0.010 0.010 0.010 0.005
[25] 0.015 0.010 0.005 0.010 0.025 0.015
