[1] "Average PIPs: "
 [1] 0.22496494 0.56221625 0.93478562 0.98762661 0.05364407 0.05007424
 [7] 0.03559040 0.06516153 0.04963016 0.04328655 0.04932659 0.05767111
[13] 0.04566832 0.05566358 0.03467229 0.05785146 0.06470077 0.04320620
[19] 0.03674932 0.03185897 0.05227205 0.05734168 0.04653438 0.04028821
[25] 0.03482898 0.04109677 0.05307694 0.04898661 0.05349637 0.03888472
[1] "Percent of time PIP >= 0.1: "
 [1] 0.375 0.705 0.955 0.990 0.080 0.090 0.050 0.115 0.080 0.075 0.085 0.095
[13] 0.085 0.095 0.065 0.080 0.100 0.065 0.070 0.080 0.070 0.120 0.090 0.070
[25] 0.075 0.080 0.095 0.105 0.090 0.070
[1] "Percent of time PIP >= 0.5: "
 [1] 0.185 0.525 0.930 0.985 0.030 0.020 0.015 0.040 0.025 0.020 0.020 0.030
[13] 0.020 0.030 0.010 0.035 0.040 0.020 0.010 0.005 0.030 0.025 0.025 0.015
[25] 0.010 0.020 0.025 0.030 0.030 0.015
[1] "Percent of time PIP >= 0.9: "
 [1] 0.145 0.490 0.915 0.985 0.030 0.015 0.010 0.030 0.020 0.015 0.020 0.030
[13] 0.010 0.020 0.005 0.030 0.040 0.015 0.010 0.000 0.030 0.025 0.020 0.015
[25] 0.010 0.015 0.025 0.020 0.020 0.015
