[1] "Average Estimates for Betas: "
 [1]  5.162929e-02  1.094186e-01  2.013483e-01  3.053204e-01 -1.085191e-02
 [6] -1.233067e-02  1.671423e-03 -1.111052e-02 -8.437164e-03  5.970371e-05
[11]  4.229673e-03  3.677978e-03 -7.276313e-03 -1.107755e-02  2.266617e-03
[16] -6.448868e-04 -8.751247e-03 -1.649424e-04 -1.339448e-02  8.212056e-04
[21]  5.758025e-03 -6.171083e-03  1.221984e-02  9.781221e-04 -3.896096e-03
[26]  7.129213e-05 -5.775692e-03 -1.982097e-03  2.255074e-04 -7.720871e-04
[1] "Standard Deviations of Betas: "
 [1] 0.10095213 0.09505949 0.10049878 0.11809632 0.09785524 0.10588407
 [7] 0.10825063 0.11609964 0.08994413 0.10188033 0.09650068 0.11084919
[13] 0.09109198 0.10776873 0.11365427 0.10971205 0.10484114 0.12264507
[19] 0.09890386 0.09355460 0.10152951 0.12178507 0.10011100 0.08713292
[25] 0.08796899 0.10068071 0.12008069 0.13266092 0.10924047 0.10561617
[1] "Average StdErrors for Betas: "
 [1] 0.06642790 0.07237300 0.07433431 0.07147245 0.07515334 0.07689856
 [7] 0.06691205 0.07544194 0.06886638 0.07050154 0.07181540 0.07231344
[13] 0.07013610 0.07069353 0.06962706 0.07483160 0.07267045 0.07415808
[19] 0.07355831 0.06872930 0.07470454 0.07394446 0.07347800 0.07307310
[25] 0.06944957 0.07079004 0.07422496 0.07654695 0.06998216 0.06954006
[1] "Positive rate for exposures: "
 [1] 0.210 0.465 0.765 0.895 0.090 0.115 0.120 0.110 0.085 0.105 0.130 0.130
[13] 0.095 0.105 0.135 0.100 0.100 0.085 0.115 0.170 0.090 0.140 0.090 0.070
[25] 0.120 0.115 0.120 0.110 0.120 0.125
[1] "Q-value positive rate for exposures: "
 [1] 0.090 0.265 0.680 0.850 0.045 0.065 0.065 0.055 0.055 0.060 0.050 0.060
[13] 0.055 0.060 0.095 0.050 0.040 0.050 0.075 0.045 0.040 0.110 0.055 0.040
[25] 0.065 0.050 0.060 0.065 0.060 0.060
[1] "Precision/Recall/F1 based on p-values:"
[1] 0.4468900 0.5837500 0.5062331
[1] "Precision/Recall/F1 based on Q-values:"
[1] 0.5519766 0.4712500 0.5084289
