[1] "Average Estimates for Betas: "
 [1]  0.0500127715  0.1044554121  0.2025334531  0.3083184226 -0.0117224379
 [6] -0.0029314245 -0.0062512215 -0.0091292462 -0.0046956252  0.0012380062
[11] -0.0020296340 -0.0024944304 -0.0074420028 -0.0084327191 -0.0014335517
[16] -0.0006965767 -0.0127119153  0.0054834532 -0.0029496841 -0.0010016398
[21] -0.0045769038  0.0008895558  0.0103866617  0.0043977527  0.0070317245
[26]  0.0032566873 -0.0085885519  0.0046705963 -0.0033594193  0.0042886884
[1] "Standard Deviations of Betas: "
 [1] 0.09427370 0.09349244 0.09976997 0.09891596 0.08720336 0.09128370
 [7] 0.08593532 0.09200982 0.08255197 0.09353773 0.10523808 0.09389009
[13] 0.07918225 0.10608701 0.09460426 0.10981689 0.08017162 0.12051341
[19] 0.09853961 0.09206257 0.10627009 0.12472554 0.08558551 0.08355497
[25] 0.07419325 0.09259020 0.10916496 0.12093505 0.09138881 0.09136800
[1] "Average StdErrors for Betas: "
 [1] 0.02600220 0.02764517 0.02814642 0.02745376 0.02853183 0.02869574
 [7] 0.02684382 0.02829154 0.02689131 0.02748627 0.02798825 0.02767582
[13] 0.02614187 0.02716219 0.02712879 0.02902071 0.02781255 0.02814270
[19] 0.02806684 0.02698556 0.02817820 0.02906173 0.02732335 0.02827704
[25] 0.02696988 0.02719750 0.02789978 0.02883324 0.02629784 0.02647037
[1] "Positive rate for exposures: "
 [1] 0.645 0.800 0.940 0.980 0.350 0.370 0.395 0.365 0.295 0.365 0.405 0.365
[13] 0.370 0.385 0.440 0.425 0.395 0.420 0.450 0.415 0.440 0.420 0.395 0.340
[25] 0.385 0.385 0.370 0.405 0.395 0.355
[1] "Q-value positive rate for exposures: "
 [1] 0.560 0.760 0.935 0.980 0.240 0.315 0.345 0.305 0.260 0.315 0.330 0.320
[13] 0.315 0.300 0.410 0.350 0.320 0.335 0.380 0.345 0.355 0.375 0.305 0.265
[25] 0.295 0.330 0.310 0.335 0.325 0.320
[1] "Precision/Recall/F1 based on p-values:"
[1] 0.2499072 0.8412500 0.3853421
[1] "Precision/Recall/F1 based on Q-values:"
[1] 0.2780404 0.8087500 0.4138152
