0.993784960543044 0.998637615708878 1 1 4.41922021199304e-09 3.28996596632436e-09 1.16321297038979e-09 1.27253726445176e-08 7.65950495207335e-06 2.23881502225964e-09 0.000879184596272564 5.57346224727695e-09 2.04296635164525e-09 2.45603792858873e-09
1.96176505762313e-06 3.19601910263589e-05 0.999982305429853 1 2.32654213672134e-08 2.78242437978804e-08 5.28708849589776e-07 8.32825763907863e-09 0.993075428298329 4.68657781471649e-08 9.87465409441057e-09 6.91820500886564e-09 7.28570570496245e-06 7.83642106760851e-09
0.0158831119866213 0.0228999184067568 1 1 0.0695240763311491 0.242277160961061 0.0159650087192701 0.0234537763107606 0.0167945832207023 0.0221841604320099 0.0160351114823599 0.0252364132998195 0.0296441150249506 0.248452750226256
0.000763500019382413 0.996580294959213 1 1 0.00037943679902519 0.000432879234654071 0.000372068003784309 0.00053421576542545 0.0394542815008971 0.000467482064590574 0.000356809061639929 0.00207317570662069 0.00049799541944584 0.000757768659647939
1 0.00200377686447117 0.999999951248508 1 0.0543702177016454 0.00146716769317468 0.00121564026835685 0.730631266128565 0.99978433270826 0.00554389930089227 0.00145868272609539 1 0.00107405604881061 0.0105920728268488
1.05777548184971e-05 0.899037529354976 1 1 0.986074327283763 0.999999999730276 0.00921555184151091 4.3301181672728e-05 0.000709878238194239 1.35547231649991e-05 6.18057851853315e-05 0.999992058261513 1 7.63146311066887e-06
0.00040856232573705 0.000807462180275165 0.988965623774125 1 0.000350413811951555 6.23191205995077e-05 8.03295705074092e-05 0.00168505337896208 0.00905297263922278 1 0.983707528881346 0.900606072465928 0.999999999780704 3.65950338929721e-05
1.11022302462516e-15 0 1 1 0 0.999999999995347 0 0 0.999999999999999 1 0 0 0 0
0.0958639860285162 0.999999474427202 0.0134786521870534 1 0.0482881454907976 0.041531182096657 0.0155266951999584 0.0172042768657856 0.01184123842978 0.0141026602411188 0.999920734993192 0.0404770155400088 0.999999999997653 0.0181374280212705
4.94465379752285e-09 0.999991772922465 1 1 3.66929087114443e-09 3.58812468626013e-09 0.0235461964699976 9.7000970089578e-07 0.915888216077359 5.66874103213877e-09 4.85983469022955e-08 4.22947778444538e-06 6.41131825407371e-09 3.60711061020424e-09
0.0206636382488368 0.136185413843568 0.999999999999994 1 0.187850635205365 0.0309325620416977 0.0225411243357074 0.0260680184960524 0.0269520387220686 0.0228106140018838 0.0196030362272281 0.0284829486065625 0.0250267246040773 0.0284177485831116
3.38474803740496e-11 2.8931079754102e-11 0.999999994066715 1 1 1 1.15019105351166e-13 0.999948888355701 9.2148511043888e-14 4.50195436485501e-13 5.4041660035864e-11 2.5068835896036e-13 4.29982682792485e-09 2.33368879776208e-13
0.0664712632032052 0.999999977250458 1 1 0.0182965492620945 0.0451953266077768 0.0154844020025106 0.063378192469937 0.0240557324793134 0.999986960661889 0.0243396353633534 0.00976294156557356 0.118906265834826 0.00943377585756955
2.31823371499296e-07 1 1 1 2.10777835185638e-08 2.55350150990541e-06 0.999908916251687 3.72693386152534e-08 1.28502162888289e-06 2.02926090375755e-08 3.05061492733572e-07 1.89030541219992e-08 1 1
1 3.5243731774659e-05 0.999999999067823 0.998545271680567 9.62443243990307e-07 0.00045784115151104 1.30482163713808e-05 4.02401549859377e-07 2.74087671847667e-06 3.02655204786895e-07 0.00463867102884286 5.32097743644044e-07 2.5087577582017e-06 0.852465821230099
0.99811473676538 0.999780427348903 0.999996931941023 1 0.0223600783439662 0.0249689532350675 0.0197330975916231 0.0263944792521048 0.0654092402072932 0.0298207648205852 0.0172591382291074 0.0575274165381917 0.0299934653104627 0.0171203853172206
0.0124790360033756 1 0.999998068687581 1 0.894809568858041 0.982358979162256 0.0502586918645884 1 0.0351422251269566 0.00838850114660838 0.0255047953661641 1 0.0497904858252102 0.0113024211802907
0.997717227129653 1 0.999999999999449 3.50813265648231e-06 1.79018606383252e-06 1.6743335888858e-06 3.11320967416595e-06 0.000214523182507698 2.2796073746445e-06 1.59718343750725e-06 1.76271908236547e-06 1.83132913622597e-06 1.90859654036757e-06 2.52368787789781e-06
0.999928980514535 1.1306739104433e-05 1 1.0499298070954e-06 9.6129148458135e-05 1.91681716743552e-06 0.999999999551605 0.99999562284908 6.88140955551475e-07 0.131135416056703 0.992287500956707 5.33737688646063e-06 1.90296758972863e-06 8.78141766968987e-07
0 1 1 1 0 0 0 0 0 1 1 0 0 0
8.85700401909162e-11 0.999750609048372 0.999993352316219 1 1 8.2783335741965e-11 1 1.06586739434533e-10 2.64631491975198e-06 8.33559887780666e-11 4.23468105026359e-09 8.25662871406507e-11 0.999999977425806 1.19779086649174e-09
0.985887952847346 0.00031318797284019 1 1 1.91762388407346e-05 0.00567458729108883 1.43163500226917e-05 1.43471994245026e-05 2.28378983863076e-05 3.42337030103668e-05 7.86328637091271e-05 0.0505273792151433 0.999701181151773 1.45624234074715e-05
0.122919576544672 0.012668766799906 0.999998571083834 1 0.0394994791749382 0.0137092722406075 0.0220672179091402 0.036643427329661 0.014237762303146 0.126309143919909 0.99998218191996 0.0113769829263933 0.0527637454920143 0.0245339213994596
0.977530629761013 0.0188745577343119 1 1 0.0191859069834123 0.0244988367024627 0.0258975135675661 0.0191567606177615 0.0509159187611052 0.0236252891914682 0.321590218560647 0.032446133672674 0.0179861814860405 0.975864892736826
4.30198250778169e-06 0.995911308673751 0.999999999999936 1 1 6.4696513589757e-06 1 1.46260409871202e-05 3.10873839515224e-06 6.32093239615328e-05 1.0591546123484e-05 2.76265909316953e-05 1.33269098181454e-05 1.5442219141848e-05
1.84229251853907e-08 1.46654903028232e-05 0.999663306603554 1.67417568697203e-09 1.87059268075274e-09 1 2.93259627692777e-09 5.27958921026084e-09 5.53021434757106e-07 1.83328952019224e-09 0.997919512183878 4.61988558519977e-09 0.00365420396037142 0.999999999999992
1.31875339914878e-06 1 1 1 6.99377080914942e-07 1 2.80590280965498e-06 1 3.44528012141687e-06 2.71630625103825e-06 0.999996718766006 8.58896594957415e-07 0.999286531063794 1
0.000193754158504311 0.00152781969930282 0.999999694624138 1 0.000341255314493027 1 9.02617923452809e-05 0.000162408683049731 0.999999999999062 7.21012594681048e-05 7.43893740778878e-05 9.9793455633046e-05 9.26738713252773e-05 0.000137614509801098
7.92865773036056e-12 2.2811386113375e-10 1 1 0.995848103981002 4.78760364686082e-11 3.93194365955196e-11 1 1.53420609549926e-11 1.90135693201032e-06 7.75912667450029e-12 1 1.65527591633463e-11 1.9517801819191e-09
0.00271793720148672 1 0.999999999999851 1 0.0148925514960615 0.999999999990209 0.00347927126919112 0.00144242864651678 0.999971653702345 0.00139870248615359 0.999999998534592 0.00368043606661239 0.99962805906711 0.00150609108966016
1 0.227816773334128 0.999999999999989 0.0107808327616862 0.0610626849641607 0.105172641658806 0.999999065866614 0.0112336601317453 0.0234816495022557 0.0106849392599018 0.101811394338971 0.0677515955182199 0.999999999998963 0.0601831017509331
0.446051993012593 3.72302411122405e-10 0.999999999999429 1 2.00389813742596e-07 4.31016888846614e-10 6.98204294380389e-09 0.531563184696882 7.57877499646398e-08 0.999999999997967 7.34094340870683e-10 3.30851790408815e-09 5.73999403563619e-10 8.84655870780904e-09
1.06380585027654e-05 0.120407653534791 0.97102390544267 1 2.3275493714614e-06 1.94585891555299e-06 3.89012480016548e-05 0.00555763973659429 7.32897476840577e-06 2.74712294053847e-05 0.783737833771905 2.2107580408548e-06 3.59849527054035e-06 0.00021765204785329
3.04129045503032e-07 0.999560377409185 1 0.999898085759384 0.000358951277670383 1.17343626815369e-07 1.24241176568951e-07 2.5148829574384e-07 1 1 2.24088013023316e-06 1 8.25491199285544e-07 2.09470148337942e-07
0 0.999999914308133 1 1 2.93529645034596e-10 0 0 0 6.84270405892917e-08 0 0 0 0 4.30333546574957e-12
0.00093075087510619 0.998163533615702 0.999999999999733 1 0.002568411898629 0.00109625146437431 0.000876915442483805 0.000756404570181779 0.000765082160172348 0.000749196427310528 0.0044746055127981 0.00219510627812314 0.000761983003914946 0.000846946102438517
1.84324067120656e-09 1.99145444579329e-09 0.999999999992206 1 2.73181392618227e-07 2.89971769928954e-08 2.65465974758072e-08 1.74564651622688e-09 3.56480411856097e-09 2.07386730011194e-09 7.71595121129565e-09 1.76985659461337e-09 0.998727123235439 0.00126098762289617
1.93378424384605e-10 1 1 0.999999999999999 2.68854314366962e-08 1.07337028154575e-10 5.68627367414365e-11 3.35221112601758e-06 0.973107417357994 5.69730929100842e-11 5.54439784417049e-07 0.0267432116087561 0.999999990749421 9.51222434153465e-11
1.30168165102251e-06 2.39285693481861e-08 0.999999912758383 1 6.10864202443828e-07 1 0.999930487923951 4.62560096892162e-08 1 3.15796078176334e-09 1.39910416585565e-09 0.999999999999999 1.81855593606173e-06 9.13478548358881e-09
0.000174889316241322 0.145645109813334 0.999997514850407 1 7.94965804340464e-06 0.998972946846339 3.0311056557597e-05 1.41940314702937e-05 9.94640280727044e-06 1.17670920515289e-05 8.5904226579947e-06 7.76380934773835e-05 0.999999748317959 3.79112147225191e-05
3.19123838465885e-10 0.99993230706482 1 1 0.99999977352622 1.02259389844761e-09 5.51655054970013e-10 5.05105476333867e-07 1 3.23176707617279e-10 3.49646311903484e-10 9.29702093088736e-10 5.85149484422232e-10 4.9066041185597e-06
1 5.78641579096484e-11 0.999999999635866 1 2.90101276334553e-13 2.70561351101151e-13 0.998586035439783 0.999999999928792 2.9920510513648e-13 2.72115663335626e-13 1 2.70339306496226e-13 8.1290529863054e-13 4.78173056706055e-13
1.11022302462516e-16 0.999999602811022 1 1 1.11022302462516e-16 1.11022302462516e-16 3.69415609213775e-12 1.11022302462516e-16 1.11699538507537e-12 1.29929400571882e-12 1.11022302462516e-16 1.11022302462516e-16 6.55031584528842e-15 1
0.0541072148819849 0.0278446170931573 0.0195501290489287 0.999999994071269 0.0216282194402838 0.0193778289102106 0.0279742503556288 0.0198878391208386 0.0425058146236794 0.0193842223525773 0.0318207636412055 0.999999888852209 1 0.0235307618828464
1 4.11804255473491e-07 0.999994888569344 1.03459959488461e-08 1.2202021504315e-08 1.34837246923425e-08 3.18514425945438e-08 1.97146691194305e-08 3.65657267797914e-08 1 0.999617989519475 0.999999999913606 9.79724557037542e-09 1.89560317442883e-08
8.89237587974323e-05 0.983126132990168 1 1 1.26726414546585e-05 0.0952836657797728 1.05942048413965e-05 2.34299391725923e-05 0.0148912543288964 2.90266381502979e-05 1.49535777421717e-05 0.000146995951750384 0.000107058589889242 0.902969138429255
0.0674086062226608 0.0273689511927093 0.00011522374526296 1 5.33305951092578e-05 3.24232985785544e-05 6.41549390307805e-05 5.19158356164784e-05 0.164429989993433 3.58670821718476e-05 0.775674412465878 6.0532012310377e-05 5.7231402493918e-05 4.67853062988688e-05
0.021578911075863 0.00880953233518778 0.00712689604979655 1 0.0141650791453831 0.0397112217931389 0.0391765540618695 0.0944144388231822 0.00752699318740269 0.0272034748660497 0.0181571946457459 0.0073917165585754 0.0280315444214303 0.0240969301271858
1.529776305631e-11 0.999996573901486 0.999902844063147 1 2.98588787028820e-09 3.62827247135655e-08 3.7203573555189e-11 9.8069330434214e-12 1.01008090780397e-11 5.09048359020881e-12 4.71527261680649e-11 5.95146154580561e-11 0.999999966236942 1.12161391285781e-11
0.51755172366674 0.999999999996261 0.999999999999783 0.999999999999995 0.000112245667692079 0.000318335151804239 0.000111003356008332 0.000277382705259344 0.000809075546946314 1 0.000100221526784128 7.59047026007709e-05 0.000277405463275815 6.17358143119029e-05
0 0 1 1 0 0 0 1 0 0 1 0 0 0
0.168479750540176 0.99999999504215 0.996402581888376 1 0.00855347536334294 0.00194223256815762 5.7839904045176e-06 5.93808791360395e-06 1.17666846316533e-05 0.00124964760232704 6.59027260063727e-06 0.00207419985308988 2.60947692293234e-05 9.15437553739018e-06
4.98604491028232e-11 0.999999999755413 0.999999999999996 8.4185756954458e-07 2.05280237253191e-13 1 1.11438519523333e-08 2.60846899635681e-12 2.85327317328665e-13 0.999998256199838 3.32762058352642e-07 1.62395904501622e-08 3.4066971466018e-11 4.55413484701239e-13
0.0295941511545912 0.000812969229418536 0.00276050276354589 1 0.00152408151508876 0.00494009966248088 0.000222194631421035 0.00683669784890362 8.74369096598437e-05 0.869682664953131 0.000291110938013817 0.000211764042067353 0.000869340083857306 0.00011320664768899
9.99200722162641e-15 1 1 1 4.11892742135933e-14 1 1 2.88657986402541e-15 2.64233079860787e-14 3.5527136788005e-15 5.44009282066327e-15 1 0.999997761129627 1
0.0307092197615054 0.0572338760851197 1 1 0.0164802137572002 0.0251295169285737 0.999999999949641 0.999997255563652 0.0125014283259312 0.998211810952752 0.0371630233442766 0.0257234929246439 0.153628475028132 0.012855321415111
0 0 1 1 0 0 0 0 0 0 0 0 0 0
1.95778559808346e-07 1 0.99999999999998 0.999999995879302 4.60744311592265e-08 4.48229365845876e-08 6.07678528607991e-08 4.13390173203965e-08 4.32984461617991e-08 0.999954723709651 6.36373926887757e-08 5.12736099134159e-08 1.04546849843956e-07 5.28068077043642e-08
0.999641310407224 8.06824607124668e-10 1 1 0.000284306064678774 9.24977983096653e-10 1.03788788674564e-09 8.04665112319469e-10 1.03754446256765e-07 1.07469189103426e-09 2.15810269654781e-09 7.88821674646556e-10 8.7637493928483e-09 0.999999999999912
1.46469265271953e-06 0.999803911834125 1 0.999999998129136 1.85721296785957e-07 1 4.20558723357445e-06 1.69218970835772e-07 2.99282011839708e-07 1 2.06430529114954e-07 7.40959751666104e-07 2.49735977231325e-07 1.68618171203505e-07
0.0150802186881769 0.028102836216255 0.00746222200255997 1 0.00982559302737618 0.00622200503979908 0.0134342638080337 0.999999969067632 0.0106942990444115 1 0.0753931757469536 0.0499381900473606 0.00843704529936562 0.999988827410709
0.288367932597773 0.961673100882187 0.0762269140091667 1 0.00982399976868986 0.0130844103500691 0.0219663538111837 0.0321129876970763 0.0530733870511597 0.0200122539862503 0.999999969558984 0.0759906023080421 0.00994530431859331 0.0145511874687695
0.0251960713716356 1 0.99999999919972 0.999999999999988 0.0187776221063783 0.0207278418506643 0.0141979257352035 1 0.014111347826088 0.0138726998761478 0.0239514874764972 0.0423010326545648 0.0933277062511659 0.026744572741176
0.00591738868970337 0.837187353230857 0.00657376670152632 1 1 0.0129013089557937 0.999999059867143 0.0500791451812198 0.0060952487003576 0.0059624258044586 0.00560963030300232 0.00656408019191446 1 0.99999999694668
1.62193571817681e-06 1 6.68597476338739e-06 1 6.00672636408284e-07 2.22192808230215e-06 0.999999999977485 4.13935416887501e-06 1.04430898495433e-06 2.29135129105051e-05 0.999087757201205 8.33793295818008e-06 1.91159504481231e-06 1.63448372159092e-06
1.31279908610615e-06 0.998991981779338 0.998352108891362 1 1 1 8.64602947062698e-05 1.32304484934398e-06 3.14843622550853e-06 0.00150411043973175 2.10503738984347e-06 1 9.71332026880045e-05 8.65658624360499e-06
3.10464595236759e-05 0.986020521542608 1 1 4.86935043175762e-07 0.999995085504389 5.30380901753169e-07 8.62661632572426e-07 9.40469157773016e-06 2.98725351066675e-06 1.27031072394423e-06 5.44843890559754e-07 1.44684534442163e-05 5.46552781333087e-06
6.71281367159438e-07 0.999890480307526 0.999999999431795 1 1 4.88281020172288e-07 4.82672101176362e-07 9.84246893986906e-08 1.06785300379997e-07 5.1837960316492e-06 2.55695804862732e-07 1 5.44089953202764e-07 4.88299152112681e-07
0 1 0 1 0 0 0 1 0 0 0 0 0 0
0.0134911360766872 0.999999681901858 0.00999135548667462 0.0103181946264921 0.137009120589542 0.0416392835367465 0.999999802679731 0.0839082667045921 0.011841594094448 0.0164384042367612 0.999994661852032 0.256355645655519 0.0132849116527229 0.0693786348310906
1.26128774091683e-10 1.03006270180117e-10 0.999999664892334 1 1 7.65165708571658e-13 9.98534588347866e-13 1.63149493914716e-11 3.78008735424373e-12 1 7.04436509124662e-13 4.36028990691284e-12 2.17859064122194e-12 1.02517994093887e-12
0.00385360698287762 0.000341634276629033 1 1 0.000161638728006896 0.0266823449777654 0.968094653463124 0.000342525484235301 0.0140014338419622 0.000191222336481278 0.00303657932366852 0.000561435511909347 0.000302274837822525 0.00185221112400957
2.38737341007322e-09 1.49775358559978e-07 1 1 6.53169174302803e-09 3.89296369585068e-08 5.27381915915726e-10 1 0.999999839797694 0.977763018208742 1.09149959071075e-08 9.48649825360803e-10 1 4.56704007945063e-10
0.971154004571795 0.959221213793225 0.999999999996162 1 0.0141828683279267 0.0110773033014187 0.0484758190631204 0.0131555332297295 0.0208395089092821 0.0171917151746295 0.0517852459143059 0.0186313459848044 0.0416049119879071 0.0157132833522509
0.000149931536155501 0.00105473376068232 1 1 0.000102298404286216 4.64995964449821e-05 5.27418208368102e-05 0.860615701201616 0.000257851387199137 3.81511070531859e-05 0.999648455766572 5.07403134775153e-05 0.000221016402184193 0.000313084632649341
0 0 1 0.999999999998961 0 0 1.10134124042816e-13 0 0 0 1.9069384959991e-09 0 0 0
0 1 0.99999999999987 0.999999999999766 2.33590924381133e-13 0 0 0 0 1 0 0 1 0
0.999999809607653 0.015146589803349 0.424700206087409 1 0.000254202361018585 0.000151448906500096 0.760807794112708 0.00024431876976283 0.000444298387377473 0.000720628386984945 0.0163921714420595 0.000292089413195917 0.000152946845836444 0.998109176982244
1 1 1 1 0.999999999983268 0.999999852018121 1.76180514621649e-10 7.55429052645695e-12 1.12839737553827e-11 3.47666340161368e-12 4.00168786995891e-12 1 2.03969174883412e-10 1.19096267292562e-08
2.59041934247417e-06 1.20801006109339e-06 0.999999999849583 0.999999999999989 3.47054339214781e-05 0.996270505129125 1.10773683170695e-06 2.39206756647015e-06 6.59707875272364e-06 2.7347834863467e-05 0.99999999987707 4.71780550548306e-06 1.06683434930588e-06 1.726525340362e-06
0.756878061936271 0.999999999848014 0.999999999999484 1 0.000515728765561829 0.000200234894950913 0.000191147281738857 1 0.00389874420304093 0.999999974381387 0.999990910368875 0.00401451096664052 1 0.00298421480941324
0.110728924926156 0.088611152820338 1 1 0.0249217052171126 0.021065514250289 0.0194559472602864 0.0254119123436216 0.0199665361598338 0.0396679364528411 0.0288882754632244 0.0561791332635125 0.0201239874972692 0.0232094026118784
0 1 1 0.999999999718787 0 0.999999999999847 0 0 0 2.7993851681174e-10 0 0 0 0
0.0224299458826408 0.0265236280889609 0.977064974680323 1 0.0225571332533486 0.0233898187618273 0.0233479259121433 0.0232343731688742 0.0219723292948403 0.0252495389733219 0.0285107630697617 0.0223093954781534 0.076407946796184 0.0254190451024527
0.999999999999999 0 1 0.999999999999701 0 0 0 0 0 0 1 0.999999999982162 0 1
1 1 0.00632565023818332 1 1 0.00261394475566357 0.00256385757070599 0.0237989802241559 0.999999896448078 0.00166270702442195 0.00708864706546908 0.00478126693813541 0.99899417148662 0.999999999990595
0 0 1 1 0 0 0 1 0 0 0 0 0 0
0 1 0.999999910777065 1 0 0 0 1 8.9220370091958e-08 0 2.56350496385949e-12 0 1 0
0.0289498853967146 0.0952116984362112 0.999987424090252 0.999502685344494 0.0229346307427161 0.0463685845572515 0.0325301397063467 0.03522536690603 0.0333628983280284 0.0232674204837684 0.0270189805593213 0.0244134238286484 0.0240092188033846 0.0229368454572242
1.01807451358127e-13 1.22168941629752e-12 0.999988618965386 1 2.14162021450193e-13 1 4.38316050122012e-13 4.29101199017623e-13 1.86517468137026e-13 9.59232693276135e-14 7.56352314112974e-10 1.29452004671293e-13 1 0.999999999999892
0.029662347204876 0.0364280181465255 1 1 0.0170994758672752 0.013348985592136 0.0141431794294491 0.0147676095822505 0.0127963066374939 0.012656773188413 0.040560217038225 0.0129515811372178 0.0265287881738077 0.0253026217168222
0.018796456301303 0.0256442087754768 0.0490869976984133 1 0.0288924433883984 0.999994405444849 0.0231178482158383 0.994892136889231 0.0159300769122993 0.0576518454566133 0.0176056909148904 0.0182477809490512 0.0155025639942779 0.0279043194449636
0 1 0.999997821753672 1 0 0 0 0 0 1 0 0 1 0
0.0121454601111249 0.945849772181419 1 1 0.329688109516964 0.999999997633697 0.00967736739000569 0.999999999999902 0.0253145857422062 0.0130850661903082 0.0742658740524584 0.0108247774191718 0.0126365017500818 0.977971359157351
1 0.0146993794215229 0.310285691026984 1 0.00959539321004332 0.0372902623384361 0.0744996251883332 1 0.0181729627694689 0.0143703296220877 0.107407159421888 0.161218617627448 0.029316129174123 0.0108633047708655
0.0240230234154821 0.999885709990098 0.0274731206025894 1 0.0177843981801881 0.024782523907584 0.0218972211774028 0.0638563515386998 0.831548081716049 0.0193067921001541 0.0298719149714582 0.119598182050484 1 0.0394583346955276
3.84470233427692e-13 7.40518757424979e-14 3.33066907387547e-16 1.11022302462516e-16 1.11022302462516e-16 1.11022302462516e-16 1.11022302462516e-16 3.11972669919669e-14 1.38666855775682e-13 0.999999999995904 0.999999999999971 1.35447209004269e-14 2.88657986402541e-15 2.70861111317799e-12
0.0217569161508121 1 1 0.0219377585072595 0.0221062542306231 0.0219759235788837 0.0218686610885936 0.0217556694557012 0.0217614800319795 0.021759374457949 0.0217788548364054 0.0217553878380997 0.0217561075270729 0.0218767154224403
7.40697197043616e-06 0.864754188289237 0.999999997947902 1 7.28540098249297e-07 0.99999999999994 6.97905495949946e-07 6.9244472189478e-07 3.65971271842902e-07 1 0.134576611751388 4.42545039502917e-07 1.5105630530865e-06 2.11162616203797e-06
0.0858878807892597 0.0271986444023005 0.999701093555439 1 0.0166652762075566 0.994813517768177 0.0302271942402352 0.0168528639893327 0.0159188922336225 0.120065509969648 0.0317702440501799 0.166009289975896 0.016138458859555 0.0292742057133133
