0.999109319835712 0.999999999985195 1 1 4.43444014841532e-09 3.26661309113518e-09 1.15822396118404e-09 1.26989092574803e-08 7.68859790944987e-06 2.22758278489721e-09 0.000882049772792715 5.55773138621873e-09 2.02992878062247e-09 2.45064624149194e-09
1.97833643666989e-06 3.19027110576853e-05 0.999982945069701 1 2.33923003190029e-08 2.7990102902109e-08 5.31802772041345e-07 8.35976821100815e-09 0.999965664321732 4.7116777701639e-08 9.92725779358494e-09 6.95368240766214e-09 7.28708418529234e-06 7.87823339898353e-09
0.0131946558281316 0.0206769863793994 1 1 0.0524208384975325 0.0793182092592575 0.0167157028784681 0.0211764592139145 0.012430752450348 0.999999907897946 0.0138396155372944 0.0141474290630145 0.0236554235482221 0.999999384194659
0.000764238526905214 0.996594132289503 1 1 0.000379775096475132 0.000433302241034328 0.000372400682067564 0.000534751083645868 0.0395430447353972 0.000467945186381491 0.000357126349443737 0.00207597400600101 0.000498465454545127 0.000758553733192335
1 0.00457727035008781 1 1 0.0587670621877276 0.00335287033038478 0.00297906775983603 0.868814653382337 0.999757943141086 0.010645066942095 0.00341484019964733 1 0.00270163825001202 0.0123519782334734
1.00710147102889e-05 0.997857158726979 1 1 0.98710752999572 0.999999999781031 0.00875991444065094 4.46370298771148e-05 0.000774929279468761 1.39476912082159e-05 5.90515194603958e-05 0.999993595148956 1 7.2956970322835e-06
0.000429605711531944 0.000805919795172194 0.990687993482365 1 0.000338852855677252 6.08907557674288e-05 7.70841880651796e-05 0.00145796299139467 0.00974366945591731 1 0.999421935649267 0.965450055396229 0.999999999906166 3.46805843839393e-05
1.11022302462516e-15 0 1 1 0 1 0 0 0.999999999999999 1 0 0 0 0
0.121879374699134 0.999999386916316 0.996503685860274 1 0.0916232311004478 0.10276758275081 0.0152685501693258 0.0242752066197715 0.0116031141489278 0.016970976042919 0.999999999939369 0.0620041297253063 1 0.0230424247473867
5.16648357429261e-09 0.999991326783097 1 1 3.85012843828747e-09 3.76265851809165e-09 0.0247854457937415 1.02984295724529e-06 0.975213540057924 5.90724025251177e-09 5.17679841216534e-08 4.6678528028421e-06 6.6517376051678e-09 3.78511211263088e-09
0.0209699346862285 0.136663334951128 1 1 0.19174339141791 0.0313933767534187 0.0229858674244603 0.0265010111762876 0.0274266040636401 0.0232251210972514 0.0199707591008601 0.0293386154443998 0.0255740508525181 0.028928332666759
3.34481331520919e-11 2.84805512507091e-11 0.999999995500138 1 1 1 1.14130926931466e-13 0.99994951566517 9.12603326241879e-14 4.44644321362375e-13 5.37770938890958e-11 2.48689957516035e-13 4.28430546595138e-09 2.31037411424495e-13
0.0161386913213915 0.999999765309116 1 1 0.0262185012749071 0.11343132926803 0.0735829087064385 0.0737580824929556 0.0102204509874303 0.999999994639826 0.0571207531594369 0.0117110033966368 0.193018170656415 0.0171401594934191
2.31761031810329e-07 1 1 1 2.10715609405554e-08 2.55292273454444e-06 0.999974461007464 3.72576169915817e-08 1.28475010141571e-06 2.02865656495632e-08 3.05027179625661e-07 1.88973008352633e-08 1 1
1 3.85982208828128e-05 0.999999999992471 0.999999999983664 1.07174089747364e-06 0.000515265302229562 1.46541352932239e-05 4.48354044890742e-07 3.07221317663586e-06 3.38780068220856e-07 0.00530240894740153 6.03489129002988e-07 2.82861467781892e-06 0.993799327596998
0.999999511907623 0.999999999944665 0.999999999355171 1 0.0227583402854993 0.0240754567235721 0.0210278831824299 0.0249180775038808 0.0432273185459202 0.0267735337106551 0.0193341899357031 0.0403973265841177 0.0271459300984784 0.0192517505252086
0.0129180525693644 1 1 1 0.921520350036528 0.999999999999323 0.0513490966378318 1 0.0360837076403239 0.00871499019924649 0.0264001346077528 1 0.0487863703074374 0.0115984874738132
0.997948310243407 1 1 3.50714682773035e-06 1.79004655342929e-06 1.67429593078694e-06 3.1133845600495e-06 0.000214492414136958 2.27972010191646e-06 1.59713353509172e-06 1.76263247186892e-06 1.83123554331477e-06 1.9085877572822e-06 2.52349624396686e-06
0.999999848611006 1.71084169819924e-06 1 6.15725180952431e-07 3.14420621483347e-06 4.41961494845877e-07 1 0.999999922618733 1.25375223980484e-07 0.999820129788823 0.999996430839647 4.24720931313516e-07 4.28367190941081e-07 1.64920419987169e-07
0 1 1 1 0 0 0 0 0 1 1 0 0 0
9.54690526633328e-09 1 0.999992892177452 1 1 8.26716206603351e-09 1 1.74757250892554e-08 5.52525299846174e-07 1 2.80333610547245e-07 7.82361408990795e-09 1 0.999918619479407
0.994387505964503 0.000127872149024433 1 1 9.14926564121732e-06 0.102574509757251 6.01148481793601e-06 5.28801395383027e-06 1.26421778027241e-05 1.58051871679277e-05 2.96136753847875e-05 0.89742749770207 0.99987782105577 5.50309020674877e-06
0.0755963046687352 0.0115279910841293 1 1 0.0157623060210086 0.210474451732334 1 0.0332233677595974 0.99999971972512 0.0339997611445322 0.0138850267960976 0.0791639226897419 0.134730623598825 0.999998820553706
0.983945575731404 0.0190231785023494 1 1 0.0196217053987467 0.026152182546382 0.0276880161182184 0.0193818103803428 0.0561315876967347 0.024905867731405 0.302858490258672 0.0359677535046767 0.0180233624085839 0.999993550008406
4.33274808497863e-06 0.996266161096448 0.999999999999962 1 1 6.50789614808911e-06 1 1.47391329586855e-05 3.12725962647864e-06 6.37307009300203e-05 1.06593942313937e-05 2.77966029680332e-05 1.33707734377708e-05 1.5483608226563e-05
2.79432692540382e-08 0.999999999827884 0.999999997639426 4.19380197236308e-10 5.57487611629881e-10 1 4.20805501555321e-10 6.52005782697529e-10 5.42611655607317e-09 4.18854062544938e-10 0.999999637467608 4.52694359776018e-09 5.45798295448208e-10 0.999999999999803
1.43414905395822e-06 1 1 1 7.57990382460605e-07 1 3.00877269276967e-06 1 3.67896520026001e-06 2.92075319596741e-06 0.9999999999999 9.31981644636259e-07 0.999237238036494 1
0.000174060548505439 0.00141262609352522 0.999999997022687 1 0.000325047252082933 1 8.09661881323587e-05 0.000145859263708581 0.999999999999145 6.47964346300878e-05 6.67382319694543e-05 9.00136039629906e-05 8.33715066458351e-05 0.000124470556146838
7.71749331107685e-12 2.22702634111727e-10 1 1 0.999998086396987 4.61588545164204e-11 3.82412990163061e-11 1 1.48872025818036e-11 1.89120709570556e-06 7.55262519192001e-12 1 1.61598512349315e-11 1.87783322225243e-09
0.976391725794329 1 0.999999999999999 1 1 1 0.000105399850896304 3.15657275526959e-05 0.00588507145830608 6.70938762236117e-05 2.38562499604855e-05 3.06582171419878e-05 0.999999999876082 3.40090598809351e-05
1 0.259703660992441 0.999999999999988 0.00949958514433058 0.0539629507774406 0.0999966819784699 0.999999058301993 0.00985471042545483 0.0195041111434604 0.00945812806536805 0.0982244301477203 0.06554492005767 1 0.055609529608062
4.36650715585074e-12 0.999999999933921 0.999999999995516 1 1 0 0 1.15796261468404e-13 0 0.999999999995694 6.60789201134548e-11 0 0 0
1.18925530147029e-05 0.12988219272815 0.995791480710733 1 2.57637135903099e-06 2.15184291163517e-06 6.32968152030067e-05 0.00599286746259209 8.07151972437303e-06 3.07258623341022e-05 0.865212429973993 2.48572207417475e-06 4.00525385835238e-06 0.000235945895777689
3.00432438926634e-07 0.999567832600661 1 0.999997844679707 0.000354534938820428 1.20234726841417e-07 1.23039667898617e-07 2.55923445990902e-07 1 1 2.28204197616488e-06 1 8.23267311544917e-07 2.15150736115888e-07
0 0.999999930968162 1 1 2.97003310834043e-10 0 0 0 6.87304952950996e-08 0 0 0 0 4.33897362484004e-12
0.000930904047926062 0.998181946605085 1 1 0.00256978001442376 0.0010971405033775 0.000877039338560648 0.000756153039248919 0.000764845778284617 0.000748900515206041 0.00449532123204111 0.00220169678615578 0.000761832894184966 0.000847006068127154
1.84353599053111e-09 1.99192129457515e-09 0.999999999992239 1 2.73068625711304e-07 2.90016231030421e-08 2.65466897353406e-08 1.74599390501129e-09 3.56550733382477e-09 2.0742619843972e-09 7.7178473611994e-09 1.77020886837909e-09 0.998736831056181 0.00126069592855949
1.93395188752277e-10 1 1 0.999999999999999 2.69100782768206e-08 1.07364006574073e-10 5.68766145292443e-11 3.35123578176777e-06 0.973231910802378 5.69873037647994e-11 5.54999240787168e-07 0.026764093610546 0.999999990759335 9.51548839722705e-11
1.072409996139e-06 1.93429988692984e-08 1 1 6.04603140885729e-07 1 0.999995808367082 4.18007729541259e-08 1 2.81691470149781e-09 1.23011645314364e-09 1 1.58825157670073e-06 7.45821338021813e-09
0.000177479973700323 0.146347106907129 0.999997656686263 1 8.0157574068318e-06 0.999999969691307 3.0523069831867e-05 1.43560954889432e-05 1.00314716460215e-05 1.18646009310552e-05 8.66096022733576e-06 7.86805149366465e-05 0.999999999825531 3.82501180034023e-05
3.19145154747957e-10 0.999993866350962 1 1 1 1.02269193114068e-09 5.51696577311134e-10 5.05113196491713e-07 1 3.23197801854747e-10 3.49667628185557e-10 9.29779919722762e-10 5.85187565071976e-10 4.90630036342754e-06
1 5.77945469260044e-11 0.999999999638642 1 2.89990254032091e-13 2.70339306496226e-13 0.999999999999153 1 2.9876101592663e-13 2.71893618730701e-13 1 2.70228284193763e-13 8.12350187118227e-13 4.76951811378967e-13
0 0.999999999999599 1 1 0 1 1 0 3.63375995959814e-13 2.76445533131664e-14 0 0 2.77555756156289e-15 1
0.0553469950221441 0.0282589758190827 0.0199832221723836 0.999999993604646 0.0221074660941256 0.0198052654703124 0.0283780528140157 0.0203184539137415 0.0428736569527086 0.0198128248931327 0.0322480022512154 0.999999893326444 1 0.0239784742977969
1 4.09940227985572e-07 0.999999999996095 1.02937151025273e-08 1.214111977621e-08 1.34161901588215e-08 3.17058497234513e-08 1.96162250887255e-08 3.63949346215975e-08 1 0.999739620545064 1 9.74776592777005e-09 1.88603184181346e-08
0.000468301007424676 2.46341166023623e-05 0.999999999999978 1 1.64465683667459e-05 0.0862421948145634 0.0102554270062375 9.60634367552782e-06 9.92062077109779e-06 2.11780379870685e-05 7.85705844574824e-06 7.87715927724753e-05 1 0.913652381063442
0.999999909928071 0.0036089655112953 9.78364116265285e-05 1 0.000117107422939688 3.82415254118751e-05 5.69934130986161e-05 3.72824763597013e-05 0.999868017562999 0.000157350984042459 0.911173140313327 0.000167098087981543 0.00026316359469114 0.0235358099509002
1.1652048370614e-07 6.5222394596276e-08 1.27866741639338e-08 1 1 0.996487283397067 0.999999960620628 0.000624831473439946 1.45915765026317e-08 0.00196006204607213 1.2593874165745e-07 1.76137681107136e-08 0.000681679709087168 0.000232933746895481
1.52882151382983e-11 0.9999999999575 0.99999995110065 1 2.98530700160171e-09 3.62587981861395e-08 3.71820352285113e-11 9.80082681678596e-12 1.00949248960092e-11 5.08748598804232e-12 4.71322980644118e-11 5.9473537206145e-11 1 1.12083675674057e-11
0.962666117189697 0.999999999997449 1 0.999999999999866 0.0179404082289989 0.0167399119573597 0.0196948301414391 0.0195272064701643 0.0260414167285281 1 0.0171619051327137 0.0165915367278736 0.0221519731376876 0.0169252238067674
1 7.72253510122889e-05 0.99999993386656 1 6.86136939225257e-05 1 7.70889513078687e-05 0.00393318020487121 0.000114749289967575 1 6.68198708405621e-05 0.999999999927525 0.944939428557073 0.000126327721731823
0.205896699867696 0.999999993057951 0.997971659987172 1 0.077973861673559 0.019168602589936 0.0172637334997622 0.0176972201257192 0.0233497334183635 0.04172665600322 0.0189996949315797 0.07112479956345 0.0238309957569331 0.0215322858160435
5.00584018681138e-11 0.99999999978961 0.999999999999996 8.41127735351499e-07 2.05946371067967e-13 1 1.11872254793255e-08 2.61424215608486e-12 2.86215495748365e-13 0.999998796750226 3.3414930555864e-07 1.63116462559287e-08 3.42041950318617e-11 4.57300863843102e-13
1 4.66716746894136e-06 6.90499398436906e-07 1 3.49492736939627e-06 0.997098524788659 2.48775547873059e-06 1 8.04305415602613e-07 0.00227034828349926 2.16912637285294e-06 7.05709519377429e-07 1.47834919940193e-05 1.14083016433675e-06
0 1 1 1 0 1 1 0 0 0 0 1 0 1
0.0323531270849738 0.0545930127166014 1 1 0.0171672212497073 0.0259603776497799 0.999999999952892 0.999999999914389 0.0131800204742135 0.998535952294014 0.0364007321967842 0.0259051312887409 0.143460662323399 0.0134657562019254
0 0 1 1 0 0 0 0 0 0 0 0 0 0
1.95777981049083e-07 1 0.99999999999998 0.999999995879374 4.60743356800464e-08 4.48227401861345e-08 6.07676845509886e-08 4.13388953068861e-08 4.32983203735304e-08 0.999958510441961 6.36372131657126e-08 5.12734706914486e-08 1.04546653334481e-07 5.28067118921172e-08
0.993761642483489 2.77943911163314e-05 1 1 0.00427309722410629 8.56181833097658e-07 0.00164059533778094 4.08111569982772e-07 0.99999999866459 3.05294101221598e-07 4.23294136520092e-07 3.15904428371816e-06 0.999999998913156 1
1.47111749138062e-06 0.999808798857002 1 0.999999998121389 1.86526759815564e-07 1 4.22728592186505e-06 1.70084562545192e-07 3.00653137608187e-07 1 2.07481284486555e-07 7.43116816415146e-07 2.51168884357611e-07 1.69462415433586e-07
0.015210146053011 0.0284380192073845 0.0075125830514795 1 0.00989416523671971 0.00625939029577349 0.0136199788134759 0.99999996929322 0.0107166136757868 1 0.0760807332196151 0.0502818573773528 0.00849414455711017 0.99999999979684
0.229258632219312 1 1 1 0.0393647649233804 0.104513008651918 0.900212235140824 0.0366265928024783 1 0.0105451337135153 1 0.00923794825590563 0.00916396013146659 0.0490008551532802
0.0222751620958759 1 0.999999999999934 0.999999999999988 0.016830159699905 0.0184350637029697 0.0126174850456245 1 0.0125468872124507 0.0123588071741061 0.0212541963483943 0.0397919945660243 0.0901206732765762 0.0238367453291247
0.000433020035885412 0.940325505040771 0.000701400170834976 1 1 0.00242160593950402 0.999999999999998 0.0489866537725185 0.000477473281274787 0.000464185616304347 0.000402180380110639 0.000469494030316153 1 0.999999999401603
0.000369708842218208 0.00776318329611025 0.000605331119730046 1 0.000315465654890379 1 0.00263317400889496 0.999999999876669 0.789942521184049 0.000185456142355767 0.000253017782502418 0.00536178217060723 1 0.00021148805933846
1.30191258584933e-06 0.999010083744236 0.998496861432841 1 1 1 8.57017237343438e-05 1.31405664272055e-06 3.12954872239146e-06 0.0015041139248948 2.0885209124355e-06 1 9.61248905794188e-05 8.60346969400183e-06
4.81959549714084e-07 0.999988338630644 1 1 6.1170081222528e-09 2.69304908373513e-08 7.62837593093479e-09 1.1665731269872e-08 1 1.58859263521549e-08 6.42110964399478e-09 1.00902406430237e-08 3.0660808246763e-06 3.01892068343967e-07
6.71061560542086e-07 0.999892577553628 1 1 1 4.88107436580343e-07 4.82507455434877e-07 9.83946761845544e-08 1.06753141770888e-07 5.18410584537943e-06 2.556128040343e-07 1 5.44039865046919e-07 4.88149130561943e-07
0 1 0 1 0 0 0 1 0 0 0 0 0 0
0.0137593161779027 0.999999999986386 0.0101647298288564 0.0105013694335307 0.140708891455079 0.043583434656122 0.999999801189445 0.087029677107588 0.0120725817503243 0.0167949769328282 0.999991791897024 0.268613152763373 0.0136398304581636 0.0716240310943105
1.26509469566827e-10 1.03340780377437e-10 0.999999819434411 1 1 7.67830243830758e-13 1.00208730202667e-12 1.63736801894743e-11 3.79163367369983e-12 1 7.06878999778837e-13 4.37494485083789e-12 2.18536300167216e-12 1.02862163231521e-12
0.00878032658480143 0.00044773306501944 1 1 0.000226853767415713 0.0451931638038271 0.992973197883181 0.000418835770269577 0.0240566261883151 0.000279870893838741 0.00502276653388034 0.000587474194648219 0.00037304326457277 0.00289117341860368
2.48721920836914e-09 1.54556959564012e-07 1 1 6.83968670589508e-09 4.07560334370061e-08 5.53623036303463e-10 1 0.999999840962872 0.999999203943372 1.18398075787951e-08 1.00461494678683e-09 1 4.78236783507668e-10
0.0129643289740445 0.108689100189063 1 1 0.0137485634073318 0.0207075835833669 0.81292855197671 0.0557270236403878 0.0306001076314572 1 0.136326186797606 0.0155337265518616 1 0.0166125380971011
1 1.04446936655123e-08 1 1 3.39724193221258e-09 3.48822091211787e-08 8.08016900899489e-06 1 3.40156069977837e-09 4.20248791321853e-09 0.999985166273164 4.49937564983571e-09 1.2374766433787e-08 9.89270907414408e-07
0 0 1 1 0 0 0 0 0 0 1 0 0 0
0 1 1 0.999999999999766 2.33590924381133e-13 0 0 0 0 1 0 0 1 0
0.999999999724751 0.0246599479246173 0.685402430173734 1 0.000434732288272621 0.000290706784137895 0.999982819148637 0.000465164413739783 0.000775796510581683 0.0013439021043683 0.0302214511740929 0.000536558374106821 0.000282238745087815 0.999999999781135
1 1 1 1 1 0.999999963852298 1.38982048092373e-10 5.77649039712469e-12 8.6852747216426e-12 2.6523228058295e-12 3.03623792774488e-12 1 1.58003943262486e-10 9.95023297090114e-09
2.59467755270304e-06 1.20964822780678e-06 0.999999999995495 0.99999999999999 3.47708286896342e-05 0.9984415724876 1.1092559999426e-06 2.39541709712299e-06 6.6036680135273e-06 2.73975521238867e-05 1 4.72548650776172e-06 1.0683096320907e-06 1.72888660676662e-06
2.4205280002576e-09 0.999999999996614 0.999999999999757 1 2.92454263584041e-07 2.80268919183868e-10 1.03880570812009e-10 1 1.16253562332247e-10 0.99999978113869 0.999999696470475 1.27259924820322e-09 1 3.03963632042326e-10
0.732837790169395 0.311007176413111 1 1 0.0251873998837243 0.0210212503726618 0.020069800176471 0.0273613581732387 0.0203092547004138 0.0452985599120573 0.0223952570508223 0.0797249682614229 0.0206618529604459 0.0234313478942099
0 1 1 0.999999999720075 0 1 0 0 0 2.79925305157747e-10 0 0 0 0
0.0234515425861381 0.0344309435604788 0.99630580092245 1 0.0213100749864152 0.0313192640327608 0.0218512799599705 0.0200503282292959 0.0183987919863534 0.0329606241587029 0.0457443229416021 0.0503646053234688 0.286771796019806 0.089715404199279
1 0 1 1 1 0 0 1 0 0 0 1 1 0
1 1 0.00635029839794243 1 1 0.00263250215552635 0.00258313201575233 0.0240500625345342 0.999999999995303 0.00166955266575364 0.00714124644539971 0.00479748970505001 0.999999999999608 0.999999999999989
0 0 1 1 0 0 0 1 0 0 0 0 0 0
0 1 0.999999911067866 1 0 0 0 1 8.89296043471433e-08 0 2.52842191628133e-12 0 1 0
0.0293105454758279 0.0862530030696216 0.999986697637699 0.999999940731361 0.0237064659810386 0.0447846369021444 0.0321746008518803 0.0353080429190031 0.0330739236659316 0.0239959863261285 0.0273858988743882 0.0250642298983572 0.024704146397217 0.0237153161572894
1.56439271042919e-05 0.991884163938835 0.996559547030594 1 1.25111851588811e-05 1 1.94547673398882e-05 1.40823927394784e-05 1.31719845364309e-05 1.42939997925806e-05 0.000177574506203593 1.15139922532981e-05 1 1
2.02508811522062e-05 0.998208279378509 1 1 2.40872052381658e-06 5.66422846914882e-06 3.8678785790891e-06 2.43205069683228e-06 2.2865269229122e-06 2.36117446972273e-06 5.37231389142745e-05 0.00025266916754596 0.575095901672971 0.422592679720759
0.0189741487248796 0.0259334735013114 0.0501771130748696 1 0.0292464339204395 0.999995181853426 0.0233501496619407 0.999971300543922 0.0160487598359842 0.058423325863495 0.0177557456891425 0.0184099774817584 0.0156172912968224 0.0282701014439265
0 1 1 1 0 0 0 0 0 1 0 0 1 0
0.0122535769793453 0.99999999180002 1 1 0.338290149320143 1 0.00984455315006394 1 0.0246013342648025 0.0134975923545607 0.0739948559237623 0.0110197608879498 0.0125461012584636 0.979151959027894
1 0.0148456806184417 0.313299049910857 1 0.00968309913792642 0.0382944833111762 0.0767261828984706 1 0.0184366536251797 0.0146314432458978 0.109192118285244 0.162337448244988 0.0297919787553076 0.0109823126887529
0.0376908654781851 0.99988881783412 0.0267185002102387 1 0.0152868341843365 0.0233497394137999 0.0387997997206309 0.188636459218923 0.965421882751504 0.0208520863232804 0.0839292857775592 0.146984981556973 1 0.172010034470028
3.83915121915379e-13 7.40518757424979e-14 3.33066907387547e-16 1.11022302462516e-16 1.11022302462516e-16 1.11022302462516e-16 1.11022302462516e-16 3.11972669919669e-14 1.38444811170757e-13 0.999999999996265 1 1.34336985979644e-14 2.88657986402541e-15 2.70461431028934e-12
0.0218205069429696 1 1 0.0226096104542021 0.0233633803880944 0.0227783658039855 0.0223053819490653 0.0218151453564589 0.0218401705439281 0.0218310735618406 0.0219150845913669 0.0218139323391688 0.0218170378703285 0.0223404987731878
7.40729436543575e-06 0.864806769962383 1 1 7.28544637840223e-07 1 6.97903494217833e-07 6.9245421330244e-07 3.65963356729893e-07 1 0.134586522645607 4.42532715583255e-07 1.51058480579724e-06 2.11154749940601e-06
0.0704049270388286 0.0307162830216852 0.999957543462698 1 0.0172379364178871 0.999493723256605 0.0251522300454002 0.0161374329613472 0.018336740528612 0.223505294071108 0.200565916440856 0.158404747107599 0.0158778998927182 0.10887594665015
