[1] "Average Estimates for Betas: "
 [1]  0.0306313683  0.0958165439  0.2253859559  0.3080021340  0.0205428896
 [6]  0.0009023729  0.0146974287  0.0189765158 -0.0330467755  0.0434070791
[11]  0.0143898111  0.0298700139  0.0046337738  0.0424259218
[1] "Standard Deviations of Betas: "
 [1] 0.3439955 0.2880940 0.3867289 0.2206444 0.2630352 0.2704071 0.2726065
 [8] 0.2690743 0.2683089 0.2621330 0.2420183 0.2656394 0.3575347 0.4154745
[1] "Average StdErrors for Betas: "
 [1] 0.05403721 0.05348513 0.05421804 0.05513352 0.05205014 0.04649761
 [7] 0.05670709 0.05230586 0.05092342 0.05536361 0.04770880 0.04961584
[13] 0.05146950 0.05606786
[1] "Positive rate for exposures: "
 [1] 0.60 0.77 0.90 0.94 0.39 0.47 0.40 0.42 0.32 0.34 0.39 0.41 0.54 0.39
[1] "Q-value positive rate for exposures: "
 [1] 0.55 0.74 0.83 0.94 0.37 0.43 0.35 0.38 0.29 0.31 0.33 0.32 0.48 0.35
