[1] "Average Estimates for Betas: "
 [1]  0.0276192864  0.0973846995  0.2284729310  0.3054504929  0.0221147924
 [6]  0.0004253976  0.0192052106  0.0223177305 -0.0298168993  0.0497038675
[11]  0.0151021261  0.0249825346  0.0050519856  0.0405722453
[1] "Standard Deviations of Betas: "
 [1] 0.3627063 0.2964882 0.3976440 0.2310927 0.2754208 0.2643271 0.2722303
 [8] 0.2809703 0.2529050 0.2764779 0.2405297 0.2924503 0.3429717 0.4125016
[1] "Average StdErrors for Betas: "
 [1] 0.05674469 0.05638037 0.05642755 0.05735789 0.05411561 0.04772462
 [7] 0.05966032 0.05483759 0.05389257 0.05753905 0.04944724 0.05132746
[13] 0.05496907 0.05800232
[1] "Positive rate for exposures: "
 [1] 0.64 0.72 0.88 0.94 0.42 0.49 0.40 0.43 0.31 0.36 0.36 0.40 0.53 0.40
[1] "Q-value positive rate for exposures: "
 [1] 0.58 0.69 0.85 0.92 0.40 0.45 0.36 0.40 0.30 0.33 0.35 0.37 0.49 0.35
