[1] "Average Estimates for Betas: "
 [1]  0.029259281  0.108634582  0.218073952  0.307854602  0.041419150
 [6] -0.002115279  0.033275261  0.020687611 -0.027523304  0.046975522
[11] -0.003272455  0.030230907  0.007070468  0.045544084
[1] "Standard Deviations of Betas: "
 [1] 0.3640155 0.2976077 0.3972964 0.2385111 0.2936247 0.2588685 0.2917057
 [8] 0.2681019 0.2741034 0.3025389 0.2474852 0.2903860 0.3418591 0.4209568
[1] "Average StdErrors for Betas: "
 [1] 0.09383765 0.07906661 0.09055886 0.09082389 0.09878413 0.08200423
 [7] 0.09369501 0.08757080 0.08719194 0.08887716 0.08193663 0.09354606
[13] 0.09799630 0.09731007
[1] "Positive rate for exposures: "
 [1] 0.3877551 0.5714286 0.7346939 0.8571429 0.3265306 0.3979592 0.2448980
 [8] 0.3367347 0.2244898 0.2551020 0.2755102 0.3061224 0.3265306 0.2346939
[1] "Q-value positive rate for exposures: "
 [1] 0.3571429 0.4795918 0.6428571 0.7959184 0.2244898 0.3265306 0.1734694
 [8] 0.2959184 0.1938776 0.2244898 0.1938776 0.2448980 0.2755102 0.1938776
