[1] "Average Estimates for Betas: "
 [1]  0.0489301640  0.1013084045  0.1999158345  0.3006718881 -0.0017131833
 [6]  0.0004531092  0.0013629199  0.0012792093 -0.0001451624 -0.0001238287
[11] -0.0000435634  0.0011230303 -0.0016486659 -0.0024106432 -0.0003204458
[16]  0.0007002135 -0.0005484540 -0.0023105351  0.0008247766  0.0019812728
[21] -0.0007059909  0.0001874834 -0.0003382194 -0.0005823703 -0.0011870193
[26]  0.0006126371  0.0015428194  0.0006154451 -0.0015164316  0.0004394291
[1] "Standard Deviations of Betas: "
 [1] 0.01556942 0.01919819 0.01779765 0.01961017 0.01854159 0.01931305
 [7] 0.01634339 0.01936306 0.01885468 0.01790576 0.01926237 0.01885493
[13] 0.02081718 0.01917259 0.01696464 0.02057986 0.01962277 0.01746197
[19] 0.02019444 0.01788213 0.01701851 0.01892694 0.01755036 0.01915552
[25] 0.01779591 0.01795841 0.01699334 0.01699328 0.01644956 0.01802309
[1] "Average StdErrors for Betas: "
 [1] 0.02458660 0.02605132 0.02565791 0.02527651 0.02487086 0.02639925
 [7] 0.02474517 0.02553285 0.02623927 0.02486086 0.02470687 0.02629870
[13] 0.02639960 0.02465902 0.02496535 0.02535911 0.02524476 0.02503412
[19] 0.02649271 0.02553366 0.02502895 0.02550344 0.02532586 0.02609226
[25] 0.02475794 0.02597205 0.02582546 0.02609979 0.02460731 0.02624081
[1] "Positive rate for exposures: "
 [1] 0.561224490 0.948979592 1.000000000 1.000000000 0.040816327 0.020408163
 [7] 0.005102041 0.025510204 0.025510204 0.010204082 0.030612245 0.025510204
[13] 0.035714286 0.035714286 0.010204082 0.035714286 0.025510204 0.020408163
[19] 0.015306122 0.015306122 0.015306122 0.035714286 0.010204082 0.015306122
[25] 0.010204082 0.030612245 0.000000000 0.015306122 0.020408163 0.025510204
[1] "Bonferroni-corrected positive rate for exposures: "
 [1] 0.158163265 0.750000000 1.000000000 1.000000000 0.005102041 0.005102041
 [7] 0.000000000 0.000000000 0.000000000 0.000000000 0.000000000 0.000000000
[13] 0.000000000 0.000000000 0.000000000 0.000000000 0.000000000 0.000000000
[19] 0.005102041 0.000000000 0.000000000 0.000000000 0.000000000 0.000000000
[25] 0.000000000 0.000000000 0.000000000 0.000000000 0.000000000 0.000000000
