[1] "Average PIPs: "
 [1] 9.890101e-03 6.309187e-01 9.999014e-01 1.000000e+00 2.474167e-05
 [6] 2.405513e-05 2.191297e-05 2.675343e-05 2.546410e-05 2.684109e-05
[11] 2.265577e-05 3.234746e-05 2.467719e-05 5.394013e-05 2.281376e-05
[16] 3.769670e-05 5.947904e-05 2.228911e-05 2.676745e-05 3.101773e-05
[21] 2.146040e-05 3.102901e-05 2.182810e-05 3.076914e-05 2.229472e-05
[26] 2.406320e-05 2.166483e-05 2.469152e-05 2.699216e-05 3.465143e-05
[1] "Percent of time PIP >= 0.1: "
 [1] 0.02 0.64 1.00 1.00 0.00 0.00 0.00 0.00 0.00 0.00 0.00 0.00 0.00 0.00 0.00
[16] 0.00 0.00 0.00 0.00 0.00 0.00 0.00 0.00 0.00 0.00 0.00 0.00 0.00 0.00 0.00
[1] "Percent of time PIP >= 0.5: "
 [1] 0.005 0.640 1.000 1.000 0.000 0.000 0.000 0.000 0.000 0.000 0.000 0.000
[13] 0.000 0.000 0.000 0.000 0.000 0.000 0.000 0.000 0.000 0.000 0.000 0.000
[25] 0.000 0.000 0.000 0.000 0.000 0.000
[1] "Percent of time PIP >= 0.9: "
 [1] 0.005 0.630 1.000 1.000 0.000 0.000 0.000 0.000 0.000 0.000 0.000 0.000
[13] 0.000 0.000 0.000 0.000 0.000 0.000 0.000 0.000 0.000 0.000 0.000 0.000
[25] 0.000 0.000 0.000 0.000 0.000 0.000
