[1] "Average Estimates for Betas: "
 [1]  4.953940e-02  1.002950e-01  2.000519e-01  3.003040e-01 -1.002876e-03
 [6] -6.665897e-04  1.346208e-03  1.255243e-03 -1.578342e-04 -8.028529e-06
[11]  3.567207e-04  9.254976e-05 -1.105441e-03 -1.454872e-03 -2.689877e-05
[16]  1.636987e-04 -2.804521e-04 -2.243084e-03  4.561293e-04  1.659485e-03
[21] -1.076728e-03  4.095426e-04 -1.066061e-03 -1.759633e-04 -3.477846e-04
[26]  4.294542e-04  1.814521e-03  7.493197e-04 -1.556615e-03  7.999561e-04
[1] "Standard Deviations of Betas: "
 [1] 0.01485161 0.01671027 0.01668045 0.01776270 0.01771969 0.01815480
 [7] 0.01518666 0.01782583 0.01735981 0.01637630 0.01691761 0.01763087
[13] 0.01921667 0.01702880 0.01586131 0.01761636 0.01857982 0.01665230
[19] 0.01797345 0.01619178 0.01612835 0.01663557 0.01594040 0.01728022
[25] 0.01576921 0.01702549 0.01563264 0.01649595 0.01493771 0.01591182
[1] "Average StdErrors for Betas: "
 [1] 0.02110927 0.02155968 0.02151343 0.02132466 0.02123133 0.02195854
 [7] 0.02118227 0.02160192 0.02145291 0.02101732 0.02138620 0.02136057
[13] 0.02121739 0.02114647 0.02095938 0.02134574 0.02138745 0.02142681
[19] 0.02169534 0.02136764 0.02110582 0.02115399 0.02138284 0.02141214
[25] 0.02129510 0.02162940 0.02134355 0.02186944 0.02106095 0.02138104
[1] "Positive rate for exposures: "
 [1] 0.720 0.995 1.000 1.000 0.020 0.030 0.010 0.015 0.025 0.015 0.015 0.010
[13] 0.015 0.025 0.015 0.020 0.040 0.030 0.030 0.015 0.025 0.010 0.000 0.020
[25] 0.010 0.010 0.015 0.005 0.015 0.025
[1] "Bonferroni-corrected positive rate for exposures: "
 [1] 0.210 0.900 1.000 1.000 0.000 0.000 0.000 0.000 0.000 0.005 0.000 0.000
[13] 0.000 0.000 0.000 0.000 0.000 0.000 0.000 0.000 0.000 0.000 0.000 0.000
[25] 0.000 0.000 0.000 0.000 0.000 0.000
