[1] "Average Estimates for Betas: "
 [1]  4.952818e-02  1.003074e-01  2.001034e-01  3.003217e-01 -1.020587e-03
 [6] -4.558672e-04  1.351137e-03  1.270416e-03 -1.622113e-04 -1.845819e-04
[11]  3.635942e-04  4.374554e-05 -1.541715e-03 -1.477908e-03 -2.010470e-05
[16]  1.452310e-04 -3.666841e-04 -2.242763e-03  4.791643e-04  1.913079e-03
[21] -1.072800e-03  2.532501e-04 -1.059443e-03 -1.178352e-04 -1.463473e-04
[26]  4.326288e-04  1.812870e-03  7.348085e-04 -1.569373e-03  8.087732e-04
[1] "Standard Deviations of Betas: "
 [1] 0.01488056 0.01670323 0.01705514 0.01775345 0.01776031 0.01836221
 [7] 0.01517273 0.01784435 0.01736225 0.01652212 0.01693638 0.01765258
[13] 0.02107955 0.01703959 0.01584766 0.01762215 0.01916898 0.01665850
[19] 0.01793245 0.01726013 0.01613992 0.01653026 0.01594468 0.01732615
[25] 0.01618730 0.01702216 0.01564613 0.01649061 0.01493297 0.01590046
[1] "Average StdErrors for Betas: "
 [1] 0.02272356 0.02337003 0.02374359 0.02292510 0.02287689 0.02406196
 [7] 0.02281996 0.02325341 0.02310359 0.02290924 0.02302033 0.02305759
[13] 0.02306990 0.02276765 0.02260278 0.02303304 0.02340889 0.02306750
[19] 0.02336872 0.02326957 0.02273662 0.02298461 0.02301453 0.02332110
[25] 0.02320792 0.02328592 0.02300573 0.02355620 0.02271219 0.02324882
[1] "Positive rate for exposures: "
 [1] 0.650 0.990 1.000 1.000 0.020 0.025 0.005 0.000 0.015 0.010 0.005 0.005
[13] 0.015 0.010 0.000 0.010 0.025 0.015 0.025 0.010 0.015 0.005 0.000 0.010
[25] 0.010 0.005 0.010 0.000 0.015 0.020
[1] "Bonferroni-corrected positive rate for exposures: "
 [1] 0.135 0.880 0.990 1.000 0.000 0.000 0.000 0.000 0.000 0.000 0.000 0.000
[13] 0.000 0.000 0.000 0.000 0.000 0.000 0.000 0.000 0.000 0.000 0.000 0.000
[25] 0.000 0.000 0.000 0.000 0.000 0.000
