[1] "Average PIPs: "
 [1] 9.890096e-03 6.309179e-01 9.992982e-01 1.000000e+00 2.474061e-05
 [6] 2.405412e-05 2.191216e-05 2.675261e-05 2.546282e-05 2.683781e-05
[11] 2.265475e-05 3.234665e-05 2.467639e-05 5.393867e-05 2.281293e-05
[16] 3.769585e-05 5.947819e-05 2.228774e-05 2.676643e-05 3.101666e-05
[21] 2.145943e-05 3.102719e-05 2.182715e-05 3.076820e-05 2.229387e-05
[26] 2.406240e-05 2.166403e-05 2.469053e-05 2.699110e-05 3.465059e-05
[1] "Percent of time PIP >= 0.1: "
 [1] 0.02 0.64 1.00 1.00 0.00 0.00 0.00 0.00 0.00 0.00 0.00 0.00 0.00 0.00 0.00
[16] 0.00 0.00 0.00 0.00 0.00 0.00 0.00 0.00 0.00 0.00 0.00 0.00 0.00 0.00 0.00
[1] "Percent of time PIP >= 0.5: "
 [1] 0.005 0.640 1.000 1.000 0.000 0.000 0.000 0.000 0.000 0.000 0.000 0.000
[13] 0.000 0.000 0.000 0.000 0.000 0.000 0.000 0.000 0.000 0.000 0.000 0.000
[25] 0.000 0.000 0.000 0.000 0.000 0.000
[1] "Percent of time PIP >= 0.9: "
 [1] 0.005 0.630 0.995 1.000 0.000 0.000 0.000 0.000 0.000 0.000 0.000 0.000
[13] 0.000 0.000 0.000 0.000 0.000 0.000 0.000 0.000 0.000 0.000 0.000 0.000
[25] 0.000 0.000 0.000 0.000 0.000 0.000
