[1] "Average Estimates for Betas: "
 [1]  5.050476e-02  1.023976e-01  2.005178e-01  3.022143e-01 -2.967359e-04
 [6] -7.956217e-04 -3.278610e-04  1.029411e-03 -6.024174e-04 -1.370815e-03
[11]  2.009927e-03  5.618031e-04 -1.890130e-03 -4.261895e-04  4.442131e-04
[16] -6.666336e-04  7.265792e-05 -1.278755e-03  1.649043e-04  2.047414e-03
[21]  7.735237e-05 -2.915081e-04  5.602303e-04 -2.839356e-04 -1.335580e-03
[26]  1.165195e-03  1.373711e-03  1.598185e-04 -1.122743e-03  1.022014e-03
[1] "Standard Deviations of Betas: "
 [1] 0.01869847 0.01970078 0.01972721 0.02085974 0.02172228 0.02047500
 [7] 0.01748358 0.02127529 0.02227941 0.02258946 0.02033046 0.02168501
[13] 0.02247863 0.01819829 0.01854693 0.02152254 0.02184310 0.02082919
[19] 0.02061588 0.02020423 0.01867307 0.02072785 0.02058576 0.02170108
[25] 0.01963931 0.02182880 0.01932714 0.01975013 0.02031219 0.01998797
[1] "Average StdErrors for Betas: "
 [1] 0.03039969 0.03236001 0.03146800 0.03122819 0.03021073 0.03231670
 [7] 0.03023064 0.03019163 0.03227645 0.03041889 0.03076664 0.03124433
[13] 0.03143355 0.02976183 0.03045426 0.03110005 0.03010526 0.03123609
[19] 0.03149285 0.03199151 0.03067133 0.03078353 0.03103149 0.03031214
[25] 0.02985085 0.03172925 0.03098254 0.03154324 0.02944029 0.03206180
[1] "Positive rate for exposures: "
 [1] 0.403314917 0.883977901 1.000000000 1.000000000 0.016574586 0.022099448
 [7] 0.011049724 0.011049724 0.016574586 0.016574586 0.005524862 0.016574586
[13] 0.011049724 0.011049724 0.005524862 0.022099448 0.005524862 0.011049724
[19] 0.011049724 0.005524862 0.005524862 0.022099448 0.005524862 0.027624309
[25] 0.005524862 0.016574586 0.000000000 0.016574586 0.005524862 0.011049724
[1] "Bonferroni-corrected positive rate for exposures: "
 [1] 0.099447514 0.574585635 0.977900552 1.000000000 0.000000000 0.011049724
 [7] 0.000000000 0.000000000 0.000000000 0.000000000 0.000000000 0.000000000
[13] 0.000000000 0.000000000 0.000000000 0.000000000 0.000000000 0.000000000
[19] 0.000000000 0.000000000 0.000000000 0.000000000 0.000000000 0.005524862
[25] 0.000000000 0.000000000 0.000000000 0.000000000 0.000000000 0.000000000
