[1] "Average Estimates for Betas: "
 [1]  4.918584e-02  1.004072e-01  2.005692e-01  3.004901e-01 -2.287400e-03
 [6] -2.557508e-04  1.564690e-03  9.186493e-04 -3.234344e-04 -6.737861e-04
[11]  3.897060e-04 -3.428127e-05 -1.410705e-03 -1.786805e-03 -1.254986e-04
[16]  4.079930e-04 -6.188381e-04 -3.237948e-03  6.144188e-04  1.230021e-03
[21] -5.612550e-04  4.413413e-04 -5.372012e-04 -2.305777e-04 -4.076186e-04
[26]  3.214727e-04  1.567958e-03  1.108741e-03 -9.791133e-04  9.150794e-04
[1] "Standard Deviations of Betas: "
 [1] 0.01552389 0.01824810 0.01761188 0.01849275 0.01809650 0.01878968
 [7] 0.01587388 0.01828514 0.01864657 0.01691144 0.01784712 0.01872558
[13] 0.01978713 0.01860581 0.01616779 0.01958585 0.01840128 0.01705253
[19] 0.02040521 0.01712828 0.01667981 0.01775773 0.01705551 0.01749939
[25] 0.01704272 0.01742579 0.01620212 0.01665214 0.01569649 0.01678207
[1] "Average StdErrors for Betas: "
 [1] 0.02350959 0.02433299 0.02399183 0.02399279 0.02373139 0.02459008
 [7] 0.02383260 0.02425336 0.02402366 0.02351940 0.02405875 0.02419454
[13] 0.02424749 0.02384849 0.02356663 0.02410388 0.02405123 0.02401901
[19] 0.02487037 0.02383865 0.02395165 0.02375645 0.02442922 0.02419054
[25] 0.02398525 0.02461539 0.02402073 0.02458762 0.02363905 0.02400894
[1] "Positive rate for exposures: "
 [1] 0.590 0.980 1.000 1.000 0.015 0.015 0.000 0.010 0.015 0.010 0.005 0.005
[13] 0.015 0.000 0.000 0.015 0.010 0.010 0.035 0.025 0.010 0.005 0.000 0.010
[25] 0.005 0.000 0.005 0.005 0.010 0.005
[1] "Bonferroni-corrected positive rate for exposures: "
 [1] 0.14 0.86 1.00 1.00 0.00 0.00 0.00 0.00 0.00 0.00 0.00 0.00 0.00 0.00 0.00
[16] 0.00 0.00 0.00 0.00 0.00 0.00 0.00 0.00 0.00 0.00 0.00 0.00 0.00 0.00 0.00
