[1] "Average Estimates for Betas: "
 [1]  4.970981e-02  1.006398e-01  1.996274e-01  3.008160e-01 -9.642620e-04
 [6]  6.440881e-05  1.221155e-03  1.548642e-03  2.435969e-04  4.613153e-04
[11]  1.604413e-04  6.771385e-04 -1.171851e-03 -1.899545e-03 -1.937340e-04
[16]  6.545979e-04 -6.358460e-04 -1.502653e-03  9.706138e-04  2.298758e-03
[21] -1.468499e-03  1.511633e-04 -1.062747e-03 -3.136497e-04 -8.538678e-04
[26]  4.439633e-04  1.740027e-03  1.254300e-04 -2.008454e-03  4.424379e-04
[1] "Standard Deviations of Betas: "
 [1] 0.01522581 0.01735586 0.01666910 0.01898754 0.01788845 0.01839759
 [7] 0.01561010 0.01869144 0.01791996 0.01723989 0.01832701 0.01802188
[13] 0.02028915 0.01752072 0.01591117 0.01888568 0.01948932 0.01769061
[19] 0.01908719 0.01688905 0.01626744 0.01779506 0.01674052 0.01858787
[25] 0.01648877 0.01767183 0.01627920 0.01641969 0.01524278 0.01704703
[1] "Average StdErrors for Betas: "
 [1] 0.02337713 0.02473294 0.02465426 0.02398886 0.02354013 0.02505819
 [7] 0.02311605 0.02427175 0.02480757 0.02374179 0.02361587 0.02423874
[13] 0.02448777 0.02335501 0.02376206 0.02421603 0.02406397 0.02408744
[19] 0.02464345 0.02437696 0.02344071 0.02412072 0.02369972 0.02401647
[25] 0.02331722 0.02435454 0.02465934 0.02460072 0.02344123 0.02505675
[1] "Positive rate for exposures: "
 [1] 0.617346939 0.964285714 1.000000000 1.000000000 0.035714286 0.025510204
 [7] 0.010204082 0.020408163 0.025510204 0.015306122 0.030612245 0.015306122
[13] 0.030612245 0.020408163 0.005102041 0.020408163 0.025510204 0.025510204
[19] 0.010204082 0.015306122 0.015306122 0.015306122 0.010204082 0.030612245
[25] 0.005102041 0.030612245 0.005102041 0.025510204 0.010204082 0.020408163
[1] "Bonferroni-corrected positive rate for exposures: "
 [1] 0.178571429 0.806122449 1.000000000 1.000000000 0.010204082 0.000000000
 [7] 0.000000000 0.000000000 0.000000000 0.000000000 0.000000000 0.000000000
[13] 0.000000000 0.000000000 0.000000000 0.000000000 0.000000000 0.000000000
[19] 0.000000000 0.000000000 0.000000000 0.000000000 0.000000000 0.000000000
[25] 0.000000000 0.005102041 0.000000000 0.000000000 0.000000000 0.000000000
