[1] "Average Estimates for Betas: "
 [1]  4.999646e-02  1.011129e-01  2.009956e-01  3.005811e-01 -1.216470e-03
 [6] -6.284179e-04  4.450040e-04  1.279357e-03  3.287942e-04 -5.935473e-04
[11]  1.530906e-03  7.566247e-05 -8.720500e-04 -1.008817e-03  1.067330e-04
[16] -2.111134e-04 -5.510353e-04 -2.374578e-03 -5.128961e-04  1.549062e-03
[21] -3.879474e-04  5.740437e-04 -5.138615e-05 -2.076054e-05 -1.711855e-03
[26]  1.184321e-03  1.999099e-03  1.033437e-03 -4.127498e-04  1.129439e-03
[1] "Standard Deviations of Betas: "
 [1] 0.01704390 0.01983454 0.01898103 0.01953044 0.02026481 0.01983211
 [7] 0.01703164 0.02013383 0.02064147 0.01992129 0.01871416 0.01963028
[13] 0.02083993 0.01859754 0.01814498 0.02087036 0.02050448 0.02002080
[19] 0.01959214 0.01788027 0.01814524 0.01907624 0.01875497 0.02077261
[25] 0.01840605 0.02036156 0.01763656 0.01846986 0.01850670 0.01804945
[1] "Average StdErrors for Betas: "
 [1] 0.02619818 0.02676047 0.02670777 0.02639700 0.02635668 0.02725755
 [7] 0.02627276 0.02685598 0.02671900 0.02607739 0.02654086 0.02654899
[13] 0.02633015 0.02616860 0.02602250 0.02654550 0.02648687 0.02652056
[19] 0.02696976 0.02650646 0.02616111 0.02617812 0.02656400 0.02656503
[25] 0.02649307 0.02690851 0.02649837 0.02712955 0.02611130 0.02648999
[1] "Positive rate for exposures: "
 [1] 0.500 0.970 1.000 1.000 0.005 0.010 0.005 0.015 0.020 0.015 0.005 0.010
[13] 0.010 0.015 0.010 0.020 0.005 0.015 0.015 0.005 0.010 0.010 0.005 0.020
[25] 0.005 0.005 0.005 0.005 0.015 0.005
[1] "Bonferroni-corrected positive rate for exposures: "
 [1] 0.07 0.76 1.00 1.00 0.00 0.00 0.00 0.00 0.00 0.00 0.00 0.00 0.00 0.00 0.00
[16] 0.00 0.00 0.00 0.00 0.00 0.00 0.00 0.00 0.00 0.00 0.00 0.00 0.00 0.00 0.00
