[1] "Average Estimates for Betas: "
 [1]  0.024640610  0.072098774  0.147324850  0.242753233 -0.013572317
 [6] -0.012958226 -0.022306440 -0.005779441 -0.003601933 -0.006575751
[11] -0.019173682 -0.011554080 -0.006426188 -0.028697362 -0.018412970
[16] -0.008490861 -0.021990971 -0.020401808 -0.012660087 -0.011393189
[21] -0.013505844 -0.016279426 -0.026959798 -0.028834900 -0.016372216
[26] -0.002951519 -0.008501196 -0.029540577 -0.020374889 -0.017645830
[1] "Standard Deviations of Betas: "
 [1] 0.1170951 0.1237757 0.1277625 0.1423762 0.1177810 0.1235810 0.1177989
 [8] 0.1233216 0.1152169 0.1381425 0.1206194 0.1168805 0.1294028 0.1228122
[15] 0.1226317 0.1359391 0.1306905 0.1228044 0.1292121 0.1244445 0.1216708
[22] 0.1227563 0.1303932 0.1269749 0.1247016 0.1241137 0.1187162 0.1296747
[29] 0.1194143 0.1229618
[1] "Average StdErrors for Betas: "
 [1] 0.01825285 0.01808414 0.01798006 0.01825684 0.01812551 0.01825854
 [7] 0.01817750 0.01816993 0.01826102 0.01806617 0.01791362 0.01806984
[13] 0.01818062 0.01800412 0.01798171 0.01836069 0.01798443 0.01805965
[19] 0.01812518 0.01816774 0.01776576 0.01824232 0.01802747 0.01802075
[25] 0.01821732 0.01793311 0.01792772 0.01813435 0.01811330 0.01808215
[1] "Positive rate for exposures: "
 [1] 0.745 0.815 0.900 0.960 0.750 0.790 0.725 0.810 0.745 0.800 0.765 0.780
[13] 0.815 0.785 0.810 0.825 0.760 0.785 0.815 0.745 0.775 0.760 0.770 0.775
[25] 0.770 0.790 0.780 0.790 0.765 0.825
[1] "Bonferroni-corrected positive rate for exposures: "
 [1] 0.615 0.695 0.820 0.925 0.625 0.640 0.600 0.655 0.615 0.715 0.650 0.640
[13] 0.695 0.655 0.655 0.715 0.635 0.645 0.660 0.630 0.665 0.650 0.695 0.665
[25] 0.645 0.680 0.660 0.640 0.645 0.650
