[1] "Average Estimates for Betas: "
 [1] 0.064043075 0.129820798 0.214264913 0.330881484 0.038441348 0.035290728
 [7] 0.031547232 0.034282713 0.038821070 0.044721232 0.028606145 0.031224542
[13] 0.033599899 0.019567749 0.034349011 0.039686206 0.016848741 0.026753518
[19] 0.029975485 0.035095955 0.022332769 0.032657223 0.026111768 0.020444827
[25] 0.035145869 0.043566329 0.036549975 0.003611238 0.025987216 0.024508796
[1] "Standard Deviations of Betas: "
 [1] 0.1526801 0.1398708 0.1493678 0.1639949 0.1489873 0.1673302 0.1483131
 [8] 0.1498581 0.1308640 0.1586482 0.1594500 0.1397130 0.1441467 0.1445008
[15] 0.1444968 0.1713154 0.1527540 0.1409611 0.1683510 0.1531837 0.1384014
[22] 0.1615240 0.1560042 0.1568140 0.1480298 0.1644098 0.1482489 0.1545977
[29] 0.1670763 0.1542046
[1] "Average StdErrors for Betas: "
 [1] 0.10321417 0.10139592 0.09983089 0.10188082 0.10200839 0.10147447
 [7] 0.10142244 0.10237589 0.10226695 0.10177063 0.09976039 0.10138718
[13] 0.10170695 0.10134696 0.10129641 0.10223303 0.10043831 0.10182506
[19] 0.10161853 0.10255235 0.09970379 0.10105838 0.10097151 0.10125335
[25] 0.10192848 0.10044827 0.10014913 0.10149284 0.10109214 0.10171211
[1] "Positive rate for exposures: "
 [1] 0.220 0.330 0.575 0.775 0.160 0.225 0.190 0.205 0.125 0.225 0.195 0.165
[13] 0.190 0.160 0.170 0.255 0.185 0.150 0.215 0.210 0.155 0.225 0.185 0.190
[25] 0.195 0.255 0.185 0.190 0.235 0.200
[1] "Bonferroni-corrected positive rate for exposures: "
 [1] 0.050 0.070 0.255 0.500 0.020 0.050 0.040 0.025 0.015 0.025 0.035 0.020
[13] 0.020 0.010 0.035 0.075 0.035 0.025 0.055 0.040 0.030 0.040 0.035 0.040
[25] 0.015 0.050 0.025 0.035 0.060 0.035
