[1] "Average Estimates for Betas: "
 [1]  5.169952e-02  1.062023e-01  1.951536e-01  3.004138e-01 -3.056209e-03
 [6] -2.908803e-03 -2.206771e-04 -4.435263e-03 -1.690672e-03  3.917978e-04
[11] -1.051825e-03  3.262366e-03  1.543090e-03  1.759745e-03 -2.812300e-03
[16] -1.350183e-03 -1.926985e-03  1.282043e-03  3.898342e-03 -3.989721e-03
[21]  5.444905e-03  8.622299e-03  1.471878e-04  1.624231e-03 -2.371566e-03
[26] -2.655509e-03 -4.088448e-03  2.815448e-03  3.390545e-03  5.182152e-05
[1] "Standard Deviations of Betas: "
 [1] 0.05434415 0.05368405 0.05952972 0.05379970 0.05346410 0.05389145
 [7] 0.05418603 0.05370387 0.05499223 0.05166470 0.05190306 0.05332150
[13] 0.05724439 0.05167595 0.05804132 0.05723654 0.05305033 0.05890911
[19] 0.04873737 0.05617057 0.05383787 0.05037375 0.05213501 0.06036104
[25] 0.05507829 0.05839958 0.05414842 0.05300833 0.05482043 0.05477713
[1] "Average StdErrors for Betas: "
 [1] 0.007497313 0.007497390 0.007460894 0.007511857 0.007492625 0.007462514
 [7] 0.007525633 0.007411017 0.007445521 0.007495092 0.007517875 0.007448226
[13] 0.007445839 0.007431455 0.007483921 0.007451918 0.007510640 0.007498420
[19] 0.007463866 0.007485078 0.007447595 0.007496897 0.007479772 0.007437740
[25] 0.007490868 0.007476137 0.007522929 0.007478709 0.007501056 0.007482366
[1] "Positive rate for exposures: "
 [1] 0.860 0.960 1.000 1.000 0.780 0.810 0.785 0.810 0.765 0.780 0.800 0.795
[13] 0.755 0.825 0.800 0.845 0.710 0.785 0.770 0.800 0.780 0.805 0.775 0.795
[25] 0.760 0.790 0.780 0.785 0.770 0.770
[1] "Bonferroni-corrected positive rate for exposures: "
 [1] 0.790 0.925 1.000 1.000 0.625 0.675 0.690 0.640 0.615 0.650 0.640 0.705
[13] 0.640 0.705 0.660 0.705 0.605 0.695 0.610 0.675 0.650 0.690 0.640 0.705
[25] 0.670 0.630 0.630 0.670 0.650 0.635
