[1] "Average Estimates for Betas: "
 [1]  5.111421e-02  1.005445e-01  1.997202e-01  3.001604e-01 -1.004809e-03
 [6] -3.618574e-04  5.028112e-04 -8.962898e-04 -1.088468e-03  6.071513e-04
[11] -1.065095e-03  1.486116e-03  2.024893e-04  4.520877e-04 -8.284196e-04
[16] -2.228376e-04 -3.003529e-04  1.147046e-03 -1.017125e-04 -4.676638e-04
[21]  1.442245e-03  1.175485e-03  6.394524e-04  6.631130e-04 -5.390623e-04
[26] -9.475948e-04 -4.263674e-04  1.410657e-03 -1.136864e-04  8.321929e-05
[1] "Standard Deviations of Betas: "
 [1] 0.009653723 0.010579345 0.010432747 0.010247357 0.009786188 0.010294105
 [7] 0.009830907 0.009921185 0.010740358 0.010178602 0.010011628 0.011770112
[13] 0.010590886 0.011015415 0.010185218 0.010330902 0.009448455 0.010607379
[19] 0.009382713 0.010615399 0.011029708 0.009152924 0.010432464 0.010478460
[25] 0.010260732 0.010129130 0.010039597 0.010502458 0.010105238 0.010026679
[1] "Average StdErrors for Betas: "
 [1] 0.007074050 0.007051928 0.007068569 0.007069351 0.007064935 0.007070283
 [7] 0.007078012 0.007025416 0.007056932 0.007067010 0.007059462 0.007037275
[13] 0.007046713 0.007037569 0.007063195 0.007044962 0.007083816 0.007062333
[19] 0.007049756 0.007063499 0.007051487 0.007063025 0.007051868 0.007045819
[25] 0.007057767 0.007062812 0.007060489 0.007066928 0.007074444 0.007050007
[1] "Positive rate for exposures: "
 [1] 1.000 1.000 1.000 1.000 0.130 0.180 0.175 0.165 0.220 0.175 0.175 0.230
[13] 0.195 0.215 0.180 0.165 0.145 0.205 0.135 0.190 0.210 0.120 0.180 0.175
[25] 0.205 0.200 0.145 0.175 0.155 0.170
[1] "Bonferroni-corrected positive rate for exposures: "
 [1] 1.000 1.000 1.000 1.000 0.025 0.030 0.030 0.025 0.025 0.030 0.030 0.060
[13] 0.040 0.020 0.040 0.015 0.015 0.045 0.025 0.050 0.035 0.010 0.030 0.020
[25] 0.025 0.030 0.040 0.035 0.035 0.045
