[1] "Average Estimates for Betas: "
 [1]  0.0555038050  0.1064734729  0.1950113634  0.3012587922 -0.0093324009
 [6] -0.0029468440 -0.0015400680 -0.0021602633 -0.0032838828 -0.0032256686
[11] -0.0010175526  0.0044494220  0.0028153901  0.0019520547 -0.0040564958
[16] -0.0028524597 -0.0013858918  0.0026182414  0.0039932027 -0.0041263158
[21]  0.0027797732  0.0084921935  0.0020767967  0.0035823076 -0.0049087954
[26] -0.0011412325 -0.0017368735  0.0030648800  0.0037769492  0.0001064489
[1] "Standard Deviations of Betas: "
 [1] 0.05591810 0.05755064 0.06323331 0.05392864 0.05937196 0.05642049
 [7] 0.05696474 0.05697093 0.05862248 0.05481963 0.05580317 0.05529974
[13] 0.05855881 0.05262067 0.05774932 0.05611099 0.05361116 0.06155021
[19] 0.05250938 0.05907423 0.05406040 0.05240772 0.05389934 0.06669333
[25] 0.05581748 0.06056210 0.05777542 0.05544136 0.05971979 0.05702120
[1] "Average StdErrors for Betas: "
 [1] 0.01415533 0.01415052 0.01401904 0.01423501 0.01415302 0.01409075
 [7] 0.01422583 0.01398028 0.01409011 0.01427384 0.01420507 0.01408881
[13] 0.01407898 0.01407200 0.01410897 0.01408619 0.01414521 0.01416378
[19] 0.01409956 0.01411990 0.01400184 0.01412134 0.01414724 0.01410383
[25] 0.01418523 0.01409616 0.01420130 0.01412503 0.01416771 0.01405853
[1] "Positive rate for exposures: "
 [1] 0.770 0.930 1.000 1.000 0.560 0.595 0.665 0.600 0.635 0.570 0.685 0.625
[13] 0.615 0.630 0.610 0.605 0.570 0.615 0.580 0.620 0.640 0.615 0.535 0.665
[25] 0.590 0.600 0.615 0.585 0.650 0.605
[1] "Bonferroni-corrected positive rate for exposures: "
 [1] 0.605 0.855 0.990 1.000 0.390 0.410 0.445 0.390 0.415 0.405 0.455 0.410
[13] 0.460 0.400 0.435 0.395 0.375 0.435 0.405 0.420 0.415 0.435 0.360 0.485
[25] 0.380 0.400 0.425 0.400 0.410 0.405
