[1] "Average Estimates for Betas: "
 [1]  0.0325468057  0.0635756271  0.1323061414  0.2046822995  0.0043799114
 [6] -0.0007400948 -0.0038136149 -0.0020526656  0.0032662389 -0.0023273660
[11]  0.0019191667 -0.0015067892  0.0025033781  0.0034113331 -0.0065194913
[16] -0.0021631784 -0.0046660882  0.0059845833  0.0029563502  0.0063855720
[21]  0.0026018443  0.0030010166  0.0016526070 -0.0044011653  0.0016018018
[26] -0.0016801204 -0.0013385132 -0.0037702471  0.0029137685 -0.0010396648
[1] "Standard Deviations of Betas: "
 [1] 0.04973291 0.04781574 0.06912050 0.08737658 0.04348021 0.04647957
 [7] 0.04718283 0.04192200 0.04455406 0.04250108 0.04244985 0.03873100
[13] 0.04472902 0.04078809 0.04618537 0.04288189 0.04315985 0.04499595
[19] 0.04188477 0.04541979 0.04629831 0.03954694 0.04514318 0.04217969
[25] 0.04405480 0.04500667 0.04258725 0.04344903 0.04345295 0.04462243
[1] "Average StdErrors for Betas: "
 [1] 0.008050437 0.008045623 0.007943409 0.008024133 0.008061331 0.007896995
 [7] 0.008045492 0.007842615 0.007918286 0.007976393 0.008138272 0.008012344
[13] 0.007876020 0.007936537 0.008006731 0.007908189 0.007935858 0.008035573
[19] 0.007906934 0.008009413 0.007939363 0.007985622 0.008039137 0.007911998
[25] 0.008014537 0.007951470 0.008097435 0.007953886 0.008054544 0.008066347
[1] "Positive rate for exposures: "
 [1] 0.820 0.875 0.935 0.975 0.690 0.715 0.720 0.720 0.735 0.760 0.745 0.660
[13] 0.670 0.650 0.745 0.705 0.685 0.725 0.740 0.680 0.730 0.705 0.735 0.725
[25] 0.680 0.745 0.735 0.705 0.680 0.745
[1] "Bonferroni-corrected positive rate for exposures: "
 [1] 0.725 0.805 0.925 0.945 0.565 0.550 0.560 0.585 0.615 0.545 0.565 0.475
[13] 0.540 0.505 0.585 0.540 0.500 0.535 0.605 0.545 0.600 0.565 0.595 0.565
[25] 0.535 0.595 0.615 0.540 0.530 0.580
