0.999999999999804 0.998474115259738 0.00280930088249054 0.999999998042157 0.00324477997995676 0.00130714516005359 0.999999524235957 1 0.00121691755099551 0.00124125313286882 0.00167160081279105 0.00150001223925811 0.0044094028655105 0.999999998902239
0.00710281891451681 0.2193855597059 1 0.999999999979488 0.00230801777492473 0.983926577176932 0.00391048938629046 0.0747977601894845 0.00687499559090565 0.00238373276917936 0.00244628898669386 0.00232063794204973 1 1
0.000649684338062562 0.000264632786963537 1 1 0.000304123254091571 0.0341690940151905 4.36413581198503e-05 0.000442047296796755 0.000462398398616948 0.000217594294072754 0.933039869982038 1 0.0620885634472609 5.13387655248776e-05
1 0.0647945208469295 1 1 0.00404591260521581 1 0.000960425901383455 0.0047111528675331 0.000991085087423738 1 1 0.0558351540941443 0.00097149314136058 0.00097281941766203
0.0821125137138339 0.999999971845963 1 1 0.0114316400322413 0.00545346961671123 0.0438440424217484 0.042488488475632 0.0047310884712477 0.00708522870441852 0.00591141049771471 0.0184795170328488 0.0186084572834321 0.0507147747221408
0.475017257271159 1 1 1 1 1 0.000574757500711121 0.000825938634287038 0.00102564258664184 0.000253513471226596 1 0.000530629114838255 1 0.00025757501555046
0.000272372761524697 0.999999997369849 1 1 1.93450159307051e-05 0.999999999999971 1 0.999998913678266 6.19993094108651e-06 1.5804526197094e-05 4.97506412650006e-05 2.55301980288669e-05 7.40306600810481e-06 6.70184573925425e-06
0.0715346610710041 0.00977141383505065 1 1 0.010811197526766 0.0136774504145656 0.031284797318215 0.00760536153282132 0.00784230304199063 0.0130216852795551 0.0101838810971269 0.00775115041029117 0.103548954137744 0.00784672065828051
0.000670451052859344 0.999999992141379 0.999999999999302 0.0020737212165417 0.000306907653232269 0.000452856280387048 0.00013029244399021 0.00018875294857712 0.000130444272120722 0.000139401285431551 0.000204386106438026 0.00141814789794126 0.000170129481429249 0.0471711720574828
2.0714661471799e-05 0.000157111603211302 0.00010290954607195 1 2.14657624537651e-05 1 7.54710529762281e-05 2.19453095698929e-05 2.51994533260191e-05 0.999999587817738 6.40016399215959e-05 0.999999997979975 2.07484281177228e-05 2.27355894976133e-05
4.29363598453136e-07 0.99999999504955 0.999999999999999 1 4.17000543206925e-07 5.08192970372079e-07 1.77628396991203e-06 5.46462845085749e-07 1.94874683734358e-06 1 1 1 0.999999999599028 1.8450611803944e-06
0.0455833504254348 0.955026930473339 1 0.999999999999994 0.994589687674082 0.00434846791025223 0.00623498932808686 0.00676528389617637 0.010464107277887 0.0159561368641786 0.0815747536362701 0.0101374579977985 0.00763661848872244 0.00892141191588824
0.0650518024100855 0.999999999999997 0.00297607949868939 0.04508824071274 0.00137648504616861 0.0201811845106895 1 1 0.990343994849245 0.00718559357011594 0.00162538366764087 1 1 0.00588506992174609
0.0257304316784651 0.189057677613555 1 1 0.99999998741078 0.0176353581347272 0.0127129034184306 0.143578228579593 0.00686448674106599 1 0.999827601748357 0.0139842673891599 0.015640911879753 0.00590270284577199
0.0539046929934174 0.999986323565509 0.999998262639647 1 0.000219970871688235 0.0973519102148971 0.000477396857519907 0.00034949209675017 0.000356157132350821 1 0.000869559636917705 1 0.00050299229455375 0.390474643061037
6.11530924032877e-06 0.98394193484161 1 1 4.28034072963435e-07 3.74448167805852e-07 4.5421494077047e-06 5.08441712399055e-07 4.34073782695776e-07 4.06927086102904e-05 0.000133098449185964 1.29419645999995e-06 5.24659647727077e-07 1.18863701048522e-06
0.0055078585594126 0.999999999997952 1 1 0.86875493727885 0.00332252931421473 1 0.00179567006605186 0.999774009733042 0.061818214378134 0.00220589306582497 0.00251848731941418 0.00454582775214563 0.00555772707102531
1 1 1 1 0.000949152085024441 0.000522974061009318 0.000529500959052243 0.00053509752124381 0.00273091117056135 0.000499535426204845 0.000501887706987669 0.00313727367096872 0.0133660470464904 0.000774316891094529
0.00473417462996428 0.117858252129459 0.000599189627503938 1 3.65357262610555e-06 1.27220167556175e-06 0.125475817215761 2.66394699455219e-06 0.728830523519237 3.00722492174721e-06 2.49418921149935e-06 1.32876629932444e-06 4.39479601603843e-05 1
0.971540578030055 0.0158470191963302 0.999999999392692 1 0.00891475374803763 0.0104001902768992 0.0133889805158196 0.0136581303009807 0.00997513061153121 0.0116232132360714 0.0595212306664489 0.977635128767439 0.0165598268619113 0.0116350560365964
0.0125140820458338 0.000538552177297924 1 1 0.000173662951807318 0.000558962519357942 6.81757774866343e-05 3.34425186483411e-05 5.82148260935833e-05 0.000282141915587841 0.000990124363865363 0.000168385756651124 2.78358304883763e-05 6.44525019120046e-05
0.0738897205346287 2.84582705101233e-06 1 1 0.00028458509991347 9.17171154579677e-08 1 0.000543945906374521 1.51038483275912e-07 5.55540486946171e-08 9.13450317941988e-05 4.70999219848167e-07 4.68500556127793e-08 6.30754851793647e-07
0.999999999978827 0.00473877236417908 1 0.897620060699324 0.995473388422152 0.00905140160157569 0.999961253049295 0.0095618327134076 0.107155769651127 0.00526778516598303 0.00378978983411482 0.00390210065699981 0.00410824321974879 0.00462302208682219
0.999978272715724 1 0.109791049159967 1 0.000269572580759658 0.000203212932054719 0.00031390282197663 0.028845272778288 0.000978765450300956 0.0010014759599184 0.00459447666589352 0.00155756299900156 0.000315580571318641 1
1 0.999517591263181 1 1 5.83635427303664e-05 8.06221011317998e-06 6.75349909828871e-06 7.32990219232121e-06 0.000326866972322759 0.000211014199924753 1 2.68684250607221e-05 0.999998759304685 1.33456467596993e-05
0.00111820363481019 0.00155682922374079 0.999748348862033 0.0019183165463853 0.00116692790217832 0.00117761474582823 0.0112629452196635 0.0326469113977162 0.0302525127812949 0.00108317330209839 0.999992240204459 0.00132450024391506 0.999999998075774 0.0523045186219508
0.999603107352587 0.000409146608169708 0.999998546609077 1 0.00019514812605681 0.000244095877411254 0.000216284824728907 1 0.000209784482379516 0.000222162631231315 0.000392372429532051 1 0.999999999999999 0.000722453235828535
0.00542997919648469 0.107794132156482 0.059163486108482 0.00555595200083425 0.0155066143910512 0.0157231629687909 0.952953051954137 0.00605736695156855 0.00634915712828865 1 0.999999937508304 0.999999969819951 0.0144031621200356 0.0253692551874884
1.80752581790955e-08 1 0.999999949669157 1 1.72308508572527e-08 0.99999842437833 9.814408985509e-08 6.56999004089442e-08 1 1.3354691796863e-08 2.47814487819298e-08 7.0755981518289e-08 1.27335799682271e-08 1
8.50505099680987e-09 7.18981254865803e-07 5.64647600898027e-08 7.13755425540974e-07 1.32436644983969e-08 1 2.31041690479383e-06 0.999999612656643 4.54913029468429e-09 0.999999999476332 1.78566884612152e-08 0.000125634359646298 1.53542077940827e-08 0.0222677667310786
0.181347933815047 0.999999999999502 0.999765178964745 1 0.244215250154396 0.00339683934508361 0.00262369912154647 0.00229275904686754 0.00211277722079151 0.00233433722296983 0.00343084346034295 0.00219183102836118 0.00196990730858793 0.00196530353799829
4.6155218218269e-05 0.425805693168333 1 0.999999999999997 0.000122137789025589 0.000269745670862687 0.00013898128089096 4.47398207689131e-05 4.24418680797789e-05 5.35428251138281e-05 4.56722210797622e-05 6.04494705161995e-05 5.49966153753356e-05 4.49416639926037e-05
0.0975527493312855 0.00484149744410223 1 0.999999999988246 0.0124607047905951 0.00493792512193336 1 0.0262395820040301 0.0348714025136615 0.0120164036343426 0.00480530150217284 1 0.00481061643129688 0.00589094339817831
0.961366523691933 0.999962425029821 1 1 0.00139394799274839 0.000442676132708542 0.999494602979714 0.000501520354526552 0.000280752207366675 0.000308842216958261 0.000288222455565701 0.0120812041894562 0.000269650280663281 0.0193795152492646
0.00963398792495807 0.00124670948992156 0.99999805451115 1 0.00837864726774251 0.999999999801485 0.990114978970444 0.00100908519752052 0.00142414310417793 0.00766830027364751 0.0592214666085565 0.0145399225478215 0.00128589695100001 0.00111033875020206
0.0184653735893603 0.0973866941403356 0.00396824705031218 1 0.0196967310100662 0.156778182481994 0.00630109830250469 0.00344415198112336 0.0051824686086448 0.0880143574193921 0.00334432745737157 0.0599705366813839 0.00620505980348651 0.00941419978234315
1 0.00704069782590344 1 1 0.00730804980676225 0.00727803754502943 0.00732230937763045 0.00710869679577486 0.176224461604182 0.0533039384456131 0.00705919108834629 0.999998615933796 0.00744415411553534 0.00759628019784708
0.0744442203649729 0.0184161796894445 0.99999999752683 1 0.00364455006996778 0.00516750553908196 0.00518891598789128 0.999999998808754 0.0088592072991065 0.0036654531240089 0.00361226683029259 0.00546196687563139 0.00366021475537115 0.00485154702477308
0.999963820725412 0.99999841737982 1 1 0.00922859491144712 0.00760177690569286 0.00647680168406306 0.00663177048112251 0.00640639863651871 0.97393708371506 0.0120433400796104 0.00627892332553071 0.0140770962025881 0.142034958969806
1 0.999999999998856 0.00505009062011252 1 0.00182229363676512 0.989396628561441 0.00239609981671074 0.00275184259530825 0.00262964984588765 0.00202823461523782 0.999999999999992 0.00250123390374957 0.00280451954940608 0.00809870532096246
1 0.00406733820556093 1 0.00688471444573646 0.0033456669734756 0.00505527929441119 1 0.00547908663630403 0.00335576940342819 0.00338245287990246 0.00609078010881914 0.985831140850935 0.00356126146998048 0.999999999855921
0.0101543365833261 0.99999999999914 1 1 0.00626872774896103 0.99999723083788 0.121472809557406 0.00578890116118269 0.966006236741678 0.0058697833077529 0.0367174338801762 0.0256165252936781 0.00573487142213935 0.0460650819354504
0.00654221998496018 0.979151848412375 0.999994840384506 0.0246136095658473 0.173191427487842 0.00307290541248439 0.970418620952833 0.079311474857916 0.00288496302201724 0.0146374116389311 0.0060556318497853 0.00349331915298923 1 0.0115308303672614
0.0102274427989414 0.042197759557452 0.999443159361035 0.999999999999999 0.0068958676418911 0.99999999999896 0.999989884360932 0.00703237923981392 0.00685258938970457 0.00990049621385913 0.00682084620464296 0.00730137546243259 0.00701744424308648 0.0769877392945078
0.999999999999323 0.141163275208181 0.0135639301903576 1 0.100885953081007 1 0.0270904123835313 0.00374254777337291 0.00423261907175532 0.999596730104699 0.00353629543235612 0.00332698561156353 0.999991147522619 0.00354453404964605
0.00408094746589505 0.999945124274516 0.904821735757529 0.999999999999954 1.8621216778314e-05 2.06840881096237e-05 3.15184494459331e-05 3.00562340135313e-05 1.86797486581014e-05 3.0060175809532e-05 0.0952050296767205 5.8915022576933e-05 9.02284840041956e-05 2.90972569294556e-05
0.00977674915213755 1 0.999999718114095 1 0.00645908759903313 0.00622404122222919 0.00619590184306118 0.999999999999999 0.00848942686364351 0.00615356531207423 0.0125073604816759 0.00709480453441957 0.00644645182068149 0.00761822592596006
4.23787852750213e-05 0.00302312461484411 0.545670165371477 1 4.98817174721111e-06 5.932237679529e-06 2.58354486436518e-05 4.40530528755811e-06 4.62662604872044e-06 5.57860353089801e-06 0.000169547622995259 4.11996830529393e-06 1.34846420155599e-05 5.46023723857481e-06
0.00103858479529462 1 1 0.999999521928039 1 0.000425160197083718 0.0017068481018313 0.000397133091097013 0.000399136663378319 0.00206939421668784 0.000388662814652774 0.000461749774965159 0.000410298570579504 0.00164450079544454
0.00606265692760521 1 1 1 0.00631456625299842 0.00632649164545818 0.0043012927070164 0.00558778479499533 0.0354045002984982 0.213333299198399 0.00490468667627519 0.0142496343656077 0.00480551722021327 0.0219870565660908
1 0.999733067411414 0.999999952529658 1 0.000252509131389411 0.000201591605456519 0.0783683182204065 0.000209939046387664 0.0002089660202369 0.000328532758433253 0.000398365224238084 0.000201632865666102 1 0.000299515511967829
0.000191713254833248 0.000166134222825853 0.999999028856375 1 0.00017572687326195 0.000208628912283126 0.000159919650312146 1 0.00140462700122979 0.000455612796595894 0.000345823468070994 0.00024336266365188 0.000259878738315455 0.999958420871928
1 1 4.4480747518616e-07 1 1.59230571820101e-05 0.999998141189875 4.66749217831186e-07 1 3.45576927629487e-07 4.96592673204788e-07 5.41528428099625e-07 2.17837878557781e-06 6.48024418237192e-07 1.31015093651765e-06
0.000123484464754298 6.88883024424491e-06 1 0.999999645848552 0.000144432243027404 1 4.91894725836994e-05 7.55395277385329e-06 2.99988490428671e-05 6.83238802369202e-05 3.05197495207299e-05 7.06426561081219e-06 8.65185691201198e-06 1
0.0016684112962162 0.00281121493716618 0.9815261426453 1 0.0007438046283883 0.00104802143566629 0.000908778336402682 0.00102082379102564 0.000883668078862088 0.00254969592281984 0.0149350461430114 0.999913709659273 0.0478117632490389 0.0111822964774393
1.6725564350617e-05 0.000176980546206962 1 1 6.42303507835118e-05 7.15686731667109e-06 6.72321356776084e-06 6.14148226951716e-06 1.2943596335524e-05 1.08822435146427e-05 0.999909516706053 6.05507634621194e-06 1.05432673150885e-05 5.90130923405763e-06
0.983485508810905 0.000193313283503915 1 1 8.90955636650981e-05 0.000643559485467682 0.00209695471215121 0.9997334967834 0.000414864804750392 0.000123083010878489 0.000313670054838844 6.34308655182991e-05 6.37554469227197e-05 0.000243815044661644
0.00865589118935939 0.00630388937462634 0.999999993438563 1 0.00893606656107238 0.0750120074569928 0.0144827245742183 0.00576106053149383 0.00575779679321531 0.999999999999624 0.214097761141076 0.00575066082355258 0.0102075217954319 0.14213170014763
1 1 0.00445396992456792 1 0.00279363380468167 0.00293973481652565 0.00389023748697359 1 0.0950185988474127 0.00303490680830665 0.999999999994559 0.00282372978779422 0.998607208615469 0.00234520320851439
3.46998817550848e-05 0.0477493056174296 1 1 4.7508530180318e-05 2.64151078400721e-05 1 4.88403382263858e-05 0.00499958272733614 4.4836072385146e-05 8.16416513131912e-05 2.32418078335295e-05 3.36190866706554e-05 0.000114203931636081
0.000245367023135601 0.748380949576361 1 0.000167173400522747 8.30832185640951e-05 1 0.983728847210633 0.00366634388523213 4.6574080973194e-05 1 0.851455533100043 9.39088948241906e-05 7.05027924297053e-05 0.00216118890291739
0.000622213002981931 0.00173640985824841 0.99999999999995 0.999999999999339 0.000216171556027378 0.000816071358994974 0.000605011842226277 0.999193311836387 1 0.000167261657312068 0.0014170112135109 0.99999998678659 0.000182452780089992 0.000568303333632003
7.94300181183871e-11 0.996095756834082 1 0.97469567657266 1 0.00339915883049513 4.30211422042248e-13 1 0.0183095196871444 1.52877710490884e-13 1 1.16351372980716e-13 0.999999999669511 1
0.013411955315097 1.92496435627021e-05 0.999999999999982 1 0.000307495468793051 0.000296129376989085 0.000345419979387973 9.5084944426449e-05 2.02733850003245e-05 1.83427336782893e-05 2.16829339724223e-05 2.95410989641365e-05 0.999999999999338 0.999881679218878
0.999481514907441 0.000420481636752124 1 0.000274396900662 0.000548534064262363 0.000500405235547063 0.999999483660206 0.000276550849928503 0.000276797823530628 0.00381886126056208 0.000292607613822216 0.000281351307110156 0.000433570817630846 1
0.148765990471039 0.0441944085827437 1 1 0.0119026583790039 0.00892592902241018 0.00695481265984832 0.0163802005339642 0.0111138235963156 0.218983761074891 0.0690930148387046 0.00688229923760886 0.018467414944582 0.0158413511107947
0.00783677833503904 0.999969147996834 0.999999999999326 0.0854613422862108 0.00578993948639817 0.00362197855888702 0.999999979456494 0.00198858837289972 0.0133750447399397 0.0216517665603582 0.00499770568991664 0.22943639540618 0.00303626777572696 0.0133282855203065
1 0.999999999888634 1 1 0.000441526310467344 0.000233498910022889 1 0.000304589909977171 0.000350718065335931 0.000656453976751181 0.000310663291676394 0.000229748625306558 0.000215709706996914 0.000325990441780055
0.0274914410928826 0.999999534986378 0.999985058290508 1 0.00385632746639175 0.00448980398070042 0.0189634170836506 0.00217823485187796 0.00266126647574327 0.00898505328382049 0.00196468200506739 0.00204889052849977 0.00213142882764228 0.0115003976853227
0.000211931104310503 0.999999996932621 0.999997771890124 0.999999999873518 1.92598804534816e-05 4.92673411131017e-05 6.61564719214303e-05 0.0142390367764049 0.999999999999998 2.15007096718844e-05 0.00511653999203332 1 2.49394456852681e-05 0.000192303884709588
5.90737010467413e-05 0.000636738581131557 1 1 1.64360010952436e-05 0.999999805030028 4.0993346073992e-05 1.04639737190659e-05 0.000182135316348253 0.000281275184239038 0.0519689449702043 6.79120886759588e-06 0.00047117151966769 0.999384315046069
0.0100989653309235 1 0.00459580075815158 1 0.00684161392866434 1 1 0.0318438938768077 0.00431070783895016 0.00166895190664551 0.00211401394078303 0.00697380037813089 0.00180319938948215 0.0142596936416942
1.09282588622861e-06 1 0.376089046689403 0.799435903993323 0.99999997739375 1.19732182846111e-06 0.00411231875663209 4.6411888832143e-07 1.71625550660082e-07 1.55562723651581e-05 2.64704341890187e-07 0.0010339558718071 2.22755938583674e-07 2.36296940570035e-07
0.0244385931399008 0.170241253754984 1 0.915197711267879 0.00468040901221978 0.0049570821042878 0.0727543274789025 0.0725568180477237 0.00446217744859378 0.300705699997768 0.00657082193109093 0.0916231722224382 0.00775772695401078 0.00514375149598789
0.0841727102596685 0.0582246204431395 1 1 0.0106526939195882 0.00828333116987379 0.00870301334049217 0.00918235462481454 0.00835534190377252 0.0108761727929521 0.00800071255102264 0.0101013082853361 0.00823058211802796 0.0112623188504843
0.0113825546654593 0.00264471279265255 0.999999394740584 1 0.958869113798699 1 1 0.00727607429153043 0.00960957188950518 0.0153976783842951 0.00174516664802615 0.00293571069573051 0.00519251584679881 0.002383226111213
0.997215113006947 0.0213002645443798 0.999991545652463 1 0.000139566765694599 0.000141456938475004 9.7450384381359e-05 7.81683874832018e-05 7.7447611654291e-05 0.00197570192450292 8.9000324713262e-05 0.00194694365056969 0.921728574564303 0.00498763514236711
0.980959037525394 0.999739022166035 1 1 0.00356572386972664 0.0489670501722731 0.999999999999962 0.0825957178659806 0.237858391560155 0.00391848490049951 0.00428879406944982 0.0268565037605014 0.00548281422422781 0.340624859486603
0.999999999999955 0.999999999999998 1 0.999999999828513 0.00411843072609108 5.48240800657407e-06 2.41451558459227e-05 0.000667153194268133 5.97399180179981e-06 1.46086998802364e-05 4.17506488070707e-06 5.67949828278458e-06 1 2.17729909947062e-05
0.00812097298943704 0.00229678023676072 1 1 0.00175103558856893 0.0312940719185411 0.979792126588536 0.00775348320238645 0.00164109514081823 0.00176766297405362 0.00336867479784131 0.00183534756396375 0.00163386004817523 0.0018227772239342
0.00890763596508026 0.21682567818465 0.0145791184695443 1 0.0569701152664408 0.0069913720167516 0.992965086478259 0.00938536780640331 0.00619767680407446 0.0173032747950281 0.137517499697068 0.0132391015197334 0.00709290857158806 0.999999827306352
0.0094161593428681 0.00348399376255204 0.999999978627652 0.000226252026688689 0.000268447189787246 0.000226506057249276 0.000215174353424441 0.000164797117360616 0.000166302180713784 0.000150626636503892 0.172211550031503 0.000165922953973108 0.999999988249352 0.00015572740648484
0.09360223731724 0.0393257767107053 1 1 0.142243568368589 0.999999994635973 0.00798915643329157 0.0139845200120458 1 0.00661339256279314 0.00614590836496454 0.0314019173139074 0.00910412886081258 0.00699518052837567
0.999998702218039 0.00990414804364581 1 1 0.0216267679113148 0.00503163840454057 0.052619701456852 0.00166876923299408 0.00126844500948153 0.681052580921266 1 0.00228702502562828 0.00579597445275881 0.0021704341863874
0.999999782003047 0.999999999999999 0.00550864952340613 1 0.00476373969179056 0.00602613006914032 0.00530103817427552 0.00473146026066185 0.00849228147579295 0.00613958490284572 0.0701202613289762 0.999283627083499 0.00537098231178279 0.00501446539123651
0.944516363472211 0.129375728230846 1 0.0013109002101459 0.000944412911373038 0.00103439136430483 0.00103208287228496 0.00195226473606613 0.00154470256426642 0.00314995748590341 0.00171711527460472 0.000946582341530111 0.00136771360427601 0.00218984875316874
0 1 1 6.7346128673762e-12 0 1 0 1 0 0.999999999993124 0 0 0 0
0.0762195273011121 1 1 0.00609315617050221 0.00616301292799648 0.0119357880685285 0.0321031691491428 0.00787419574704706 0.0342587008591411 0.999999950384328 0.0184213470805364 0.999990194742684 0.00607709566789205 0.00607373623991592
1.13986927674503e-07 0.94970280950769 0.948783561729197 1 4.91135937585874e-07 0.0508327098353506 1.04399865308302e-07 2.11169689013913e-05 1.18389209768921e-07 1.37063216887334e-07 5.23372075378337e-06 1.04653685939482e-07 1.06613289307944e-07 4.00044505188824e-07
0.063169511610314 0.999999998970877 1 1 7.50984691015866e-05 0.000150275945984601 4.66151566042017e-05 0.000926018492315328 0.00533392989086434 0.000296939796497364 0.00319590723750274 0.00654782171319424 6.1480685936921e-05 0.837665288823002
0.195558985648749 0.0236245165759053 1 1 0.025601695684118 0.0148201757721823 0.0249158536929585 0.00950193260455479 0.0228516238126828 1 0.00821263793984761 0.971576310025754 0.974544922748699 0.00963861573222857
0.00797500120250638 0.999999999950255 1 1 0.0157545734268765 0.0195834559717303 0.00684463605978924 0.00719709178870986 0.0487397287345078 0.00670440798633976 0.0145424703362711 0.0076173419190112 0.0635457800534691 0.134039664567978
0.999979925740657 0.0108079878679334 1 1 0.0182035592434832 0.0115083839837647 0.214752945501554 0.12854154238806 0.00894948170946297 0.0115561664758668 0.0588050407127485 0.00758978756822148 0.999988726559663 0.00874948470036052
0.000349494089808444 0.999999841583706 1 1 0.000500955975621054 0.000348544412644536 0.000357773585145216 0.00173357744472935 0.000535462449352542 0.000847272690425838 1 0.000450554675425097 0.999999999999992 0.000934502485092858
1.72882006654884e-06 0.000380372755042768 1 1 1.32153460119522e-06 8.47860039587811e-06 0.000115200803201154 2.08947165211137e-05 1.90605523109344e-06 5.90621839706706e-05 0.999982340184041 2.29588511180268e-06 1.32031303978764e-06 6.56032142887231e-06
0.00877285941581307 0.0310559828206155 0.999999999833182 1 0.999999992888403 0.00679557329817693 0.00743858906052308 0.00922782147539059 0.00958910772264232 0.00756977988868057 0.00612834420226971 0.0165720834137403 0.00610644151180961 0.00615552162995248
1 0.00406931950527778 0.999999999998588 0.000141664268733077 0.000306974275082528 0.000143078745698411 0.000148569356711925 0.000245301816800603 0.000131620217589612 0.000148032862753777 0.000156053907367504 1 0.000238590298551777 0.000220839019113517
2.8451139696184e-05 0.936113151792886 0.00836726292422107 0.999999999922755 0.000284095393492501 1.79449524344566e-05 0.0180035867675979 0.0415180279530645 1.67417910924561e-05 1.39968585359806e-05 4.86860036841286e-05 1.41835787995648e-05 0.00276222920195479 5.46542378101478e-05
0.00151087871379141 0.99999999999924 0.999999999999968 0.999999992189046 0.00765553678111031 0.00289888561337537 0.0188098372892647 0.00195252557500147 0.0017999700925343 0.0257487895950611 0.00716604846738211 0.0015814156563585 0.0104502119372232 1
0.000228341471003701 0.999991517051951 0.999999999999828 1 0.000103226470780649 7.85443807325148e-05 8.21258188615781e-05 7.44681271942493e-05 0.00010837414397713 1 0.000113675424114001 0.000291317887764375 0.410777505615682 0.00747862638910379
