1 0.998676890584242 0.00426085268198395 0.999999996693514 0.0056928028654557 0.00298471869394412 0.999999840369003 1 0.00280227647222353 0.00279136108265288 0.00325964391388822 0.00343398784122528 0.00865301030548926 0.999999999300988
0.00713084815870058 0.231986580253223 1 0.999999999979429 0.00233662978670279 0.986968692026098 0.00391613250339273 0.0767797192866676 0.0069249777348247 0.00241308828074915 0.00247605845252485 0.00235194388905324 1 1
0.000649260901922744 0.0002642920043191 1 1 0.000303028640489589 0.0342531803289716 4.35606763952157e-05 0.000437598512769588 0.000461538527149585 0.000217504760516851 0.932291609479165 1 0.0632810061713305 5.12422840626137e-05
1 0.0653090235621496 1 1 0.00411179367219161 1 0.000978279939590876 0.00477329022089124 0.00100922900754408 1 1 0.0560825550034841 0.000989464894737502 0.000990691723790293
0.0198873464191714 0.999997545298142 1 1 0.0115268575019393 0.00465993552602506 0.093169199389096 0.0155371928633004 0.00313858900300856 0.999983052808339 0.00360086072437726 0.0081746375312266 0.0233184448388345 0.998840693317326
0.484056974304474 1 1 1 1 1 0.000551597862031961 0.000749193485386712 0.000869810027259721 0.000249661397844325 1 0.00047426642276871 1 0.000255234509433544
0.191012190734196 1 1 1 0.0205239997703234 1 1 1 0.00151333623470129 0.00223746972220018 0.0109882134411179 0.017419760333875 0.000681323445984594 0.00194524711112354
0.074448645323225 0.00993624637281099 1 1 0.0111262189900181 0.0139537985126504 0.0334151722678564 0.00769534498793645 0.00792936798322197 0.0133237956834701 0.0103395064378732 0.00784373002542649 0.10674927304463 0.00795804735877137
0.00067075586440446 0.999999999830009 1 0.00207410742068048 0.000307046506105246 0.000452961343307856 0.0001303389732219 0.000188815826709154 0.000130494804768344 0.00013944864935167 0.000204441857013959 0.00141867764071035 0.000170199862588816 0.0472029011152411
2.07167643782036e-05 0.00015712525679068 0.000102909366513693 1 2.14675008153309e-05 1 7.54777111252602e-05 2.19485097330274e-05 2.5201314446166e-05 1 6.40098059457861e-05 1 2.07507548273256e-05 2.27382933265519e-05
4.12371608859985e-07 0.999999999974962 1 1 4.2571957903359e-07 5.05246908311108e-07 1.70508884655973e-06 6.41083924945995e-07 2.21263113842074e-06 1 1 1 0.999999999928702 1.9300670782707e-06
0.0463846651197558 0.993869939933565 1 1 0.996913303949878 0.00437943969512533 0.0062270329094517 0.00681545925581373 0.0108708135202559 0.0162181843381534 0.0840308952861035 0.0100690328432362 0.00770967724702032 0.00900763578561048
0.0392034031873861 0.999999999999992 0.000988534908334837 0.0195210272259257 0.000407962507728343 0.00889269830997841 1 1 0.99079939464077 0.00258603020598036 0.000468899390852817 1 1 0.00260791455370613
0.0266462639859627 0.19099794339545 1 1 0.999999987526761 0.0180289914427421 0.0130531320158602 0.144788413688433 0.0069316842301651 1 0.999999999999858 0.0142361978842787 0.0158911836080116 0.00596621329656832
3.12366754795512e-07 0.999972105480453 0.999999998431003 1 1.71980796270788e-09 8.74697537511793e-07 1.6338053132614e-09 1.9001316742262e-08 5.63873481240762e-09 1 1.25146168983292e-07 1 8.39748923731065e-08 2.35685471132729e-05
6.14282082689321e-06 0.999475888356416 1 1 4.29872731855241e-07 3.7478268566371e-07 4.50121485551236e-06 5.09898544831522e-07 4.33893644458117e-07 4.1296539110891e-05 0.000135594876502831 1.29447665930815e-06 5.25874589207831e-07 1.18202355992025e-06
0.00598927738664601 0.999999999998973 1 1 0.946064595122498 0.00366876819516437 1 0.00202586185270415 0.999837270633453 0.0586936454644719 0.00245047852182478 0.00276676825660382 0.00471888255508346 0.00567090926098668
1 1 1 1 0.000756584272357808 0.000401871299362866 0.000406610820853359 0.00041105664450547 0.00230643873791214 0.000382253202540261 0.000384583015541673 0.0027664980100871 0.0121060186521128 0.000593042733354365
0.00195254161307601 0.0620438680264314 0.000564551624290921 1 3.07058757520462e-06 1.23705221022341e-06 0.0574397652500318 3.9056484094635e-06 0.999970522180267 2.81600909968205e-06 2.83017280056086e-06 1.46673976941791e-06 4.11885675489776e-05 1
0.996965825142316 0.0162157599345429 1 1 0.00918106407262564 0.0107006173600513 0.0139567121224289 0.0139346521892385 0.0102733887628372 0.0119125193468086 0.0597466931560955 0.977978245676478 0.0168475305786929 0.011910153200562
0.012536951356612 0.00053836416183739 1 1 0.000173981883262342 0.000560277796362141 6.83345229405274e-05 3.35163383926584e-05 5.83457806141441e-05 0.000282907089205309 0.000990953387631111 0.00016900461206848 2.78991899943515e-05 6.46006830963275e-05
0.983942623035449 4.76766726467126e-05 1 1 0.00337874326216958 1.18909854118776e-06 1 0.00741171785011374 2.08383036071069e-06 6.9713336914301e-07 0.00105339067456645 4.9039434572018e-06 6.19159107873024e-07 8.32763433578076e-06
1 0.00730584404897283 1 0.00834649001897425 0.0426710370895025 0.0155667885463227 1 0.00664643156438971 0.999607663049182 0.0214496527157089 0.00824785602794542 0.00666248700419658 0.00711151950988942 0.00812425721119103
0.99999981849762 1 0.0835096120117139 1 0.000224657269229045 0.000180334193579879 0.0086339773255627 0.913749908476139 0.000693125445517917 0.000711057872698651 0.00290829638273504 0.0566640717607034 0.00037098627048493 1
0.00704893006758978 1 1 1 0.999999999771457 0.00950813177984433 0.00700390038413157 0.0106211282492072 0.0114105634483606 0.22942723679819 0.0420415931874804 0.0167788111978944 0.0908054318398555 1
0.00114563233893605 0.00157119036912301 0.999999999988008 0.00195798672782055 0.00118945600674203 0.00120825970084648 0.0113313546792236 0.0382479563359334 0.0312609342864365 0.00111154058387652 0.999988040299834 0.00135103468791742 0.999999997905032 0.061118522792222
0.99999999999992 0.000520550151168808 0.999998627107143 1 0.000264592230087124 0.000323147660098999 0.000296198171965245 1 0.000282611533836241 0.000295571824068253 0.000511777869426688 1 0.999999999999999 0.00090554044625879
0.00556912677704957 0.111841545740797 0.0592538367008764 0.00569074582403628 0.0163981551669827 0.0163112586990295 0.954860774483877 0.00621069090524906 0.006484123008203 1 0.999999936300079 0.999999999999018 0.0150439248106218 0.0272277700833526
1.80752053324795e-08 1 0.999999949668019 1 1.72308007861943e-08 0.999999996106687 9.81447962900006e-08 6.57010224003329e-08 1 1.33547118918997e-08 2.4781397489626e-08 7.07561347290664e-08 1.27335882948998e-08 1
8.54009507555986e-09 7.34537723756645e-07 5.66114186639766e-08 7.12541850744763e-07 1.33198223561948e-08 1 2.32490783236283e-06 1 4.57318671820417e-09 0.999999999994777 1.76998424805674e-08 0.000124752072741208 1.54978992972232e-08 0.0224061396790864
0.289275627247747 0.999999999999404 0.999978855797335 1 0.710497285299801 0.00364964820114211 0.00319772531326612 0.00233647558981898 0.00186500069522844 0.00208284931794334 0.00327599405729295 0.00214252676607374 0.00181763906178189 0.00180767313879482
4.61599612379127e-05 0.425997280564277 1 1 0.000122168421065161 0.000269775571326014 0.000138992988998332 4.47429743473116e-05 4.24460062865561e-05 5.35492268505244e-05 4.56772134269645e-05 6.04577531926331e-05 5.50014405429344e-05 4.49453498432284e-05
0.0990074882713635 0.00490572481932761 1 1 0.0127774562485257 0.0050016529754241 1 0.0264981756694186 0.0359092616963509 0.0122795047443132 0.00486681240149633 1 0.00487224414944898 0.00595981253052436
0.986867095807961 0.999978923200236 1 1 0.00133716116758809 0.000444454008966422 0.99999975868342 0.000509605448762773 0.000283008174640886 0.000310748639304359 0.000292579597985343 0.0119466859056208 0.000271374769633792 0.0191421697405586
0.00163969007248566 0.00191870822773932 0.999999981369869 1 0.00956896677229413 0.999999997425974 0.00630603549354014 0.00449415471201009 0.000920428046740196 0.993158774687464 0.00928847926970366 0.99795987585881 0.000924076746218083 0.000947050453651621
0.00142451433834045 8.69538489789434e-06 2.1760980707719e-05 1 8.52675503981715e-06 1 9.82939560900675e-06 9.05317410149209e-06 9.22355138255337e-06 1 1.1782541842198e-05 1 1.24273308059752e-05 1.00407183531992e-05
1 0.00706751092836955 1 1 0.00733449651564266 0.00730618766495883 0.00735406149380635 0.00713590200330916 0.177483831536 0.053771978561365 0.00708612318060697 0.999999999999994 0.00747581924082663 0.00762306120674039
0.0746531670086893 0.0187837421615513 0.999999999999998 1 0.00370875553926231 0.00525148463841918 0.00526188582066223 0.999999998854696 0.00916792939631783 0.00373089492718759 0.00367655085603369 0.00555541171598961 0.00372508827587748 0.00492238990243998
0.999999999912894 0.987441564328584 1 1 0.00652315787042301 0.0119524030525399 0.00657279757022367 0.00646689174214199 0.0076566301969796 0.00704059707113447 0.0658254400752459 0.999993663011457 0.00692097458863483 1
1 0.999999999999068 0.00507074074621594 1 0.00182077887980558 0.989473719083043 0.00239757891256698 0.00275544967351871 0.00263276968343085 0.0020274528826697 0.999999999999992 0.00250285590582933 0.00280788681945421 0.00813779125008884
1 0.000660710517520147 1 0.00205285608897177 0.00027457211934212 0.00193685724782688 1 0.000504845107808349 0.996892483737692 0.000269823028849037 0.000747352708373339 0.99999968241379 0.000291546835816003 1
0.0103150557102329 1 1 1 0.00631984549893128 0.999999999932331 0.126214231418068 0.0058443086951967 0.995146573853632 0.00596639147865141 0.0376419160648985 0.0257096087658513 0.00578403024890295 0.0462897433470377
0.0327206033020794 0.00554333109776406 1 0.997659749262262 0.173303416356472 0.00248899886431786 0.999999988385977 0.072348202763471 1 0.00276313611608703 0.0118858275585102 0.0139909508897559 1 1
0.0154020879269036 0.347256287260869 0.9988604318526 1 0.00696311765832092 0.999999999999989 0.99999282644749 0.00708957983969638 0.00694133533969032 0.0116106847627049 0.00693214157177291 0.00758320618785946 0.00719692727763932 0.648530563288066
0.0907630429584764 0.977704385963899 0.000552521442380272 1 0.00617186077392307 1 0.999916295763212 0.000288902224900633 0.000900678390438614 0.99999973382206 0.000439280075944071 0.000309424178591033 0.00417229541447817 0.000363006835745416
0.00406486724682609 0.999999973232449 0.904251924725112 1 1.86564254589516e-05 2.07146389104018e-05 3.15868940882202e-05 3.01128608635182e-05 1.87146675160177e-05 3.01216473564958e-05 0.0957752322162316 5.90426481181794e-05 9.04119963744954e-05 2.91534410191696e-05
0.00369917167143774 1 0.999999999999959 1 0.00073480788275182 0.000556184001615057 0.000547631635695267 1 0.00250806874663301 0.000516975737041125 0.00634796907735224 0.00125651758562195 0.000726799922248111 0.0017477223520701
3.98174547812102e-05 0.00212863098025773 0.99995682597979 1 4.40017780345414e-06 3.84295054522976e-06 7.75233362437788e-06 4.24631099127382e-06 4.14323751263268e-06 9.10886764582397e-06 4.93348362287094e-05 5.45151525599419e-06 7.73061303060985e-06 3.82091297446152e-06
0.020357143721189 1 1 0.999999998317929 0.00867777912810708 0.00137951031692884 0.999999928103924 0.00131398969196816 0.00136735692594747 0.0266138426986327 0.0012008505050517 0.00196547685683146 0.00129331242777153 0.0100133967672346
0.00438656738388621 1 1 1 0.00466728765759572 0.00454452923748094 0.00305440462633566 0.004100267848959 0.032020872890862 0.236862857960928 0.00354707822468692 0.0110931069790362 0.00347398974778301 0.0177303861078875
1 0.999990313109539 1 1 0.000220696521794017 0.000184877602966371 0.0558555682009313 0.000184735213854315 0.000186778004656052 0.000292796531171424 0.000333428356000254 0.000191858453793436 1 0.000305940380461944
0.000191663037319656 0.000166089099118638 0.999999999919095 1 0.000175691938238964 0.000208539480584746 0.00015989168833852 1 0.00140497516752691 0.000455385564779309 0.00034585914827967 0.000243346541109024 0.000259878795700219 0.999999999999998
1 1 1 1 1 2.20468636347171e-07 2.23862787862572e-07 1 2.20260052197219e-07 1.81875700611123e-07 2.12497063944994e-07 9.08802051391433e-07 0.999999050790033 5.35360739184476e-07
0.997212812521313 2.36437630207753e-06 1 0.999999999999998 0.0009827425134874 1 2.57101874379106e-06 1.17812517936855e-05 1.13804322499078e-05 0.971406578304197 1 0.00096209211078746 2.22122116866341e-06 1
0.000171639804161572 0.0616650668314276 0.932119424766258 1 0.000139009135257107 0.000125654857040747 0.000925843800985149 0.000141428176710146 0.000345047459064496 0.00130435846880872 0.91597758905205 0.000170751219037202 0.0717739357294338 1
0.00157368747852038 1 1 1 0.00106843141810631 0.000327279566546768 0.000295783522786919 0.000693034838975204 0.000310509072659837 0.000294127906122044 1 0.000308053619138104 0.00046892787042474 0.000364434747808118
0.726727021913806 1.98166898092156e-05 1 1 2.20081052350052e-05 0.000410894786609273 0.00160184599529622 1 0.000133201977762121 2.40597945508902e-05 3.39723901181532e-05 1.16019663083389e-05 1.18900985306425e-05 6.97299000868012e-05
0.00892171190402991 0.0065590870399852 0.999999992939829 1 0.00931791356256673 0.0773480875254311 0.0146382937882571 0.00594657313735125 0.00595230001100566 1 0.255898502638448 0.00594276300689789 0.0107036407185377 0.172648166154192
1 1 0.00626384489100096 1 0.00443875348834155 0.00460184905734462 0.00604342290439808 1 0.102759381445787 0.00480172213713004 1 0.00448574825426418 0.998558568386117 0.0037732836150548
3.58647904904474e-05 0.0483454383295584 1 1 4.88877989636149e-05 2.71565795477713e-05 1 5.05761212791223e-05 0.00503004869710677 4.56893991392926e-05 8.47623215424198e-05 2.38839118432699e-05 3.45922940191423e-05 0.000116320583177676
0.000305059981203337 0.99999999999998 1 0.000140515060469415 8.33596179709017e-05 1 0.99918363568216 0.00393381010211802 4.45305504459537e-05 1 0.828252831834767 8.01753610749634e-05 6.94064961406227e-05 0.00184631229895105
0.00320431686343181 1 0.999999999999073 1 0.00047663476950055 0.00280703147152117 0.000352561313119781 0.00088470498652693 1 0.0214353507149907 0.000692145934013899 1 0.00103728452918039 0.000228764798599679
8.88363826945238e-11 0.996577047355043 1 0.983608958427877 1 0.0034229520823853 4.73399097700167e-13 1 0.0163910415721596 1.70641278884887e-13 1 1.30229160788531e-13 1 1
0.0134639765866033 1.92595648194072e-05 0.999999999999982 1 0.00030845480038566 0.000296779842911765 0.000346044373366716 9.50940590761506e-05 2.02793674510815e-05 1.83528389900989e-05 2.16954495688704e-05 2.95654160996639e-05 0.999999999999333 0.999882139944381
0.999999999999983 0.000420782784588125 1 0.000271497486604377 0.000544651813301322 0.000494135841985321 0.999999602160131 0.000273569507509008 0.000273886410431912 0.00375998281264256 0.000289150831758622 0.000278461983342138 0.000428711874050691 1
0.165172429577014 0.0596159215141817 1 1 0.0116778947187499 0.00801078091532847 0.00635043136324487 0.0155179590561974 0.0105771984856601 0.999450193879004 0.0839276890083652 0.00728312026585376 0.0202788093744695 0.011827040689557
0.00799551289303146 0.999966864904639 1 0.0856963437405237 0.00611616778329427 0.00364820831650481 0.99999997770969 0.00202817074686035 0.0141617193939451 0.0249437724045968 0.00512337245473071 0.232257733956151 0.00326275613089233 0.0138958055145156
1 0.999999999999998 1 1 0.000764370342612564 0.000639524291354943 1 0.000480944450285015 0.000387310754404124 0.000311406897587796 0.999999777246844 0.000553820348257572 0.000641970511910062 0.000894339464767024
0.0289603912425724 0.999999435159425 1 1 0.00397099765269016 0.00461870058407732 0.0207292040206989 0.00222818772255384 0.00271602340477162 0.00938199284117125 0.00200866358131735 0.00209813139727333 0.00218002257413197 0.0124243897873917
0.000211951116762643 0.999999999944138 0.999999891020002 1 1.92612932432557e-05 4.93103320021726e-05 6.60401404224409e-05 0.0142755254672396 1 2.14739148779453e-05 0.00502720159568104 1 2.49509956667948e-05 0.000192301883767731
1.23095178239385e-06 0.98791177186022 1 1 0.584731396460469 0.999999999999889 0.00292012661160379 0.999999274731611 1.09440763584878e-06 9.70234139696657e-08 0.000222139878137462 7.20022612532567e-07 5.33751569609109e-08 0.00916807066469527
0.00479495432877908 1 0.00119222800208973 1 0.00310884515404375 1 1 0.0153721905331281 0.00187834342395077 0.00064861131140026 0.000892754565396725 0.0030080239459308 0.000705660520542439 0.00567606721126812
1.76459650103045e-06 1 0.434934023346932 0.999999999999126 1 3.20534920839055e-06 0.0028442570084386 6.30079977637088e-07 1.94591444735437e-07 1.5647985587508e-05 3.46360854552863e-07 0.00116611319976345 2.4073916227163e-07 3.08340237897831e-07
0.0549260353616098 1 1 0.808612315563687 1 0.999989693444793 1 0.0729565807631748 0.00596446201566025 1 0.00439320510857932 0.197666140232624 0.00463767410002058 0.00534210920505496
0.100868160156485 0.0547737593295375 1 1 0.0112915323036784 0.00866932610227233 0.00970690310277078 0.00974646934199519 0.00888872673864471 0.011308342804157 0.00856413771232967 0.0108032397776465 0.00863660366882746 0.0141853658057335
0.00947019140736172 0.00168039585855007 0.999999977735864 1 1 1 1 0.00472379950302604 0.0061209955284085 0.0105223625563106 0.00110756768625508 0.00202735263686005 0.00334342274519517 0.00155517699676666
0.997856857470704 0.0213301592498774 0.999999999771543 1 0.000139786716293888 0.000141553005764794 9.75080580027932e-05 7.81715633979552e-05 7.7445217147698e-05 0.00197584401044093 8.90070409669264e-05 0.0019466587378888 0.921651121936893 0.00498279155984516
0.986177059476935 0.999745584332996 1 1 0.00365530343110509 0.0535607530974659 1 0.0912714952057796 0.253580159388663 0.00402908513160494 0.00439788484197634 0.0281464425789594 0.00563565777890929 0.425043191885631
0.999999999999956 1 1 1 0.00409617598045842 5.47515379378805e-06 2.41418917856784e-05 0.000664281310967074 5.96636010652407e-06 1.46112866492576e-05 4.17119815288025e-06 5.67713599408659e-06 1 2.17858343056765e-05
0.000451613062742329 6.23750032854309e-05 1 1 3.88664571729924e-05 0.0173960180213539 0.978994439933097 0.00039585838009315 3.50241414707186e-05 3.84318982984411e-05 0.000103763363162424 4.03387040996961e-05 3.47033661479701e-05 3.96177013022303e-05
0.00913431972044587 0.220505511698815 0.0145391052171551 1 0.0607105239437625 0.00708805011355351 0.99312044099287 0.009569667746125 0.00628990729343393 0.0184050682003847 0.141138085335812 0.0135057579306839 0.00719868687997194 0.999999830480148
0.996252293671269 0.999999411587882 1 4.37081250775906e-05 4.47892516679538e-05 4.50392319428783e-05 7.25368306587759e-05 0.000241331607742645 0.000125884054299585 6.69370907717681e-05 6.70035142772418e-05 0.000118973385503596 1 6.4285924114782e-05
0.10243441461816 0.0408699089185768 1 1 0.148124199121093 0.999999994631201 0.00801669331771737 0.0143039310422294 1 0.00656424207758532 0.00608990141240828 0.0329466278005958 0.00926968827355523 0.00697304442635971
0.999745138229665 0.00367093466347757 0.999999999999656 1 0.00860284787063825 0.00808780580125346 0.0371422456590413 0.00204263378213287 0.00347843001864401 0.981868128212207 0.0712669693618491 0.998830738426869 0.0126320730529441 0.00199838281398457
1 1 0.999971336030727 1 0.000446540267510565 0.000452082389873487 0.000536190151004701 0.000333590168153708 0.000728325948209596 0.000367948224944903 1 0.00036274251450652 0.00120875610845572 0.000336179509876744
0.948551236699595 0.132815572123162 1 0.00130355913936808 0.000936838871099965 0.00102679265484229 0.00102439267064847 0.00194765480200754 0.00153650205386635 0.003150462273388 0.00171115778415887 0.000939033695914859 0.00136030129285103 0.00218512132953563
0 1 1 6.81532608126645e-12 0 1 0 1 0 0.999999999993185 0 0 0 0
0.0837010861015015 1 1 0.00627151409123761 0.00624100386318704 0.0127816040367724 0.0371817689431382 0.00756009168385863 0.0371738915209802 0.999999999999992 0.0204531577730617 1 0.00629851180966789 0.00624059313460468
1.35419152558214e-07 0.999268917178535 0.949967959672777 1 5.71331339127568e-07 0.0500324269161925 1.23294839560195e-07 2.53377059579174e-05 1.39466194482019e-07 1.6350828691003e-07 5.53160087424232e-06 1.2354898493161e-07 1.2620702749544e-07 4.75787734988131e-07
0.0209827708438506 5.93425826570515e-05 1 1 8.51172674759537e-05 1 0.000195893895735932 1 6.02740224969756e-05 0.00031477642741462 0.000145511526736031 6.80097806329272e-05 0.00139453437545867 0.814466176048844
0.206629054490688 0.0247865448694173 1 1 0.0267174536508636 0.015336862376377 0.0265643668528986 0.00977861374913946 0.0250512173609405 1 0.00837980886460243 0.999999935565337 0.980834102718106 0.00980977146626272
0.000261155031823446 0.999999999999991 1 1 0.000449673279627194 0.00248910255973145 0.000180911709107057 0.000190308783368232 0.00386737972479312 0.000248912400187429 0.00141262999837277 0.00030148398768326 0.0622501956443399 0.90396956248993
0.999978562457168 0.010958291221044 1 1 0.0185433527734943 0.0116814289276359 0.217520569989622 0.129213493762139 0.00905057778545748 0.0116658630554423 0.0599735533490374 0.00765600491441376 0.999989318614024 0.00885658995455241
0.000391465553445935 0.999999836213061 1 1 0.000557064137413521 0.000390326475531833 0.000399801039620673 0.0019312244359303 0.000602184693727303 0.000952786348102141 1 0.000500913803766267 0.999999999999992 0.00104416602187318
1.72847806856335e-06 0.000380903503499841 1 1 1.32092014792917e-06 8.47021094929623e-06 0.000115407108590482 2.08702703702324e-05 1.9053301302252e-06 5.90584830797436e-05 0.999982203287993 2.29633594517331e-06 1.31969703820456e-06 6.55519797987392e-06
0.00893445789624359 0.0324558391441685 0.999999999997432 1 0.999999997308341 0.00684240878817766 0.00751869499169577 0.00940315025651406 0.00978449900808709 0.00765601439451558 0.00614399433809687 0.0171643499491735 0.0061194268755721 0.00617138516011673
1 0.00407279607541955 0.999999999998591 0.000141737200666237 0.000307100917957492 0.000143160009580479 0.000148634905364098 0.000245433392314531 0.000131687940732927 0.000148106385806202 0.000156149157577445 1 0.000238722073529929 0.000220955546103574
1.02480584796005e-05 0.997449976670553 1 1 0.999999999995296 1.57982061521622e-06 0.999897313915919 0.0025487108334854 7.90209958245747e-07 1.30106703055688e-06 0.000380916277114007 8.88120440856177e-07 7.87409897173852e-07 1.55829525039231e-06
0.000983538508581572 1 1 0.999999999990169 0.00590951418347219 0.00122647977395063 0.0247417092399034 0.00213088101773573 0.00116632088681012 0.999999999871443 0.00565321484322767 0.00102256994233674 0.00628924056443914 1
0.000228379581938332 0.999992035866887 1 1 0.000103240187055542 7.85533751186396e-05 8.21330399081166e-05 7.44737640774318e-05 0.000108383938139722 1 0.000113688388821087 0.000291330281140256 0.410978340005127 0.00748207855586802
