[1] "Average Estimates for Betas: "
 [1]  0.05843928  0.08612035  0.21790517  0.24391210  0.03798364  0.06912936
 [7]  0.06419878  0.03818657 -0.01577431 -0.01027111 -0.06614895  0.04680767
[13] -0.03571530  0.02092681
[1] "Standard Deviations of Betas: "
 [1] 0.3934211 0.3989853 0.2719314 0.5222148 0.2760663 0.2787102 0.3210908
 [8] 0.3616080 0.4687319 0.3178568 0.5169748 0.6491568 0.6463801 0.4583135
[1] "Average StdErrors for Betas: "
 [1] 0.07160106 0.08422223 0.08766355 0.09867377 0.07160619 0.08980688
 [7] 0.07291972 0.08998732 0.08862552 0.08222957 0.09300464 0.09482840
[13] 0.08248420 0.07835331
[1] "Positive rate for exposures: "
 [1] 0.45 0.59 0.80 0.87 0.33 0.30 0.35 0.36 0.31 0.30 0.33 0.35 0.39 0.31
[1] "Q-value positive rate for exposures: "
 [1] 0.37 0.56 0.74 0.84 0.25 0.22 0.30 0.30 0.27 0.25 0.28 0.29 0.32 0.26
