[1] "Average Estimates for Betas: "
 [1]  0.022038043  0.071730624  0.209033927  0.276891756  0.009016310
 [6]  0.061264087  0.038385164  0.012244401 -0.010219125 -0.013706973
[11] -0.073224372  0.047845956 -0.056224385 -0.001594336
[1] "Standard Deviations of Betas: "
 [1] 0.3311142 0.4306267 0.2741310 0.4627352 0.2270930 0.3017533 0.2932307
 [8] 0.3940335 0.4588146 0.3439533 0.4982975 0.6026167 0.6366975 0.4639610
[1] "Average StdErrors for Betas: "
 [1] 0.08791059 0.09414471 0.09156755 0.09972877 0.08028549 0.09441897
 [7] 0.08334880 0.09002616 0.09818598 0.08833744 0.09918793 0.10713490
[13] 0.08507458 0.08681430
[1] "Positive rate for exposures: "
 [1] 0.4687500 0.5729167 0.7916667 0.8125000 0.2708333 0.3229167 0.3125000
 [8] 0.3645833 0.2916667 0.2916667 0.3333333 0.3020833 0.2812500 0.3020833
[1] "Q-value positive rate for exposures: "
 [1] 0.3229167 0.4479167 0.7187500 0.7812500 0.1979167 0.2395833 0.2500000
 [8] 0.3020833 0.2395833 0.2187500 0.2500000 0.2291667 0.2291667 0.2395833
