0.999999999963335 3.35948460161717e-08 1 1 4.85227413804523e-11 3.07120373577163e-09 3.52939899528337e-13 2.78110623419536e-09 8.04257771491734e-11 3.05422354074381e-13 0.999998972012714 5.19695397827036e-13 1 9.91318138687802e-13 6.98398197052086e-07 7.76284259096371e-10 0.999999843564433 1.25542909401588e-11 0.999999999994633 8.18667356128344e-12 2.73669975570101e-13 3.21631610233908e-13 1.40276326110467e-08 1.17927889675684e-12 9.33517452228472e-09 4.93938223655732e-13 2.44249065417534e-13 2.71116462613463e-13 1 6.01407812439447e-13
0 0 1 1 0.9999999899225 0 0.999999999999642 1 0 0 3.33066907387547e-16 0 0.999999999993248 1.96511695804702e-11 0 0 0 0 1 0 0 0 0 0 0 0 0 0 0.999999999999997 0
0 0 1 1 0 0.994264467352365 1 7.54951656745106e-15 0 0 0 0 0 1 0 1 0 0 0.999999999996637 0 0 3.36353167540437e-12 0 0 0 0 1 0 6.28386231937839e-14 0
1.21269339015129e-09 0.999999999995693 1 1 1.24119690081415e-08 1.71140955340654e-06 3.21957904780845e-10 1.46013423574232e-10 1.03737165690898e-06 7.76112507594462e-12 7.96929189306184e-12 3.62858632030338e-11 9.54158974053598e-12 7.49637019126226e-11 2.36237696071839e-11 8.35231883655752e-12 5.80034616892711e-07 1.49212930899978e-09 0.999995715921854 2.59906540733823e-11 8.31013036162176e-12 1 1 7.56150697611702e-12 1 0.998985353350605 4.30335123091652e-09 9.79971659376133e-12 8.10160827313666e-11 8.57502957529732e-12
5.91528559468202e-09 1 1 1 2.33146835171283e-15 1.22124532708767e-15 1.22124532708767e-15 2.04192218689059e-12 2.44249065417534e-15 1.33226762955019e-15 1.25455201782643e-14 1 7.88258347483861e-15 6.44395647952933e-12 1 3.21964677141295e-15 1.77635683940025e-15 1.33226762955019e-15 3.07265324295258e-12 1.03916875104915e-13 1 0.000191890645789616 2.44249065417534e-15 3.33066907387547e-15 3.54838380900446e-12 1.4432899320127e-15 1.98729921407903e-14 6.71906974503145e-13 1.56914481408421e-11 1
0.000210286060747356 2.80880897135516e-05 1 1 2.77668136311471e-05 5.07869383569171e-05 0.000150678860388553 6.47558232976797e-05 3.63002348793273e-05 0.00118300732504473 3.38055390188829e-05 3.62214271516503e-05 0.999999539815133 0.00245405477738059 8.07135609063314e-05 3.08994111438698e-05 0.000132153282038527 2.97312942676431e-05 4.57952306061049e-05 3.34605526729481e-05 0.000170601652107694 4.35331579982101e-05 3.04768815668766e-05 0.000125860770056385 0.000111751287563133 3.67270385863705e-05 2.99745197553936e-05 0.000173920148301088 1 5.741269398718e-05
0.999999999988111 1 1 1 0.00180870765218577 0.00134407764174549 0.00147907620757415 0.00153729798104141 0.0057012150740734 0.00135899529293471 0.00124819781143792 0.00261987613736814 0.00120649084510116 0.00126779729448623 0.00114948693295691 0.00112081991245605 0.00132486108201524 0.00213176802148052 0.00168383287612528 0.00321742338034647 0.00111940655103882 0.00130958979148799 0.00192809455210308 0.00141799500338735 0.00749838127512947 0.00200189244048554 0.00315493941551026 0.999999999739849 0.00212963595382454 0.00136486130668201
5.84532422465145e-13 7.79296627229087e-11 0.999999999918312 1 1.34336985979644e-14 5.29712842034513e-06 2.29561925024768e-11 0.00220456962646998 3.33066907387547e-15 1.68753899743024e-14 0.999999786330165 2.77555756156289e-15 1.29229960066368e-13 5.44009282066327e-15 0.999999999997141 4.54982718167685e-11 7.39182093090207e-07 6.32827124036339e-15 1.19090293182467e-11 0.999999999999988 0.999999997073312 4.21884749357559e-15 2.44249065417534e-15 2.09832151654155e-14 1.51634810596768e-07 1.02408337365745e-09 4.10782519111308e-15 0.999984492065407 0.999999966350596 4.18554080283684e-14
0.0154169479744076 1 0.998050649830948 1 0.00571763483331267 0.945777381238348 0.00102075217237496 0.00141526445980156 0.00372692428249266 0.000435016459930715 0.000419003048614197 0.00484995425645907 0.99999976104935 0.000386203844821242 0.000372192628936618 0.999904801893476 0.999994532697795 0.999999319159275 0.0011014743418255 0.00981132341650504 0.0149567774556038 0.001286327660178 0.00519670930271943 0.000361790718500066 0.000402185499520424 0.0160758150258569 0.0870453923622463 0.00210112013477481 0.0661182819882969 0.000364503978556474
0.99542677218469 0.00298143352817593 1 1 0.999992150142068 2.53849575915233e-07 1.45178313815109e-10 4.1314729415376e-12 5.2951554252445e-10 3.41870438624881e-08 2.70006239588838e-13 1.0513623305286e-10 1.15514674492445e-07 1.03106412296938e-12 1.2534417948018e-13 1 8.58835225159282e-12 0.999999836045207 4.48641124251026e-13 1.28896893158981e-13 1.99209093665331e-10 1 0.999999999992016 1 4.09194900186094e-11 3.14415160573844e-13 2.31624719404522e-11 1.2490009027033e-13 1.13328235684662e-11 3.4697711370768e-10
1 1 1 1 0 0 0 0 0 0 1.11022302462516e-16 1 0 1 0 0 0.9999999999971 0 0 1 1 0 5.12438647071178e-10 0.000132381977744567 4.88498130835069e-15 9.72236074869848e-07 0.999866640786158 3.59080543077539e-11 0 4.4112071773128e-09
0 1 1 1 4.44089209850063e-16 4.44089209850063e-16 0 0 0 0 1 3.45512507493595e-12 1 0 0 2.22044604925031e-16 0 1 0 1.11022302462516e-16 0 0 0.999999999995966 0 0 0 0 0 0 0
0.0354683706983326 1 1 1 0.00155736170440512 0.00313837797890137 0.00138074936691068 0.000967051409479058 0.00124951835668041 0.00115716742114913 0.000972068766026957 0.00101557963850996 0.0016580405193054 0.00384101214752963 0.00136109896904357 0.00100777388617945 0.00100652444814808 0.000969826492353554 0.0010105565681201 0.00833172525133641 0.00228350599950089 0.000973194211123518 0.999232786680055 0.00235818139521526 0.00100081023900356 0.000966553994037445 0.991989918147851 0.00230330982432525 0.00220870408726193 0.00136895490197531
0 0 1 1 0 0 0 0 0.999999999999926 0 0 0 0 0 1 0 0 0 0 0 1 0 0 0 0 1 0 1 0 1
1.82043269347787e-12 1 1 1 3.2650324814254e-05 7.25863813499927e-13 6.31383834104327e-13 1.16273657368993e-12 4.73709960147062e-12 9.88653603428702e-13 3.0355717939301e-12 2.30290660208077e-07 0.999999989026551 6.26165785888588e-13 1 0.999964731851107 0.999999999999901 1 7.53064277603244e-12 7.19535542259564e-13 2.3256769924318e-06 8.1512574467979e-13 4.86373163965936e-11 5.61051205494323e-12 6.86861678644846e-12 5.25179899568684e-12 6.34384311748448e-09 5.74620495630285e-09 1 3.47466500016935e-12
1.54237406996272e-05 0.999999999999985 1 1 2.76048752367863e-06 2.59296948035281e-06 2.49179108605668e-05 9.91865574340167e-06 0.000736705111130553 2.02420983879126e-05 1.40914994916086e-05 0.991078448307663 2.58691949950318e-06 2.96404177158038e-06 4.74625177843135e-05 3.11194599090792e-05 2.16202582435931e-05 1.25127823277227e-05 2.78720385038511e-06 9.29504938318448e-06 0.999896032882036 0.99964751733773 3.00689161125689e-06 1.48899718479534e-05 2.57067722808646e-06 0.999999992655036 1.49510703411071e-05 3.79695826291382e-06 0.000507865449806966 0.99999999998307
0.999227927916523 0.999999999993134 1 1 2.04680112414479e-07 1.80816994121979e-06 1.30548764909477e-07 1.81236305563104e-06 2.57871782903818e-05 1.54635956151061e-07 2.33144427541632e-07 1 1 1.47320656118666e-07 1.06675047795157e-07 3.02520741872758e-05 5.36635792114382e-06 3.65241543343053e-07 1.34274508734045e-07 1.03948521399388e-05 9.1433888440573e-06 2.51496178438337e-07 1.05564466057473e-07 1.08837455159438e-07 0.000325515623747719 2.14447248314542e-06 2.4549447468214e-06 0.999999997360834 2.7960975335084e-07 2.32572846770029e-06
1.6886581910569e-08 1 0.999999119462525 1 3.88478615942489e-09 1.64894275145322e-06 4.36122227220892e-09 4.92650464867239e-09 9.32537103093267e-09 9.97436400140828e-09 1.88488911145868e-08 2.43787554254915e-07 2.94743354944949e-07 1 3.81693998630084e-09 0.999999999973494 3.80078975847908e-07 0.00330882863717574 2.30912845511355e-08 8.45924919001817e-09 7.37894931823746e-08 1.70198917333053e-05 0.99999999999718 0.00638639430678734 0.993689088384849 4.36206263521033e-06 5.36193662803441e-08 6.00612704015901e-09 6.55691772766254e-07 4.40661759526506e-07
0.999995995759552 0.999999770533426 1 1 0.990865685853686 0.996920497300421 2.13536808124637e-07 1.26187242766029e-07 0.000220186529398925 7.36997383821159e-06 9.71111655483359e-05 6.61804453250259e-05 2.28584851624802e-06 6.51624426528663e-07 0.999568806862783 1.34841707244426e-07 0.999999999945236 2.38136856678395e-07 6.43053179039121e-07 1.62502741929416e-07 1.37739467165332e-07 0.999557648400515 2.85966505808588e-07 2.29516213257064e-07 1.25144725027226e-07 2.02871741294963e-07 1.4553848093346e-07 3.52175018814016e-07 2.21364356400855e-07 1.62227337674459e-07
0.999998206627794 1 1 1 0.00114171622820669 0.00784806359897905 0.000913789396194686 0.00107497574629167 0.000908939633232242 0.000906270236088913 0.00327506040629144 0.00383042849390935 0.00110417784554573 0.00188172075496629 0.000972976207336274 0.00100244910396163 0.00265406806293489 0.999896998529974 0.00458473897611911 0.00119363059582522 0.00311622994101701 0.000906103029144734 0.00320607522782157 0.999977734666802 0.00259390208882537 0.0912981103403195 0.0125298807772327 0.000918573787411447 0.0115794430846347 0.00127450915418215
7.36079530661016e-10 1 1 1 5.44322920070783e-10 5.13325604245551e-10 0.999967457194412 3.30724780894798e-10 1.05615614920396e-07 5.2631989877483e-09 8.50876870073236e-08 2.01637095909035e-09 2.04740890907829e-09 1 4.34885127909013e-10 0.999999983577514 8.75888461759899e-08 1 1.22722355999638e-06 2.41082515728408e-07 3.77528230899316e-10 0.999972044541116 4.21700152575255e-09 6.28246210609973e-09 3.25768634290569e-10 1.50893209038827e-09 3.28411520200689e-10 4.45359638057141e-10 9.01523258933778e-07 3.68838848352482e-10
0.984518747378681 0.994789794787545 1 1 0.000381213400657998 0.000734193876947842 0.000481234889976201 0.000380562356965264 0.00073942725050935 0.000391308396292089 0.00101067885791339 0.000553475088231337 0.00702402128689394 0.000909884646338566 0.00211234628746548 0.000379365376939722 0.000773278252842347 0.000462228092477424 0.00104733643597721 0.00248191204729209 0.00174103096306866 0.000391625841064669 0.00137943589101719 0.000774954607025813 0.000384661501706574 0.000388399784712834 0.00110862620257379 0.000906587202645914 0.00053313312507508 0.000839085685329866
0.881038906786381 1 1 1 6.14658324238349e-11 0.999158689486663 4.55191440096314e-15 8.54871728961371e-15 6.49471887381736e-09 1.06581410364015e-14 4.66293670342566e-15 7.99360577730113e-15 1.0769163338864e-14 1.46549439250521e-14 4.55191440096314e-15 1.38777878078145e-14 9.76996261670138e-15 1.73667191738502e-10 5.32907051820075e-15 1.28541621791101e-12 2.04281036531029e-14 8.10462807976364e-15 2.95319324550292e-14 1.0991207943789e-14 2.19491091968393e-13 3.80806497446429e-14 2.78665979180914e-14 1.08801856413265e-14 5.53079804177514e-12 1.91640037172647e-11
0 0 1 1 0 6.66133814775094e-15 0 1 0 7.98244248478852e-09 0 0 0 0 0 0.9999999949815 1 0 0 0 0 2.38612463121513e-11 0 0 0 1 0.0119537069447565 0.999999999999999 0.988046290003228 0
0 1 1 0.999590444329502 0 2.18935980456081e-13 0 6.32827124036339e-15 3.36453087612654e-12 0 0 7.7715611723761e-14 0 3.3584246494911e-13 0 0 1 0 0 0 0 0 0 0 0 1 3.88578058618805e-15 0 0 0
2.22044604925031e-16 0.999960855746186 1 1 6.031775079407e-11 0.999994313756248 4.94959628838387e-12 2.43822723122733e-08 4.44089209850063e-16 7.7715611723761e-16 2.49045228883915e-12 2.22044604925031e-16 4.44089209850063e-16 8.91844623651661e-06 1.66422431391311e-13 0.999991056269419 1 1.22124532708767e-15 0.999999999992876 5.17363929475323e-14 2.10261807964685e-11 1 0.999999999999992 2.96540569877379e-13 6.78546108190403e-12 7.22871984493167e-10 3.33066907387547e-16 5.28821431089455e-12 1.46549439250521e-14 1
0.999999999999953 1 0.825579289444872 1 3.18550403851647e-05 1.11878425412826e-08 4.42599068506411e-10 2.9190271311208e-09 4.46836859291366e-07 1.13658360501034e-09 0.00225674455198299 0.999999927027137 1.9881907231678e-10 4.27232360600271e-10 0.999962566008983 0.000135616012983952 0.997061952956594 2.17364570787026e-10 3.20392368191591e-09 2.30421237645828e-10 4.04865696523871e-10 7.10862414488034e-08 0.999999999999999 4.59658644480498e-10 6.23949447664529e-10 2.69490318949295e-10 9.19165854540438e-10 6.9335398644732e-08 1.24713851801239e-07 2.3801272064361e-10
4.27660684643172e-10 8.45708092445108e-09 1.08268949361445e-12 3.16568993241617e-12 9.62674384652473e-13 1.32064856901426e-05 5.40461675413439e-10 1 0.00699020806787454 1.30526303099288e-08 0.000343444261313719 2.7201574326341e-12 1.52597490199469e-10 1.57995838634406e-12 1.34325883749398e-12 1 1.01230579474532e-10 1 3.64441810063454e-12 1.89670501526962e-12 1 6.45918058039818e-07 7.49700301838629e-12 5.47395462291433e-12 0.000134849764187539 1.22024612636551e-12 1.43259777485305e-07 1 1 3.60615430738953e-07
0.999999998785931 1 1 1 0 0 0 4.44089209850063e-16 0.999999999999949 0 0 0 0.999999999999155 0 0 0 1 0 0 0 0 1.11022302462516e-16 0 1.11022302462516e-16 0 0 0 0 0 0
0.99999999964776 1 1 1 0.000931531240231598 0.106321406921312 0.000776987842480037 0.0382601913332203 0.000810133068406049 0.000741309733160667 0.00146808807508714 0.000841111577566167 1 0.0245126222500649 0.00524072149623023 0.00960512592585716 0.00170714377078351 0.000763382726753914 1 0.010105345777615 0.000730883644947 0.0258005082911965 0.00200282195833146 0.996313670924786 0.00332758461720217 0.000738882202816704 0.000968348714860845 0.00167358201488244 0.00156775359183348 0.000921030653800003
0.999999952962344 0.99618844662083 1 1 0.000892737266279253 0.00100069326498875 0.00244739412593242 0.00141812330871094 0.00330308654497025 0.00297825068459168 0.000812737372683947 0.00558819596198923 0.000875877681942416 0.00101490823727279 0.000835931291982561 0.000912585012848188 0.000909207490491282 0.000815878420460048 0.00414662115265951 0.00278998101815442 0.000806539976427767 0.00131781398911401 0.0014519988229682 0.00111293948781832 0.999999999999549 0.00198978734677446 0.00107757789792695 0.0010478417750458 0.000863918288233512 0.000824716200110154
0.141019405022036 1 1 1 0.0363246409682588 0.00153092436572411 0.0012173275463786 0.00262314715011858 0.00258687663316315 0.00130846068234058 1 0.00529854689755738 0.0111482406878942 0.0168253573670559 0.00546772722884481 0.0132463268679596 0.00123771598325584 0.00128829205046532 0.00127238547279418 0.0166315242529981 0.00331175388862315 0.00568076760271286 0.0184906486073411 0.00186375919079362 0.0380418896814653 0.999833281029283 0.00120570750279525 0.00232272293670921 0.00563813081323827 0.0014535192362195
0.999999999930963 1 2.55097161172557e-08 1 0 0 0 0 0 0 0 0 0 0 4.32986979603811e-15 2.27223795334908e-11 0 0 0 1 0 0 0 0 0 0 0 0.999999999977261 0 0
4.26819690702018e-11 0.999999999999999 1 6.5800032089669e-11 4.38639347066783e-09 0.0164616464371928 3.42940897901656e-10 1.55656043610009e-10 4.21553791873919e-10 3.06152880824584e-11 9.59126111865771e-11 3.67969575310045e-06 8.25610446675284e-09 0.983470217379737 0.999999483079531 9.14575082333613e-11 1.68273830439825e-05 4.96200991406681e-09 3.72496503087127e-07 8.04462874093304e-09 0.999997833385177 1.6205636832467e-10 3.85698140092927e-11 7.65739804897692e-10 2.23395250298353e-07 1 0.999999957650709 4.19229530909115e-05 1.18052382824807e-06 6.42772501890931e-11
0.999999999984204 0.999999999998732 1 1 0.905019907533494 8.64921966481358e-06 2.64272104133489e-05 3.83764377901441e-05 3.62393404564898e-05 1.67460877876779e-05 0.00133478827065348 0.00245763763592444 2.05635010420702e-05 7.55097889537648e-06 0.774996375920655 2.65785962041409e-05 0.165478090933594 1.62371353914503e-05 0.00520211333697385 0.999991135878955 8.41682886421058e-06 0.00030574682881801 5.41032583052381e-05 0.0114219491085356 2.43897049392316e-05 0.00139777439644728 1.35993345561358e-05 0.000633990167626663 1.47535549301914e-05 0.000904607030163929
0.00604617120473305 1 1 1 0.000666693187866607 0.000351432853640476 0.000374911298298475 0.000922935266201241 0.000694213952720735 0.000475975468682721 0.000425576574786479 0.997051005494141 0.000363721991711752 0.999999129058539 0.00184886453305544 0.00140584156713464 0.000349836437783191 0.00225642478587007 0.00469233107249145 0.000349930901543782 0.0200146457399868 0.00118987284060235 0.999999999999645 0.000352589383055713 0.000531232276824278 0.99992242039798 0.000703992398376818 0.000411063141037005 0.999999998837967 0.996698307824481
2.92535854840015e-06 3.71230879370188e-09 1 1 1.31252930746228e-09 2.34532815390764e-09 0.992457966154381 1.46877254803002e-09 1.64246916067867e-09 2.03091998459692e-05 0.000210644872509769 2.39725556405723e-07 3.63259988755971e-09 9.31732923037387e-08 1.46412556634168e-06 1.01059536961046e-07 1.6748329578764e-07 0.999742051538265 1 1 0.000564995865655948 1.13116105371347e-09 0.999999999759505 2.27422312093495e-08 2.79666723113081e-09 0.999999998995373 1 3.39358462442263e-08 8.97969427704481e-08 4.6067855086207e-09
0.99999998354132 1 0.999999999953091 1 2.28331464846576e-10 0.996979283915861 6.87682466526951e-10 0.000281526177812408 4.0510417242956e-10 8.38015767889999e-10 7.51584461333721e-10 2.93845170418194e-10 2.78895018190894e-10 1.60536580695592e-08 2.38876363134466e-10 2.95062974053906e-10 2.55083620892549e-10 6.00569205477797e-09 0.96868208928416 2.64425381590883e-09 2.4666002573781e-10 2.6340986503115e-08 0.999926465789653 3.06360825597096e-10 9.55950318903831e-10 4.97638066310202e-08 0.0293517752740056 9.10064690273771e-10 3.95710686440509e-10 1.2843905716764e-08
0.999411768013433 1 0.999999999899169 1 0.00100305190740058 0.0477411748419178 0.00317991564592823 0.0042319241932256 0.00221005928331885 0.00253568414882543 0.998193200761077 0.00156907015951069 0.00147622949579773 0.00119238791118204 0.0321039197560505 0.0251244709791085 0.000888403455820308 0.00210252639799924 0.00641000898940558 0.00161847804385129 0.000944085123174232 0.00391370219543896 0.00101906054795919 0.0153875090929328 0.00105017573991262 0.0477493431833163 0.00195596005235699 0.00318117234414073 0.0259812879299953 0.0045343914029865
0 0.999999999999861 1 1 0 0 0.999764758987133 2.60429788845329e-10 0 0 0 0 0.999999508036682 0 0 0 0 0 0 0 4.77395900588817e-14 0.000235670663391252 0 0 0 0 0 1 1 0
0.999852836833676 1 1 1 0.000276529732365693 0.00176595445114036 0.000224007444983187 0.000351630404747172 0.00428040919868489 0.000248179434677365 0.98305095291609 0.999999955735474 0.000691867973817262 0.000249602789594072 0.000538722966271221 0.000633791087876867 0.00192147653353347 0.0017130730579723 0.986929105033059 0.000795602299693776 0.000223538307066784 0.000229471292638839 0.00518513488001127 0.000408476355779452 0.000406334872506298 0.0188523523144001 0.0288753042932216 0.000305133863940155 0.000586944686402302 0.000251433615528818
7.78917578458937e-06 0.999999999999658 0.999878644486653 1 1.04632896368306e-05 1.60987078356989e-06 6.49437818922571e-06 1.69555821138978e-06 1.24220061636926e-06 0.0155619111526077 2.96870851224096e-06 1.34029653353629e-06 1.62074124809841e-06 0.999996513595752 1.37860896332054e-06 6.45448960290285e-06 2.4121022726975e-06 1.16442609296996e-05 1.92824478029152e-06 1.5306037247198e-05 0.982220254801053 1.14026910428278e-05 2.38582421208111e-06 6.3175209590316e-06 1.83121948160725e-06 1.32460922175337e-06 1.11654991390431e-05 3.6951565428045e-05 1.34338100665765e-06 1
1 1 1 1 0 3.78030939884866e-13 0 7.06298425068308e-06 0.955384751908907 6.03461725035004e-12 0 0 0 1 1.765254609154e-14 1 0 0 0 0.999999999931249 9.20711688001674e-08 3.50131035276036e-11 7.28794802284938e-12 0 1 0 0 3.29696270284785e-11 1.03579989030322e-09 0
0.999999992038538 1.19354089611612e-07 1 1 4.49931283341698e-08 1.02349656955214e-05 5.4705824537038e-08 2.48672629465929e-05 1.62549763982334e-07 2.43889915929607e-07 1.7959805909129e-07 4.67579116125716e-06 0.000723433153252184 1.3603522019956e-07 1.12383456873921e-07 0.999958462587681 7.64337576564245e-08 3.09685850297114e-08 3.5501906081592e-08 3.66157772990761e-08 5.88223543207533e-08 0.00635487515881106 1 2.22012457210541e-05 0.999999997078624 0.999613669895727 3.10251833668396e-07 0.992816355066748 3.08534846560349e-08 5.89438364784201e-08
0 0 1 0 0 0 0 0 0 0 0 0 0 0 0 1 1 0 1 0 0 0 0 1 0 0 1 0 1 1
0 1.11022302462516e-16 1 1 3.21964677141295e-15 3.33066907387547e-16 6.66133814775094e-16 0 2.1094237467878e-15 1.11022302462516e-16 1.11022302462516e-16 1 1.23900889548167e-13 1.49880108324396e-14 1.88737914186277e-15 0 4.48385772955362e-12 1.18922871550353e-10 6.10622663543836e-15 0.999999999999999 1 0 5.55111512312578e-16 1.31746385167997e-06 0.9999999998812 1.04360964314765e-13 7.04802882722788e-12 0.0001492848653184 9.99200722162641e-16 0.999849397570582
0 0 1 1 0 0 0 0 0 0 1.14964171515908e-09 1 0 0 0 0 0 0 0 1 0 0 0 0 0 7.47979678195065e-10 0 0 0.999999998850351 0.999999999251995
3.57443353272702e-05 0.999974447092417 1 1 5.22429416316417e-06 5.76351354730775e-06 1.68239363155243e-05 0.205236979583305 4.30555545387623e-05 0.00604063697288137 1.06284020429115e-05 5.53363457067579e-06 5.71401418492101e-06 7.55664934981581e-06 4.19444811261549e-06 3.36162123116823e-05 5.45849360422679e-06 6.23357962947768e-06 4.17716441702964e-06 4.14323862574228e-06 4.84527121533684e-05 1.53097868793584e-05 4.9074481851652e-05 4.9142168613292e-06 4.3288915266837e-06 4.43850068576612e-06 5.08888903039129e-06 4.42232911301854e-05 7.6389178529368e-06 4.19627247416621e-06
0 0 1 0.99999999999979 0 0 0 0 5.22915044598449e-14 0 1 0.000220452886295686 0.999779547113534 0 1 1.86239586530412e-06 0 0 1 1 0 7.7715611723761e-15 0.999996909011225 0 1.22859302009726e-06 0 0 1 0 0
0 0.999999992696518 1 1 0 0 0 0 1 0 0.999999999999714 0 0 0 1.66596736406177e-11 0 0 0 7.09157410572203e-09 1 0 1 0 0.999999999983476 0 3.33066907387547e-16 1.10795816965492e-11 0 3.03423952630055e-13 0
0.999990402872089 8.69050720275766e-10 0.999999999957796 1 2.96428870338872e-09 2.00744976197598e-11 3.86177756439565e-11 1.19514398377873e-11 2.21755946938629e-11 1.09006115245336e-09 1.20138343717713e-11 1 1 1.20643495193917e-11 1 1.34606770174628e-11 4.77096362416773e-10 1.13202780482879e-11 5.8536525184838e-06 2.31030554409539e-06 1.99389060817623e-09 1 1 4.48573967304355e-07 2.27913532491186e-09 2.61028199055602e-10 1.12148068609486e-11 1.24451560168382e-11 1.79974690706075e-09 8.84528006395158e-11
0 0.999999999999999 1.81059354407154e-05 1 1.30218856475572e-07 0 0 3.95419252896545e-11 0 1.48769885299771e-14 1 8.10462807976364e-15 1 0.999999999928595 1 0 1 0 0 0 0 0 0 0 3.33066907387547e-16 0 0 0 2.22044604925031e-16 0
0 0 1 1 0 0 2.75968137231075e-12 2.22044604925031e-16 0 2.22044604925031e-16 2.77555756156289e-15 4.44089209850063e-16 0 0 0.999999995416733 8.54871728961371e-15 0.999999999992304 0 1 1 5.96189764223709e-13 3.92497145895732e-12 1 0 1 3.31545901843810e-12 3.44968498211529e-12 0 0 0
0 1.4265810754921e-11 1 1 0.999948007060777 0 0 0 0 2.22044604925031e-16 0.999999999999999 0 1 0 1.11022302462516e-16 0 0 3.33066907387547e-16 0 0 0 0 0 0 0 1 0 0 0 0
0 0.999999999930041 1 1 0.999999995912614 0 0 0 0 0 0 1 0 1 0 0 0 0 0 0 0 0 1 0 0 0 0 1 0 0
0.00807420477564147 1 1 1 7.88500431614381e-09 3.53433422306537e-07 3.93199117709742e-09 0.00284406440682794 7.48655412108334e-08 6.51024375519782e-08 1.1331620641819e-08 3.31944094433823e-09 4.46544625720691e-08 1.03435141478592e-05 3.59029095342578e-09 3.0781768245447e-09 3.95659228713541e-08 3.53911788764094e-09 1.01592844137244e-08 4.09041611693084e-09 4.04059926657485e-05 6.51015663599708e-09 1 3.48838313790623e-09 1.48383888509684e-08 1.3806946581596e-06 7.00584801283100e-09 6.50683297676036e-06 1 4.70424150744719e-08
0 1 1 1 0 0 0 0 0 0 0.00130582751709207 1 1 0 3.33066907387547e-16 0 0 0 1 0 0 0 0 1 1 0 0 0 0 0
7.22907551709007e-07 1 1 1 3.67427754888183e-10 9.00057806063614e-12 5.16586773358085e-13 4.35522728992055e-11 4.40208086094351e-07 1.11288755988426e-12 1 5.13333819895934e-12 5.79915782061846e-10 3.99991560984247e-08 1.3319242138099e-06 1.67621472257906e-12 8.87179218977963e-13 4.29989377437323e-13 2.45870379611546e-09 9.22928400370893e-13 5.13034059679285e-13 0.999985467135658 3.41948691584548e-13 1 2.36055619495801e-12 1.11821663040246e-12 7.73542341292455e-11 1.2543299732215e-12 8.47122372249487e-12 3.46944695195361e-13
7.70494779089859e-14 0.00760061253797439 1 1 0.999967589878982 0 0 0 1.97619698383278e-14 0 0 2.60902410786912e-14 0 5.52891066263328e-14 0 0 0 0 0 0 0 1.06581410364015e-14 0 1 9.6591401543833e-11 0.999999999923888 0 2.44249065417534e-15 0 0
0.999999811187064 0.999999999999995 1 1 0.0109740991543109 0.000872997430693911 0.0206189280749554 0.00116624072264737 0.00127589011752294 0.00107783730191835 0.99999989697315 0.000830261495223583 0.175854998183851 0.000858264783668683 0.0104346074118729 0.00141005488737356 0.000880759546201815 0.00104796215431302 0.000928476086562546 0.00332251106783776 0.00196770503540178 0.00224127234352056 0.00161504123203993 0.0017127914821321 0.00105663184073534 0.00210559872822924 0.999825097457725 0.00106605856202335 0.00137146853386239 0.00114497656569046
1 0 1 1 0 0 2.28372876165395e-13 0 1.45472967005844e-10 1.22124532708767e-14 1.34946287477788e-09 0 0 0.999999999999993 2.17603712826531e-14 2.27939889185791e-12 1.85629289717326e-13 0 0 2.89428620625642e-07 0 0.999999999897809 1.59205926220096e-08 4.44089209850063e-16 1.1432682911483e-08 1.85862436552497e-12 0.999999681533979 2.0935586597659e-11 0 0
0 0.999999999682975 6.77236045021345e-15 1 0.999999999980638 0 0 0 0.999946957270317 0 0 1 0 0 0 0 0 0 0 3.17024850815528e-10 0.999999845846158 0 0 0 0 1 0 0 1 0
1 1 0.999999999996185 1 0 0 0 0 0 1.73194791841524e-14 0 0 1 0 0 0 1 0 0 0 0 0 0 0 0 0 0 0 1 0.999999999999983
3.33066907387547e-16 1 0.130719178721592 1 0 0.999999998007246 0 0 0 0.99999999999836 0 0 0 0.999999999999996 0 0.999999999999995 0 0 0 0 0 3.88578058618805e-15 0 0 0 0 0 0 0 0
0 0 1 1 1.16969767205433e-10 1.52609513914825e-09 0 0 0 0 0 0 4.69513317113979e-13 0.999999999999726 0.000506616080743094 0 1 0 0 0.999999999882178 2.73669975570101e-13 0 2.67509348006456e-11 0 0 1 0 7.66497976201208e-13 1 0
0.00025296221073523 1 1 1 0.000372476853608084 4.82693953429703e-05 7.41936331504212e-05 0.000282017677727731 6.68250692430483e-05 0.000626495880703848 7.85981487951837e-05 5.60359449005565e-05 8.31826235079269e-05 0.000110229118125527 9.56897802313339e-05 4.26472718305648e-05 0.00024264969002874 0.000240211587410277 0.000160173612570591 1 0.999996016628478 4.26904080956803e-05 1 4.47657899036447e-05 0.999999729756002 5.51456455306631e-05 4.29821194628532e-05 4.76101215443059e-05 0.000176215189995332 0.000260033152490791
0 1 1 1 0 0 0 0 0 0 0 0 0 0 0 0 1 0 0 0 1 1 0 0 0 1 6.94111434995648e-13 0.999999999999306 0 0
0.000410527586638176 0.0348159760359701 1 1 0.000699726883112817 0.000390078770317159 0.000511325487359549 0.000576859545733277 0.000716662718391659 0.00144649031393296 0.000496080154176015 0.000869243202218151 0.000495176846083023 0.000558979071582422 0.000453016015007912 0.00105413446969771 0.00039667540004007 0.000599702742524189 0.000429578977086287 0.000392991953389821 0.00169814904501409 0.000585020218216714 0.000918456642544196 0.000392218281130785 1 0.999999999999712 0.000391127091459387 0.00116509417804977 0.000468673053538926 0.00129576348037119
0.999999999989359 5.97529015711196e-06 1 1 8.18453839268596e-06 1.21025411914388e-12 2.67190825020691e-10 2.97628719447829e-08 5.18934895055168e-10 2.1778386982696e-08 4.53460966554076e-08 3.16069392880536e-12 2.00051086807207e-12 8.40050251582625e-12 1.17469401983428e-08 3.68316488419396e-12 1 0.999779507781729 9.30466814708097e-12 1.47126755223326e-12 1.56228363579203e-11 1.16279666895203e-07 1.95565785787721e-12 1 1.2964074258548e-12 0.000213860414353229 2.70494737719673e-12 1.28042021430019e-11 1.17694742840513e-12 1.80655490567005e-12
3.02942858609878e-06 0.997675395993989 1 1 6.70222884968652e-08 0.0152460912518166 9.3812193902032e-08 1.36611723378088e-07 1.42976851813525e-06 6.50550440184361e-08 1 0.999999797240612 1.32326442106034e-05 7.44411153830171e-08 5.15988014161417e-05 0.000338511537862907 0.00606727757808256 5.02187997186709e-07 6.60001492347462e-08 6.9507131605917e-08 2.24261765158218e-07 0.99999999997804 0.000951057067176242 6.54912085673587e-08 0.9999999973087 6.57874577036921e-08 1.94113151996689e-07 8.47220732203002e-06 0.96838785006728 3.41827569250164e-07
0.999999999966436 0.913927149494563 1 1 0 3.68159946972924e-11 0.999999999910627 0 0 3.44169137633799e-15 1 1.4432899320127e-15 8.24229573481716e-13 0.00309197089826829 1.11022302462516e-16 0 1 2.11393036408936e-09 0 9.77096181742354e-12 7.47679695933812e-12 2.23517636066539e-06 4.05675493198032e-13 0 0 0 1 1.11022302462516e-16 0 1
2.01230506702288e-08 1 1 1 1.83274834865133e-05 1.74844361211512e-10 0.104007995533185 2.5113134827226e-07 7.69300179115362e-11 0.000321705671861183 2.66102584411954e-10 2.90631962940324e-10 3.4677150040352e-11 4.35403719745153e-08 0.999999213502206 1.28243449193377e-09 0.999961451265222 7.3022365931763e-11 8.99250673924712e-11 3.87742060681262e-11 7.25192128570029e-11 0.989656390017613 2.61387262945334e-08 3.01162428328894e-11 3.08437185791988e-08 4.0896841468907e-11 4.27057278429288e-11 3.01423330739681e-11 1.22549415060291e-10 4.56921644964581e-09
0 0.999999999998654 0.999999999999999 1 2.22044604925031e-16 0 0 0 1 0 2.56572540990874e-13 0 6.66133814775094e-16 2.90212298637016e-13 0 0 0 1 1.17034160140861e-11 0 0 7.06059877231269e-10 1 0 1 0 1 0 0.999999999281688 0
0.000643543488226261 1 1 1 0.000671086598861059 0.000531239303220854 0.000968403628890391 0.00058356394922876 0.000577577231903659 0.000553897191925889 0.044844853701796 0.000649797359146165 0.0121733818745966 0.00147496526294921 0.0012019387877692 0.000959011775809593 0.00572628852153922 0.0010638879993683 0.0018334432345618 0.0104591114504341 0.00307523596173398 0.000596622315278683 0.999999999998511 0.136354636531891 0.00517966119556657 0.000559055549118281 0.0012630942021522 0.00322009233881271 0.000549794314977814 0.00325046245977678
9.99200722162641e-16 1 1 1 1.11022302462516e-16 9.99200722162641e-16 0 0.999968574631165 0 2.22044604925031e-16 6.19504447740837e-14 2.22044604925031e-16 0 7.6069383014854e-09 0.999999994112873 0 5.6621374255883e-15 0 1.11022302462516e-16 1 1.35225164399344e-13 0 0 2.53130849614536e-14 1.30451205393456e-13 0.999999998273077 3.33066907387547e-15 1 1 6.66133814775094e-16
2.48789877588251e-11 0.999999995381651 1 1 1.2374545832472e-11 4.66304772572812e-12 1.707951557961e-09 3.45801165479998e-12 1.79111725451264e-10 1.7001068330913e-09 1.43102671990025e-06 7.77018449582556e-11 4.8686610298887e-12 1.33741351326933e-10 1 1 1.42190703655842e-11 1.58294832797168e-07 2.0321437865789e-09 5.10325115499199e-12 0.999902886601632 3.54597462504103e-11 6.38823660636945e-09 9.43699623789929e-05 0.999999999999844 1.30488952976293e-11 1 4.34182689801332e-11 2.0816728452111e-08 6.47137898823757e-12
1.4432899320127e-14 0.999999871563937 1 1 0 0 1.68546288037419e-11 0 6.35024724104927e-06 0 0 8.31362756414933e-11 0 0 0 1.90223392593225e-11 0 0 0.999694008730126 0 0.999999999916864 0 1 1 0 0 0 1 0 4.44089209850063e-16
0.00163864082846499 0.999999999951867 1 1 0.000499551337215798 0.00639410834794496 0.00176062790188458 0.000549501059404212 0.000416071887953673 0.00221987021461767 0.000629970326716078 0.000345169409068258 0.0131168756875392 0.000475411530594938 0.000350195799616149 0.00181405407287027 0.000357508860564848 0.0003470876959355 0.000409687208765219 0.00182560746752858 0.000416007624507886 0.000718893487202221 1 0.000364664116100588 0.0185797398842894 0.0019772010904 0.00119464815313963 0.000551524857368868 0.000344396665668878 0.000491192500447046
0 0 1 1 0 0 8.54871728961371e-15 6.203548785777e-11 0 0 0 0 0 1 0 1 0.999999999937679 0 1 0 0 2.41584530158434e-13 0 1 0 1 0 1 0 0
3.45930099565628e-07 1 1 0.999999484827276 5.66685587344296e-09 3.40196382175861e-09 0.999995470524246 3.35266903128684e-09 2.09440412901607e-07 2.32967378721582e-09 6.0240147425894e-08 3.91819166001284e-09 3.44680095576422e-09 2.17087534615246e-07 6.57090459821319e-09 2.67431043976529e-09 3.12579867844942e-06 1 6.04926908565062e-09 3.97596966461577e-09 0.999570586199169 2.35966490791384e-09 2.10712303161387e-07 0.999850473857633 2.38661268525675e-09 8.15389256114685e-09 4.00268337494847e-05 2.55054133369015e-09 1.05502651726042e-07 2.47016802568112e-08
1.57971352598985e-06 1 1 1 6.09290395914286e-13 0.99996150570813 5.25468557555087e-13 1.51212375953946e-12 6.12159212209917e-11 2.06945571790129e-12 5.62883073484954e-13 3.3640062957474e-09 5.95783977708209e-09 3.75810493835615e-13 4.18332035678759e-13 1.45383705074664e-12 2.05602201930333e-11 1 2.79853917817263e-12 0.999999999782501 2.93544344387442e-09 1 4.19886347913234e-13 1.22923893286497e-12 2.35733654818659e-12 1 1.6663337376599e-12 3.96349619791181e-13 5.26023669067399e-13 3.62642460505214e-09
2.74146878531667e-08 1.05823553997464e-06 1 1 7.0265693263849e-10 1.87111326432898e-10 4.02252797737646e-09 4.65536387217469e-10 1.36843353315541e-08 0.000229319733212163 4.82923923073031e-10 1.3380163643717e-10 1.53776658073923e-10 1.04189906702246e-08 1.42038270034561e-10 0.996099991349124 1 1.68698928249e-06 7.18633264007451e-10 2.41157747438159e-07 1.46549217205916e-10 1.68217328955222e-10 2.66670074910991e-09 5.84340257292482e-08 3.63765545463579e-08 1.81385562236791e-07 8.23259460602799e-10 4.68449989909914e-09 1.45761402947642e-10 0.00354790163974761
2.10078077711451e-07 1.53460735230482e-08 1 7.97068939739631e-08 1.43678675623704e-08 1.6327680318895e-08 0.995949675284429 2.00014794726755e-08 1.55641119992111e-08 1.25260317673792e-08 2.74003589317839e-06 1 0.99999995850946 1.14551629293302e-08 8.15481560056952e-09 1.39839254620355e-08 1.37915175946191e-08 8.22048484838689e-09 3.51967248268803e-06 1.55580363025987e-06 8.28330182778281e-07 8.17203937852895e-09 0.927334996815511 0.0726226029671641 1.56624160307928e-08 1.6363887245241e-08 3.20968240874464e-08 0.999999999999968 5.01466852487198e-08 1.01898469662132e-08
0 0 1 5.6843418860808e-14 0 0 0 0 1 0 1 0 0 0 0 0 0 0 0 1 0 0 0 0 1 1 0 1 1 0
1 0.999999999999999 1 1 7.42157926225673e-08 4.14446255092571e-13 4.01900734914307e-14 7.63611396337183e-12 1.11022302462516e-15 1.99840144432528e-15 0.999999414638429 1.4432899320127e-15 1.88697690806094e-09 3.00870439673417e-14 8.88178419700125e-16 7.7715611723761e-16 6.66133814775094e-16 7.7715611723761e-16 1 6.66133814775094e-16 9.71445146547012e-14 8.88178419700125e-16 3.52240570045126e-10 0.999999999995134 7.7715611723761e-16 6.29630458881536e-10 7.51606554771911e-11 4.67481608978915e-12 6.66133814775094e-16 2.00395255944841e-12
8.60644888689421e-13 1 1 1 8.51096970677645e-13 1.39488420813905e-12 1.13753451103094e-12 0.998301935239613 1.46449519178304e-12 5.39601696658565e-12 1 4.12650477121801e-08 8.65751914602697e-13 0.00152290380412046 1.20928822511246e-11 0.999999997284113 8.48543457721007e-13 4.11692491331106e-06 9.61852819614251e-12 1.43540734853786e-12 1.19058591874222e-08 1.86297088866638e-10 4.95492535890207e-12 0.999994970709975 1 5.19495557682603e-12 0.999999999999691 1.56961394015553e-06 1.440530472685e-09 1.43995926293883e-12
1 1 1 1 1.11022302462516e-15 1.11022302462516e-15 3.10862446895044e-15 8.41993141875719e-13 9.744427487135e-13 4.67538230353171e-11 3.33066907387547e-16 2.22044604925031e-16 6.66133814775094e-16 3.21964677141295e-15 1.35084166075217e-11 0.999999999999997 3.33066907387547e-16 2.77555756156289e-15 4.44089209850063e-15 0.999999999531025 2.75993339293734e-10 1.03795860795231e-10 1.62974078676825e-11 1.37667655053519e-14 0.999999999999998 3.46389583683049e-14 2.22044604925031e-16 1.40998324127395e-14 5.22692999993524e-13 0.999999998803609
5.37468192174373e-09 1 1 1 9.99935700907173e-09 5.79581249660066e-09 0.000652109162762482 2.40056883260564e-08 6.01674746691927e-08 7.69769215036575e-09 5.09623310218643e-09 5.05844821585555e-09 1 1.18841526473012e-05 2.96234757835023e-08 7.31999488801094e-08 0.998965054280882 8.3836614317434e-09 1.30845370094335e-08 5.95408111703222e-09 5.2886542922792e-09 1.80062631360833e-07 2.22475993516547e-07 9.48587288718272e-08 5.43366152072622e-09 1.17154034939837e-06 4.71679094671273e-08 5.74986880330641e-09 5.14078679625385e-09 6.85832290958643e-09
0.999774764932235 1 1.55431223447522e-14 1 0.999999999999068 6.35309446161969e-08 9.2148511043888e-14 3.44169137633799e-14 1.68753899743024e-14 1.67021951824609e-12 5.20250509339348e-13 2.0072973622165e-06 1 1.68356543595038e-07 1 1.16906484493029e-13 0.999999999874153 5.71842573293679e-12 3.09752223870419e-14 7.19790893555228e-12 2.76001443921814e-13 5.65103519534205e-14 3.91986443304404e-12 0.99999998737661 0.999999920219855 2.12331263682586e-11 2.22044604925031e-14 1.57429624891847e-13 7.02771174587724e-14 1.68753899743024e-14
1 1.01919039874332e-09 1 1 4.36362057598672e-12 2.04969374806296e-12 0.999966644250011 7.7635453621383e-11 4.11193301630419e-12 6.30895335973491e-12 1.72569114553767e-09 0.9999999966512 0.999898160943607 8.81694717236314e-12 6.70390798429565e-09 1.97508676080815e-12 5.06893416130083e-11 1 1.05598862987222e-11 3.27688987056263e-11 3.58002516520628e-12 6.1309846088875e-12 0.999354913435932 1.20635472631303e-05 2.46702658301956e-12 3.10995673657999e-12 2.91264234952848e-10 0.000730579677048149 6.2409557521903e-09 2.57160959193925e-12
0.773925611905507 1 1 1 6.88747947563684e-11 2.62229428171779e-08 9.68514157762002e-12 5.93221027855861e-11 2.21128204269672e-06 4.40010456737028e-07 8.71858141238135e-12 6.55870913135459e-11 1.34178079758129e-09 1.41207501136442e-07 2.0943674794438e-08 4.04099842143957e-06 0.99999999968102 1.67539315754084e-11 0.999999999999767 0.999957710292158 6.20063567158269e-09 5.42580025353345e-09 0.999999999999974 5.61850382552187e-07 1.45362277770289e-10 4.94952203111687e-07 5.20543611670643e-06 0.999994791380673 3.61378704738513e-11 8.38928926327753e-12
3.88578058618805e-15 0.999999999999498 0.999825509613743 1 1.11022302462516e-16 3.33066907387547e-16 4.10782519111308e-15 0.999999545514899 1.11022302462516e-16 2.55018228756398e-13 1.11022302462516e-15 1.11022302462516e-16 1.11022302462516e-16 5.55111512312578e-16 7.7715611723761e-16 0.00240733249243541 0.997598104826551 1.12121423256895e-12 3.33066907387547e-16 5.50115508701765e-13 1.11022302462516e-16 5.91801732063857e-08 1.49370071866883e-10 0.999999999977054 2.29816166097407e-14 1.15352172258554e-13 0.999999795755469 0 0 0.999994694328564
4.92272889118794e-13 1 1 1 0.997203008974724 1.2223555501123e-13 3.51263462761153e-11 9.21374088136417e-13 8.88178419700125e-14 1.54209978120434e-13 9.52571355128384e-14 1.05287001339605e-10 2.21720419801841e-11 1.97586391692539e-12 1 5.96722116164017e-10 1.7785772854495e-13 6.1517685868373e-05 1.98696614717164e-12 5.95035132278099e-12 5.34827737652677e-12 1.36668454331357e-13 3.32511795875234e-13 1.23678844943242e-13 4.22184509574208e-12 4.18853840500333e-12 0.999999999999017 5.1325610428421e-13 0.999999999452883 1.02967172566082e-08
0.999999999963863 1 1 1 0.00031741378945449 0.030735922300954 0.000348769516153813 0.000496066026295261 0.00269068991468591 0.000355433602996724 0.000417375932613151 0.000319950544503955 0.000627059924073969 0.999999999999276 0.999999999999988 0.000728497776623316 0.000399328445900293 0.997944439755189 0.999999999999992 0.000822712195997277 0.00236445252932649 0.000345328990081106 0.000418977165534851 0.999943974091696 0.000379680456818798 0.00156022717075732 0.000761206783925883 0.000545186565981459 0.00214899556089754 0.00189781908897946
0.999990668196911 0.0255300805364401 0.9998811354445 1 0.99999995046204 2.44471110022459e-12 5.51386158953449e-10 5.31463761888062e-12 9.44799793956008e-14 0.999999821074732 6.87228052242972e-14 9.99200722162641e-16 1.66533453693773e-15 5.90416604495658e-13 1.86295423532101e-13 6.66133814775094e-16 2.33146835171283e-15 1.11022302462516e-15 9.99200722162641e-16 6.59206023101433e-12 7.37188088351104e-14 1 1 9.61786206232773e-13 1.31006316905768e-14 9.99200722162641e-16 3.88578058618805e-15 1.12132525487141e-14 3.35820260488617e-12 1.04916075827077e-13
0.969910548811307 2.39855387307308e-06 9.08158730439368e-08 1 3.80167831659506e-08 4.18851567873801e-08 2.11448805131909e-07 1.99245970389228e-07 1.79389207155545e-07 4.31740203010733e-06 5.69068386857552e-08 3.75745752734247e-07 2.8829324776436e-05 3.89989275317859e-08 5.59092147023321e-08 0.000126793499966138 1.5061895665136e-06 1.38075667122095e-07 0.999604693773309 1 3.47740625183945e-08 2.76174054736344e-08 6.76450613301682e-08 1 4.77387784858507e-08 1.749895169878e-07 1.25087081692676e-07 2.70493755172296e-08 2.87356562989061e-08 6.78337154225161e-08
0.0181770126842011 1 0.999999930994143 1 0.000328259862496738 0.000657178055846974 0.00293681397358725 0.000577218406167757 0.0219187187471456 0.000253405544947127 0.00030086474148483 0.000247099587833199 0.000310130728775171 0.999996328204068 0.0002561841958727 0.00128450078115394 0.000276961961934941 0.000509193391668994 0.000255453727953214 0.000339145901998461 0.000730747503782991 0.000244912501257688 0.00122099391994213 0.999991924663637 0.000374346272506876 0.000246334017714789 0.000251007648321089 0.000316186027911947 0.000370178005431265 0.000254979040701708
0 0 1 1 0 0 0.999998942152781 0 0 0 0 0 0 0 1 0 1.67532654415936e-13 0 0 0 1 0 1 0 0 1 1.05926378779486e-12 0 0 1.0991207943789e-14
1 1 1 1 1.30204516068932e-06 1.11022302462516e-16 2.10854376181402e-08 7.7715611723761e-16 2.22044604925031e-16 3.21964677141295e-15 1.99735461503536e-09 1.16728848809089e-12 1.11022302462516e-16 5.90627546870337e-12 9.00259866654096e-11 1.90215621032053e-11 1.11022302462516e-16 7.7715611723761e-16 2.22044604925031e-16 1.11022302462516e-13 3.33066907387547e-16 1 4.55191440096314e-15 1.28785870856518e-14 2.88657986402541e-15 7.32747196252603e-15 0.999709528198156 1.74721913603904e-08 1.60094160150948e-13 0.999999980830325
5.2618877799393e-07 0.999999999999778 1 1 0.930614033903497 0 0 3.21964677141295e-15 0 0 0.999999999264681 0 0 3.0053737276603e-12 0 0 0 0 0.000310667276931298 0.999690008961947 0 0 4.0046854721254e-12 1 0 0 0 4.96713781217295e-13 6.66133814775094e-16 1
1 1 1 1 1.39582553795314e-05 0.000108075317034273 3.61252204816864e-08 4.03848603447443e-08 0.00268722066721605 5.61019639078175e-07 1.89683694307163e-08 1.12809001795444e-06 2.96154129442172e-07 7.74317095442179e-07 1.75260096435537e-08 2.66521036351719e-08 4.42121214083713e-08 2.06804350311174e-08 4.07564740845245e-08 1.75887933362429e-06 3.32165375308557e-05 0.999999999999727 2.83303695950421e-05 6.40327660894613e-08 5.74530915065097e-08 0.999215279596326 1.0502116845168e-05 2.18116732453311e-08 0.985252332434047 2.07941425189873e-08
5.11595240570983e-06 6.36293684408429e-10 1 1 6.12430994806346e-10 2.37200523667269e-08 7.35994265532725e-10 5.82900838708156e-10 1.21351861892549e-09 3.54466057839176e-07 3.75731027513204e-07 0.999502322312597 0.999992709370334 1 4.77154593614415e-09 7.05989512406191e-08 0.000490757290639521 3.51569433565402e-08 0.999998003462198 4.28285107378912e-08 2.60405517149565e-08 1 5.68546093093758e-07 4.14884682164995e-10 7.56980578220379e-09 4.11308098691165e-10 0.999999999999943 4.19471568591234e-10 6.95698609831652e-10 1.24669130574517e-09
7.64788625762236e-08 2.20140194961971e-09 1 1 2.58515431283968e-12 2.39031017201796e-13 9.35106348753934e-06 1.51193502162528e-11 1.20280303717024e-07 1.58457903465248e-08 2.11275441586167e-13 4.56779059021528e-12 0.994363788662115 1 1 0.998962681219819 1.00919272938427e-13 8.37441227474756e-13 3.07864844728556e-13 4.70401495533679e-13 3.26865201571991e-11 1 4.97977215019318e-10 0.999999999999999 1.05331846578238e-08 1.00808250635964e-13 2.00506278247303e-13 1.0369483049999e-13 1.53038692829455e-11 3.69918231601929e-08
0.0026064075531349 1 1 1 0 0 0 0 0 0 1 0 7.05344159031007e-05 6.66133814775094e-16 0 0 0 0 0 0 0 0 0 0 0 0 0.99999999999387 0 1 6.11277695128365e-12
2.79047638990226e-05 0.999999999999997 1 1 1.69559046586665e-05 0.000654374920969425 2.24069828438367e-05 0.00151654289467384 1.63199930984792e-05 1.60690183980128e-05 4.23628273580334e-05 0.000265583623823895 1.11218675532543e-05 1.50488595803688e-05 0.000599596418346171 1.30226963835911e-05 1.11683296887266e-05 1 2.47795775404347e-05 0.999999522243035 1.74127188258266e-05 5.13114080494814e-05 3.07743059573262e-05 0.000103847449068994 2.78434284564089e-05 0.000137669318730049 0.924141673372678 3.48167468363636e-05 0.999987412378448 1.178932792123e-05
0.999998908914539 1 1 0.999999999999997 0.000946420555088978 0.992010380819171 3.07446891278929e-08 4.68815367260511e-06 0.378435419998375 3.49039542824059e-08 1.6359935417487e-07 4.26258165653337e-07 4.4108409591459e-08 3.00535663022572e-08 0.99996914943372 3.23015938885618e-07 3.04984399956965e-08 1.15541550105291e-07 3.66566771381471e-08 1.23479005607052e-05 2.35671798864967e-06 3.49541313671153e-08 0.0013397692875049 1 1.23649045002949e-07 8.61458949730221e-08 3.05563733205005e-08 2.71446275457166e-08 9.42765908673593e-08 3.15834051134445e-08
0 0.999998663726848 1 0.99999999999988 0 5.22915044598449e-14 0 0 0 5.37458966221038e-13 1.9221263292124e-07 0 0.999999999775673 0 0 1 3.60966811996377e-12 0 1 6.96109836439973e-14 0 1.88737914186277e-14 0 0.99999990282906 7.74003083847674e-12 0 1 0 0.999999905170575 0
0.999994253757491 0.999999890660511 1 1 0.000397966296784125 0.0417037106854871 0.00079265975647469 0.00031888784278622 0.00529799410514731 0.000318122249956865 0.000449810512605286 0.000873169645502436 0.000319892274723732 0.999999999999686 0.00102179272681979 0.000741365235880753 0.0105260974218303 0.000323927985993788 0.000319331668599321 0.000318202308441706 0.000321504221966418 0.000415634246192953 0.000837523887788905 0.000629716039145856 0.997925081603384 0.00201318652792282 0.999999980986738 0.000318183584230969 0.000365968098555158 0.000394906934108152
0.000956993206754575 1 1 1 0.00097142854727017 0.00122648056980634 0.00260274368193192 0.0061021273513554 0.00221984898654948 0.057620009589981 0.00106238673552972 0.00161782032577762 0.00220993992623053 0.00312592552344026 0.00100588986676575 0.000975336956658857 0.00321969202731387 0.00130424853434052 0.994914709068809 0.964755720000021 0.00360720101155754 0.999997083868353 0.000966680121229468 0.00134847184500198 0.00197329858816997 0.00118495784653039 0.00529024406277023 0.00182938043970948 0.995399727096841 0.000982086050789532
0.999999999999923 0.000243468067982588 1 1 1.49480428035531e-12 9.44568978589189e-10 8.00692845359663e-13 0.00011211782218945 3.35997896172557e-12 2.36740516079692e-10 6.72917277455554e-12 2.21100537878272e-09 7.22645610018446e-09 1.95405913672175e-11 2.1360690993788e-13 4.08062472700976e-12 0.999863895745394 1.54876111935209e-13 0.999999999998663 1.04450714744075e-09 1.4266443582045e-10 1.31894495325469e-13 0.999998744358181 3.16781213616224e-06 0.999999966653881 1.4228618283596e-12 4.0586656258057e-10 2.16826556709293e-13 2.44582132324922e-13 0.000532708442338659
0 1 1 1 1.25072951995264e-10 0 0 0 0 0 1 0 0 1 0 0 0 1.55431223447522e-15 0 1 0 0 0 0 1 0 1.28785870856518e-14 6.0196292395176e-13 0 0
1 1.47326858046526e-07 1 1 0.00230675109835909 8.49949380266057e-06 2.8983481492606e-07 4.49446221351124e-08 5.2197643984897e-08 7.48326833832635e-08 0.00012154679868781 2.18297791843014e-07 0.000713914951312455 5.49138496896973e-08 1.60792065662108e-07 3.0884218807925e-06 2.41886915608447e-07 4.85542794859128e-08 6.13327908460803e-08 0.0197679704434383 0.973597940117055 4.64299388935885e-08 1.39528309583969e-06 4.53406299172343e-08 1 7.15505058535015e-08 1.00496382993143e-07 4.97498643392547e-08 0.000351530829355018 1.01839472188558e-07
1.06182344954409e-05 1 1 1 1.00481846176947e-08 5.16114628812403e-09 3.90556002931586e-05 4.75780759234823e-09 9.68899738218454e-09 1.39646737506993e-08 5.29837177465353e-08 0.998873077295916 7.47807141765477e-08 8.1531239537469e-09 9.85860659774573e-09 6.11693131025159e-06 1.1021406787215e-08 0.999904379141702 4.04212152638195e-09 4.11765777030837e-09 3.12464467633333e-08 1.32004135400265e-08 5.6389278916269e-06 2.53879602896134e-08 9.05418506835787e-09 0.000771433364742835 5.72087055505932e-09 7.39880002820215e-08 1.39916012109609e-08 0.999999904884827
2.03414661403833e-06 1 0.999999999999838 1 1.43281551068242e-08 7.93995924563973e-09 1.61375072194048e-07 8.17607770375872e-09 4.47667197756019e-08 2.65949074984562e-08 1 1.32399151642204e-08 9.14574027621740e-09 8.81207695702102e-09 0.00179428324177922 9.30995244674548e-07 9.28195531546550e-09 7.61857796216514e-06 9.2839299681291e-07 7.70526040860808e-07 0.993537329518244 2.9494931805818e-06 1.34405768736912e-08 7.86004089150527e-05 2.52001343126196e-08 8.0865337759306e-09 0.000548606047822364 0.999999999360981 1.05615036716245e-08 1
0 1 1 1 0 0 0 0 0 0 0 0 0 0 0 0 0 1 0 1 0 0 0 0 0 0 0 0 0 0
3.21676019154893e-12 0 1 1 0 0 0 0 3.33066907387547e-16 1.77635683940025e-15 0 1 1 1.11022302462516e-16 7.16343686069099e-06 0 0 0.999999999999332 0.999992836527573 1.90852889048188e-11 5.48661116539506e-12 0 0 0 0 0.999999999999864 1 0 0 0
1.40998324127395e-14 0.999999878114322 1 1 0 0 3.43933757029902e-08 1.33226762955019e-14 0 0 1.11022302462516e-16 2.22044604925031e-16 1 0 0 0 6.36533048492538e-11 1.17683640610267e-14 1.68753899743024e-13 1 0 0 1.11022302462516e-16 0 7.15759673752814e-11 0 0 0 1 0.999999999989567
1 5.98632254877884e-13 1.09579012530503e-13 1 1.29229960066368e-13 5.57964008329748e-08 1.90514271025677e-12 0.999914214607308 3.11084491499969e-13 1 2.00985404985587e-08 1.05484065926476e-10 6.90329505574905e-05 1.19571019752129e-12 3.69482222595252e-13 1.49735779331195e-12 1.66254207778493e-05 6.94111434995648e-13 1 5.52090262395666e-10 1 1.16129328375791e-13 1 1.22790666523542e-13 1.36446409726432e-13 3.85025344940004e-13 1.11654352430435e-10 7.35522753814166e-13 5.13589171191597e-13 4.02899935636469e-13
0.0128365254488081 0.00127691833836108 1 1 0.00522521475151361 0.999994689647349 0.000621631401406142 0.000710862920361932 0.00275630916949887 0.0105851836223519 0.0141244089691781 0.99999988571073 0.999075069438049 0.0077789934624668 0.000705394468019427 0.000947744868085243 0.000455075341615596 0.967330588561855 0.000574368375785728 0.000466436515123125 0.000740317617022868 0.00311181450872045 0.000674813101938843 0.00916481027607052 0.00233752371613838 0.00115174584410282 0.999999999998793 0.00637470448704147 0.00200137243621012 1
1.08402441045818e-06 6.29566408200111e-05 1 1 0.00158824499841836 1.69555030016255e-08 4.26691587174233e-07 4.1046035015313e-08 1.44475661434385e-08 3.37237265890522e-08 1.27693156048991e-08 0.000133385696159394 0.998652316613622 3.68338123335477e-07 5.63095168271133e-08 0.999999999696813 2.72705981130272e-08 5.5867462545045e-08 2.54284822133188e-05 1.48818261047623e-08 8.01392149540892e-06 2.76179218494654e-07 1 0.998437018860676 0.995179312785124 1 1.03966368181219e-07 6.35239327806403e-08 1.72419695276815e-06 0.00542397638612824
1.27725848120264e-07 1 1 1 3.38939944333205e-07 0.000134379997202894 3.85983688344638e-08 1.02195789941639e-07 9.74196175951292e-08 1.04860657614836e-05 9.4316531806804e-08 2.32730829718975e-07 1.00081580578504e-07 2.41619458885012e-08 1 6.45628024220635e-06 1.19420226829536e-05 2.67805275733224e-08 5.98446528998764e-08 2.73519974447467e-08 3.96206171204838e-08 0.99999349323981 5.07502833091422e-08 0.999078185953318 1.32616474823877e-06 0.00120716782314634 1.03796208184015e-07 0.99832077817035 3.67830697012295e-08 2.86355955170237e-07
6.98411658728304e-07 0.997158826358948 1 1 0 0 0 0 0 0 0 1 0 0 1.8622007269542e-09 0 0 1 0 0.99999929972614 0 0 0 0 1 0 0 0 1 0
0.999991954191458 0.999996151934018 1 1 9.32089960770099e-10 7.0716765776524e-12 4.59310367517674e-12 1.92398319498466e-10 1.01685482256642e-09 2.07160728793454e-07 6.065115631948e-09 1.73710281714534e-08 1 3.38484795747718e-12 2.24431584427975e-12 1 2.12611039884791e-11 2.74225087082414e-12 2.31681340778778e-12 2.04173056239654e-09 0.999999991804978 1 2.93021162889318e-12 5.53073142839366e-11 0.999999659751997 3.74844610906422e-09 5.81169889990463e-10 9.0587537471265e-12 5.03850068334089e-08 4.81196305024412e-10
0 0 1 1 1 1.11022302462516e-16 0 0 2.82662782069565e-13 0 0 0 0.999999999973118 0 0 0 0 0 1 2.51157983299777e-11 0 0 0 0.999999998660158 0 0 1 0 0 0
0.999993746324543 0.999999999995956 0.999999999989905 1 0.000920491642400156 0.00109685340456211 0.00116846065786824 0.00358608471465838 0.00103064745045023 0.000953398752558732 0.00149997516363476 0.00314525972142154 0.00357093219169302 0.00278384912316354 0.0781246196464651 0.0094299654281651 0.00130067844424775 0.000956042479881791 0.00271338220768513 0.00300988594565366 0.000935136065865594 0.00511280790093926 0.00129237855111386 0.00329779118329832 0.0080431870092923 1 0.00117094984598454 0.00140999602858505 0.00317247691343125 0.00116557194739253
0 1 1 1 0 0 0 0 0 0.999999999998211 0 0 0 1 0 0 0 0 0 0 0 1 0 1 0 0 0 0 0 0
0.999999969552553 0 1 1 1 1.49766865575884e-11 1.72084568816899e-14 3.33066907387547e-16 0 0 2.22044604925031e-16 8.21565038222616e-14 1 0.999999994315989 0.999999934862111 1 0 3.77475828372553e-14 0 0 1.11022302462516e-16 7.19313497654639e-13 5.68161473424311e-09 1.27675647831893e-14 1.39910305563262e-12 0 0 0 3.78364006792253e-13 0
1.34507626491365e-05 0.993293084104968 1.67129411732247e-06 1 0.00266913703772187 0.000607212974808147 0.000620405762303711 0.999999999999999 1.28596259660885e-05 1.39119378184116e-06 0.000250458107144191 0.00112111220524069 2.51073454160533e-06 1.94886349080825e-06 5.77110918065227e-06 1.33105950028689e-06 2.15512260230977e-05 0.0141750396361933 2.41730674244156e-06 4.12804028675495e-05 6.89034638134967e-06 0.00169151934006118 1 3.50243364988234e-06 8.04917462582377e-06 0.999999999999998 4.36047416008112e-06 2.99214578147744e-06 1.30179637536365e-06 4.45468853993436e-06
9.80099468383955e-06 2.82404835241223e-05 1 1 3.03619010488809e-07 6.81227989463018e-07 3.18499118412419e-07 3.12574103711327e-07 3.87998321693672e-07 2.90557698567895e-07 6.23892040141349e-07 2.25327656766527e-06 2.94314508986204e-07 3.97540151131359e-07 5.62052344998953e-07 4.47807218195706e-07 3.12925082734949e-07 3.34844641347587e-07 3.75010259068276e-07 2.88254460745208e-07 9.47277229990107e-07 4.46538290455045e-07 3.35800424133836e-07 4.44861155246556e-07 9.67292033471345e-07 1 0.996237247556676 3.23076115082976e-07 0.999891773330888 2.99756533816975e-07
1.15097184623103e-05 0 1 1 2.01616501271928e-13 2.22044604925031e-16 1.11022302462516e-16 9.61061230597693e-11 0.999993902586788 1.0325074129014e-14 0 1.65423230669148e-14 0 0 0 1 8.88178419700125e-16 7.99117105820812e-10 1 0.999999999797657 0 3.33066907387547e-16 0 0 0 0.999994442996575 1.11022302462516e-16 1 1.17384990616642e-11 0
0 0.999999999997886 1 1 4.44089209850063e-16 0 0 0 3.07531777821168e-14 0 0.999962839141712 0 0 0 0.999999999999974 0 1.10335074410273e-11 9.49611267397898e-08 0 0 0 0 0 0 0 0 0 0 1 0.999999905038872
0.999999999999145 1 1 1 1.72706293710689e-12 2.62012633811537e-14 5.55111512312578e-16 1.26325494509416e-09 1.24344978758018e-14 0.999943524411891 0.999999999999937 3.21964677141295e-15 5.55111512312578e-16 4.40789293953969e-10 2.33146835171283e-15 2.99094082834017e-13 1.4432899320127e-15 1 1.66533453693773e-15 1.99840144432528e-15 0.999999999559212 1.42489353649466e-11 1 3.33066907387547e-16 9.65117428197715e-08 3.33066907387547e-16 5.55111512312578e-16 9.42181110907825e-10 0.999999201288844 1.48762852258955e-07
0 1 1 1 0 0 0 0 0 0 1 0 1 1 0 0 0 0 1 0 0 1 0 1 0 0 0 0 0 0
0.999956179770622 1 1 1 0.00247783890232467 0.000952508007368902 0.00163153705380525 0.00195573321108966 0.00140728373694321 0.00305161020717259 0.00167986819612942 0.000752825900136256 0.0525120117494001 0.0322089143801231 0.0834953535140005 0.0010916278852694 0.0142045543460718 0.00310117887599248 0.00147457030865683 0.000952264917662871 1 0.00265408589437477 0.00155169994167403 0.000839560019487706 0.00330485203219455 0.0008050451646886 0.000854822327099214 0.999482683401762 0.00101378242534922 0.0248078419045614
0 0 0 1 0 0 0 0 0 0 0 0 1 0 0 0 1 0 0 0 1 0 0 1 0 0 0 1 0 0
6.42856372579104e-08 0.999999999999989 1 1 9.47020240005259e-14 2.22044604925031e-16 1.13242748511766e-14 0 0 0.999996531315886 7.23499038457476e-12 3.18923776276847e-11 0 3.5527136788005e-15 1.37778677355982e-13 1.29242088042769e-06 0 0 7.7715611723761e-16 8.81794637308531e-12 0 0 1.11022302462516e-16 0.999999999999991 0 1 1 0 6.39555830517224e-08 0
0 1 1 1 0 0 0 0 0 0 0 1 5.55111512312578e-16 1.54269930163764e-11 7.50510764646606e-14 0 0 0 0 2.22044604925031e-16 0 1.33226762955019e-15 1.11022302462516e-16 0 1.24127375045191e-11 0 1 0 2.22044604925031e-16 0
9.51643405411318e-06 1 1 1 4.01064681476715e-06 5.99739742646044e-07 1.37775120112593e-06 4.05304320083566e-06 3.43157310156439e-06 5.79892827201611e-07 1.68054819504881e-06 1.92767573370389e-06 1 4.69578848583119e-07 3.87953052861656e-05 5.5531091891492e-07 5.35994461814404e-07 3.3414505481888e-05 4.68650502960521e-07 1.04302625814068e-06 1.59003853913431e-05 6.28944053222558e-05 2.46639818028971e-05 6.37768607258948e-07 5.6741557508122e-07 0.00111110857968166 7.42826026800536e-07 8.90048459822879e-07 4.32061872612799e-06 3.91016154888124e-06
0.000947071206593986 0.947817808375146 1 1 0.00065617306921073 0.000594164966996158 0.000565212400537418 0.00099218201418505 0.000586878200739327 0.000668922101792035 0.00546188288339433 0.000929279648807735 0.000867327731366774 0.000805679707832518 0.000860630191948264 0.00525494993853182 0.000740903057789399 0.000577104932703798 0.000905185555931776 0.000544853226281616 0.000670304758575435 0.00076581881894533 0.000550530350760248 0.996944706962851 0.000545840174607348 0.99999999994993 0.00261868126697584 0.000853814789798957 0.00084600110763855 0.000620259519835464
0 0.999999999999854 1 1 0 2.83473244877541e-12 8.50208792257945e-12 0.00267809426118371 0.772474114588462 0 2.78910228246332e-12 3.36397576461422e-14 3.04201108747293e-14 0 0 1.11022302462516e-16 0 1 0 1.11001486587936e-05 0 0.999988899851012 1 0 0 1.11022302462516e-16 0 0 0 1
0 0.99585375674936 1 1 0 0 0.999999975273272 0 0 5.80818615425471e-10 0 4.21884749357559e-15 0 2.07803774188164e-11 0.999999999979214 0 0 0 0 0 0 0 0 0 0 0 1 0 1.55431223447522e-15 1
0.000514876023280153 0.00750060884924764 1 1 0.000422939679588064 0.999703251094211 0.000260460080539371 0.0210596552102612 0.000438872280795866 0.000658544063199318 0.000177991822327916 0.999999868844897 0.000210520358976507 0.000210918554851336 0.000642962488091703 0.000459984661693391 0.000436387264986737 0.0534400887930577 0.000526777794615407 0.00020223900476779 0.000344887804519023 0.000210239102302667 0.0238499123121365 0.00148551572767708 0.00188890362050598 0.000175267804560786 0.0239916237833664 0.00233545546903013 0.0012654057338094 0.0187838550961095
1.72861724934137e-13 1.35003119794419e-13 1 1 1.35003119794419e-13 2.83550960489265e-13 1.31339383813156e-13 0.995518211474618 8.23377144243409e-10 1.28452803949131e-13 1.35558231306732e-13 3.35598215883692e-12 0.999995953431509 3.74907882516595e-11 1.41109346429857e-13 3.25073301610246e-13 1.9195756095769e-13 3.60156349188401e-13 1.69703899821627e-08 7.99027510822725e-13 0.999999999999986 1.33781874467331e-13 1.29518618052771e-12 3.9892654492002e-06 0.999999999992719 1.86251014611116e-12 4.51416681812589e-13 2.81663581347402e-13 1.5976109324356e-13 5.70432590052405e-13
2.65332301552235e-06 1 1 1 0.0091245258371403 1.39125295628428e-06 1.18774945101485e-07 1.21144363651737e-07 0.000720676096892414 2.12666133037054e-07 4.09914782117937e-07 2.35716459483504e-05 9.10327980441217e-07 1.51371725598537e-07 1.56290354813571e-06 2.51824622854446e-06 1.19382337571139e-07 0.00183283837104387 1.21108793841307e-05 1.24731246109455e-07 1.2742455479664e-07 6.64669034144971e-07 8.07347961484517e-07 1.21182829326827e-07 0.9999999846901 3.19674134940939e-07 1.40745247533269e-05 1.21771771555146e-07 0.000331646550162157 2.84452591592377e-07
0.999998648398286 0.999999999999995 1 1 0.00240383198743888 0.000852824801326424 0.00100744764629213 0.0129377015227725 0.000855596135600156 0.000879001876396668 0.999999980504284 0.036619874245129 0.0564307218283684 0.00115812055405384 0.000865967855246064 0.96037163238266 0.0054918638147452 0.00615795854340362 0.00990645413424918 0.00104188391427351 0.000832435591505698 0.00142930890890769 0.000837130640335082 0.000827976039621259 0.000898786836014964 0.000882785928922214 0.0401858883954579 0.000940216051733112 0.000840332772965136 0.00328644842071257
7.64165453137622e-09 1 1 1 1.01723429679623e-09 2.41351776564258e-07 4.68413086096575e-11 4.96487295720272e-11 1.37578970438312e-09 6.16605655423541e-11 1.78204339240651e-06 1.92716287372718e-10 0.999734654059546 5.48432965707946e-09 2.63073007822356e-10 0.00810378434007453 2.93967006292917e-09 2.13399653503643e-09 5.56782342453488e-09 1 3.41966543970784e-09 5.76340086766436e-11 8.51338900487164e-08 0.000259608415279944 2.42925819460282e-08 5.66994229345141e-11 2.02285432848726e-09 2.05256055485492e-08 1.87921100902599e-09 1.02740360663489e-08
6.61287440362202e-08 6.36121155750402e-10 1 1 0.808848710015392 7.7283743848966e-09 9.01858476787254e-10 2.77254121439086e-07 7.28892390888802e-10 2.79556089388677e-09 7.3522038457341e-08 2.15496320787878e-09 8.21583134857917e-10 5.77902503628991e-10 5.69331470856582e-10 1.42627224475333e-08 1.53412850201207e-08 0.999992825758806 1.44683376390731e-09 6.46175739915655e-07 1.82932543557612e-08 1.57574098214042e-09 2.07115265493663e-07 1.74637226901808e-09 6.32134344868973e-10 3.27227529184348e-07 2.27472007896523e-09 0.999999622321318 1.72814951238109e-09 2.74506880726388e-06
0.0286707079704549 0.994871127214284 1 1 0.000113337292439009 6.86595181542682e-06 0.00155290639603034 1.74746906418388e-05 6.0640171347659e-06 0.0368120338835151 5.18004516247839e-06 0.999221751082126 1.50995306565926e-05 5.9579901618978e-06 6.62322952327266e-06 0.999999999790565 7.63213158150311e-06 5.18259521387066e-06 5.85946811004767e-06 1.30203485374514e-05 0.000825096189931429 5.05835340702809e-06 2.19087749370184e-05 6.19218372832631e-06 7.60486493434076e-06 2.33545594461315e-05 1.79808147643401e-05 3.62115177253708e-05 4.98943323534728e-06 8.83961152775559e-06
0.000469147502549561 0.999999999999972 1 1 7.56054916440929e-05 7.76963883067916e-05 0.000129874512433514 7.57723144810818e-05 0.000132361552902527 0.000101544425824329 7.47621640695417e-05 0.000168605888076767 7.76631210800405e-05 0.00431146722605313 7.73701075349464e-05 7.51322331600246e-05 8.34947960814958e-05 0.000489522031749789 8.81036369774213e-05 0.00191962764059106 0.999779136173737 0.995426389643507 0.000595777005798492 0.00101260870685493 8.05911271212212e-05 7.93545652509886e-05 0.000856499871111249 8.92976691547753e-05 7.72063407503687e-05 7.47560974295736e-05
1.22466148333444e-09 1 1 1 3.00708291600671e-09 1.46543055912218e-07 0.000463835355557163 2.38318745848787e-08 7.54814988290775e-10 0.0430091382146581 0.999998023621225 2.54951844635976e-07 0.0300925791926583 1.27995568144357e-07 2.49061228307923e-08 8.30636115445316e-10 1.00915051870487e-08 7.53198141634215e-08 1.00038954897741e-09 0.0718611778928573 6.99441131679635e-08 2.86415416939079e-08 0.896171462232507 7.20124380348963e-07 4.81090012272034e-09 7.54243223433093e-10 0.999995594702184 1 9.07369290814586e-10 3.18657678022305e-09
0.000395288565663954 0.999999999999998 1 1 0.000288742302095302 0.00153803526706953 0.000372130950393568 0.00506137806549722 0.000303578152096695 0.000606136951153191 0.000580455085420262 0.000327110121834062 0.000279293180429629 0.00210048633252524 0.000965211201612526 0.0007936217787885 0.00243372146578125 0.000366959805607081 0.000310471609664797 0.00116899840051654 0.000592286526650221 0.00168907958433429 0.000363264342980618 0.000366650542075408 0.000729444678412849 0.000326039743190121 0.00028116139591261 0.000374679151519008 0.000894855699093866 0.000333131616859328
9.50470424587735e-09 0.999999998483696 1 1 5.48450174164827e-14 1.32641675421041e-11 3.1641356201817e-14 2.04281036531029e-14 4.34097202628436e-14 0.00245697058810068 1 5.92568705215513e-09 1 5.43430498378683e-08 1 2.50910403565285e-14 2.05391259555654e-14 2.09832151654155e-14 1.16529263891607e-05 4.47530901226401e-13 1.16345821865593e-11 9.45692413267807e-11 2.32036612146658e-14 7.76532893542736e-08 1 0.997487612406665 1.25126797811959e-10 4.03877163296373e-05 2.26449081708324e-10 2.04281036531029e-14
0 0 1 1 0.999999999662091 0 0 0 0 0 0 0 0 0 1 0 0 0 0 1 0 1 1 1 0 0 0 0 0 1
1.44636329579839e-08 7.56827933656723e-12 1 1 1.62656554891782e-11 0 5.55111512312578e-16 0 1.11022302462516e-16 0.999999999999761 1.23239751737003e-10 0 3.69670960509438e-12 7.42184091961917e-13 0.999675390689151 7.91615817341551e-09 1.11022302462516e-16 0 5.77315972805081e-13 0 2.71005440311001e-13 0.999999973857516 1 0.999999999968077 1.19386500685437e-10 7.2819528185164e-12 0.000324594870023232 0 2.61368250376037e-08 0.999999999714319
0 0 1 1 3.60011909172897e-10 0 0 0 0 0 0 0.999992331770646 1 0 0 0 0.999999998284826 1 0 7.66958418219055e-06 1 0.999999999999775 5.46007683510652e-13 0 0 0 1 0 0 0
2.86961121531704e-10 4.05135036629645e-10 1 1 0 2.78665979180914e-14 0 1.11022302462516e-16 0.999999999464494 0 0 0 1 0 4.44089209850063e-16 6.4556138212879e-11 0 0.999880339079615 0 1 0 0.9999999989355 0 0 0 1 3.35287353436797e-14 1.22124532708767e-15 1.11022302462516e-16 0
2.91512192163168e-09 0 0.999999819398839 1 0 0.999999999999991 0.999990348070212 0 0 4.76285677564192e-14 0 0 0 0 1.59132729460332e-06 1 1 3.33066907387547e-16 0 0 0 0.99999840810604 0 1 0 5.66386715306066e-10 0 1 0 9.38547096707154e-08
2.22044604925031e-16 1 9.17874665162799e-11 1 2.89768209427166e-14 2.22044604925031e-16 1.64313007644523e-14 4.87387907810444e-14 7.105427357601e-15 3.33066907387547e-16 8.63753513158372e-14 1.22124532708767e-15 5.90703557179495e-08 2.22044604925031e-16 2.22044604925031e-16 1 1 1.22124532708767e-15 0.999993072468324 1 2.99760216648792e-15 5.55111512312578e-16 5.340172748447e-14 7.04103442217274e-13 6.55383877901095e-06 1.11022302462516e-16 3.14231312859015e-07 4.44089209850063e-16 5.92859095149834e-14 3.33066907387547e-16
0.999999999990546 1 0.999979848108853 1 0.000171812176153252 0.000346784435747094 0.000161039542087016 0.00187441210223516 0.000159984448016015 0.000157751511787652 0.000192917164596573 0.00016260534604462 0.00214556863285509 0.000233291012512349 0.000203399879860622 0.000265140567862421 0.000496774360643659 0.0608733242930992 0.000162490369052026 0.000189351362727463 0.000157874575449246 0.000560165001802337 0.000157676553610653 0.000251856821910534 0.000608163534127737 0.000628020280806219 0.000229222556352715 0.000196287668880801 0.000299319042313506 0.000157590737737356
0.999906101875568 0.999999999092884 1 1 0.996782207835021 4.53139295641947e-07 8.89750491839258e-07 1.67748892887509e-07 3.90910839564995e-06 7.23389631640536e-07 1.33936476687246e-07 0.00103849659699329 5.54044841116763e-07 8.45818326368208e-05 6.64089030855131e-06 1.98474753743128e-06 1 7.51129924925209e-08 1.43277816455623e-06 5.37445667680991e-06 9.68715190063918e-07 1.15282665413829e-07 3.20071469994687e-07 0.00037745898736119 9.29706110863737e-06 0.999999999233741 1.65899837101247e-06 0.998136055085461 8.10948557306013e-07 1
0 0 0.999999999942726 1 0 0.999999999401567 0 0 0 0 0 0 1 0 0 0 0 1 1 0 1 0 0 0 0.999999999976629 0 0 2.33696395568472e-11 0 0
1.33226762955019e-15 0.999999996399656 1 1 3.31240179729519e-09 1.50294443557186e-10 1.22124532708767e-15 0.999999998314964 4.56392701408959e-11 8.88178419700125e-16 4.10782519111308e-15 2.87347923233483e-12 2.59314791861698e-12 2.57812293735782e-09 3.44169137633799e-15 8.31557045444242e-14 9.99200722162641e-16 4.0867309536452e-13 0.99999999999978 0.999999980247903 1.55431223447522e-15 1 2.87547763377916e-14 1.99840144432528e-15 9.76996261670138e-15 2.79776202205539e-14 1.77635683940025e-15 5.55598678175784e-10 8.88178419700125e-16 6.96109836439973e-14
0 0 1 1 0 0 0 0 0 0 0 0 1 0 0 1.0635936575909e-13 0 0 0 0 0 0.999999999999894 0 0 0 0 0 0 0 0
3.02998035628388e-06 1 1 1 2.63935146960215e-07 4.10866762279305e-07 5.56126727224715e-07 3.22415184550451e-07 0.999998212422481 0.000449432571992703 4.42430619029821e-06 4.23374909019891e-07 3.00885142689999e-07 1 0.999999985342414 8.78965681350152e-07 7.20825744648934e-07 6.13886588894941e-05 1 3.6303423892603e-06 4.54317583553632e-07 3.73324446645285e-06 3.35783582716687e-07 1.92946657223692e-05 2.91390599871377e-07 0.000749444058427251 9.58226030778331e-06 4.26894039348147e-05 2.45671650928037e-05 7.31572784725687e-05
6.75627878088392e-08 0.00722509983149411 1 1 5.75444480954701e-09 0.00175083825505995 2.54805715371731e-06 7.97085872583647e-06 1.1891281292975e-09 2.68109234813352e-09 1.8228279996535e-09 2.163291545898e-09 2.31710869158519e-07 1.2253974612797e-08 5.073820580348e-07 1.44024481230076e-09 3.91103227581624e-09 3.47777367226687e-06 0.999727243823853 3.84171697787039e-08 1 1.84226123245423e-09 0.999922670094962 1 0.999999999985647 3.02699067011858e-06 3.06836199220895e-05 1.21736865033029e-09 0.992881378968426 1.42361533672641e-09
1.75415237890775e-14 0.999999895191397 1 1 3.33066907387547e-16 0.999999999999882 2.31985208820618e-10 0 3.78798348243947e-09 8.63753513158372e-14 1 1 0 0 0 2.40559000497242e-08 1.23345778035855e-13 0 9.49227272428743e-06 1.11022302462516e-16 0 6.66133814775094e-16 9.65894031423886e-15 8.88178419700125e-16 1.53210777398272e-14 0 0 0.999990479492409 0 6.10622663543836e-15
5.58649032200709e-06 0.999999997533814 1 1 0 0 0 0 3.33066907387547e-16 0 0 4.95048446680357e-13 0 1.12430154075582e-09 0 1 0 0 0.999994413691384 0 0 1 0 7.21644966006352e-15 0 0 0 1 1 0
0 0.999965519371253 1.30304766976508e-10 1 0.999999999997587 0 0 0 0 0 0 0 2.22044604925031e-16 0 1 0 0 0 0 0 1 0.999999999869705 0 0.99999999999999 0.999999999999972 0 1 2.74225087082414e-14 0 0
2.1094237467878e-15 1.13492992781516e-10 1 0.999999972132549 7.7715611723761e-16 1.75415237890775e-14 1 5.55111512312578e-16 1 0.999999847429871 1 1.16173737296776e-12 9.99200722162641e-16 9.60553858675439e-12 8.88178419700125e-14 6.79749312393341e-09 3.65347752051548e-11 1.68753899743024e-14 1.24789067967868e-13 2.4580337765201e-13 8.77076189453874e-15 6.66133814775094e-16 1.99840144432528e-15 7.08566538776267e-12 1.99840144432528e-15 3.09530179265494e-12 1.05249142734465e-11 9.32587340685131e-15 1.33226762955019e-15 0.99999999880516
0.999999931192486 0.999993010740704 1 1 5.03860286826807e-11 3.59001472993725e-09 5.0274007179496e-11 1.38933975435407e-10 3.15449322219052e-09 4.85912935025423e-05 3.06503731173358e-07 1.50742052373865e-06 3.78593933980653e-10 1.29276878091389e-09 1.78612125090183e-10 7.5532728423644e-05 5.1851301030581e-11 0.999999999732576 4.38095348886947e-09 4.96850973363827e-07 6.0785598776647e-11 2.18345499014561e-07 2.58028221011841e-09 0.000347396692897739 1 5.22110132905595e-11 1.06776920638652e-09 1.99061989114568e-10 8.71077746866789e-05 7.28500593183412e-11
3.12683212655429e-12 1 1 0.999999951756577 1.51156864802715e-12 4.16999768049209e-13 8.62732107975717e-12 2.15494289079743e-13 2.31148433726958e-13 3.51385587293862e-13 1 3.37507799486048e-13 3.17412762740332e-13 2.74891220897189e-13 2.16747587655775e-08 1.46305190185103e-12 1.05025040331164e-07 0.999992460538781 5.77296199733013e-09 1.97064586870965e-13 1.97564187232047e-12 2.57682764015499e-13 2.25597318603832e-13 3.40838468559923e-13 2.00284233642378e-13 2.29821717212531e-11 7.3516159077025e-06 0.999999999999993 1.41209266502074e-12 5.32625157312339e-08
7.7715611723761e-16 0.998623221170831 1 1 1.22636305555091e-08 4.85893906110313e-07 0.999999999999999 6.66133814775094e-16 2.04465810949017e-09 6.66133814775094e-16 3.83026943495679e-14 9.10382880192628e-15 6.79667577774268e-09 6.7612582199672e-14 3.67648723156311e-05 4.25071922105502e-09 7.76009934411181e-06 9.5590202420226e-14 2.04537640791091e-06 6.66133814775094e-16 1 7.7715611723761e-16 0.9999575150119 1 5.84199355557757e-12 1.77921211097498e-09 2.78965883726556e-09 4.44089209850063e-15 1 3.21964677141295e-15
4.25661697456281e-06 1.06733102802625e-05 1 1 1.72891396754693e-08 1.72170437906516e-08 2.23665651555294e-08 0.998401128924479 1.78787746829556e-08 8.16421494644892e-05 8.57918475150043e-08 1 3.43681713088628e-07 1.55518064914872e-06 0.999999999999991 2.32321187842999e-08 3.09727020697537e-08 2.92671228363517e-08 1.51491078015376e-07 1 3.80022199264474e-08 3.03094166320683e-07 3.1521980137228e-08 1.7930252615983e-08 2.13447971519898e-08 3.84671693387517e-08 1 0.980545657296046 1.30385332696159e-05 2.38935459195844e-08
9.32587340685131e-15 0 1 1 0 0 0 0 0 0 1 0 1 0 0 0 1 0 0 0 0 0 0 0 0 0 0 1 0 0
1.27306478914235e-07 1 1 1 4.87884177502451e-11 0.999999714305696 5.45227196724341e-11 4.18974842597564e-08 6.68887167876164e-12 1.59810082170919e-05 1.16884835144049e-10 6.65500987651058e-12 1.92189597569836e-11 2.98500900917098e-05 0.00039752929576764 1.19698806422264e-10 7.2908346027134e-11 4.26714219514679e-11 0.00309469630556103 1.17500009721994e-10 0.996439704843795 1.81070713978215e-11 1.72789935692919e-08 9.61664081700064e-12 6.6658900621519e-12 1.74039741063226e-07 4.26565449629379e-11 1 6.95854485144309e-12 8.92557139309247e-11
1 0 1 1 6.78057610059568e-12 0 1.40628766157613e-05 2.38626301229949e-06 2.29703667198322e-09 2.42943545281094e-08 0.000268026009875855 4.04374932427842e-08 3.50835693829765e-09 3.02480263059124e-12 1 0.999985013589047 1 0.985753651824065 4.55191440096314e-15 4.01222388646261e-11 0 0 2.55351295663786e-15 1.51424095484742e-10 1 4.88815944388321e-08 0 1 0 1.11022302462516e-16
0.882079781381777 0.999999999999999 1 1 1.56425218711398e-06 0.9999999626 3.41748478172033e-06 2.89445180612358e-06 1.64159310678258e-06 1.3504543080467e-06 1.46496286179687e-06 5.74741457337602e-06 3.38367142060925e-06 2.01156700885274e-06 0.00019917460625607 1 0.995039663644573 3.82853322211663e-06 1.89308385072362e-05 1.74843206601771e-06 0.00303623767766614 0.999999999999655 1.39010625321845e-06 9.5559497440556e-06 0.00117117211119178 1 3.78673094252324e-05 1.34415108998809e-06 8.19885459538705e-05 3.59409402961308e-06
0 0 1 0.000230910706697118 0 0 0 0 0 0 0 0 1 0 0 0 0 0.999999999999987 0 0 0 1 0 1 0 0 0 1 0 1
1.55808699275894e-12 1 1 1 4.44089209850063e-15 0 4.5455195163413e-11 0 0 0 8.88178419700125e-14 1 0.999999927232915 4.70423699994171e-12 2.22044604925031e-16 0 1.11022302462516e-16 0.999995962958717 1.11022302462516e-16 1.81965553736063e-13 1.47097667380081e-10 0 7.25103805887528e-08 1.11022302462516e-16 3.56381590904675e-14 1 0 4.03703356632867e-06 2.2859492077032e-13 3.33066907387547e-16
0 1 1 1 0 0 0 0 0 0 0 0 0 0 1 0 2.22044604925031e-16 0.999999999999212 1 0 7.88036302878936e-13 0 0 0 0 0 0 0 0 1
4.52332493683372e-09 1 0.999999999920133 1 0.999998987345685 1.3031759138471e-07 3.12222539977647e-06 1.70457759018916e-10 2.33069119559559e-12 0.995440261793419 0.999999999999999 7.16371406639382e-12 3.0006441775754e-11 2.65554245260091e-11 0.999999999996185 0.999996440475762 2.10390219690382e-08 1.14992459998575e-11 3.53794771257299e-12 1.61426427780498e-11 2.79143375081503e-12 1.37889699658444e-11 2.7725599593964e-11 3.49861273285512e-09 3.73305492795684e-06 6.47879971893417e-10 1 1.3541390231353e-12 0.00454397525599792 1.93367544198964e-12
1.4208732665999e-06 1 1 1 0 4.72630834469356e-09 0 0.999623975007596 1.64313007644523e-13 2.96207502969992e-13 9.99200722162641e-16 0 0 0.999999974136486 1.20946919146547e-10 0 0 0 0 0.999998546697358 1 0 0 8.71525074330748e-14 1.56258339600868e-11 0 0 1 0 0
1.37898109597856e-08 1 1 1 0.981353684127947 1.45147627250708e-09 1.75249596612304e-07 1.65977365185199e-09 0.920734958189109 1.29571975371334e-09 1 2.26410246106923e-09 0.999139634428178 2.7008385528049e-09 1.76664560758155e-09 5.50802797816274e-08 0.00530770340447906 1.87980953025857e-09 1.31338961928407e-09 0.000393577635412923 1.25184608235074e-08 5.4393746684589e-05 5.07485864442714e-09 2.74064615568559e-06 1.6105593525495e-09 3.99503030656945e-09 7.20338767745687e-07 3.50797291215343e-08 0.999997947776056 4.8542699859766e-09
0.999998551811634 1 1 0.999934471553048 1.34759481796864e-05 2.76522491718945e-05 1.58916823935762e-05 6.273796330869e-05 4.74113332427084e-05 1.27058782912748e-05 0.0139947369775444 1.31423744699211e-05 0.0126532603387668 1.51412886461033e-05 1.49564495500742e-05 0.000104613504142592 0.0419466426749073 1.31328479683335e-05 2.09171774662176e-05 2.74244310874971e-05 1.37886015438848e-05 2.27225813516085e-05 1.25190512868523e-05 1.27402020444478e-05 0.999999968235312 1 1.95866045212822e-05 1.22547633896186e-05 1.20974983450761e-05 1.4537633114875e-05
0.000173434111884085 0.999999999998966 1 0.999987939016875 0.00017737262846973 0.000189758055628375 0.000348542226164317 0.000434861504792328 0.000312965852832914 0.00150163529732872 0.000202052315204426 0.000172494449239724 0.000462397987258445 0.000210430812189188 0.000789047892699291 0.00043770664100895 0.000172397307547034 0.0195267026766203 0.000390145450288593 0.000227711096775107 0.000184101922947266 0.000259338012324473 0.000577930963129858 0.0130220742691326 0.000356264709501897 0.000172397023029403 0.000192809026526519 0.000820825390723035 0.000179928409628438 0.000178899691400725
0 0 1 4.18109991073834e-13 0 0 0 0 0 0.999999998943612 1.02044406258273e-09 1 4.73177053095242e-13 0 0.999999530735545 0 0 8.33000335376255e-13 0 1 3.43225448062867e-12 0 1.31947786030651e-11 4.68079553561651e-07 1 1.59177448999515e-10 1 5.55111512312578e-16 0 0
1.16718587017672e-07 1 1 1 0.00716106098481739 1.73728254004857e-10 1.86791302425604e-08 1.0660554661257e-08 5.60756908708493e-05 1.39814826383144e-10 1.56009964655812e-05 6.56414866460064e-05 2.24428594930437e-07 0.999999999999959 0.999999998159654 7.42567674016925e-10 0.000640038344204119 9.02149355219706e-10 5.03551526456203e-05 4.28707134791928e-07 1 4.36198188680237e-10 3.68070018907929e-11 1.24833698933458e-10 0.999209377319555 4.27853308337944e-11 1.38044764508294e-08 2.5497474857139e-05 1.3761674022561e-09 1.0249075772184e-05
0.999992066215209 1 1 1 0.000148998101286546 0.000268531087252999 0.00675335506609709 0.000158275576374045 0.00114051805420357 0.00017904755961573 0.00093813672684262 0.999999992346433 0.000198099517828565 0.000170264323643976 0.000340237510607411 0.000150174474862208 0.000165918683024291 0.00140647955395767 0.000998186142436519 0.000507957228053635 0.000223042927992023 0.00028262324340167 0.00356581569790038 0.993406122626561 0.000147424659366013 0.000234544327252673 0.0002352321298843 0.000398216360490422 0.000363665538584801 0.000150186087490178
0.999999782493303 1 1 1 0.00068944830525608 0.0126760183318062 0.0041630733401663 0.00187046052276663 0.00447622186859209 0.0016771251768849 0.000930461666006965 0.00486622561903571 0.013489067730112 0.000630547542413096 0.00663680649491316 0.00118063485486475 0.00129323773977852 0.000954672593857175 0.000755668484411998 0.225811547431246 0.00102479174843406 0.00106223516500792 0.000989750900468378 0.00177824550468886 0.999962114840605 0.000864447235478627 0.0113111000469217 0.000984879273595252 0.000971838474607467 0.00051370833745723
1.10898630278911e-08 0.99999999999515 1 1 9.15744076002145e-06 6.84511081150418e-09 3.23752523423426e-06 2.20950480134263e-09 3.00221369986531e-09 1.19466296855109e-08 2.11025463769943e-09 5.39044542335887e-09 1 2.87022539069426e-09 1.85229302895884e-07 3.95103672001795e-09 5.75778191791443e-09 4.46355790106878e-08 1 2.1635241845841e-06 0.999038880315603 2.21218732221473e-09 0.000218834772931387 0.999751381646455 3.22308441047525e-08 2.25840823819823e-09 0.999999999998992 0.999994782381069 8.68017173694113e-08 6.56297038548193e-06
0 0.999999965914605 1 1 0 0 1 0 1 0 0 0 1 0 0 8.65973959207622e-15 0 1 0 1 0 0 0 0.999999999999991 0 0 0 0 0 0
3.06088487889156e-13 0.991610654517326 1 1 1 1.32677757669342e-10 2.90016655135616e-09 1.77635683940025e-15 1.55431223447522e-15 4.05125547953133e-06 1.99840144432528e-14 0.999997624436502 8.18123346846278e-13 3.10862446895044e-15 1 1.33160369952812e-07 7.64988072887718e-12 1 3.33066907387547e-15 1.88737914186277e-15 0.999999982764195 0.99999999999827 0.00822480977411622 1.0325074129014e-14 6.92779167366098e-14 1.72598695336035e-08 3.71480219918396e-08 2.23154827949656e-14 1.56541446472147e-14 2.1094237467878e-15
0.00126721947511799 5.77315972805081e-15 1 1 0 0.999999999293367 9.90607595952042e-12 0 9.69822372554052e-06 0 1 1 0 1 0 2.97539770599542e-14 0 0 0 0 0 0 1 2.1724660959066e-09 0 0 0 0 2.00950367457153e-14 0
1.61011870503103e-10 1 0.999999999999916 1 1.88094895214874e-09 8.24339707605759e-09 2.75830025486812e-10 9.12374723549547e-08 1.452771236643e-10 2.90894530685648e-10 1.02937310897389e-08 3.4475799992606e-10 1.08046016578101e-10 3.93265642273377e-10 3.20820404610123e-05 7.14722614425511e-10 3.72511355095639e-10 1.66465508044666e-10 2.32551866652386e-10 1.07577358132716e-09 0.999999944516153 2.73495670555235e-10 1.19186327474097e-10 0.999999999984562 4.22543222633465e-10 8.20611478768996e-09 1.5294021604717e-10 0.999967797833866 1.11881282016668e-10 7.16269182410301e-07
0.999999999999869 1 1 1 0.000181380182044388 0.000826187996683436 0.000202558719468393 0.000189981248185922 0.000206317354686791 0.00017407753710097 0.999999987947713 0.00359326619674216 0.000266737914388693 0.000802741387692096 0.00308052042984919 0.00037337544949112 0.00119094702842559 0.00187163339977026 1 0.00130986824787638 0.114428213678908 0.406850610458296 0.000201134845294493 0.000765847352128479 0.00124101068954774 0.00112582762404079 0.000188155156318537 0.999788233838477 0.00133286650673303 0.00163013994481787
1.09335346332173e-08 1 1 1 9.412692847377e-11 1.77801484646523e-09 1.71694108275222e-06 0.9677691078765 8.12573341946177e-11 5.24265075796393e-11 2.37754926857292e-10 5.67527136396961e-11 0.998591704280001 1.12536646668104e-10 7.57581775090443e-11 9.88229203491287e-06 7.05426358915684e-06 5.00288699356588e-11 1.46011946977609e-09 0.996802939547557 1.08355276973171e-08 8.77469208404591e-11 0.00319774105002113 2.05801632402469e-08 6.25785284702474e-08 1.44338452412462e-07 1.10434439370977e-10 5.8959837012651e-11 4.69785432777314e-10 5.5021084355289e-09
4.00879445194846e-07 0.999999999999988 1 1 3.56973894888313e-10 5.68783353749325e-10 2.11317585652182e-09 1.29284249972272e-09 0.000269236709401821 1.96558674891989e-08 1 1.35848443605369e-10 1.67710826337597e-08 0.999745645000853 0.999967603331526 6.67626065542493e-10 1.26565539160239e-08 1.8077650487669e-10 0.999998193799424 2.76712970315174e-08 6.1113725724482e-07 5.46605527507182e-09 1.69497971214128e-10 1.01020181109135e-09 1.65984781475004e-10 9.37180844684526e-06 4.65832594720439e-09 2.73293832009358e-10 7.51129936027439e-10 1.54060653123622e-10
5.55111512312578e-16 0 1 1 0 0 0 0 0 3.61155549910563e-13 0 0 0 0 0 0.999968039563062 3.19604365904835e-05 0 1 1 1.11022302462516e-16 0 0 0 0 0 0.999999999999985 0 0 1
8.15827571054584e-08 1 1 1 1.13833300341426e-07 2.06076059305893e-06 6.91178308831475e-06 3.96354694176537e-07 1.45289953401573e-07 5.81223209561443e-08 6.33672499783522e-06 0.999999999994153 1.77142540636055e-07 7.7992823088735e-08 0.0241079614101046 0.999983129748341 2.32651194043143e-06 0.996674827850001 2.04516389332721e-05 4.92403121721274e-07 0.978281723003814 1 7.65401872437899e-07 1.10683982638138e-05 0.000188497744221694 0.000263757562287137 6.14481758809404e-08 6.71087506676216e-08 1.71902589274353e-07 5.9122808981904e-08
0.00491058239868658 1 1 1 0.00126787762062863 8.80875054286578e-05 0.00267956021105809 0.000168216286525191 0.000145629768785405 8.1772243562539e-05 0.000143330687943255 0.00044347773416531 7.73976384838004e-05 1 0.000238563568172756 0.105130759794606 0.000572254360581392 0.000139038383581092 7.83245006031885e-05 0.000132214179704881 8.93814807414461e-05 0.00264910837878862 0.00428347515983929 0.0296146561668029 0.0529420107643892 8.06521148973838e-05 7.87770663208676e-05 8.48145122018806e-05 0.0002164337592655 1
