[1] "Average Estimates for Betas: "
 [1]  0.0572183521  0.0980088626  0.2051565426  0.3025212822 -0.0046142427
 [6] -0.0066917059  0.0018974551 -0.0026372511 -0.0053713080  0.0028221538
[11] -0.0077351674 -0.0015244576  0.0025313713  0.0029829239 -0.0018130184
[16]  0.0012549908 -0.0040599561  0.0033337440  0.0011324157 -0.0021541624
[21] -0.0015980957 -0.0004058322  0.0013989506 -0.0022263710  0.0001515304
[26]  0.0029666783  0.0002969087  0.0001896615  0.0030554283  0.0003825086
[1] "Standard Deviations of Betas: "
 [1] 0.04466898 0.05021894 0.05016810 0.04843157 0.04956640 0.05013048
 [7] 0.04680867 0.04430349 0.04667547 0.04611110 0.05018488 0.04927673
[13] 0.05119814 0.04772470 0.05212223 0.05124152 0.05008457 0.05099583
[19] 0.05266859 0.04671987 0.04856009 0.05263806 0.04850115 0.05742222
[25] 0.04533999 0.04633796 0.04664989 0.04700560 0.04920796 0.04466346
[1] "Average StdErrors for Betas: "
 [1] 0.01507701 0.01097764 0.01101154 0.01104479 0.01103852 0.01102537
 [7] 0.01103110 0.01103004 0.01099465 0.01100761 0.01101039 0.01105944
[13] 0.01091484 0.01103323 0.01095859 0.01090865 0.01109334 0.01101155
[19] 0.01103300 0.01100009 0.01102916 0.01105827 0.01104114 0.01095261
[25] 0.01105750 0.01096620 0.01107115 0.01099954 0.01099590 0.01103084
[1] "Positive rate for exposures: "
 [1] 0.785 0.950 1.000 1.000 0.655 0.645 0.625 0.625 0.635 0.600 0.615 0.540
[13] 0.670 0.595 0.620 0.585 0.605 0.600 0.620 0.620 0.610 0.670 0.690 0.655
[25] 0.630 0.610 0.590 0.620 0.600 0.580
[1] "Bonferroni-corrected positive rate for exposures: "
 [1] 0.575 0.895 0.995 1.000 0.500 0.455 0.445 0.420 0.430 0.405 0.465 0.405
[13] 0.480 0.395 0.405 0.425 0.430 0.475 0.470 0.420 0.440 0.490 0.495 0.485
[25] 0.450 0.400 0.430 0.395 0.460 0.370
