[1] "Average Estimates for Betas: "
 [1]  3.517406e-02  6.256343e-02  1.240808e-01  1.956571e-01 -1.305430e-03
 [6] -1.051669e-03 -8.103415e-04  4.189476e-03  2.416296e-03  5.323057e-03
[11] -1.636491e-03  7.953976e-04  1.971278e-03  2.697058e-03  3.998149e-03
[16] -9.954423e-04 -4.518590e-05  1.007338e-03  3.243046e-04 -2.123748e-03
[21]  7.238994e-05  5.508463e-04 -3.886564e-03  1.570260e-03  4.520708e-04
[26] -1.220680e-03  1.517314e-03  3.714196e-03  5.915641e-04  2.635012e-03
[1] "Standard Deviations of Betas: "
 [1] 0.03560774 0.04217635 0.06672665 0.08264280 0.03472000 0.03581539
 [7] 0.03082354 0.03605637 0.03682461 0.03550794 0.03557891 0.03271335
[13] 0.02898192 0.03609093 0.03326812 0.03459986 0.03420888 0.03258931
[19] 0.03327421 0.03344952 0.03179099 0.03238191 0.03545992 0.03586991
[25] 0.03334470 0.03491238 0.03357022 0.03233159 0.03264906 0.03318978
[1] "Average StdErrors for Betas: "
 [1] 0.007957742 0.007961132 0.008081351 0.008031525 0.007987192 0.007965565
 [7] 0.007976462 0.007971021 0.007963904 0.007996247 0.007972918 0.008069222
[13] 0.007959841 0.007920647 0.007875754 0.007880753 0.008033583 0.007981195
[19] 0.007987334 0.007979276 0.008025596 0.008022726 0.007987412 0.007903131
[25] 0.008014387 0.008032948 0.008150951 0.007952458 0.007917535 0.007952962
[1] "Positive rate for exposures: "
 [1] 0.775 0.880 0.830 0.915 0.715 0.665 0.645 0.635 0.680 0.625 0.680 0.675
[13] 0.575 0.685 0.620 0.590 0.655 0.645 0.670 0.650 0.615 0.600 0.615 0.630
[25] 0.600 0.595 0.605 0.595 0.640 0.635
[1] "Bonferroni-corrected positive rate for exposures: "
 [1] 0.625 0.820 0.805 0.900 0.515 0.460 0.420 0.445 0.465 0.415 0.485 0.490
[13] 0.340 0.520 0.420 0.460 0.465 0.465 0.455 0.470 0.445 0.455 0.425 0.475
[25] 0.435 0.440 0.425 0.440 0.425 0.470
