[1] "Average Estimates for Betas: "
 [1]  5.554880e-02  9.802700e-02  2.046770e-01  3.026626e-01 -4.162749e-03
 [6] -6.840429e-03  1.733528e-03 -1.931832e-03 -5.645300e-03  2.452316e-03
[11] -7.187405e-03 -2.025882e-03  2.888987e-03  2.668965e-03 -2.307478e-03
[16]  7.542253e-04 -4.342731e-03  4.007906e-03  6.052659e-04 -2.100284e-03
[21] -2.306122e-03  3.877597e-04  7.539499e-04 -2.500437e-03  1.073305e-03
[26]  2.816427e-03 -3.999764e-05 -3.963787e-04  3.226178e-03  1.077807e-03
[1] "Standard Deviations of Betas: "
 [1] 0.04816622 0.05056891 0.05036094 0.04866167 0.05001144 0.05212385
 [7] 0.04743407 0.04508752 0.04799352 0.04719760 0.05092833 0.05019459
[13] 0.05128475 0.04715128 0.05255796 0.05166744 0.05006164 0.05121042
[19] 0.05381335 0.04727431 0.04965035 0.05328079 0.04900655 0.05837503
[25] 0.04509544 0.04708137 0.04652544 0.04683698 0.04948752 0.04511305
[1] "Average StdErrors for Betas: "
 [1] 0.009653218 0.009643679 0.009670433 0.009698158 0.009691657 0.009693557
 [7] 0.009677997 0.009677672 0.009660507 0.009670532 0.009669406 0.009715801
[13] 0.009581499 0.009674483 0.009631132 0.009591833 0.009735180 0.009665668
[19] 0.009681547 0.009653654 0.009696173 0.009695441 0.009681860 0.009633318
[25] 0.009691542 0.009629588 0.009713436 0.009655350 0.009651727 0.009680278
[1] "Positive rate for exposures: "
 [1] 0.840 0.955 1.000 1.000 0.675 0.690 0.665 0.625 0.670 0.650 0.665 0.625
[13] 0.700 0.635 0.685 0.655 0.630 0.635 0.645 0.635 0.670 0.705 0.715 0.680
[25] 0.670 0.620 0.625 0.600 0.640 0.580
[1] "Bonferroni-corrected positive rate for exposures: "
 [1] 0.735 0.910 1.000 1.000 0.530 0.530 0.505 0.465 0.480 0.440 0.525 0.435
[13] 0.535 0.460 0.460 0.480 0.480 0.520 0.505 0.450 0.490 0.545 0.565 0.515
[25] 0.515 0.455 0.475 0.445 0.480 0.440
