[1] "Average Estimates for Betas: "
 [1]  4.770056e-02  1.005456e-01  2.005793e-01  2.997650e-01 -4.126556e-03
 [6] -9.601664e-05 -6.737874e-04  1.514125e-03 -5.418539e-04 -2.059071e-03
[11]  2.481411e-03 -3.544415e-03 -7.136321e-03  1.792696e-03 -1.781759e-03
[16]  1.119864e-03 -6.637724e-03  8.020881e-03  7.478524e-04 -4.525271e-03
[21] -3.111150e-03 -2.420177e-03 -5.178631e-03 -4.518918e-03 -5.749172e-03
[26] -4.980646e-03 -3.107940e-03  7.282139e-04 -1.866777e-03  1.973272e-03
[1] "Standard Deviations of Betas: "
 [1] 0.05668873 0.06403093 0.05677022 0.05067013 0.04814262 0.05785399
 [7] 0.05517740 0.05051331 0.06203087 0.04586263 0.05259464 0.06434210
[13] 0.06627793 0.05724608 0.06430085 0.05253775 0.06626660 0.06865692
[19] 0.06652153 0.05505524 0.04970415 0.04286092 0.04631006 0.06463794
[25] 0.04997657 0.04655446 0.05495001 0.05543289 0.04685276 0.05099336
[1] "Average StdErrors for Betas: "
 [1] 0.02115578 0.02150885 0.02314614 0.02225233 0.02330727 0.02287087
 [7] 0.02332223 0.02113003 0.02274825 0.02260332 0.02207925 0.02218373
[13] 0.02214394 0.02153394 0.02334855 0.02251872 0.02291374 0.02306454
[19] 0.02243155 0.02245688 0.02161745 0.02222679 0.02275666 0.02360836
[25] 0.02315792 0.02206262 0.02192580 0.02233873 0.02152469 0.02268994
[1] "Positive rate for exposures: "
 [1] 0.7061611 0.9004739 0.9857820 0.9905213 0.2274882 0.2322275 0.2085308
 [8] 0.2701422 0.2511848 0.1848341 0.2796209 0.2654028 0.1943128 0.2654028
[15] 0.2606635 0.2748815 0.2748815 0.2085308 0.2748815 0.2417062 0.2654028
[22] 0.2132701 0.2227488 0.2654028 0.2417062 0.2464455 0.2654028 0.2274882
[29] 0.2132701 0.2464455
[1] "Q-value positive rate for exposures: "
 [1] 0.5639810 0.8720379 0.9763033 0.9857820 0.1232227 0.1706161 0.1706161
 [8] 0.1943128 0.1563981 0.1137441 0.1848341 0.1943128 0.1421801 0.1800948
[15] 0.1990521 0.1943128 0.2132701 0.1232227 0.1990521 0.1706161 0.1421801
[22] 0.1516588 0.1469194 0.1753555 0.1563981 0.1611374 0.1563981 0.1516588
[29] 0.1184834 0.1753555
[1] "Precision/Recall/F1 based on p-values:"
[1] 0.3617225 0.8957346 0.5153374
[1] "Precision/Recall/F1 based on Q-values:"
[1] 0.4434137 0.8495261 0.5826900
