[1] "Average Estimates for Betas: "
 [1]  4.860645e-02  1.006609e-01  2.012836e-01  2.971515e-01 -5.915085e-03
 [6]  5.750895e-03 -2.206894e-03  4.825859e-03  5.344862e-04 -5.328923e-03
[11]  4.458714e-03  1.354837e-03 -9.382163e-03 -3.060200e-03  2.238300e-03
[16]  2.178778e-03  9.003431e-04 -1.900808e-04  1.304356e-03 -3.140257e-03
[21] -2.282269e-03 -6.896306e-03 -1.960382e-03 -4.375110e-03 -7.520043e-03
[26] -6.618855e-03 -7.952812e-03  1.931554e-03 -5.742193e-03 -8.719651e-05
[1] "Standard Deviations of Betas: "
 [1] 0.05767185 0.06407954 0.05443871 0.06347157 0.05373105 0.06000259
 [7] 0.05380201 0.06052793 0.06369977 0.05509830 0.06495296 0.07176202
[13] 0.06388156 0.06303799 0.06882611 0.06577329 0.06640046 0.06262385
[19] 0.07262429 0.06995751 0.05347234 0.05882393 0.06134157 0.07048860
[25] 0.05747503 0.05543931 0.06316659 0.05518345 0.06401862 0.06756714
[1] "Average StdErrors for Betas: "
 [1] 0.02723892 0.02756719 0.02901199 0.02790176 0.02859701 0.02807155
 [7] 0.02927208 0.02752121 0.02875712 0.02859031 0.02867914 0.02857440
[13] 0.02862985 0.02730549 0.02784718 0.02914025 0.02866843 0.02838313
[19] 0.02878975 0.02857044 0.02762361 0.02904772 0.02830303 0.02836778
[25] 0.02933968 0.02794991 0.02890305 0.02776854 0.02829209 0.02829038
[1] "Positive rate for exposures: "
 [1] 0.5687204 0.8104265 0.9905213 0.9857820 0.1706161 0.2369668 0.1895735
 [8] 0.2464455 0.2369668 0.1990521 0.2511848 0.2322275 0.2511848 0.2511848
[15] 0.2843602 0.2417062 0.2559242 0.1800948 0.2464455 0.2132701 0.2227488
[22] 0.2180095 0.2417062 0.2748815 0.2085308 0.1943128 0.1895735 0.2132701
[29] 0.1753555 0.2417062
[1] "Q-value positive rate for exposures: "
 [1] 0.4312796 0.7582938 0.9668246 0.9810427 0.1232227 0.1611374 0.1374408
 [8] 0.1563981 0.1706161 0.1421801 0.1706161 0.1658768 0.1706161 0.1800948
[15] 0.1943128 0.1563981 0.1753555 0.1279621 0.1753555 0.1611374 0.1374408
[22] 0.1184834 0.1658768 0.2085308 0.1611374 0.1327014 0.1374408 0.1184834
[29] 0.1421801 0.1611374
[1] "Precision/Recall/F1 based on p-values:"
[1] 0.3638232 0.8388626 0.5075269
[1] "Precision/Recall/F1 based on Q-values:"
[1] 0.4363876 0.7843602 0.5607793
