[1] "Average PIPs: "
 [1] 1.625282e-01 8.819278e-01 1.000000e+00 1.000000e+00 1.090664e-04
 [6] 1.062136e-04 1.061541e-04 9.544291e-05 2.683917e-04 1.013689e-04
[11] 8.280418e-05 1.216045e-04 8.959312e-05 9.936448e-05 1.030208e-04
[16] 9.528687e-05 9.505005e-05 1.069601e-04 1.121868e-04 9.349509e-05
[21] 1.084137e-04 1.003885e-04 1.124443e-04 1.113054e-04 1.067348e-04
[26] 9.613135e-05 9.505680e-05 1.026262e-04 2.778591e-04 1.358809e-04
[1] "Percent of time PIP >= 0.1: "
 [1] 0.2110553 0.9095477 1.0000000 1.0000000 0.0000000 0.0000000 0.0000000
 [8] 0.0000000 0.0000000 0.0000000 0.0000000 0.0000000 0.0000000 0.0000000
[15] 0.0000000 0.0000000 0.0000000 0.0000000 0.0000000 0.0000000 0.0000000
[22] 0.0000000 0.0000000 0.0000000 0.0000000 0.0000000 0.0000000 0.0000000
[29] 0.0000000 0.0000000
[1] "Percent of time PIP >= 0.5: "
 [1] 0.1557789 0.8844221 1.0000000 1.0000000 0.0000000 0.0000000 0.0000000
 [8] 0.0000000 0.0000000 0.0000000 0.0000000 0.0000000 0.0000000 0.0000000
[15] 0.0000000 0.0000000 0.0000000 0.0000000 0.0000000 0.0000000 0.0000000
[22] 0.0000000 0.0000000 0.0000000 0.0000000 0.0000000 0.0000000 0.0000000
[29] 0.0000000 0.0000000
[1] "Percent of time PIP >= 0.9: "
 [1] 0.1206030 0.8592965 1.0000000 1.0000000 0.0000000 0.0000000 0.0000000
 [8] 0.0000000 0.0000000 0.0000000 0.0000000 0.0000000 0.0000000 0.0000000
[15] 0.0000000 0.0000000 0.0000000 0.0000000 0.0000000 0.0000000 0.0000000
[22] 0.0000000 0.0000000 0.0000000 0.0000000 0.0000000 0.0000000 0.0000000
[29] 0.0000000 0.0000000
