[1] "Average PIPs: "
 [1] 1.663471e-01 8.860550e-01 1.000000e+00 1.000000e+00 1.101257e-04
 [6] 1.063873e-04 1.088507e-04 1.010532e-04 3.045828e-04 9.916520e-05
[11] 8.964010e-05 1.274164e-04 9.200770e-05 1.030914e-04 1.007700e-04
[16] 1.004888e-04 9.720855e-05 1.091097e-04 1.124505e-04 9.414300e-05
[21] 1.026496e-04 1.035888e-04 1.152862e-04 1.119142e-04 1.071208e-04
[26] 1.018335e-04 9.816783e-05 1.049358e-04 2.603785e-04 1.347173e-04
[1] "Percent of time PIP >= 0.1: "
 [1] 0.2110553 0.9145729 1.0000000 1.0000000 0.0000000 0.0000000 0.0000000
 [8] 0.0000000 0.0000000 0.0000000 0.0000000 0.0000000 0.0000000 0.0000000
[15] 0.0000000 0.0000000 0.0000000 0.0000000 0.0000000 0.0000000 0.0000000
[22] 0.0000000 0.0000000 0.0000000 0.0000000 0.0000000 0.0000000 0.0000000
[29] 0.0000000 0.0000000
[1] "Percent of time PIP >= 0.5: "
 [1] 0.1608040 0.8844221 1.0000000 1.0000000 0.0000000 0.0000000 0.0000000
 [8] 0.0000000 0.0000000 0.0000000 0.0000000 0.0000000 0.0000000 0.0000000
[15] 0.0000000 0.0000000 0.0000000 0.0000000 0.0000000 0.0000000 0.0000000
[22] 0.0000000 0.0000000 0.0000000 0.0000000 0.0000000 0.0000000 0.0000000
[29] 0.0000000 0.0000000
[1] "Percent of time PIP >= 0.9: "
 [1] 0.1256281 0.8643216 1.0000000 1.0000000 0.0000000 0.0000000 0.0000000
 [8] 0.0000000 0.0000000 0.0000000 0.0000000 0.0000000 0.0000000 0.0000000
[15] 0.0000000 0.0000000 0.0000000 0.0000000 0.0000000 0.0000000 0.0000000
[22] 0.0000000 0.0000000 0.0000000 0.0000000 0.0000000 0.0000000 0.0000000
[29] 0.0000000 0.0000000
