[1] "Average Estimates for Betas: "
 [1]  0.0526692434  0.1083967913  0.1987196958  0.2983424921 -0.0055525324
 [6] -0.0030222584 -0.0014537002  0.0060995285 -0.0066479192  0.0017973720
[11] -0.0025323484  0.0030455612  0.0019074858 -0.0059739800  0.0070047290
[16] -0.0015670287  0.0088677941 -0.0002822253  0.0027236901 -0.0073352875
[21]  0.0007521818 -0.0014501598  0.0048708688  0.0020026642  0.0079425164
[26] -0.0079264914 -0.0004480816  0.0065225688 -0.0023748707 -0.0043705703
[1] "Standard Deviations of Betas: "
 [1] 0.06149266 0.07850252 0.06797738 0.06487940 0.07340906 0.06860875
 [7] 0.09392339 0.06942404 0.06831205 0.07139105 0.06071381 0.06556154
[13] 0.06278296 0.06856860 0.07062527 0.07930941 0.06689961 0.06543283
[19] 0.07218667 0.07451323 0.06376459 0.05836790 0.07022247 0.08729558
[25] 0.07070035 0.06372722 0.07114545 0.06710775 0.06581755 0.06076625
[1] "Average StdErrors for Betas: "
 [1] 0.06533660 0.06425988 0.06563614 0.06456999 0.06460984 0.06589970
 [7] 0.06917392 0.06530773 0.06494000 0.06655756 0.06626856 0.06586907
[13] 0.06441866 0.06451056 0.06785292 0.06608722 0.06516053 0.06699939
[19] 0.06421600 0.06688821 0.06629439 0.06439342 0.06484260 0.06591448
[25] 0.06588094 0.06601298 0.06522263 0.06452005 0.06535835 0.06878505
[1] "Positive rate for exposures: "
 [1] 0.07537688 0.43216080 0.86432161 0.97989950 0.09547739 0.06532663
 [7] 0.05527638 0.06532663 0.07035176 0.07537688 0.04020101 0.04522613
[13] 0.04522613 0.04522613 0.06532663 0.08040201 0.06532663 0.06532663
[19] 0.07537688 0.06532663 0.05025126 0.02512563 0.07537688 0.07537688
[25] 0.04020101 0.07035176 0.08040201 0.05527638 0.05527638 0.03517588
[1] "Bonferroni-corrected positive rate for exposures: "
 [1] 0.010050251 0.135678392 0.497487437 0.869346734 0.015075377 0.005025126
 [7] 0.010050251 0.015075377 0.020100503 0.015075377 0.000000000 0.005025126
[13] 0.005025126 0.010050251 0.000000000 0.020100503 0.000000000 0.010050251
[19] 0.015075377 0.025125628 0.005025126 0.005025126 0.010050251 0.025125628
[25] 0.000000000 0.000000000 0.005025126 0.010050251 0.010050251 0.005025126
