[1] "Average Estimates for Betas: "
 [1]  4.988431e-02  1.009946e-01  1.980440e-01  3.020593e-01 -1.173953e-03
 [6]  3.898301e-04 -1.090655e-03  2.099884e-04 -1.145030e-03 -2.312924e-04
[11]  7.770259e-04  7.634226e-05 -1.029901e-03  5.675631e-04  5.726439e-04
[16]  2.728603e-03  7.282805e-05 -5.904598e-04 -1.704431e-03 -9.000291e-04
[21] -4.593121e-04 -7.564583e-04 -1.154741e-03  3.670863e-04 -1.252706e-03
[26] -2.869284e-03  5.221328e-05  1.856840e-03 -7.829647e-04 -7.296231e-04
[1] "Standard Deviations of Betas: "
 [1] 0.01580855 0.01518006 0.01686519 0.01614266 0.01419137 0.01430541
 [7] 0.01726245 0.01650126 0.01497188 0.01648726 0.01673102 0.01742765
[13] 0.01376192 0.01548910 0.01656338 0.01568867 0.01524459 0.01463495
[19] 0.01521360 0.01678926 0.01462293 0.01516276 0.01289324 0.01793461
[25] 0.01539925 0.02583148 0.01441437 0.01466899 0.01658022 0.02350117
[1] "Average StdErrors for Betas: "
 [1] 0.01672109 0.01686909 0.01716955 0.01602240 0.01592569 0.01740882
 [7] 0.01800964 0.01631662 0.01638956 0.01716291 0.01699704 0.01702266
[13] 0.01654142 0.01665688 0.01743949 0.01630057 0.01651770 0.01728104
[19] 0.01623720 0.01703111 0.01660641 0.01670885 0.01593978 0.01640889
[25] 0.01667473 0.01713610 0.01680776 0.01662173 0.01681691 0.01768346
[1] "Positive rate for exposures: "
 [1] 0.84293194 1.00000000 1.00000000 1.00000000 0.03141361 0.02094241
 [7] 0.06282723 0.05235602 0.03664921 0.05235602 0.02094241 0.09424084
[13] 0.03664921 0.05235602 0.05759162 0.06282723 0.04188482 0.03141361
[19] 0.05235602 0.04188482 0.04712042 0.03664921 0.04712042 0.05235602
[25] 0.04712042 0.04188482 0.03664921 0.06282723 0.06282723 0.04712042
[1] "Bonferroni-corrected positive rate for exposures: "
 [1] 0.507853403 0.958115183 0.994764398 1.000000000 0.000000000 0.000000000
 [7] 0.000000000 0.010471204 0.000000000 0.000000000 0.000000000 0.005235602
[13] 0.005235602 0.000000000 0.005235602 0.005235602 0.000000000 0.000000000
[19] 0.005235602 0.005235602 0.010471204 0.000000000 0.000000000 0.005235602
[25] 0.000000000 0.000000000 0.005235602 0.005235602 0.005235602 0.010471204
