[1] "Average Estimates for Betas: "
 [1]  0.0522885324  0.1082083734  0.1991802477  0.2983321454 -0.0054215238
 [6] -0.0026452839 -0.0292560470  0.0151656001 -0.0066130417  0.0020752303
[11] -0.0045784109  0.0027937092  0.0018359967 -0.0052829441 -0.0005140358
[16] -0.0010507162  0.0083151143  0.0002486221  0.0029742171 -0.0061377808
[21] -0.0021165344 -0.0010492242  0.0048794098  0.0043259226 -0.0031033028
[26] -0.0181059759 -0.0004506131  0.0064323571 -0.0022633519 -0.0282062394
[1] "Standard Deviations of Betas: "
 [1] 0.06029802 0.07681793 0.06694723 0.06394364 0.07169005 0.06790493
 [7] 0.32829776 0.15614913 0.06695147 0.07043685 0.05734166 0.06486406
[13] 0.06134103 0.06780687 0.14197232 0.07774148 0.06591315 0.06425878
[19] 0.07091984 0.07587664 0.08517354 0.05799383 0.06939806 0.10627391
[25] 0.13165877 0.17903001 0.06959643 0.06631820 0.06542385 0.33134900
[1] "Average StdErrors for Betas: "
 [1] 0.01902963 0.01889064 0.01930323 0.01896712 0.01879424 0.01931696
 [7] 0.06400597 0.03566351 0.01907143 0.01960594 0.01969501 0.01914858
[13] 0.01891050 0.01889972 0.02639743 0.01942544 0.01901780 0.01951001
[19] 0.01878258 0.02380732 0.02505139 0.01882717 0.01904789 0.03167888
[25] 0.03189993 0.02578419 0.01889245 0.01901888 0.01899774 0.05813637
[1] "Positive rate for exposures: "
 [1] 0.7185930 0.8693467 0.9849246 1.0000000 0.5125628 0.4773869 0.4874372
 [8] 0.5326633 0.4773869 0.5577889 0.4924623 0.5326633 0.4723618 0.5376884
[15] 0.5075377 0.5527638 0.5226131 0.4673367 0.5376884 0.4924623 0.5075377
[22] 0.4371859 0.5075377 0.5628141 0.5879397 0.4723618 0.5175879 0.4924623
[29] 0.5125628 0.4924623
[1] "Bonferroni-corrected positive rate for exposures: "
 [1] 0.5326633 0.8190955 0.9547739 0.9849246 0.3618090 0.3165829 0.2814070
 [8] 0.3718593 0.3366834 0.3718593 0.2964824 0.3015075 0.3165829 0.3668342
[15] 0.3216080 0.3567839 0.3216080 0.2663317 0.3869347 0.3216080 0.2663317
[22] 0.2864322 0.3065327 0.3216080 0.4120603 0.2713568 0.3366834 0.3567839
[29] 0.3366834 0.3165829
