[1] "Average Estimates for Betas: "
 [1]  0.0537555881  0.1102609931  0.1981085003  0.2975661500 -0.0043363384
 [6] -0.0050617922 -0.0047588033  0.0042235012 -0.0078982399  0.0028980745
[11] -0.0065492177  0.0060650633  0.0022480401 -0.0043859877  0.0101369798
[16]  0.0029531615  0.0070599397  0.0010532622  0.0028151101 -0.0100021399
[21]  0.0025499831 -0.0018677116  0.0026650653 -0.0024201726  0.0058759886
[26] -0.0044392820  0.0001108068  0.0064027277 -0.0020850234 -0.0022242997
[1] "Standard Deviations of Betas: "
 [1] 0.06035472 0.07556116 0.06296684 0.06283626 0.07167512 0.06584743
 [7] 0.06054278 0.06541297 0.06792175 0.07055907 0.05576333 0.06433225
[13] 0.06130329 0.06687231 0.06708243 0.07548668 0.06513266 0.06476939
[19] 0.07080619 0.07009715 0.05909916 0.05773349 0.06520513 0.06583410
[25] 0.06022883 0.05992020 0.06907842 0.06709109 0.06580422 0.06040860
[1] "Average StdErrors for Betas: "
 [1] 0.01651446 0.01629180 0.01660094 0.01637699 0.01637543 0.01679946
 [7] 0.01667484 0.01627592 0.01641864 0.01688956 0.01627252 0.01674327
[13] 0.01640898 0.01646809 0.01651332 0.01667217 0.01649636 0.01710984
[19] 0.01620104 0.01663553 0.01619773 0.01636050 0.01642162 0.01625694
[25] 0.01619486 0.01622515 0.01658716 0.01654371 0.01662289 0.01670191
[1] "Positive rate for exposures: "
 [1] 0.7638191 0.9045226 0.9899497 1.0000000 0.5276382 0.4924623 0.4824121
 [8] 0.5829146 0.5376884 0.5628141 0.5226131 0.5728643 0.5376884 0.5477387
[15] 0.4874372 0.5879397 0.5879397 0.4974874 0.5879397 0.5226131 0.5326633
[22] 0.5025126 0.5477387 0.5628141 0.5728643 0.4924623 0.5376884 0.5527638
[29] 0.5226131 0.5477387
[1] "Bonferroni-corrected positive rate for exposures: "
 [1] 0.5577889 0.8592965 0.9849246 1.0000000 0.3668342 0.3316583 0.3216080
 [8] 0.3819095 0.3618090 0.4221106 0.3366834 0.3417085 0.3366834 0.4020101
[15] 0.3366834 0.3718593 0.3869347 0.3115578 0.3869347 0.3718593 0.3115578
[22] 0.3115578 0.3366834 0.3768844 0.3768844 0.3366834 0.3768844 0.3819095
[29] 0.3718593 0.3316583
