[1] "Average Estimates for Betas: "
 [1]  5.042145e-02  1.013582e-01  1.999377e-01  3.001250e-01 -3.685500e-05
 [6] -7.397630e-04 -5.992216e-04  5.289350e-04 -6.217087e-04 -6.835121e-04
[11]  2.132077e-04 -1.190103e-04 -1.337520e-03  2.338142e-03  1.434687e-03
[16]  1.111224e-03 -4.126647e-04 -1.050913e-04 -2.140501e-05 -1.392252e-03
[21]  1.285768e-04 -5.655473e-04 -1.382134e-03  4.982872e-04  2.261567e-04
[26]  1.665498e-04  2.003781e-04  1.543915e-03 -1.020659e-04 -1.249771e-03
[1] "Standard Deviations of Betas: "
 [1] 0.010399300 0.010152787 0.010461412 0.009714365 0.010232011 0.009672707
 [7] 0.010701134 0.008896124 0.010599346 0.009623581 0.009893832 0.011343309
[13] 0.010460628 0.010369647 0.010458960 0.010545640 0.010107596 0.010723840
[19] 0.010375129 0.010415952 0.009958542 0.009729217 0.009936088 0.008709139
[25] 0.010199826 0.010294977 0.010280812 0.009987957 0.009909241 0.010691366
[1] "Average StdErrors for Betas: "
 [1] 0.01336450 0.01321263 0.01344734 0.01324397 0.01324439 0.01359758
 [7] 0.01349245 0.01319663 0.01332780 0.01368231 0.01314723 0.01357258
[13] 0.01327334 0.01331736 0.01336858 0.01354959 0.01337001 0.01386469
[19] 0.01310895 0.01344999 0.01311919 0.01322423 0.01328908 0.01317506
[25] 0.01313033 0.01312000 0.01343896 0.01338456 0.01345391 0.01351107
[1] "Positive rate for exposures: "
 [1] 0.984924623 1.000000000 1.000000000 1.000000000 0.010050251 0.015075377
 [7] 0.020100503 0.005025126 0.015075377 0.005025126 0.010050251 0.015075377
[13] 0.030150754 0.010050251 0.025125628 0.005025126 0.005025126 0.020100503
[19] 0.005025126 0.005025126 0.010050251 0.000000000 0.005025126 0.005025126
[25] 0.015075377 0.025125628 0.020100503 0.010050251 0.015075377 0.020100503
[1] "Bonferroni-corrected positive rate for exposures: "
 [1] 0.7638191 1.0000000 1.0000000 1.0000000 0.0000000 0.0000000 0.0000000
 [8] 0.0000000 0.0000000 0.0000000 0.0000000 0.0000000 0.0000000 0.0000000
[15] 0.0000000 0.0000000 0.0000000 0.0000000 0.0000000 0.0000000 0.0000000
[22] 0.0000000 0.0000000 0.0000000 0.0000000 0.0000000 0.0000000 0.0000000
[29] 0.0000000 0.0000000
