[1] "Average Estimates for Betas: "
 [1]  0.0531257337  0.0919196257  0.2018615896  0.2985189723 -0.0019800299
 [6] -0.0002231448  0.0023205092 -0.0037228287  0.0044232126 -0.0004694639
[11]  0.0061442484  0.0042226658  0.0005446932 -0.0005530224  0.0015916283
[16]  0.0002095157  0.0062148870 -0.0028977348 -0.0002023007 -0.0010203089
[21]  0.0074352676  0.0011034842  0.0003171979  0.0071832811  0.0056518868
[26] -0.0027510334  0.0035760345  0.0018603428  0.0022836113 -0.0047654330
[1] "Standard Deviations of Betas: "
 [1] 0.06028819 0.06651591 0.06045988 0.06135110 0.05881307 0.05683637
 [7] 0.06478192 0.06442069 0.06464802 0.05792971 0.07247317 0.06250804
[13] 0.06655133 0.05865625 0.05679287 0.06392005 0.06206928 0.05751267
[19] 0.06130405 0.05991896 0.06487858 0.05848840 0.05738313 0.06718617
[25] 0.06438201 0.06169606 0.05685119 0.05929908 0.06567133 0.05628719
[1] "Average StdErrors for Betas: "
 [1] 0.01324942 0.01326275 0.01344176 0.01361067 0.01315341 0.01316504
 [7] 0.01317807 0.01355681 0.01349919 0.01346127 0.01313750 0.01342074
[13] 0.01318005 0.01350711 0.01327301 0.01339883 0.01329512 0.01333912
[19] 0.01328412 0.01331044 0.01356903 0.01338983 0.01335856 0.01288706
[25] 0.01318508 0.01322062 0.01328374 0.01329173 0.01326520 0.01330563
[1] "Positive rate for exposures: "
 [1] 0.770 0.940 0.995 1.000 0.590 0.550 0.585 0.670 0.550 0.570 0.525 0.535
[13] 0.645 0.565 0.590 0.610 0.555 0.575 0.555 0.545 0.575 0.520 0.535 0.600
[25] 0.560 0.530 0.520 0.485 0.550 0.545
[1] "Bonferroni-corrected positive rate for exposures: "
 [1] 0.660 0.885 0.990 1.000 0.420 0.390 0.375 0.450 0.365 0.380 0.350 0.385
[13] 0.440 0.395 0.420 0.420 0.395 0.395 0.405 0.340 0.385 0.380 0.400 0.445
[25] 0.390 0.360 0.360 0.330 0.420 0.345
