[1] "Average PIPs: "
 [1] 0.1932867 0.3446576 0.6457968 0.7202803 0.1494746 0.1207548 0.1473883
 [8] 0.1854805 0.1638820 0.1244704 0.1607986 0.1678137 0.1291233 0.1595247
[15] 0.1466010 0.1528664 0.1540755 0.1222415 0.1566424 0.1768252 0.1748331
[22] 0.1833665 0.1702002 0.1495460 0.1400720 0.1317471 0.1856480 0.1368556
[29] 0.1781113 0.1517822
[1] "Percent of time PIP >= 0.1: "
 [1] 0.5561224 0.6938776 0.8469388 0.9132653 0.5204082 0.4948980 0.5255102
 [8] 0.5204082 0.5306122 0.5102041 0.5102041 0.5306122 0.5102041 0.4897959
[15] 0.5204082 0.5204082 0.5306122 0.4897959 0.5000000 0.5204082 0.5357143
[22] 0.5357143 0.5357143 0.5000000 0.5051020 0.4897959 0.5459184 0.5051020
[29] 0.5357143 0.5102041
[1] "Percent of time PIP >= 0.5: "
 [1] 0.11224490 0.24489796 0.59693878 0.67346939 0.06632653 0.03571429
 [7] 0.06632653 0.11224490 0.08163265 0.04081633 0.07653061 0.08673469
[13] 0.04081633 0.08163265 0.06122449 0.07653061 0.06632653 0.04081633
[19] 0.07142857 0.10204082 0.09183673 0.10204082 0.08673469 0.06632653
[25] 0.05612245 0.04591837 0.10714286 0.04591837 0.10204082 0.07142857
[1] "Percent of time PIP >= 0.9: "
 [1] 0.08673469 0.21428571 0.57653061 0.65306122 0.06122449 0.03061224
 [7] 0.06122449 0.10714286 0.08163265 0.04081633 0.07653061 0.08163265
[13] 0.04081633 0.07653061 0.05612245 0.07142857 0.06122449 0.04081633
[19] 0.06632653 0.09693878 0.09183673 0.10204082 0.07653061 0.06122449
[25] 0.05612245 0.04591837 0.09693878 0.04591837 0.09693878 0.06632653
