[1] "Average Estimates for Betas: "
 [1]  0.0576836016  0.0909448638  0.2068850565  0.3042628637  0.0049897811
 [6] -0.0007427269  0.0133410762  0.0094338142  0.0008226454  0.0024508262
[11] -0.0206756326  0.0042685315 -0.0030709672 -0.0185272651  0.0020707618
[16] -0.0064498738 -0.0093216678  0.0006000325 -0.0038116152 -0.0061630411
[21]  0.0008175139  0.0104965481 -0.0060379421 -0.0059718613  0.0051373591
[26] -0.0045889467 -0.0011582100 -0.0053791061 -0.0026387027  0.0081385273
[1] "Standard Deviations of Betas: "
 [1] 0.09497212 0.08045604 0.10014703 0.08646565 0.07458913 0.09335454
 [7] 0.10370839 0.10247281 0.09524507 0.08374063 0.10054469 0.07607236
[13] 0.09080400 0.08883022 0.09236064 0.09890761 0.09670344 0.08770727
[19] 0.09189033 0.09265381 0.08351109 0.09857862 0.08669598 0.07453493
[25] 0.08924957 0.09339466 0.08454223 0.09532775 0.08780628 0.09128633
[1] "Average StdErrors for Betas: "
 [1] 0.08145029 0.07630789 0.08512552 0.08059550 0.07371045 0.07593828
 [7] 0.08485740 0.07968448 0.07510971 0.08332301 0.07734099 0.07639988
[13] 0.07930039 0.08243686 0.07771865 0.07926021 0.07757639 0.08545740
[19] 0.08013234 0.08192903 0.07893132 0.07929879 0.08016839 0.07699291
[25] 0.07376390 0.07702659 0.08186670 0.07944350 0.07774841 0.08317695
[1] "Positive rate for exposures: "
 [1] 0.17346939 0.45408163 0.73979592 0.87244898 0.04081633 0.02040816
 [7] 0.05102041 0.05102041 0.02551020 0.01530612 0.03571429 0.01530612
[13] 0.01020408 0.04591837 0.04081633 0.05102041 0.02040816 0.03061224
[19] 0.04081633 0.04081633 0.04081633 0.04591837 0.03061224 0.01530612
[25] 0.04591837 0.01530612 0.02040816 0.04081633 0.02040816 0.04081633
[1] "Q-value positive rate for exposures: "
 [1] 0.035714286 0.183673469 0.510204082 0.714285714 0.000000000 0.005102041
 [7] 0.000000000 0.000000000 0.005102041 0.000000000 0.005102041 0.000000000
[13] 0.000000000 0.005102041 0.015306122 0.020408163 0.010204082 0.000000000
[19] 0.005102041 0.000000000 0.000000000 0.005102041 0.005102041 0.000000000
[25] 0.005102041 0.000000000 0.000000000 0.010204082 0.000000000 0.005102041
[1] "Precision/Recall/F1 based on p-values:"
[1] 0.7244224 0.5599490 0.6316547
[1] "Precision/Recall/F1 based on Q-values:"
[1] 0.9339934 0.3609694 0.5206992
