[1] "Average Estimates for Betas: "
 [1]  0.0462185415  0.0844696649  0.2023424932  0.3025082472  0.0051644173
 [6] -0.0093534314  0.0037510746 -0.0006111615  0.0005570429 -0.0043770911
[11] -0.0016280106  0.0003340153 -0.0062313648 -0.0020554107 -0.0014132544
[16] -0.0052790400  0.0006867350  0.0062773038  0.0022045374 -0.0035707321
[21] -0.0022698859 -0.0048590837  0.0031774221 -0.0098999251  0.0036758658
[26]  0.0020557006  0.0107494450  0.0011348756  0.0031388517 -0.0104231088
[1] "Standard Deviations of Betas: "
 [1] 0.06908373 0.07080038 0.08372944 0.06802405 0.07274103 0.06075449
 [7] 0.06799499 0.06943352 0.06762869 0.07650902 0.06187336 0.06426449
[13] 0.07968320 0.07319158 0.07171591 0.07343664 0.06961322 0.06421120
[19] 0.07451379 0.05533199 0.06729021 0.06686111 0.06289463 0.07628901
[25] 0.07650335 0.06298103 0.06804843 0.07110703 0.06944056 0.06794356
[1] "Average StdErrors for Betas: "
 [1] 0.06593845 0.06575305 0.07120741 0.06636870 0.06565851 0.06700448
 [7] 0.06563389 0.06760783 0.06545450 0.06731667 0.06711582 0.06513362
[13] 0.06955318 0.06600855 0.06449320 0.06554556 0.06559976 0.06530597
[19] 0.06651001 0.06615986 0.06915871 0.06566861 0.06518407 0.06670822
[25] 0.06759555 0.06539042 0.06519916 0.06916930 0.06652027 0.06636342
[1] "Positive rate for exposures: "
 [1] 0.110 0.285 0.865 0.985 0.105 0.045 0.095 0.030 0.055 0.060 0.025 0.040
[13] 0.095 0.065 0.040 0.065 0.055 0.055 0.055 0.035 0.060 0.060 0.045 0.110
[25] 0.065 0.070 0.070 0.075 0.050 0.060
[1] "Bonferroni-corrected positive rate for exposures: "
 [1] 0.000 0.035 0.515 0.865 0.025 0.005 0.005 0.020 0.005 0.010 0.000 0.010
[13] 0.010 0.010 0.020 0.015 0.015 0.005 0.000 0.000 0.015 0.020 0.000 0.010
[25] 0.020 0.005 0.000 0.005 0.010 0.000
