[1] "Average Estimates for Betas: "
 [1]  5.091890e-02  1.004269e-01  1.997968e-01  3.009440e-01  1.699140e-03
 [6] -8.023748e-04  7.925241e-04 -8.250004e-04  1.430840e-04 -1.699754e-04
[11]  6.244251e-04 -4.697165e-04 -7.243853e-04 -9.029476e-04 -7.152738e-04
[16]  1.091762e-03  1.430546e-04  3.844725e-04 -3.257591e-04 -5.266544e-04
[21]  2.260454e-03 -5.864939e-04 -6.749936e-04 -1.623152e-03 -7.345655e-05
[26]  5.705610e-04 -6.946746e-04 -5.564971e-04 -4.576539e-04 -1.901365e-05
[1] "Standard Deviations of Betas: "
 [1] 0.010218871 0.010135280 0.009677880 0.011179263 0.009435933 0.010097802
 [7] 0.009961360 0.010785194 0.010757340 0.010440210 0.010226306 0.009816811
[13] 0.010424239 0.010594144 0.010111978 0.009663931 0.010439428 0.009078977
[19] 0.009177036 0.010730734 0.010290963 0.010174798 0.010082437 0.010979701
[25] 0.009917331 0.009439848 0.010436474 0.009030078 0.010811081 0.011827101
[1] "Average StdErrors for Betas: "
 [1] 0.01312103 0.01320095 0.01326199 0.01319344 0.01310722 0.01332391
 [7] 0.01312142 0.01347691 0.01300100 0.01308802 0.01337248 0.01302812
[13] 0.01325154 0.01314219 0.01286534 0.01304186 0.01325757 0.01315171
[19] 0.01287248 0.01326573 0.01341623 0.01304774 0.01308504 0.01337982
[25] 0.01315693 0.01301535 0.01310692 0.01339929 0.01327765 0.01329238
[1] "Positive rate for exposures: "
 [1] 0.980 1.000 1.000 1.000 0.020 0.015 0.015 0.025 0.015 0.015 0.020 0.020
[13] 0.035 0.020 0.005 0.000 0.015 0.015 0.005 0.010 0.020 0.015 0.025 0.010
[25] 0.010 0.005 0.015 0.010 0.020 0.035
[1] "Bonferroni-corrected positive rate for exposures: "
 [1] 0.770 1.000 1.000 1.000 0.000 0.000 0.000 0.000 0.000 0.005 0.000 0.005
[13] 0.000 0.000 0.000 0.000 0.000 0.000 0.000 0.000 0.000 0.000 0.000 0.000
[25] 0.000 0.000 0.000 0.000 0.000 0.000
