[1] "Average PIPs: "
 [1] 0.2019392842 0.8896619927 0.9999879099 0.9950000179 0.0001981285
 [6] 0.0001913022 0.0002028420 0.0002225166 0.0001891539 0.0001642377
[11] 0.0001911942 0.0002474503 0.0002315261 0.0001981448 0.0001819042
[16] 0.0001586142 0.0001769177 0.0001685203 0.0001937396 0.0001699916
[21] 0.0002418918 0.0002108982 0.0001965147 0.0001773279 0.0001961744
[26] 0.0002180616 0.0002478414 0.0001651477 0.0004159774 0.0001756971
[1] "Percent of time PIP >= 0.1: "
 [1] 0.265 0.920 1.000 0.995 0.000 0.000 0.000 0.000 0.000 0.000 0.000 0.000
[13] 0.000 0.000 0.000 0.000 0.000 0.000 0.000 0.000 0.000 0.000 0.000 0.000
[25] 0.000 0.000 0.000 0.000 0.000 0.000
[1] "Percent of time PIP >= 0.5: "
 [1] 0.195 0.880 1.000 0.995 0.000 0.000 0.000 0.000 0.000 0.000 0.000 0.000
[13] 0.000 0.000 0.000 0.000 0.000 0.000 0.000 0.000 0.000 0.000 0.000 0.000
[25] 0.000 0.000 0.000 0.000 0.000 0.000
[1] "Percent of time PIP >= 0.9: "
 [1] 0.135 0.880 1.000 0.995 0.000 0.000 0.000 0.000 0.000 0.000 0.000 0.000
[13] 0.000 0.000 0.000 0.000 0.000 0.000 0.000 0.000 0.000 0.000 0.000 0.000
[25] 0.000 0.000 0.000 0.000 0.000 0.000
