[1] "Average Estimates for Betas: "
 [1]  0.0479766311  0.0846597702  0.2047718940  0.3028197957  0.0037687866
 [6] -0.0062538651  0.0045827117  0.0001100339  0.0010149153 -0.0059214757
[11] -0.0005753847  0.0007049208 -0.0023159689 -0.0025884219 -0.0038026272
[16] -0.0043512848 -0.0014708566  0.0062366907 -0.0003856185 -0.0031814920
[21] -0.0051383490 -0.0057675697  0.0034618276 -0.0105152691  0.0030255410
[26]  0.0021083645  0.0099888223  0.0009425115  0.0007739238 -0.0108168514
[1] "Standard Deviations of Betas: "
 [1] 0.06703074 0.06946536 0.06214751 0.06679803 0.07043301 0.05986395
 [7] 0.06744772 0.06779727 0.06507207 0.06423823 0.06005419 0.06086734
[13] 0.06998142 0.07102842 0.06762521 0.07238176 0.06836591 0.06321887
[19] 0.06099742 0.05466891 0.06854462 0.06684727 0.05997550 0.07443061
[25] 0.07006236 0.05929034 0.06354025 0.06576277 0.06591287 0.06771656
[1] "Average StdErrors for Betas: "
 [1] 0.06469233 0.06489757 0.06553799 0.06497805 0.06450483 0.06558930
 [7] 0.06469457 0.06679816 0.06401866 0.06523372 0.06653745 0.06413062
[13] 0.06505334 0.06509957 0.06372648 0.06441326 0.06511445 0.06481629
[19] 0.06385025 0.06565617 0.06581712 0.06431281 0.06441898 0.06615303
[25] 0.06525702 0.06452010 0.06424970 0.06623096 0.06548525 0.06567704
[1] "Positive rate for exposures: "
 [1] 0.130 0.285 0.885 0.995 0.095 0.050 0.065 0.035 0.040 0.045 0.035 0.045
[13] 0.065 0.055 0.050 0.070 0.055 0.045 0.060 0.035 0.075 0.070 0.045 0.090
[25] 0.060 0.050 0.065 0.040 0.050 0.050
[1] "Bonferroni-corrected positive rate for exposures: "
 [1] 0.000 0.020 0.520 0.900 0.005 0.000 0.005 0.020 0.000 0.010 0.000 0.010
[13] 0.000 0.015 0.015 0.015 0.010 0.005 0.000 0.000 0.015 0.015 0.000 0.005
[25] 0.015 0.005 0.000 0.010 0.010 0.005
