[1] "Average Estimates for Betas: "
 [1]  0.0466663537  0.0976665205  0.1964098325  0.3030494716  0.0009324634
 [6] -0.0015141768 -0.0071338561  0.0027042508 -0.0031148567  0.0164705920
[11] -0.0004608670 -0.0054562392  0.0018089676  0.0002565892 -0.0179723319
[16]  0.0069066310 -0.0058402337 -0.0046996342  0.0013785762 -0.0014727982
[21]  0.0076278501 -0.0001047062 -0.0004292442 -0.0082432598 -0.0015627606
[26] -0.0040097344 -0.0076386368  0.0050915560 -0.0003003632 -0.0094581909
[1] "Standard Deviations of Betas: "
 [1] 0.08649369 0.09326470 0.03095492 0.04691709 0.03871317 0.04215030
 [7] 0.04717371 0.07365435 0.05691873 0.10159600 0.03743212 0.08137630
[13] 0.05062282 0.03907970 0.11480661 0.05597388 0.07258661 0.08529938
[19] 0.06444915 0.04915153 0.08262928 0.05231118 0.08691876 0.08775308
[25] 0.05530610 0.05555722 0.12218050 0.09196603 0.04216268 0.06432323
[1] "Average StdErrors for Betas: "
 [1] 0.01974397 0.02021143 0.02029096 0.02102432 0.02078471 0.02009213
 [7] 0.02128030 0.02098596 0.02070977 0.02065285 0.01965690 0.02040536
[13] 0.02174549 0.01989725 0.02220627 0.01935517 0.02122929 0.02120617
[19] 0.02090058 0.02059281 0.02048725 0.02080998 0.02057032 0.02065672
[25] 0.02061832 0.02038053 0.02229500 0.01933537 0.02025731 0.02098978
[1] "Positive rate for exposures: "
 [1] 0.7142857 0.9387755 0.9931973 0.9931973 0.2244898 0.1836735 0.1904762
 [8] 0.1700680 0.2040816 0.2244898 0.1700680 0.1836735 0.1428571 0.1496599
[15] 0.1700680 0.1360544 0.1224490 0.1632653 0.2040816 0.1836735 0.1972789
[22] 0.2108844 0.1564626 0.2108844 0.1496599 0.1564626 0.1156463 0.1632653
[29] 0.2040816 0.1632653
[1] "Bonferroni-corrected positive rate for exposures: "
 [1] 0.44897959 0.87755102 0.97959184 0.99319728 0.04761905 0.03401361
 [7] 0.03401361 0.06802721 0.06122449 0.06802721 0.03401361 0.04761905
[13] 0.04081633 0.02721088 0.10884354 0.03401361 0.04081633 0.04081633
[19] 0.05442177 0.04081633 0.04761905 0.06122449 0.03401361 0.05442177
[25] 0.03401361 0.03401361 0.03401361 0.06122449 0.07482993 0.06802721
