[1] "Average PIPs: "
 [1] 0.4194073 0.7100146 0.9457146 0.9857935 0.2435772 0.2391265 0.2233391
 [8] 0.2119682 0.2336376 0.2348149 0.2004938 0.2007571 0.1829216 0.2026693
[15] 0.2015140 0.2142417 0.1783580 0.1985950 0.2374714 0.1975072 0.2135919
[22] 0.2110623 0.1771355 0.2195717 0.1599636 0.1874040 0.2017031 0.1575725
[29] 0.1975379 0.1778591
[1] "Percent of time PIP >= 0.1: "
 [1] 0.5808081 0.8030303 0.9595960 0.9898990 0.3737374 0.3737374 0.3434343
 [8] 0.3131313 0.3434343 0.3686869 0.3282828 0.3131313 0.3080808 0.3080808
[15] 0.2626263 0.3282828 0.2626263 0.3232323 0.3333333 0.3080808 0.2929293
[22] 0.2979798 0.2878788 0.3484848 0.2979798 0.2979798 0.3434343 0.2272727
[29] 0.2929293 0.2979798
[1] "Percent of time PIP >= 0.5: "
 [1] 0.3585859 0.6818182 0.9444444 0.9848485 0.1919192 0.1868687 0.1717172
 [8] 0.1666667 0.1767677 0.1767677 0.1363636 0.1414141 0.1262626 0.1464646
[15] 0.1616162 0.1616162 0.1262626 0.1464646 0.1818182 0.1363636 0.1666667
[22] 0.1616162 0.1262626 0.1616162 0.1010101 0.1262626 0.1515152 0.1111111
[29] 0.1414141 0.1313131
[1] "Percent of time PIP >= 0.9: "
 [1] 0.32828283 0.65151515 0.93434343 0.98484848 0.18181818 0.17676768
 [7] 0.15151515 0.14646465 0.17676768 0.16666667 0.13636364 0.13636364
[13] 0.12121212 0.14141414 0.15151515 0.15656566 0.12626263 0.14141414
[19] 0.17676768 0.13131313 0.16161616 0.16161616 0.12121212 0.16161616
[25] 0.09090909 0.12121212 0.14141414 0.10101010 0.14141414 0.12121212
