[1] "Average PIPs: "
 [1] 0.33582470 0.86463352 0.99999994 0.98906219 0.03480978 0.03702895
 [7] 0.04038574 0.05900928 0.04367967 0.05677937 0.04401920 0.06161174
[13] 0.05653297 0.03610668 0.06449913 0.04934811 0.05928201 0.03963864
[19] 0.03971157 0.04628917 0.03987215 0.04118025 0.04057272 0.06561588
[25] 0.03893000 0.05217962 0.03599719 0.03573025 0.06189690 0.05861726
[1] "Percent of time PIP >= 0.1: "
 [1] 0.50000000 0.89393939 1.00000000 0.99494949 0.06565657 0.04545455
 [7] 0.06060606 0.08585859 0.06565657 0.08080808 0.05050505 0.08585859
[13] 0.09595960 0.03535354 0.06565657 0.06060606 0.08080808 0.06060606
[19] 0.05555556 0.05555556 0.05050505 0.06565657 0.08585859 0.07575758
[25] 0.05555556 0.08080808 0.06060606 0.04040404 0.06565657 0.07575758
[1] "Percent of time PIP >= 0.5: "
 [1] 0.29797980 0.85858586 1.00000000 0.98989899 0.01515152 0.02020202
 [7] 0.02020202 0.03535354 0.02020202 0.03535354 0.02525253 0.04040404
[13] 0.03535354 0.02020202 0.05050505 0.03030303 0.04040404 0.02020202
[19] 0.02020202 0.02525253 0.02020202 0.02020202 0.01515152 0.05050505
[25] 0.02020202 0.02525253 0.01515152 0.01515152 0.04545455 0.04040404
[1] "Percent of time PIP >= 0.9: "
 [1] 0.23737374 0.84848485 1.00000000 0.98484848 0.01010101 0.02020202
 [7] 0.02020202 0.03535354 0.02020202 0.03535354 0.02525253 0.04040404
[13] 0.02525253 0.02020202 0.04545455 0.03030303 0.04040404 0.02020202
[19] 0.02020202 0.02525253 0.02020202 0.01515152 0.01515152 0.04545455
[25] 0.01515152 0.02525253 0.01515152 0.01515152 0.04545455 0.04040404
