5.99520433297585e-15 1.5235590566931e-12 0.999999999990697 1 5.65103519534205e-14 5.55111512312578e-16 5.55111512312578e-16 2.1094237467878e-15 1.53210777398272e-14 1.22124532708767e-15 5.55111512312578e-16 5.55111512312578e-16 6.66133814775094e-16 5.55111512312578e-16 6.66133814775094e-16 6.66133814775094e-16 8.88178419700125e-16 6.66133814775094e-16 6.66133814775094e-16 5.55111512312578e-16 1.77635683940025e-15 6.21724893790088e-15 5.55111512312578e-16 6.66133814775094e-16 1.66533453693773e-15 8.88178419700125e-16 2.22044604925031e-15 1.77635683940025e-15 2.22044604925031e-15 7.7715611723761e-16
2.69035054234479e-08 0.999988582252129 1 1 1.05056695565153e-08 5.29828078077443e-08 9.82451253683791e-09 1.02723765049717e-08 1.02495376630429e-08 2.07567768528705e-08 1.00011422476953e-08 3.38006278521874e-08 1.00850786166617e-07 9.68589719541058e-09 1.15513106857534e-08 3.53576312672743e-08 1.0510254777607e-08 4.93779249710613e-08 2.61537318468896e-08 1.25468101463966e-08 1.03745035895386e-08 1.07240142321885e-08 1.35138706891524e-08 1.0115946080802e-08 8.94447051980052e-08 9.62360191536504e-09 1.16502618663361e-08 1.35582206572948e-08 1.96510993033527e-08 1.65601088397693e-08
0.354239192249572 0.938268846203938 1 1 0.00195930731821592 0.00147295605719511 0.00169147639246714 0.00179223593618161 0.00147151983783111 0.00145933313039592 0.00148999029120989 0.00150076232672391 0.0387852460071773 0.00146526374310585 0.00148220289126566 0.00141535452586083 0.00166402645959973 0.00148267560807991 0.00357294328141622 0.00224948134704683 0.00153724369857133 0.00427872910538751 0.00225465801274771 0.00338434012926747 0.00155045261516784 0.00236199032691231 0.00155720425247863 0.00141435510451582 0.00489861901165245 0.00734992625515007
7.44056549706329e-09 0.999999347557434 1 1 2.65772104324213e-09 7.02865565749278e-09 2.75558231788153e-09 2.59171650807133e-09 2.72087574693103e-09 3.6920574375543e-09 2.59781030020889e-09 4.15771606032678e-09 2.83632428654812e-09 2.6774351624681e-09 2.61403099166557e-09 2.59386079282109e-09 1.03352310043547e-08 8.89035178808228e-09 3.31936256259269e-09 6.70157540572092e-09 2.81342660279904e-09 2.64945043682019e-09 4.10101896886061e-09 2.59039290018137e-09 3.29648042196595e-09 2.97234858948059e-09 3.8875500596447e-09 3.19902981882336e-09 5.32474564440832e-09 2.59069277142032e-09
7.43835853511676e-06 0.999988451047885 1 1 1.44806799884378e-08 3.01742280051087e-08 1.54079786707229e-08 1.88692761415865e-08 1.54261828866353e-08 1.44434286752926e-08 1.75574204064333e-08 2.55889922584629e-08 2.1679034123423e-08 1.45262126771684e-08 1.70490508377696e-08 1.5975182843242e-08 1.64126120472119e-08 1.54672920027465e-08 1.46066927442234e-08 1.45721434918755e-08 1.48852974390934e-08 1.46696709224514e-08 1.86394262247092e-08 2.50644991428572e-08 5.51839507423324e-08 9.71258758974969e-08 3.03255578426587e-08 1.48753441786553e-08 1.44319939332505e-08 1.45137285523234e-08
1.39052282382979e-05 0.999826103804346 1 1 6.04565506101551e-07 6.37618974286269e-07 4.52678547535612e-07 4.45784354985435e-07 5.20989191343801e-07 4.71852057981614e-07 4.70750129988318e-07 6.97737439936397e-07 6.38234678995708e-07 4.45528121284511e-07 5.827450425544e-07 4.71400587565007e-07 4.52614754231639e-07 4.46937289844129e-07 5.72922847053015e-07 4.50346056668494e-07 7.6640981039322e-07 4.68508485340635e-07 1.22683278425129e-06 4.96731911270309e-07 5.58350033541544e-07 5.08486960759669e-07 7.10226779165879e-07 1.04212958695893e-06 5.92444128422187e-07 6.23024756674084e-07
1.03289090628289e-05 0.998545930453681 0.999999999999993 1 8.60776219679948e-06 4.20277586534734e-05 5.11044396955818e-06 1.85557885449272e-05 9.17733955563271e-06 5.01447433709501e-06 7.1862560794278e-06 5.01944308306523e-06 5.36177436005758e-06 2.32075331603188e-05 1.96487156185476e-05 0.000187556285220158 5.73751860799554e-06 5.0804891732481e-06 5.2442844115097e-06 5.01443991429706e-06 6.4931515256772e-06 5.92456085357629e-06 6.2332074601823e-06 5.23639661031972e-06 5.36885288404676e-06 6.03925055919774e-06 6.64765734315065e-06 5.07409818639726e-06 5.23389403905838e-06 5.85708691047682e-06
3.22948700193226e-06 0.999993894113861 1 1 1.42536014102745e-08 1.33590060125144e-08 1.0082866874761e-08 2.76365929030575e-08 2.1964904450833e-08 1.1055763748935e-08 1.07021406181573e-08 2.26341316800216e-08 1.02755189912429e-08 9.8171226703414e-09 2.20185299992792e-08 5.82056618458893e-08 1.01327047863364e-08 1.09806576054083e-08 1.08917049823631e-08 1.12507493321701e-08 1.10457326618629e-08 9.96754134785505e-09 1.44896312725962e-08 1.80057991849836e-08 1.26991331894644e-08 1.49940472260468e-08 1.05986373011291e-08 1.24386010380562e-08 1.11645349631928e-08 2.65894607442974e-08
8.69836993910855e-06 0.998921049566786 1 1 4.34939952098645e-06 7.17168751185326e-06 4.26029296030084e-06 7.27820566959192e-06 6.85178218562399e-06 4.19536431028877e-06 5.31580661089492e-06 5.35964741499306e-06 6.01945089784284e-06 8.4047974439061e-06 4.70531046192768e-06 4.49259723078743e-06 5.08383316932814e-06 2.98778715690506e-05 5.38754532186658e-06 4.28177984201916e-06 6.73765315217789e-06 4.20693578806475e-06 7.86863111512659e-06 1.32733259095019e-05 4.74470056455178e-06 4.32127987526343e-06 8.3703491714493e-06 7.49241683672963e-06 4.34678316307835e-06 4.35108012730723e-06
0.00028310426263034 0.96782366808278 1 1 0.00024001595928369 0.000100698236310981 0.000150184293362554 8.88621769135067e-05 9.69044814174147e-05 0.000108953387688349 0.000176468837546961 0.000265713600343775 0.000177223814242677 0.000136672679184047 0.000225890162262488 0.000104990798968085 8.91401931599756e-05 0.000329069498492984 0.000258200213112958 0.000157473429595156 0.00013025555723023 0.00011975966992106 0.000289941955282869 0.000113351010510576 9.51945443427027e-05 0.000149874266425765 0.000133498024185941 0.000332872020878172 0.000166861574775301 0.000172480991235235
0.000899216335168207 0.978496431774544 0.999999999999999 0.999999999999978 0.000120483031536334 0.000114527335888015 0.000463644071653113 0.000117358220163566 0.000114476741350789 0.000121141229327604 0.000120787715220172 0.000142243493257532 0.000113348514697242 0.000126807610345003 0.000154741759663901 0.000139485316068777 0.000117856198765254 0.0001649089607485 0.00017968844827132 0.000160921785223533 0.000147656564029375 0.00012151213087408 0.000129320882441553 0.000160251318590765 0.00012772374009784 0.000114592990896889 0.000584108698013175 0.000381974404743191 0.000218300893236156 0.000114551575340571
7.23828063633469e-05 0.984884788768811 0.999999999999999 1 0.000102467050504207 7.35106140139496e-05 7.44635514127179e-05 8.07798462917342e-05 7.2668693736011e-05 8.78194904621044e-05 7.47698650801487e-05 0.000167264065281336 0.00013008620445909 8.77610856377942e-05 8.58997798806049e-05 7.26343353272263e-05 9.29340760429387e-05 0.000100003832257389 9.64894632725644e-05 8.14836384958051e-05 0.000105936735930401 8.06752751845163e-05 7.59210885455941e-05 9.33084267190631e-05 7.28404725082177e-05 0.000728561375204828 7.72064121001836e-05 0.000122372854153618 0.000121580919594799 7.22822116860922e-05
0 0 1 1 0 0 0 0 0 0 0 0 0 0 0 0 0 0 0 0 0 0 0 0 0 0 0 0 0 0
5.53045334805713e-06 0.999845706470912 0.999999999749953 1 4.04918440000124e-07 7.10574325712976e-07 4.24941302479276e-07 4.41035894138686e-07 4.7187943019722e-07 6.095994394828e-07 4.02641585295349e-07 4.19525095329831e-07 5.05429770591981e-07 3.94559139471617e-07 3.92603157539639e-07 4.7234809519292e-07 8.24333317384074e-07 6.35976333485111e-07 4.03423811023984e-07 7.74211829090987e-07 4.92328941392728e-07 3.92819200945027e-07 4.06571380451304e-07 3.9861170186839e-07 4.0292875325143e-07 6.09668336593039e-07 4.27342665476615e-07 3.93714344903984e-07 4.27120762758193e-07 4.14130872261609e-07
0.0312973738513542 0.893063023451077 0.999999999998779 0.872000501072697 0.000724746129919018 0.00080736842258311 0.000402376994062981 0.000294518902101193 0.000334607697125344 0.000346540525903438 0.000308621492331573 0.000795817734948856 0.000288894105214266 0.000575470274982837 0.000291970381290585 0.00102787357558154 0.000291243176442135 0.00313762475875756 0.000383069229052291 0.000359778391666232 0.000391473948126997 0.000367036505873219 0.000374014099483566 0.000300742892044181 0.00037907110123192 0.000356003186768095 0.000324146486537225 0.000298112451361354 0.000290734316450103 0.000301972726196142
9.771072839726e-13 2.68085553756237e-12 0.705455115416542 1 1.36002320516582e-13 1.23678844943242e-13 1.59983137848485e-13 8.38218383591993e-14 1.58539847916472e-13 9.51461132103759e-14 8.4821039081362e-14 3.67261776546002e-13 2.3347990207867e-13 8.90398865749376e-14 2.00062189037453e-13 1.02362562870439e-13 8.99280649946377e-14 6.38711306066853e-13 1.10955689081038e-11 1.02806652080289e-13 8.31557045444242e-14 1.84185999785313e-13 1.0813572259849e-13 4.91273688396632e-13 8.5043083686287e-14 8.39328606616618e-14 1.21902488103842e-13 9.07052211118753e-14 2.16604512104368e-13 1.97775129606725e-12
0.000340612380031913 0.942756442055006 1 1 0.000570919470451847 0.000247305984154678 0.000299290663865581 0.00024247342440975 0.000450012528732557 0.000260123524251199 0.000272741049999303 0.000270327900534828 0.000239153845658091 0.000247579602712156 0.000427063122374172 0.000244235429509798 0.000884426743848254 0.000241609350793093 0.000450082376573291 0.000255795358969579 0.00026406654496347 0.00027255915561708 0.000843194578233897 0.000238670721409373 0.000244730656863923 0.0007217613496322 0.00111021362610353 0.000439064247621412 0.000248603643741019 0.000383736413822056
2.51413402063694e-06 0.59323425496334 1 1 4.32251773374581e-07 4.94690460817182e-07 1.16094194346772e-06 1.78769339009843e-06 3.89915031151489e-07 6.0861746364882e-07 3.81005455962757e-07 1.04165891545716e-06 3.7752786030687e-07 4.04899160644234e-07 5.44091475318531e-07 3.7749763814876e-07 3.94965377181755e-07 4.42226565033899e-07 5.84670947323396e-07 4.44634346896677e-07 2.04219759003532e-06 5.59319473625308e-07 3.77578053600836e-07 4.22419809353869e-07 3.94997544894693e-07 3.97795342887974e-07 5.75817035830539e-07 7.64123845087283e-07 3.84731095537383e-07 4.01031642005556e-07
1.35635946918455e-12 1.2325584997086e-09 0.999999998186592 1 2.23931984066894e-13 1.9151347174784e-13 2.86037860064425e-12 1.94844140821715e-13 1.90958360235527e-13 3.87800902501567e-13 2.58681964737661e-13 2.26707541628457e-13 2.22266649529956e-13 1.96176408451265e-13 3.87800902501567e-13 1.96731519963578e-13 2.42472708578134e-13 3.39617223232835e-13 2.50910403565285e-13 3.9235281690253e-13 2.04947170345804e-13 6.04738481513323e-13 2.86148882366888e-12 6.64579502540619e-13 1.90958360235527e-13 2.07944772512292e-13 2.15605311382205e-13 2.21755946938629e-12 1.97175609173428e-13 1.96731519963578e-13
0.00303172784634476 0.989909349414189 1 1 4.51646529223693e-05 5.27674889311269e-05 4.65188955119933e-05 3.54309474346337e-05 3.79617324179904e-05 4.26080687675467e-05 3.8491421102016e-05 3.59918907107959e-05 4.09881686311842e-05 7.49217213076303e-05 8.97891827958963e-05 4.3894712936976e-05 3.99612368281455e-05 3.67829408469689e-05 3.76341260929225e-05 3.57923850445863e-05 3.88192966870315e-05 4.5581679365414e-05 5.64434274525905e-05 3.61941420122802e-05 5.17839549082355e-05 5.09033567719364e-05 4.69532429967501e-05 3.89383372539909e-05 3.58769090432753e-05 4.50662364395171e-05
3.97272498231516e-08 0.999997242376714 1 1 6.52288145719382e-09 1.70967269230715e-08 1.03975535958867e-08 1.01770097904463e-08 8.36977731566435e-09 1.97891106834547e-08 1.19192268277502e-08 1.32660890050929e-08 8.23745405220677e-09 9.28948085121561e-09 1.00511181599927e-08 7.21673942827294e-09 7.5399287924327e-09 6.54708298686302e-09 6.83576417692677e-09 4.8942150332465e-08 6.65586685766328e-09 1.00436795547054e-08 6.5729475196008e-09 7.08268932392286e-09 5.07011911343724e-08 1.12985600875248e-08 6.52726006578064e-09 6.51818021779604e-09 1.44984674266269e-08 6.70740374353329e-09
1.30113003693477e-06 0.999995634277238 0.999999999999381 1 8.10980127496919e-09 7.69059760319379e-09 6.31264638339957e-08 1.67480820323362e-08 8.43551395401931e-09 7.7900685901966e-09 1.55239470167601e-08 6.15068702636279e-08 5.99413553237227e-08 5.62155800798436e-08 3.50785487324146e-08 1.66102056553541e-08 1.20905041534058e-08 8.97238083830132e-09 7.79379494275645e-09 1.000778704352e-08 6.69029641686691e-08 2.78386848018286e-08 7.90948373463607e-09 7.7105751783435e-09 9.32618005045072e-09 1.4944824378027e-08 8.1459959888619e-09 8.91589346796451e-09 1.58694350993471e-08 2.10591467597609e-08
1.48788426024282e-10 7.60448801595537e-07 0.999999218569713 1 1.1235701258272e-10 6.96884772111162e-11 1.66121005840125e-10 6.81416034709059e-11 6.64405197525753e-11 6.67335076087738e-11 9.74278435705855e-11 9.10707065315819e-11 6.49255094131718e-11 7.78229702902422e-11 7.02428115673115e-11 7.74780239964912e-11 6.18193274348755e-10 7.79740716438937e-11 6.52468079564983e-11 6.43620712281745e-11 8.7671758741692e-11 8.38711322614927e-11 2.79525735891184e-10 1.25028765118884e-10 6.42796926797473e-11 1.26964438962318e-10 6.55900889157124e-11 8.07319766593650e-11 7.62462315506696e-11 6.93857193923009e-11
4.93038115967348e-06 0.999424931378307 1 1 2.17079462250247e-06 1.99312085757963e-06 2.03305059243153e-06 2.23552440670183e-06 3.3832463499639e-06 4.15426656374951e-06 2.0389945175614e-06 2.04572005879644e-06 2.23096171181325e-06 2.13874493182331e-06 2.2475531039623e-06 1.99347011786699e-06 3.00304979705679e-06 2.06445978567782e-06 2.66565584128298e-06 2.01606883920569e-06 2.03888543659492e-06 2.00900424440764e-06 2.09619927105109e-06 1.99232754216627e-06 2.0767550609202e-06 2.63599950778293e-06 2.10534816058594e-06 2.58350474913183e-06 9.78068140400357e-06 2.58938519070995e-06
2.59929843068329e-05 0.996811262745086 0.999999999877846 1 1.74530740109091e-05 1.64824765045424e-05 1.49650498582066e-05 1.80154407758426e-05 1.84325387618811e-05 6.14029485773715e-05 1.73898561003361e-05 1.96434909462972e-05 1.83604849224306e-05 2.78674880617169e-05 1.95819251795903e-05 2.98498844596429e-05 1.49001941797122e-05 1.85191809732865e-05 2.64089139929702e-05 1.98227686590835e-05 3.50188734214996e-05 4.06280915800084e-05 1.49389831556324e-05 1.54058220205311e-05 2.66095629374297e-05 4.14747747473632e-05 1.59206622137864e-05 2.21197207085355e-05 1.53582681378106e-05 2.96924303671009e-05
0.204159417519767 0.97982791612764 1 1 0.178467883998462 0.180356542236978 0.194106936238677 0.176074913065925 0.175449170193502 0.176819922640571 0.175291357002447 0.175293350021719 0.176516023583712 0.216371640307096 0.192500973648844 0.176259488413395 0.180557678802284 0.181123078583885 0.184447832581461 0.180075455856356 0.186926869724717 0.175296575260611 0.18008660608836 0.175340285258233 0.175540011313632 0.175925888143452 0.18454972318113 0.175350040903912 0.200591854462386 0.176977577494415
3.77819528041279e-06 0.999931257960024 0.999999993222014 1 2.70171595762037e-07 2.69589827350813e-07 6.1240739135382e-07 2.5624972321836e-07 1.99607595152695e-06 1.39318165148783e-06 2.58768232952455e-07 2.83736422690417e-07 2.90756518639412e-07 2.55602839782654e-07 2.5747384635455e-07 2.60059527357193e-07 2.89218205939967e-07 2.78636291484169e-07 2.72736793927031e-07 2.92760254150259e-07 2.70804189073104e-07 4.10581924792375e-07 2.66297642714797e-07 2.56339716009357e-07 3.20093957562051e-07 3.81460551812651e-07 2.56918470387113e-07 2.98514052921028e-07 2.68563828176305e-07 2.75075480726805e-07
3.99214053581343e-06 0.0005892091355999 0.999062862013347 0.99999999999834 2.24045718089094e-06 2.32702623059744e-06 2.50619244187567e-05 2.77295623829499e-06 1.58424754315156e-06 1.64794025625525e-06 2.58525679408539e-06 1.60552045735951e-06 9.08599577975622e-06 1.99139866496889e-06 1.67550936724936e-06 1.69095266333574e-06 1.83431019151747e-06 1.9452201209802e-06 1.89005088280236e-06 1.73129097602587e-06 1.93591378339075e-06 2.33364973811767e-06 1.76452181199771e-06 1.59563329094059e-06 1.58732323574107e-06 1.5867144782522e-06 2.70088973564064e-06 1.79146498102689e-06 1.9143417150369e-06 2.15886260102049e-06
0.011983367575754 0.956751701712238 0.999999999997574 1 0.00012585862014769 0.000201200958357628 0.000197274910510359 0.000655561052176123 0.000162098326177196 0.000137143239581361 0.000124446488314223 0.000229830200548675 0.000161482023641191 0.000201336894307902 0.000144676729112669 0.000142792868852104 0.000123435874756272 0.000121460883344304 0.000140799328064878 0.000683173299738105 0.000145339746370654 0.000156192849120607 0.0001453995829932 0.000245502478492199 0.00014502485168455 0.000635669132507233 0.000122757689770547 0.000129025161034968 0.000147480964501678 0.000631164236304049
0 0 1 1 0 0 0 0 0 0 0 0 0 0 0 0 0 0 0 0 0 0 0 0 0 0 0 0 0 0
0.000368963330365846 0.99515893610818 1 1 1.51113649483614e-05 1.53332662382599e-05 6.91512177477538e-05 1.39476429631413e-05 3.56684831457343e-05 1.39492370587746e-05 2.34156570119159e-05 1.70766086838858e-05 0.000286715268085991 1.47818934814747e-05 1.61958952562546e-05 2.86834740723663e-05 1.81430563135354e-05 1.50544432077071e-05 1.59785378959221e-05 3.39736953817171e-05 2.62621517308492e-05 2.17329051643844e-05 2.8958666939416e-05 3.30863292145045e-05 1.79638544290928e-05 1.41050619423266e-05 2.24639780159741e-05 4.65736642488723e-05 4.76263016183642e-05 1.55525432972148e-05
5.9721549927616e-10 1.31688121518536e-08 0.999999934190176 1 2.91781376837719e-10 2.42168285424782e-10 1.56157864417139e-10 1.83577375523214e-10 2.40564568265711e-10 1.62204361053853e-10 3.16658588239704e-10 1.56584190058595e-10 4.02092248386055e-10 2.92819768432651e-10 1.73407732617648e-10 1.22541188307679e-09 2.14353645944243e-10 1.90581328496364e-10 1.56695101338755e-10 3.15824921770513e-10 1.73871028685824e-10 1.56299639897384e-10 5.34764565962575e-10 1.73431713434979e-10 1.56538559892283e-10 3.60007912370008e-10 1.2774450386388e-09 2.1788770787623e-10 1.60860880171754e-10 2.33538632876673e-10
0.920838842241243 0.999999996427076 1 1 0.000205710388251013 0.000206351951824502 0.000227517676923195 0.000215837276353437 0.000331580496041317 0.000233952668055593 0.000219091614971467 0.000323393688302143 0.000270686862966163 0.0038507260030114 0.000217433006594159 0.000219049818853678 0.000241871232730118 0.000294723005860975 0.000770894955073653 0.000275286068677327 0.000247033032562238 0.000213406574278152 0.000198053172547286 0.000437653905303481 0.000360180027801804 0.000211286357813978 0.000217319469034694 0.000198901102406057 0.000200254347057394 0.000276615920018708
4.66993541281546e-07 0.999967684509976 1 1 1.0973417996496e-07 2.44845315244824e-07 1.21041683120993e-07 1.04416191581969e-07 1.96371575889032e-07 5.83912929785768e-07 1.14024406405733e-06 2.29327681400271e-07 1.04948869372734e-07 1.59628975926474e-07 1.51424880745488e-07 1.20902699296543e-07 2.53060225441359e-07 1.0908647662955e-07 1.0526198512828e-07 1.0458437738059e-07 1.56318378807807e-06 1.65126632367674e-07 1.08151149702529e-07 1.45271215168385e-07 4.32732447874784e-07 1.23482478353587e-07 1.23835320331445e-07 1.30359515293499e-07 1.06071383898509e-07 2.02361383760952e-07
2.0391333687253e-05 0.998999112825744 0.999999999999861 1 1.53017687298806e-06 1.38942713556744e-06 1.38511147007581e-06 6.38712037359657e-06 2.08354789776877e-06 1.65658199891006e-06 1.74886329629143e-06 1.43705439514807e-06 2.85675303546284e-06 1.37978899150681e-06 1.37995617532916e-06 4.09990453309472e-06 1.7457491547912e-06 1.37889560725135e-06 2.31301519759697e-06 1.37662724553067e-06 1.38790716497361e-06 2.52158964031413e-06 1.43270790131655e-06 1.56558958808173e-06 1.45886126512451e-06 1.45600079615171e-06 1.53804976388283e-06 1.46706306736188e-06 1.4206967208219e-06 1.43962240595208e-06
1.50205254301206e-06 0.999995242162131 0.999999999997944 1 9.90713178161684e-09 9.05278740859217e-09 5.22687804149768e-09 5.66998825668463e-09 5.54686863107889e-09 1.35323440231261e-08 5.22854126661088e-09 7.9789204132652e-09 1.48456584292411e-06 8.77211625560648e-09 5.93442683882728e-09 5.31785671054053e-09 5.72359781791931e-09 6.06247685386307e-09 1.54140296082517e-08 7.06836444930303e-09 2.65513033781417e-08 5.60054158604828e-09 5.55957435643961e-09 5.47026912656179e-09 1.26519319465501e-08 7.79397357764111e-09 7.39369487856578e-09 5.32529687014005e-09 3.81784979186506e-08 5.60993684839417e-09
0.00105897859942417 0.996854609050661 1 1 5.10746955295627e-06 0.000314118624629267 7.06226415081446e-06 1.80871907469182e-05 5.87536532958843e-06 7.96912187450705e-06 0.000104618053200611 5.36903314385384e-06 5.61190309900095e-06 7.42077902438076e-06 5.65954917985945e-06 5.61952544253508e-06 6.37123502289505e-06 5.73131496584001e-06 2.373232067443e-05 5.14849896360303e-06 5.72822377431503e-06 2.30484826142519e-05 5.17057993687509e-06 7.03357777087632e-06 5.50197235793526e-06 7.68628030730634e-05 5.97955637460235e-06 5.5594624975841e-06 3.27997803520885e-05 7.13788632977774e-06
0.714240640718197 0.230225045673919 0.853223303352682 1 0.000340065169258996 0.000306745657720042 0.000203361921322642 0.00111596581359852 0.000232551018486737 0.000393842340903561 0.000612430894968652 0.000203873711637548 0.000228447103819862 0.000307502749777422 0.000317086204077999 0.00027732449676332 0.000203736580991154 0.000265848804644198 0.000314402560556371 0.000229045499556602 0.000203243620322979 0.000296283803718378 0.000223715399225499 0.000373260903946404 0.000446358853338213 0.000344171840502283 0.000208373622347713 0.000242119685463504 0.000209497113889845 0.000919266230159033
5.86091908866271e-05 0.989331098289349 1 1 4.71976664224716e-05 4.02160197814361e-05 3.94905211884566e-05 4.02109163366582e-05 7.76513838676163e-05 4.10423660291981e-05 5.3559583154783e-05 5.43552550210658e-05 4.86823528228486e-05 9.71775091154203e-05 7.65536773899012e-05 9.10327793091081e-05 3.98733685410546e-05 3.95054041451015e-05 0.00010908373077112 4.55735229467624e-05 6.72379882228347e-05 4.10997237862976e-05 5.51821886741743e-05 5.81677693936022e-05 5.34344626171857e-05 5.05217585824447e-05 4.0623470901946e-05 4.65970054885911e-05 5.81611104303326e-05 6.82293686963265e-05
0 0 1 1 0 0 0 0 0 0 0 0 0 0 0 0 0 0 0 0 0 0 0 0 0 0 0 0 0 0
2.78898815153639e-08 0.999999348387727 0.999999999997907 0.994751680500684 1.95429239457923e-09 3.54362161836264e-09 1.82992099251322e-09 3.4721153729933e-09 2.10829909086385e-09 3.72710495799566e-09 4.42949688039818e-09 2.36197961189788e-09 2.14235262863127e-09 1.93066507225836e-09 2.40860087430406e-09 2.19448337279715e-09 1.91800053617186e-09 1.94024518673785e-09 2.08853778715934e-09 3.31650595875033e-09 7.02046820677538e-09 1.87865556444677e-09 2.47278455489663e-08 1.83932713504475e-09 1.95957772231026e-09 1.83277615306565e-09 2.35524300062906e-09 5.15879894358307e-09 2.0780716036839e-09 2.811206600839e-09
1.01906474043734e-05 0.999845273939527 0.999999999997608 1 1.20789071644811e-06 5.76136254593074e-07 6.65078621397974e-07 8.32434491115919e-07 5.65842373068115e-07 1.9374125770355e-06 6.6578718693755e-07 8.2228251985228e-07 6.55962647977404e-07 1.08643065532821e-06 7.52156071981425e-07 6.26750425891665e-07 7.72769303991616e-07 1.23387332474634e-05 5.86925390955173e-07 6.66022793471832e-07 5.75587538742539e-07 2.34614864624838e-06 6.61901432663647e-07 7.07188711812634e-07 1.23070355728672e-06 6.04779087254315e-07 6.72457300288087e-07 7.46774639681647e-07 6.58674510156665e-07 7.83083687339037e-07
1.45096120673927e-08 0.999999116932463 0.999999999999999 1 9.42673727966081e-09 8.73657535205297e-09 2.59914418876406e-08 3.645845403355e-09 3.15393081651294e-08 2.54988441472648e-09 2.55902821155729e-09 2.58570753697285e-09 7.08128555793053e-09 2.811941457459e-09 2.71020150766077e-09 5.10756392735345e-09 3.55579843347442e-09 2.61685395575029e-09 2.69877264980067e-09 2.63833355163001e-09 2.54297782831259e-09 1.3409632071415e-08 2.5781173862427e-09 2.99867841668799e-09 2.57684884541476e-09 3.60578467084594e-09 3.33918437345204e-09 2.72615119367714e-09 2.76088307771261e-09 2.55362009315974e-09
0.0228691459715689 0.960718891433433 1 1 0.000106299624218376 5.95808844234824e-05 8.40675634561361e-05 9.61186520480606e-05 6.06934845490681e-05 9.72286830780433e-05 5.92283324107878e-05 5.97595849837207e-05 6.14051711608221e-05 6.40599269369213e-05 8.42005962611303e-05 6.90711490286544e-05 9.08705522679742e-05 6.17335474953906e-05 6.28003262450605e-05 6.1984831087436e-05 5.92121547319246e-05 0.000258600478328819 7.81059826613362e-05 0.000133541945336102 0.000111294411619056 6.34882859134045e-05 8.8570888062689e-05 0.000270562567045274 6.66528213415507e-05 8.9266851241887e-05
4.06373802734894e-05 0.982687759291063 1 1 2.4088778694642e-05 8.74466484294123e-05 2.31642835104573e-05 2.31654666731362e-05 2.32266514339496e-05 2.30339286553249e-05 4.3764756918252e-05 7.92701198109036e-05 4.36419925518017e-05 9.34088362667396e-05 2.35866010069863e-05 3.28954545514293e-05 2.5746751479816e-05 2.6096765571415e-05 2.39307280777146e-05 3.51886899891962e-05 7.31635294313193e-05 2.79223811104901e-05 3.40249392891678e-05 0.000246646607827583 2.56292854888818e-05 2.31668083534586e-05 3.0377663808645e-05 8.44355568606625e-05 2.34473180079631e-05 2.32386870736567e-05
8.7119200742336e-13 2.50999543371933e-09 0.999999997064909 1 1.22790666523542e-12 1.27109434089334e-12 2.24753549105117e-12 2.52808884937394e-12 7.59725615750995e-13 2.03003169829685e-11 6.63247234911069e-13 2.20323759236862e-12 7.7760020644746e-13 6.67799149312032e-13 7.95363774841462e-13 1.85185200507476e-12 1.13531406498169e-12 6.68243238521882e-13 1.20015108961979e-12 1.27142740780073e-12 7.90145726625724e-13 1.15230047725845e-12 1.2543299732215e-12 6.68132216219419e-13 7.83484388477973e-13 1.02062802653791e-12 8.91842155681388e-13 8.41404723672667e-12 8.43880521017581e-13 8.80517880830212e-13
0.000169592248325023 0.986126957070899 1 1 8.72977952596221e-05 6.10372174588703e-05 0.000232014654199086 9.22484529470857e-05 6.18401580186889e-05 5.65777886745167e-05 6.20001305471352e-05 5.52972242829908e-05 5.82218079790975e-05 6.99237535516373e-05 7.55621771597603e-05 6.76152070563374e-05 5.59807440007054e-05 0.000136668999545231 5.87921505141864e-05 5.60855712995467e-05 6.75487458057233e-05 5.5660872145924e-05 0.000709888207729437 9.77470087788479e-05 9.24292227837409e-05 5.91648611726336e-05 5.96981915559347e-05 0.000121733140767022 0.00010783956214 7.70526576946429e-05
2.90333213026628e-09 3.96586785633701e-08 0.999999500460178 1 2.1695083507467e-09 5.86939596924907e-09 1.9548728191765e-09 1.61014968025341e-09 1.93969174056008e-09 1.60886892697221e-09 2.30234620257619e-09 1.60675039939662e-09 1.95523741641779e-09 1.85177684297599e-09 2.94912394505076e-09 2.0024149005593e-09 5.03725250400322e-09 1.66446956217925e-09 1.71639524815248e-09 1.61216506811002e-09 1.60958379957776e-09 1.63584334966771e-09 1.78723424948402e-09 1.97403549062614e-09 7.43394534818975e-09 7.24829374298963e-09 3.27116778109371e-09 1.65407819663344e-08 1.59453117376529e-09 2.47287812449315e-09
1.2277479033429e-10 2.62303923026508e-09 0.999999973545411 1 1.6311452188944e-10 6.78610501125831e-11 4.69078109688326e-10 1.67365898917637e-10 7.1720851479995e-11 9.63672475151611e-11 9.34806676511357e-11 1.82581860741493e-09 1.34754318814601e-10 1.61147317712107e-10 5.68880609286282e-10 6.3211436085453e-11 6.11183326171272e-11 1.47441281406202e-10 6.05628880379072e-11 6.11645178949516e-11 6.50461906559485e-11 1.3657797115485e-10 6.16962037014446e-11 6.25313134605676e-11 6.41738884255005e-11 3.76309872152092e-10 6.84481360480049e-11 4.76008121808036e-10 5.85863468849368e-10 6.86031231822426e-11
2.99760216648792e-15 5.30622212835397e-11 0.999999999946 1 2.99760216648792e-15 3.5527136788005e-15 3.10862446895044e-15 2.00950367457153e-14 3.5527136788005e-15 3.21964677141295e-15 9.2148511043888e-15 4.66293670342566e-15 4.66293670342566e-15 3.10862446895044e-15 2.99760216648792e-15 5.6621374255883e-15 2.99760216648792e-15 3.33066907387547e-15 3.10862446895044e-15 3.88578058618805e-15 3.88578058618805e-15 3.10862446895044e-15 6.66133814775094e-15 4.77395900588817e-15 3.5527136788005e-15 3.21964677141295e-15 2.99760216648792e-15 3.44169137633799e-15 3.21964677141295e-15 8.10462807976364e-15
0.000220410586600273 0.962742869707909 1 1 0.000142739573517403 0.000132555234766296 0.000135093804342068 0.000188072362507063 0.000139239729069374 0.000134268057956244 0.000439368071826762 0.000195423248403159 0.000149891508637978 0.000136695058601699 0.000132447506849487 0.000241683920210289 0.000132500922413459 0.000721853629765179 0.000145250050582968 0.000247021878327036 0.000135152951437179 0.000236410719786639 0.000138743192709012 0.000146329695265179 0.00064588118341069 0.000250498150104139 0.000132492760422709 0.000134192437235003 0.000140837141938244 0.000255037576138983
4.81370499016975e-12 1.66333613549341e-12 0.999999999921269 1 1.88737914186277e-13 1.34670052887031e-13 1.61204383175573e-13 3.10418357685194e-13 3.46056516775661e-13 1.51212375953946e-13 1.43662859386495e-13 3.521627434111e-13 1.44884104713583e-13 1.12798659301916e-12 1.36557432028894e-13 1.41109346429857e-13 1.60094160150948e-13 1.34892097491957e-13 6.48037179473704e-13 1.99285032920216e-13 7.83928477687823e-13 1.96287430753728e-13 4.25659507641285e-13 3.45612427565811e-13 2.47657450103134e-12 3.73701070088828e-13 1.756372824957e-13 2.79443135298152e-13 2.19491091968393e-13 1.56985535681997e-13
0.000878619786530588 0.967805177635188 1 1 0.000125436275820734 0.00283378573452397 0.000191809948679733 0.000404197798788641 0.000179505156975845 0.000109138459208347 0.000112286938755535 0.000107156578685763 0.000106626887547034 0.000422798395015356 0.000115036979767891 0.000106493240051408 0.000115105431401585 0.000203188763592044 0.000450208853140399 0.000172143458661456 0.000260160741496041 0.000116187215088548 0.000122042393416955 0.000111532902369094 0.000125174959090701 0.000111423388124421 0.0011246515424046 0.000210488280503407 0.000123571614210505 0.000113139043860788
0.000211737723227468 0.985547947904606 0.999999999999982 1 7.21016966467314e-05 9.43498806793563e-05 6.94418429026955e-05 0.000122757604855583 0.000119358391656998 7.09933593607825e-05 6.60640450905747e-05 8.76455557389244e-05 6.4704714304642e-05 6.466425718199e-05 0.000154543985246725 6.78344409891229e-05 8.12969945418462e-05 6.97800339917176e-05 0.000290106997698714 7.54479219416959e-05 6.79216320277343e-05 0.000267839454697993 6.5114681540801e-05 6.4931018673775e-05 7.26027317830003e-05 7.36665366568579e-05 0.000166973949528249 7.9192966801811e-05 8.0275708333799e-05 9.28218154380156e-05
2.32797861654532e-07 0.996261698307386 1 1 4.87811503080415e-07 8.09930302825279e-08 8.05046300733636e-08 8.94491078984316e-08 8.11789125920725e-08 8.31633959474942e-08 8.25174187868427e-08 5.49855110221209e-07 6.80523771445785e-07 8.54954802509411e-08 6.4341548500213e-07 9.97449715045562e-08 2.02181219322028e-07 8.26507027262835e-08 8.10793626682127e-08 8.03114742486954e-08 2.98690636446608e-07 2.00309049236402e-07 1.12375332150805e-07 8.03935455984117e-08 3.13257368933506e-07 8.98109784319701e-08 8.32934043959455e-08 8.43571669184584e-08 1.17190808057721e-07 1.95955981996399e-07
0 0 1 1 0 0 0 0 0 0 0 0 0 0 0 0 0 0 0 0 0 0 0 0 0 0 0 0 0 0
0.0573216033305399 0.70966386445256 1 1 0.00108987062473476 0.00106839925898849 0.00121711683664538 0.00106603800206373 0.0010690824360543 0.00157838435455249 0.00150746443611505 0.00127549287178019 0.00244170080914863 0.00157758511947925 0.00156067419891581 0.00613585685540496 0.00146820722588015 0.00185311659309639 0.00115306070979537 0.00119163575226178 0.00124584604438527 0.00108888556314146 0.00107711074234607 0.00106892087010635 0.0029753814870952 0.00203799505227875 0.00133958380473143 0.00112343989628583 0.00118430993812535 0.00252196078154177
0 0 1 1 0 0 0 0 0 0 0 0 0 0 0 0 0 0 0 0 0 0 0 0 0 0 0 0 0 0
7.65121432211302e-07 0.9999158725819 1 1 2.96975583680137e-07 4.13732534787492e-07 3.6426957372715e-07 4.01329392496486e-07 3.8617265030183e-07 4.04123658204192e-07 4.22549159440067e-07 1.06614559336471e-06 1.34166579612849e-06 9.48770761843853e-07 6.97558674600529e-07 2.14935244358117e-06 2.51431275466452e-07 7.58970127823222e-06 3.96809460734282e-07 2.57969628880694e-07 3.37185544596608e-07 5.57783523813526e-07 2.77609529808487e-07 5.12530329843663e-07 4.42524489718821e-07 2.58160468447066e-07 2.52363571817682e-07 2.74515306486478e-07 3.74344357290113e-07 2.92573328453116e-07
9.35075077146408e-07 0.999988143242242 0.999999997826875 1 8.86306463776521e-08 5.56647145044664e-08 6.43131478739178e-07 4.50726644896093e-08 9.47859946087704e-08 4.21640128367429e-08 4.36847655826966e-08 4.38904942390295e-08 6.57902551326472e-08 4.53488980811656e-08 4.84540439993353e-08 4.21097163805229e-08 5.22398727609286e-08 7.26700690734106e-08 4.72991610322993e-08 4.10481428847476e-08 4.09542544321795e-08 4.25419868221866e-08 4.09346081475803e-08 4.80421882276261e-08 1.03736039536173e-07 4.04431214073853e-08 4.05466075159566e-08 1.20316248963803e-07 4.57104982753975e-08 7.34054338424883e-08
4.24579260638325e-11 0.999999996444752 1 1 4.09938749612593e-12 6.19904128029702e-12 1.43370093574902e-10 6.87228052242972e-12 3.54982709893648e-12 3.93740595683312e-12 3.3841818236624e-12 3.40627526185244e-12 7.31736893300194e-12 1.00335295627474e-11 3.3903990726003e-12 4.64184246595778e-12 8.74189609589848e-12 4.30311342114464e-12 3.3841818236624e-12 4.85544937589566e-12 1.0089595825491e-11 4.50617321234859e-12 5.07649478009853e-12 5.593414620364e-12 3.46966899655854e-12 3.5260683262095e-12 1.06431530255691e-11 1.28199673099516e-11 3.41904282663563e-12 3.46045414545415e-12
0.108603877407449 0.403064663183647 1 1 8.42217895570263e-05 8.61160619484158e-05 6.73738592158468e-05 6.49482864609752e-05 5.3720352883202e-05 0.00028279968703615 6.60577638712523e-05 9.88646874755528e-05 6.39243222750885e-05 5.38990602365619e-05 5.53531683841202e-05 0.000349998265332663 6.0882786492189e-05 6.08387766898311e-05 5.79221185768031e-05 5.95297732108868e-05 0.000111898218043249 0.000209173886363989 5.49335823645247e-05 5.59347433815027e-05 0.000209506856459263 5.83249997202495e-05 0.000119630704234375 9.56360496336961e-05 0.000201170653348237 0.000132961376835161
2.70350572699751e-05 0.997290968210073 0.999999999999516 1 9.0061798243557e-06 1.00555433570904e-05 1.8340512231485e-05 2.20096870280351e-05 9.29922991321774e-06 9.94223159378471e-06 1.07634610641005e-05 9.05899718306458e-06 9.81674025757329e-06 5.39171347762046e-05 8.54368841718411e-06 9.56587195677372e-06 8.49816995329711e-06 9.87939178231922e-06 8.65986860587586e-06 8.5701201166799e-06 2.48962120489304e-05 3.4191855580179e-05 9.28925720411478e-06 1.81383694258797e-05 9.16816313090152e-06 8.49474181630061e-06 1.46575429770257e-05 0.000149304979116471 1.71329987912472e-05 9.5562532270721e-06
0 8.88178419700125e-16 0.99999999999999 0.99999999999999 0 0 0 1.11022302462516e-16 0 0 0 0 0 0 0 0 0 1.11022302462516e-16 0 0 0 0 0 0 0 9.99200722162641e-16 0 0 0 0
2.15977347117757e-10 0.999999972384564 0.999999999998575 1 6.20854478938782e-11 6.76051437054070e-11 5.75611780462282e-11 8.7949980631663e-11 1.64195101959308e-10 6.31500585157596e-09 4.2823633528144e-11 4.97412111499784e-11 4.32466285005262e-11 4.35471658732922e-11 4.7795101210113e-11 4.35729230474635e-11 4.37525571328479e-11 5.01991781476363e-11 4.78841410966879e-11 7.43998196384155e-11 4.48682202502937e-11 5.99802429945839e-11 4.30957491914796e-11 5.43409761633029e-11 4.64653870935194e-11 5.37258015853581e-11 8.6845308722161e-11 6.29875041013861e-11 4.36166658346337e-11 5.42024203298297e-11
7.38977090845028e-05 0.998031019053925 0.999999999998554 1 8.5586051906672e-06 7.5623695235949e-06 6.98311157387721e-06 7.16270934353336e-06 7.01766179811436e-06 1.73782272714362e-05 7.05882723073259e-06 2.50834304191816e-05 6.95795782057473e-06 1.53756649727832e-05 7.26700187414497e-06 9.63668139852825e-06 7.63065279629771e-06 7.14836659732043e-06 1.52625050277022e-05 8.36987709829096e-06 1.01157273654229e-05 1.0343142830882e-05 6.97448460362793e-06 8.00244338960976e-06 5.69351579340349e-05 8.19271434115976e-06 7.28612295097797e-06 1.07027701274909e-05 9.64355725774357e-06 7.01241540912445e-06
3.88578058618805e-15 6.03628258488698e-13 0.999999999847397 1 1.66533453693773e-15 1.77635683940025e-15 5.99520433297585e-15 1.77635683940025e-15 6.10622663543836e-15 1.38777878078145e-14 1.88737914186277e-15 4.44089209850063e-15 2.22044604925031e-15 1.66533453693773e-15 2.55351295663786e-15 3.77475828372553e-15 1.77635683940025e-15 3.21964677141295e-15 6.88338275267597e-15 2.33146835171283e-15 1.77635683940025e-15 1.08024700296028e-13 1.66533453693773e-15 1.23234755733392e-14 2.44249065417534e-15 1.66533453693773e-15 2.33146835171283e-15 1.77635683940025e-15 2.33146835171283e-15 1.77635683940025e-15
9.54116022522378e-05 0.999478496042896 0.999999999999997 1 2.29580007815589e-06 1.47010951490056e-06 1.40962594663563e-06 1.4063774207429e-06 1.32418732323725e-06 1.33534318558226e-06 1.35734764938888e-06 1.7241130298995e-06 1.33187977224836e-06 2.85523257514964e-06 3.04577628706948e-06 1.40899151235274e-06 1.83964442768136e-06 2.05457405966225e-06 1.3507306911853e-06 2.56447004387539e-06 1.32524552554081e-06 2.26831837456531e-05 1.39391499953678e-06 1.39459152403987e-06 2.32675180300568e-06 1.33706029326053e-06 4.15266147157922e-06 2.41383232735259e-06 1.33038373750782e-06 2.90432549443498e-06
5.28754817707977e-12 0.999999999857315 1 1 6.52922160782055e-13 4.96380714309907e-13 3.28360671986161e-11 2.09754436042431e-12 2.68118860446975e-13 7.08544334315775e-13 7.40851824332367e-13 2.52131648892373e-12 7.77489184144997e-13 4.6118664442929e-13 2.60458321577062e-13 5.38458166943201e-13 2.630118345337e-13 4.01567668006919e-13 8.35775892937818e-13 6.58140208997793e-13 2.68007838144513e-13 2.58126853225349e-13 1.12354570092066e-12 1.83553172661277e-12 2.60236276972137e-13 5.89639448378421e-13 2.73114864057789e-13 2.60791388484449e-13 3.02202707302968e-13 6.57029985973168e-13
1.25134858586229e-07 4.52805728579087e-07 0.999992055023333 1 1.74840266708998e-08 1.71558364181479e-08 7.03679232660903e-08 3.228641920483e-08 1.3102010709698e-07 1.71030349882528e-08 6.88103202195478e-08 7.02897681170711e-08 1.71329700426881e-08 1.82385804237128e-08 1.75577214989175e-08 1.26428788549404e-07 2.04238704837323e-08 1.8681327706993e-08 1.71709230167849e-08 1.70630650719872e-08 5.08493774864505e-08 1.10875307157698e-07 2.15673201520161e-08 1.80185569798041e-08 1.80935364468837e-08 3.46268810291761e-08 1.81192093551275e-08 1.80826055240502e-08 1.70539465882413e-08 1.89903505143363e-08
0 6.66133814775094e-16 0.999999999999992 1 0 0 0 0 0 0 0 0 0 0 0 0 0 0 0 0 0 0 0 0 0 0 0 0 0 0
0.00022942745973098 0.996637468890777 1 1 3.97640057754334e-05 1.21443206406724e-05 2.53452973727475e-05 1.07917672034219e-05 1.07378522066215e-05 1.92782161571037e-05 1.47010360724842e-05 1.17201353951879e-05 1.09088883345487e-05 1.08687385091955e-05 2.45380485915936e-05 5.56928038303317e-05 1.27490621856241e-05 1.50450602515173e-05 1.24096326696854e-05 5.5761264328269e-05 1.58244420453979e-05 1.0722895268267e-05 1.772939620448e-05 1.15579183032066e-05 2.57653987026929e-05 1.09377595105542e-05 1.11660450070605e-05 1.08673804847248e-05 1.09709611405551e-05 3.50736185458222e-05
2.53855492182709e-09 9.34043634840398e-05 0.99990598598936 1 1.44903977705724e-09 1.32592659074504e-09 5.09310693619369e-09 1.61007951415826e-09 1.18317089459197e-09 2.399540677267e-09 1.24828114511644e-09 1.3036571822056e-09 1.49860035492111e-09 1.15404608092007e-09 1.16021481311179e-09 2.6162773059113e-09 1.11044862194376e-09 1.11599174346111e-09 5.43686984322278e-09 1.11204390140784e-09 1.19102949724947e-09 1.55915125255035e-09 1.57424129287875e-09 1.25439669762528e-09 1.10981157597223e-09 5.94598381642442e-09 1.72449088342574e-09 1.51885704013921e-09 1.13744058616305e-09 3.68584129883942e-09
7.7715611723761e-16 3.37120331650453e-11 0.999999999966133 1 2.22044604925031e-16 2.22044604925031e-16 2.22044604925031e-16 2.22044604925031e-16 6.66133814775094e-16 2.22044604925031e-16 1.66533453693773e-15 3.33066907387547e-16 4.44089209850063e-16 4.44089209850063e-16 1.22124532708767e-15 3.33066907387547e-16 2.22044604925031e-16 2.22044604925031e-16 2.22044604925031e-16 2.22044604925031e-16 2.36477504245158e-14 2.22044604925031e-16 2.22044604925031e-16 4.44089209850063e-16 3.33066907387547e-16 2.22044604925031e-16 3.33066907387547e-16 4.44089209850063e-16 2.22044604925031e-16 8.21565038222616e-15
0 0 1 1 0 0 0 0 0 0 0 0 0 0 0 0 0 0 0 0 0 0 0 0 0 0 0 0 0 0
1.05856681398286e-06 0.999996934790584 1 1 2.57618397725423e-08 4.32503310943133e-09 4.95444152370794e-09 5.07960995488332e-09 4.28332602719905e-09 1.39901927820318e-08 4.28220980897009e-09 5.00268826364447e-09 7.00733682190702e-09 4.39738234714326e-09 8.92721019329912e-09 4.18690992987081e-09 5.05039110532124e-09 5.50313450364825e-09 4.54625759260807e-09 5.25910426318887e-09 4.18470191831943e-09 3.18504281837662e-08 4.21170376352364e-09 9.28985666170945e-09 3.21065651842645e-08 3.57397406114401e-08 4.41104164305983e-09 4.50646397975873e-09 4.73985728444148e-09 4.39475900115838e-09
1.39830741985314e-07 0.999993366004986 1 1 1.76006350605107e-08 1.9001241469141e-08 1.35806024204044e-08 1.58783598491752e-08 2.05731282010291e-08 1.37072804218263e-08 4.10622864599475e-08 1.38094125023969e-08 2.12513678876647e-08 1.46228412711835e-08 2.29667336149042e-07 4.82839411786173e-08 2.16030069388751e-08 1.34579959398806e-08 1.8404533674854e-08 2.9153930047876e-08 1.62536881731512e-08 1.44417009462217e-08 1.34679455365827e-08 3.30121506797454e-08 1.63562394739358e-08 1.37923227283565e-08 1.72062152303809e-08 4.09463738471061e-08 1.57972437353493e-08 1.42187954743633e-08
0.00210702769744553 0.971809026303806 1 1 7.31311623113351e-05 8.68926362245226e-05 7.43282886082053e-05 0.000126428139617052 0.000182874763368424 7.11175249908935e-05 7.9995458594273e-05 0.00164997404395517 9.50972868749567e-05 9.54615399814118e-05 7.62465990632455e-05 0.000942627314140854 7.24145951709332e-05 0.000127691597219481 0.000479786110203384 7.22858659704118e-05 0.000111001912291742 8.99398436559062e-05 7.05280899653271e-05 7.10851444231109e-05 0.000391749420769916 0.000118260572324447 0.000109290781334259 7.23287683415119e-05 9.19541027765147e-05 7.12465249795846e-05
7.75560219379301e-08 5.80155927742965e-07 0.999989482742066 0.999999999767008 4.59332175628546e-08 4.58344789899812e-08 6.72679675295385e-08 4.55505930752054e-08 5.21726490898544e-08 9.00425064509491e-08 4.88284901400959e-08 4.88657961872363e-08 9.87736517021887e-08 1.05853295240266e-07 4.75554227108432e-08 9.33789000567842e-08 4.49766234256188e-08 4.55593673898136e-08 8.05551053639775e-08 4.50030261944789e-08 4.50155737130586e-08 4.5005563720224e-08 9.99805130907916e-08 4.7327241126105e-08 4.55476336647109e-08 8.17397898256189e-08 5.5766950501912e-08 4.89356201116564e-08 1.02373061250383e-07 1.62441136875024e-07
0.00163524153614636 0.969206998795269 0.999999999999389 1 0.000288494397514216 1.73369460911843e-05 1.61040316025707e-05 1.5056035424732e-05 2.21056928583208e-05 1.56538260887018e-05 1.49981975875457e-05 1.58341751143043e-05 0.000227238582940825 7.08431354198291e-05 1.50252126128736e-05 2.37955803525924e-05 1.54695492630141e-05 1.66170251536535e-05 1.52092540575133e-05 1.92970488903654e-05 1.8923666879056e-05 2.49115263797339e-05 1.61054723855081e-05 1.58490835586722e-05 1.55358298188357e-05 1.50558438299919e-05 2.34638521300345e-05 1.69839123100868e-05 3.36607264199706e-05 0.000345578528789137
0.000359558429964491 0.954361915110468 0.999999999998242 1 0.000304616723826756 0.000259252369510077 0.000275891733166667 0.00282923810570235 0.000877753457385388 0.000212392821007379 0.000301004583363795 0.000477874803796019 0.000224365509153723 0.000209328450849644 0.000209904358036694 0.000323350247211862 0.000216952743617438 0.000294523436229488 0.000626986358799431 0.000311270417597043 0.000212909221220192 0.000253417895072827 0.00056117848264714 0.00032289526632534 0.000367040998755841 0.000220305576354773 0.000270138048057311 0.00021415216229359 0.000502421102403283 0.000211085294380409
0.056620254804048 0.999903082199063 1 1 0.040950503426227 0.0424629287808145 0.0462459640731999 0.0416668913872891 0.0416587318208625 0.0425166368392248 0.0407517616414834 0.045133181450811 0.0405076158921541 0.0507348022016544 0.0588893391412374 0.0407370643925662 0.0412081157802592 0.0412085014789095 0.0431868420170872 0.0418676390788858 0.0525622569044752 0.0476566646904972 0.0428771968924109 0.0410638423843944 0.0897245573708308 0.0426676411398527 0.0473304866932422 0.0415487266152197 0.0416878076554941 0.0428327447752228
1.7625900738949e-12 6.06975251615793e-07 0.756472953507578 1 1.11588516205074e-12 9.744427487135e-13 7.0313754818585e-12 1.54820600783978e-12 2.46991316288359e-12 9.11826170124641e-13 5.63693536292931e-12 7.93920484909449e-13 1.84863235830335e-12 2.35519381774907e-11 8.8840046430505e-13 1.72473146875518e-12 1.72140079968131e-12 8.79518680108049e-13 9.08717545655691e-13 3.01675351366271e-11 1.18216547662087e-12 1.76569869836385e-12 8.35220781425505e-13 2.54885001993443e-12 1.14075415780235e-12 8.10462807976364e-13 8.88067397397663e-13 9.49684775264359e-13 8.06144040410572e-12 7.84927678409986e-13
0.0718385809507348 0.899660293410271 0.99999999998128 0.547753358187796 0.000115322413146934 0.000113311826554829 0.000142801008020221 0.000113603470941248 0.000236430974115631 0.000118830582739204 0.000117256647671482 0.000400873871416851 0.000152615977400683 0.000114034955116971 0.000132098447015228 0.000140347720634426 0.000172634783306869 0.000147523621835566 0.00011457354707689 0.000250223415918516 0.000121972165184392 0.000128463068023166 0.000113318665077689 0.00208876113116352 0.000159440568022529 0.000217787609509301 0.000113060158109857 0.000171273543686956 0.000402631207318094 0.000206486202938505
4.85662018534505e-06 0.999836376362957 0.999997730928981 1 5.87892462933226e-07 1.77764977682404e-06 2.90986738704646e-06 6.61325657680401e-07 6.75318693743598e-07 5.92415113631617e-07 2.49681860642337e-06 1.46792350763647e-06 1.01108953620699e-06 5.90383803733552e-07 1.0560555165906e-06 5.92801928211983e-07 1.48465553675425e-05 5.97464463569786e-07 1.10233698524809e-06 6.75433496022393e-07 1.36178814114096e-06 6.85884658624403e-07 6.5503907042963e-07 6.30687305602784e-07 8.27701953642901e-07 1.15419441348852e-06 1.79256844135001e-06 8.14936650939124e-07 1.07413569316872e-06 6.91176814560102e-07
1.17356830919846e-08 0.999999651287515 1 1 4.01951094630704e-09 1.53883417119971e-09 2.02517957959003e-09 1.87586479682977e-09 1.97839933324673e-09 4.21964330143965e-09 1.31916899626106e-09 1.53797330426642e-09 1.81404191668122e-09 3.20163606737367e-09 2.23584395442344e-09 1.2780939639967e-09 1.57230151121013e-09 1.55350121655573e-09 1.45190592881761e-09 5.26302967873704e-09 7.0128002294112e-09 1.47957701646106e-09 1.77170889070766e-09 1.39159861411997e-09 1.27610666478262e-09 1.31788546742229e-09 1.41605727144167e-09 7.15125558770069e-09 1.38196554200221e-09 1.83565318501167e-09
1.19475267754687e-05 0.000295975082437505 0.999657486707321 0.999999999999961 5.17659942134152e-07 2.93642194337806e-07 1.61283439492621e-07 2.17808423075283e-07 2.21007129930229e-07 1.84669185832043e-07 1.64522206191897e-07 1.62870746889254e-07 4.65449410125274e-07 1.60078609812153e-07 2.09485499613749e-07 2.04254304914109e-07 1.74556674670256e-07 2.28548351799418e-07 2.54916208808353e-07 1.70139058619512e-07 3.34298995818827e-07 4.67093841827193e-07 1.63235569949904e-07 4.77129018072731e-07 2.08187143746486e-07 1.75836572080534e-07 1.59055094983707e-07 8.18827732396166e-07 2.47439712386388e-07 2.59658369361482e-07
9.70395951593872e-07 0.999985642210211 1 1 5.36972288855964e-08 5.19658448494553e-08 3.3067233617956e-08 3.04768219550056e-08 3.06801346550145e-08 3.27523205223557e-08 2.93123028072273e-08 3.30702356277079e-07 3.3846366487289e-08 9.16684309570925e-08 2.71033723242553e-07 2.23717754765929e-07 2.89007698883736e-08 4.52680523066462e-08 3.05442385828414e-08 4.28794163509494e-08 1.70819602240968e-07 3.25056908057064e-08 2.95983063614003e-08 7.07300711333403e-08 3.76869435658733e-08 5.39132618548877e-08 5.34111918026881e-08 5.74582968981829e-08 8.02692845525144e-08 1.04602740802484e-07
1.52100554373646e-14 1.09841025164314e-11 0.999999999988428 1 2.66453525910038e-15 1.11022302462516e-15 1.33226762955019e-15 1.33226762955019e-15 1.99840144432528e-15 2.1094237467878e-15 1.11022302462516e-15 8.21565038222616e-15 1.33226762955019e-15 1.4432899320127e-15 1.22124532708767e-15 1.22124532708767e-15 1.22124532708767e-15 2.88657986402541e-15 1.99840144432528e-15 1.33226762955019e-15 1.11022302462516e-15 3.77475828372553e-15 6.32827124036339e-15 1.11022302462516e-15 2.99760216648792e-15 1.55431223447522e-15 1.55431223447522e-15 3.99680288865056e-15 5.55111512312578e-15 1.11022302462516e-15
3.34308112304171e-08 0.99999922946801 1 1 3.13290748898964e-09 2.67849131763143e-09 3.77097708614826e-09 3.91144017175549e-09 2.73427747110588e-09 2.63986732473853e-09 3.81658815662433e-09 2.6641983064124e-09 2.82606360535453e-09 8.28850266199055e-09 2.73068689882194e-09 9.28317767101561e-09 3.81787149672519e-08 2.66941602156123e-09 5.12771136662593e-09 1.4082048860331e-08 2.65243493835499e-09 4.19580958865851e-09 2.98479618798808e-09 2.34926675890534e-08 3.35095051706702e-09 3.48245154935256e-09 4.96760288459797e-09 3.60534480048358e-09 7.78918374244597e-09 8.06956901300282e-09
0.000425649603353562 0.977611738750204 1 1 0.000173312763324773 0.000123311817584515 0.000114313822203505 8.75216535946022e-05 0.000123566087995575 0.000246687649936517 9.20584514543243e-05 0.000107096529253781 0.000136220309397528 0.00027279522732937 0.000705096418226137 0.000145369978341581 0.00021718023333761 0.000105135976319004 0.00010353626300541 8.78976115099572e-05 9.04143259878865e-05 0.000118311194746812 0.000442239999165484 0.000192370724767743 0.000105152370714956 8.77196262673019e-05 0.000100713565006516 0.000104704203098493 0.000192025014977615 0.000254706101011526
0.000631905920420062 0.987135015778682 1 1 4.45843862084683e-05 3.44194906709561e-05 3.33078468685022e-05 3.46629266465559e-05 3.04400467744381e-05 0.000112531474648736 3.23646115054643e-05 4.49791628875928e-05 4.81695317909869e-05 3.52304647281976e-05 3.41744615637296e-05 0.00051446623052398 8.79452951321191e-05 3.0440810079968e-05 3.15573020593929e-05 6.44345039034766e-05 6.91408104072089e-05 4.51358930924073e-05 0.000274815320835398 4.36252271529547e-05 0.00011502768949434 0.000230740714969646 4.56593040653042e-05 3.88535916283628e-05 3.59701406559276e-05 8.20892896598036e-05
0.0664505193278132 0.998345737430343 1 1 0.00506147568760629 0.0193063762426678 0.0085121866956589 0.00511231575166704 0.00591136152094118 0.0112487818374837 0.0168089006668405 0.00866788769384885 0.0108346206133982 0.00597241427367423 0.00510276163714807 0.00568237471890898 0.00505466971160196 0.00566260264928575 0.00524584583342302 0.00553073014618155 0.00754788979527965 0.00516210429946728 0.00526093358003954 0.0410245754939099 0.0055898633886533 0.00620133849379767 0.0051954162955743 0.00740171497324582 0.00818741757821262 0.0100285802662446
3.6991530044217e-05 0.0459807534512551 0.946867408940495 1 3.57680559520679e-05 7.04832770457298e-05 5.90956833929068e-05 7.26551877575643e-05 4.68707329936979e-05 3.57905916271717e-05 3.79549951677882e-05 4.14456049134815e-05 3.94254511365544e-05 4.1414625860825e-05 6.73582696435471e-05 3.62194280972838e-05 4.23572589117738e-05 3.68752505495173e-05 3.72137861335275e-05 5.99391124876947e-05 5.19097840351312e-05 4.27091416246306e-05 6.63151162660913e-05 7.38159020239326e-05 4.31122678969942e-05 3.62557891560034e-05 5.76594528797214e-05 3.77186211555358e-05 3.58124674862959e-05 0.000105497538500088
0.996456283203662 0.99997268567297 1 1 1.83198676640961e-05 1.58863189706482e-05 1.46854004765551e-05 1.49962503550594e-05 2.3157870045698e-05 1.75850369321662e-05 1.51481981061075e-05 2.94334427681786e-05 0.000105084381420761 1.54001302048457e-05 1.48905061886362e-05 1.85114659201346e-05 1.51353706708823e-05 1.4828294252478e-05 2.19027990246978e-05 1.46817410779931e-05 1.46874059792079e-05 1.47433851460654e-05 1.57541148699814e-05 1.47317402862113e-05 2.13985977371989e-05 1.52988511158414e-05 1.80634891314702e-05 1.67891037886614e-05 1.5462085220852e-05 3.06105788200339e-05
5.16562461280179e-05 0.99924633013643 1 1 1.2205672947907e-06 1.20412855455498e-05 1.48607574546045e-06 1.28055022974305e-06 1.67869703671109e-06 5.25464033995782e-06 1.9869280117879e-06 1.48459096016573e-06 5.16431928065941e-06 6.89745179915935e-06 3.07006258126741e-06 1.64059447415044e-05 1.23606606083904e-06 1.59485638728807e-06 1.15985538218233e-06 0.000253422602474518 1.23607165425366e-06 1.28510488373035e-06 1.18191063591677e-06 1.30320364610803e-06 1.39830543477437e-06 1.25877757284343e-06 2.41072990714297e-06 1.16168515951198e-06 1.1607122023527e-06 1.23240566363148e-06
1.79414605139261e-06 0.999956718802544 0.999999999999984 1 9.31860596464773e-08 1.72739270776212e-07 2.09829152275631e-07 1.95228369914702e-07 9.26014219748694e-08 2.45946023325061e-07 9.24070835406354e-08 2.94699574299173e-07 6.29851599431852e-07 6.07151081188917e-07 9.41058794223792e-08 1.25952930196682e-07 2.81851048056225e-07 1.07858208475697e-07 1.06626265150567e-07 9.28359176199933e-08 1.00710523920355e-07 1.05711999043301e-07 1.46197928541092e-07 1.02779668886832e-07 9.57227037634567e-08 1.01361819493384e-07 1.64544017633439e-07 9.24280065817129e-08 1.44978031024756e-07 4.91557828330436e-07
5.62852284646809e-06 0.999848543347285 1 1 1.9760801550639e-07 1.93545099280712e-07 2.94712617532333e-07 1.94817495580146e-07 2.02348890199211e-07 3.80296552693338e-07 9.32410844312059e-07 5.18744233013457e-07 2.06475171515841e-07 3.61351183197911e-07 2.05371481376559e-07 1.88964361380606e-07 2.03892927763683e-07 2.18754442560254e-07 1.51507359091863e-06 4.92501608273521e-07 1.9147668506303e-07 7.68359189495804e-07 1.89528592042798e-07 1.8965090331502e-07 3.01117120904415e-07 1.8882943342291e-07 2.03604812454294e-07 2.82853859334686e-07 3.01990333406721e-07 1.99916477705564e-07
0.941587672395606 0.999988603789579 1 1 0.000354959105239083 0.000184621002778274 0.000236478996586742 0.000165999734994093 0.000167872282729076 0.000220740339907488 0.000619428559815782 0.000199968461102262 0.000179855624861336 0.000169833492552951 0.000246712536264959 0.000176035112865458 0.000171634301854184 0.000227976237203831 0.000175111284013374 0.000315747572021574 0.000171189583851872 0.000391955021419532 0.000166265057407688 0.000621534281809444 0.00026972449409679 0.000176561913818984 0.000202009463257435 0.000176512029792519 0.000228171863869364 0.000167081555777715
4.21445346399096e-07 0.999929136930003 0.999999999999996 1 2.97700076590246e-07 2.65403405474984e-07 1.78707217513008e-06 3.11006777997669e-07 3.45629516340651e-07 2.68129948688411e-07 2.66175299579174e-07 3.25958354419065e-07 2.58148446397044e-07 2.57392281377555e-07 2.78871631120836e-07 7.79254132887708e-07 3.60315259184674e-07 6.39919356948404e-07 2.58099980610105e-07 3.33471923297246e-07 4.36690771876691e-07 4.11898757435303e-07 9.831029523788e-07 2.57489221611173e-07 1.10955579013527e-06 2.65539657484659e-07 3.72525216896236e-07 3.06385261605868e-07 2.57476086562569e-07 2.88566318285e-07
2.14975123958849e-05 0.999970702742415 1 1 5.80887814516373e-08 2.62554441521345e-08 9.68734875650412e-08 1.53416633841275e-08 2.14132976905645e-08 3.3961813139527e-08 3.56573610638122e-08 2.31089449798105e-08 1.90825386603422e-08 1.91839159002782e-08 5.20435016970744e-07 2.73803535177919e-07 1.61073310245285e-08 1.6290532256491e-08 3.15113369842024e-08 2.06428975024764e-08 2.84841681352788e-08 5.39856507275616e-08 1.78990473553853e-08 1.76152535891205e-08 2.05282753018565e-08 1.57012055579386e-08 1.65212957758953e-08 1.50457428738093e-08 1.63040474343568e-07 1.51117801605594e-08
0 0 1 1 0 0 0 0 0 0 0 0 0 0 0 0 1.11022302462516e-16 0 0 0 0 0 0 0 0 0 0 0 0 0
0.00922927420094433 0.99772140831862 1 1 0.00678628901756739 0.00676710196170283 0.00676390850896025 0.0067546398243753 0.00805519971271484 0.00677538786846554 0.00686917246405283 0.0130099674715509 0.00675731503024068 0.00940654808788199 0.00675646914814054 0.00704017921623989 0.0076847907372638 0.00676235859647534 0.0067693198981249 0.00703461843369557 0.00692262292448798 0.00737711718622325 0.00757358034496192 0.0079935238294252 0.00977196826049687 0.00689983130171246 0.00710290616531062 0.00983819861429647 0.00676904150344637 0.0068422520404956
0.00436468985258121 0.971646106521718 1 1 0.000165907713054469 0.000106273193487438 0.000110595131270541 0.000109681815701923 0.000119385001334127 0.000107025229935998 0.000147202340035735 0.000480412296037236 0.000314136071736248 0.000108658222194302 0.000108319779290489 0.000131818758794866 0.000185164648619063 0.000322240471776092 0.000163856594199707 0.000114407836187436 0.000133985670117132 0.000125289909325699 0.00011482117863304 0.000110574551772769 0.000347562262535406 0.000106328906125164 0.000107161543541623 0.000127795182068735 0.000133607761751531 0.000106843356645903
1.47877320044731e-06 0.99995077874033 0.999999999999714 1 1.27197217092423e-07 6.49810190100908e-07 1.39242618879543e-07 1.67412999019234e-07 1.1387569220922e-07 1.99563997882457e-07 1.13223339259783e-07 1.13470386531311e-07 1.1519499809598e-07 1.4196340669681e-07 7.2029073217017e-07 1.13511483323947e-07 1.25956392094118e-07 4.19115336769416e-07 1.234414186424e-07 1.13391916967132e-07 1.1351748285815e-07 1.83784739316017e-07 1.14656416361214e-07 1.49090982448641e-07 2.7692537118984e-07 2.66932400072584e-07 6.40387994299552e-07 1.13847646088239e-07 1.14605791412536e-07 1.58314613973864e-07
1.01030295240889e-14 1.43218770176645e-14 0.999999999998423 1 2.1094237467878e-15 8.88178419700125e-16 7.7715611723761e-16 1.22124532708767e-15 9.99200722162641e-16 1.11022302462516e-15 1.2401191185063e-13 7.7715611723761e-16 8.88178419700125e-16 7.7715611723761e-16 7.7715611723761e-16 7.7715611723761e-16 8.88178419700125e-16 8.88178419700125e-16 7.7715611723761e-16 3.10862446895044e-15 8.35997937542743e-14 6.66133814775094e-16 6.66133814775094e-16 1.4432899320127e-15 1.11022302462516e-15 6.66133814775094e-16 8.88178419700125e-16 2.78665979180914e-14 6.66133814775094e-16 1.11022302462516e-15
7.66053886991358e-15 3.80584452841504e-13 0.99999999999428 1 1.70974345792274e-14 7.66053886991358e-15 4.67403893367191e-14 1.0547118733939e-14 7.99360577730113e-15 8.54871728961371e-15 1.11022302462516e-14 1.04360964314765e-14 7.66053886991358e-15 3.25517390820096e-13 8.10462807976364e-15 1.13242748511766e-14 7.66053886991358e-15 7.7715611723761e-15 7.66053886991358e-15 9.54791801177635e-15 7.54951656745106e-15 2.29816166097407e-14 1.54321000422897e-14 1.0547118733939e-14 1.79856129989275e-14 7.99360577730113e-15 7.66053886991358e-15 1.0547118733939e-14 1.68165481539972e-12 1.97619698383278e-14
1.09492253574928e-06 0.999793711885777 1 1 9.76925138451712e-07 8.21734086553505e-07 1.21547248033149e-06 8.75745638784231e-07 3.81408696092933e-06 4.34984450536913e-06 2.21887240126062e-06 9.17099788888542e-07 1.98053502176165e-06 7.66293349330205e-07 7.66047234423972e-07 7.85468296071734e-07 7.672740692799e-07 1.06867655469411e-06 2.75506890168309e-06 7.7180060253923e-07 7.93884852412496e-07 4.4255473646837e-06 1.10343120673928e-06 7.81845090669364e-07 7.98953753822218e-07 8.52096824544013e-07 1.07739174004529e-06 1.42182055307138e-06 1.21862260149541e-06 7.77902388504614e-07
2.66367816692537e-10 2.28196017637572e-10 0.999999982923052 1 4.3652970127539e-11 3.27065041716423e-11 3.27816662704095e-11 3.64296370847228e-11 1.99167804471045e-09 4.4641501606435e-10 9.61083435058185e-11 4.72408778762201e-11 6.14662765130447e-11 4.6731729597127e-11 4.24272839083528e-11 6.41440234261381e-11 3.28019833517601e-11 7.93154431022458e-11 4.59688953569071e-11 4.58102444866881e-11 4.66304772572812e-11 3.27511351372323e-11 3.4034552953699e-11 3.34214877995009e-11 6.29655216854985e-11 3.87562204551273e-11 3.91281451683767e-11 6.11128925243065e-11 3.44068107338558e-11 4.08553191277861e-11
0 0 1 1 0 0 0 0 0 0 0 0 0 0 0 0 0 0 0 0 0 0 0 0 0 0 0 0 0 0
0.19776583863457 0.999999258055977 1 1 0.181364713025105 0.187070090755972 0.192146519034402 0.182242359259496 0.183941441970684 0.185702165106962 0.183073924404674 0.181753847201951 0.191821686828893 0.18211319910951 0.181269884499166 0.183101558204455 0.227037769958713 0.181563152745398 0.193420509305887 0.181566902870566 0.185932702211285 0.182495132699273 0.181282261176427 0.191985051649385 0.196414560917058 0.185296062639402 0.219030047449194 0.188183970957238 0.189368074388423 0.18138992982283
2.94221415453322e-06 0.999508437234769 0.999999999982822 1 1.22720684170297e-06 3.12080832831629e-06 1.15635729680541e-06 1.18200319987327e-06 1.14045211263569e-06 0.000156311052645575 2.10685713464276e-06 1.41879013670909e-06 1.72201288295426e-06 1.18578561403293e-06 1.39077187522041e-06 1.14750073465508e-06 1.21973748168358e-06 5.82867262433062e-06 1.15898318886476e-06 1.14180267218877e-06 1.33687388848003e-06 2.11476866973648e-06 7.69809262213261e-06 1.15607469863832e-06 1.8023267951417e-06 2.6968807694816e-06 1.14971998788072e-06 1.14106269821779e-06 1.17295850654564e-06 1.68035926939591e-06
0.000119564604173394 0.999359068701775 0.999999999999999 1 2.47158774280276e-06 9.26294231184954e-06 2.57811163362209e-06 2.17144769931732e-06 4.92147641595331e-06 2.17942056512932e-06 2.6197722002852e-06 2.23133778998186e-06 2.25539007070452e-06 2.10340945994147e-06 2.15689554272647e-06 5.61093360640363e-06 2.05404397712883e-06 2.49945778929561e-06 2.05551703402751e-06 2.12941791288834e-06 2.21252525434146e-06 2.15967979944054e-06 7.11224983984682e-06 2.06235697475243e-06 2.33937565464748e-05 2.07237571958618e-06 2.30529321487705e-06 3.33278305342244e-06 3.63850160456369e-06 2.36257659469441e-06
1.70373153043357e-05 0.99955167763662 0.999999999999998 1 1.29221496114607e-06 1.27890451917523e-06 1.69779513248258e-06 4.24072029980849e-06 1.7329066551719e-06 1.25111943272138e-06 8.63880729518041e-06 1.65599684679441e-05 1.50675829579949e-06 1.50782900421031e-06 2.29505478777092e-06 1.2309104978625e-06 1.89795393945591e-06 4.53805331857016e-06 1.27937679572643e-05 2.8829582424672e-06 1.28417318856489e-06 3.55912686487159e-05 1.37648169318272e-06 1.4475221321586e-06 1.38752533551667e-06 1.84107025269498e-06 1.25004109607918e-06 1.21914282824598e-06 5.50635482887696e-06 1.21531332453184e-06
0 0 1 1 0 0 0 0 0 0 0 0 0 0 0 0 0 0 0 0 0 0 0 0 0 0 0 0 0 0
1.08158086264964e-07 0.999982372280662 0.999995149261001 1 3.21337800812671e-08 1.6551661202735e-06 2.76055284187393e-08 2.97777388302833e-08 3.16255152066347e-08 3.41127437408772e-08 6.88787886726772e-08 3.69178315695606e-08 2.97876641131012e-08 2.90334529751135e-08 1.0725868619943e-06 2.83165491055115e-08 3.18825267298095e-08 1.11664035018499e-06 3.71870332305235e-08 2.93763412484438e-08 5.81882380057408e-08 5.63281874477184e-07 3.494364686496e-08 2.78575938983394e-08 4.58218996080006e-08 3.1198296279733e-08 8.0410554215149e-08 6.13851679487354e-08 3.16109876052906e-08 4.92207935409716e-07
4.44089209850063e-16 3.33066907387547e-16 0.999999999999768 1 1.11022302462516e-16 7.66053886991358e-15 2.22044604925031e-16 1.11022302462516e-16 4.44089209850063e-16 1.11022302462516e-16 1.11022302462516e-16 1.11022302462516e-16 1.11022302462516e-16 1.11022302462516e-16 1.11022302462516e-16 1.11022302462516e-16 1.11022302462516e-16 1.11022302462516e-16 1.11022302462516e-16 1.11022302462516e-16 1.11022302462516e-16 5.55111512312578e-16 1.11022302462516e-16 1.11022302462516e-16 1.11022302462516e-16 1.11022302462516e-16 1.11022302462516e-16 1.11022302462516e-16 1.11022302462516e-16 3.33066907387547e-16
0.000235819670714066 0.966363625544407 1 1 0.000312085164273279 0.000141617949862338 0.000161310093794942 0.000239427300350092 0.000301329781558279 0.000154166754897322 0.000167157914150562 0.000271545772264403 0.000160521803630242 0.000185938057748025 0.000259409607892946 0.00016500880441539 0.000153943039480908 0.000142626874169771 0.000144108998984094 0.000155248149663056 0.000189906935548656 0.000343639865966527 0.000142373628631787 0.000141689090127128 0.000166832654061144 0.00273785921619074 0.000769444393851959 0.000152226497624253 0.00017867662702209 0.000182578919576626
8.91479333059442e-05 0.996177988908887 0.999999999999892 1 5.31181220700949e-05 1.7862330802032e-05 1.87418117262306e-05 1.8514746716991e-05 1.84906608718949e-05 2.94237251493579e-05 5.4208055320637e-05 2.83733837224132e-05 2.19882666157023e-05 2.0571951842463e-05 2.08092504337953e-05 1.77819282313196e-05 1.78895219956621e-05 1.83327638226816e-05 2.90193810820183e-05 0.000114635685377396 3.03330709925387e-05 3.04787072088475e-05 2.22251773461801e-05 2.08336566897005e-05 1.78811255522326e-05 1.89974655629976e-05 3.39175303772921e-05 2.3077492297241e-05 2.05210610930706e-05 3.31193067073521e-05
0.000195406120265473 0.980580795608645 1 1 0.000101396359473371 9.41313351439099e-05 0.00013614540985174 0.00012361339470901 9.7833822850224e-05 0.000102227388870113 9.59144790529942e-05 9.63069969578401e-05 9.45138372761001e-05 9.38692131353669e-05 9.63848852644222e-05 0.000161176787221273 0.000148930433430672 9.39789304857941e-05 0.000221781060841031 9.60853595591837e-05 9.48120023003263e-05 0.000129646256783023 9.45221010781871e-05 0.000152433034977362 0.000130534671773819 0.000101276895207114 0.000116686275213329 0.000101869190104908 9.75053570424489e-05 0.000223839256106362
0.00111988015535591 0.983361004161224 1 1 4.00914746047087e-05 3.83214470418558e-05 5.22069741087927e-05 0.000933807505721029 3.94865814916656e-05 0.000103617390108335 8.10341176703533e-05 3.69622562511607e-05 9.14757431197399e-05 0.000194728702343494 0.000129962210584256 3.90671613074156e-05 3.71262889905521e-05 3.73326766679449e-05 3.69977960226198e-05 5.14650218984558e-05 5.03428016918051e-05 9.93053484040773e-05 4.13596576427366e-05 0.000105504440820137 4.31822959360284e-05 4.22828540040943e-05 3.78128750974094e-05 3.756777437669e-05 4.51983236694486e-05 6.59899274403353e-05
3.63042929052426e-14 3.08275627247667e-12 0.999999999985669 1 1.47659662275146e-14 1.59872115546023e-14 2.58681964737661e-14 1.7430501486615e-14 1.34336985979644e-14 1.63202784619898e-14 2.06501482580279e-14 1.60982338570648e-14 1.34336985979644e-14 1.4210854715202e-14 1.38777878078145e-14 1.40998324127395e-14 1.33226762955019e-14 2.89768209427166e-14 4.15223411209809e-14 1.7430501486615e-14 1.33226762955019e-14 6.57252030578093e-14 1.48769885299771e-14 3.80806497446429e-14 1.20570220474292e-13 1.62092561595273e-14 3.30846461338297e-14 1.38777878078145e-14 3.45279360658424e-14 1.67643676718399e-14
5.016562361293e-06 0.999695227487643 1 1 1.93028306301191e-05 1.10426270849562e-06 1.52547263398972e-06 1.11893253229578e-06 1.32223609128346e-06 1.12735853208257e-06 1.27545579009514e-06 1.13103929033631e-06 1.11490044907292e-06 1.22931277368732e-06 1.20932152858355e-06 1.62038956985633e-06 1.10506582118308e-06 1.0082977441761e-05 1.43990241741054e-06 2.8824446537401e-06 1.12842307986583e-06 1.20801532876857e-06 1.48713893344254e-06 1.12741334579169e-06 7.29795439990966e-06 2.60984161504219e-06 1.11808001290736e-06 5.18152905815139e-06 1.85740050906436e-06 1.1461120155154e-06
0 1.7430501486615e-14 0.99999999999919 1 0 0 0 0 0 0 0 0 0 0 0 0 0 0 0 0 0 0 0 0 0 0 0 9.99200722162641e-16 0 0
5.89502167136491e-06 1.3277519346544e-05 0.999231238945519 0.999999999999999 4.55961794232351e-06 6.20833466313808e-06 5.73641689438631e-06 4.79897722083233e-06 4.82117917899316e-06 4.36656603519658e-06 3.97104949312332e-06 3.97233338766956e-06 4.16476022135903e-06 4.22758452023331e-06 4.01330750654516e-06 4.77817839150685e-06 3.9749603449879e-06 3.97295997778269e-06 3.9963802068721e-06 1.70479297798565e-05 4.66071717120098e-06 4.09310121640694e-06 4.04313980828519e-06 4.18399182600115e-06 5.09090727729422e-06 5.81200674576454e-06 4.27006040060185e-06 3.97165914967079e-06 3.97848990463245e-06 5.48971196523418e-06
1.08171979151805e-08 0.999998948935111 0.999999999999998 1 2.37661113011711e-09 3.01892577603269e-09 3.3383710240642e-09 4.00095956365476e-09 9.42907563139528e-09 2.34230757012455e-09 2.33882524458551e-09 3.57553486818318e-09 4.63896913105444e-08 2.79628031840673e-09 2.52815068879642e-09 2.89609991543927e-09 2.39332409446291e-09 2.85444679004598e-09 1.46956248281427e-08 2.44113795844214e-09 3.22390980578291e-09 2.39402153656698e-09 2.63630317576258e-09 4.96023078166985e-09 2.54557641632402e-09 2.45042397484241e-09 4.62118132649181e-09 4.79217288074096e-09 8.37768243666659e-09 4.13159184642353e-09
1.86570407423314e-05 0.999944302900859 1 1 1.64000139046827e-06 1.15040643566822e-07 1.2215777933644e-07 2.59528724178004e-07 2.88526697089786e-07 1.26496106700458e-07 5.69496915847623e-07 8.15821163846486e-07 2.37275986858521e-07 3.18269972487961e-07 1.14164730891098e-07 1.13907158150184e-07 1.29028450923663e-07 1.9562240149984e-07 2.30448576332698e-07 1.14708960774479e-07 1.56646471904942e-07 1.90207977812662e-07 1.21321477197789e-07 1.16043451736658e-07 1.81944258215161e-07 1.42564826499658e-07 3.45839046844709e-07 1.69183925424754e-07 2.82381595551051e-07 2.49232153581858e-07
0.00157084591927914 0.942221606511848 0.999999989538679 1 0.00034800207341168 0.000350743120557495 0.000602967322561154 0.000528858372128571 0.000336297062548119 0.000376502913689847 0.000411587148013925 0.000656645637240882 0.000333541302441898 0.000343705447474085 0.000439934917338736 0.000381247542266205 0.00035581205612456 0.00117620765280579 0.000390641988634033 0.000333965976891615 0.000377641606230994 0.000350846311037878 0.000497680809891321 0.000480796651091353 0.000336723479088197 0.000349377660229355 0.000358369610633735 0.000345145782647327 0.000577594663760062 0.000358084380699508
0.000143748910342967 0.99537407830543 1 1 2.44583829335232e-05 2.43903722465522e-05 2.89235464939752e-05 2.76298270341924e-05 2.44371840850688e-05 5.49708159862661e-05 2.93097025355626e-05 2.45232474050949e-05 2.44984043519247e-05 2.98039715335152e-05 2.6341171073252e-05 3.22285311775694e-05 3.77092403072155e-05 2.61496814744078e-05 2.58504175996155e-05 2.61273009288798e-05 3.15713567847764e-05 2.56750898114388e-05 2.9092725809865e-05 2.45380950941732e-05 9.82960222412066e-05 2.71379489432677e-05 4.6025902050939e-05 2.55936966676584e-05 2.47489385376554e-05 2.445425916342e-05
0 0 1 0.999999999999999 0 0 0 0 0 0 0 0 0 0 0 0 0 0 0 0 0 0 0 0 0 0 0 0 0 0
2.97924732683974e-06 0.999755586348632 0.999999999998809 1 1.3064836522636e-06 1.22493175658267e-06 1.39056543457805e-06 1.61451692926029e-06 1.33658729895014e-06 1.18619537525788e-06 1.3610900434502e-06 2.4490151084855e-06 2.80803668739615e-06 1.19728147207621e-06 1.19284617305926e-06 3.19918418878462e-06 8.11703804393105e-06 1.86091944220923e-06 1.67929557681745e-06 1.19835319145611e-06 1.18212680522145e-06 1.23717946232116e-06 1.18416552541412e-06 1.64640428645946e-06 1.3587217183586e-06 1.22881802733232e-06 1.49604986909857e-06 1.19588732083731e-06 2.72622330732553e-06 1.84682681658721e-06
0.000316223303264973 0.978412450931161 1 1 0.00010508317423219 0.000120185433377218 0.00013054089149922 9.12881827951351e-05 9.94997771315287e-05 0.000144960203406264 9.81209198570587e-05 8.97396760848324e-05 0.000115227436817689 9.73564633226509e-05 0.000419875388610214 0.000159674535620269 0.000115560742048326 0.000201075285062524 9.46148259036717e-05 0.000101207170219442 9.05974837843715e-05 0.000132953101103062 0.000151575950301797 8.97654305119788e-05 9.7030245892582e-05 9.03956824622743e-05 0.000119724469355043 8.96918158321824e-05 0.000524877528793932 0.000179241151926579
0.001353385535379 0.981534467551068 0.999999983228663 1 7.2069183535306e-05 7.19677029885624e-05 7.64317054148256e-05 7.55537848249332e-05 0.000102099479346585 7.10741948719562e-05 0.000166918209231426 7.85200637191119e-05 7.48498403699838e-05 0.000307518439582544 8.42916338150701e-05 7.15274962170831e-05 0.000100405524571801 7.81516427381668e-05 7.11435952485129e-05 7.28995766730023e-05 0.000384081007356873 7.23199342710368e-05 7.63646891904779e-05 0.000101844452955246 8.16238048860773e-05 0.000149987686365316 0.000103983367849558 0.00119958964741751 6.98223228724482e-05 0.000298375445751731
1.60913504743121e-11 5.41375689833146e-08 0.999999945183297 1 1.51886281329894e-11 2.4953372701475e-12 3.66918717631393e-11 1.51301193795916e-12 3.61954910488294e-12 1.35436106774023e-12 2.21322959959025e-12 1.6574519534629e-12 3.22863957791242e-12 4.58177940032556e-12 1.74804615227231e-12 5.36837241327248e-12 1.41953115928573e-12 5.01154673315796e-12 1.45383705074664e-12 4.55269155708038e-12 1.45827794284514e-12 2.03637107176746e-12 1.95400362557052e-11 1.3399281684201e-12 1.36168853970275e-12 2.89948065557155e-11 1.87383442096234e-12 2.07478478841949e-12 2.35433894602011e-12 1.42352796217438e-12
1.01106778538362e-06 0.999672093523437 1 1 1.30826065181111e-06 9.08928701415235e-07 1.96946012942512e-06 1.74421543830405e-06 1.35222803254731e-06 4.19899703407722e-06 7.03102787769083e-07 7.88048092004168e-07 2.50067545148891e-06 7.02104268501813e-07 2.15994614261028e-06 8.27912774226114e-07 7.27077301920787e-07 1.13989776828749e-06 3.3027003268904e-06 7.25685336488979e-07 1.11121781687373e-06 7.08112811720341e-07 1.1291329994334e-06 1.94469555392374e-06 7.69339389417034e-07 7.36791418320948e-07 7.13418198294846e-07 7.03021936887538e-07 7.28145615580544e-07 3.37401623762279e-06
5.73888986776794e-07 0.999917910843142 0.999999999999966 1 4.30888706159926e-07 3.91745821337608e-07 4.05432540317996e-07 4.30090824177221e-07 3.86886755743276e-07 1.21017508458721e-06 3.90497798652412e-07 1.04177027904218e-06 7.09380441610286e-07 5.21228445515831e-07 6.20564783782029e-07 4.67714250329543e-07 5.81227390217265e-07 4.80263991020635e-07 4.23613467193107e-07 6.50826405101945e-07 4.23502608093429e-07 3.98432739023846e-07 3.91328096815968e-07 1.8531258798582e-06 3.86446513678251e-07 7.11225633942547e-07 6.81936622060064e-07 4.40466633500058e-07 3.88377167093168e-07 4.061847762582e-07
8.38916837454518e-05 0.999545075267951 0.999999999999756 1 9.0605022429191e-07 1.09330043984723e-06 1.08304288826133e-06 9.95754610211286e-07 9.62906202439662e-07 9.35623853504097e-07 9.84073438625721e-07 3.06599916422012e-06 9.2263133588677e-07 1.05157755103669e-06 2.21099304431593e-06 9.21595794345365e-07 7.68934001349475e-06 3.27266962230066e-06 1.27388557846775e-06 2.18170146326635e-06 1.14547211638172e-06 1.14659847960663e-06 3.2438183689143e-06 8.28161418497952e-06 1.06127030186087e-06 1.52070241177249e-06 9.53329007402637e-07 1.09488415422909e-06 1.13176472771315e-06 9.07158118179652e-07
1.30309651957816e-10 8.66305094326947e-09 0.999999971582171 0.999999999999962 3.06474845501725e-10 7.46942507845461e-11 5.23259213736083e-11 5.39560618406654e-11 8.50725045964396e-11 1.06891606677095e-10 5.21440668421747e-11 5.70793412535409e-11 5.67675906282261e-11 7.21406268056057e-11 7.12980785522177e-11 5.86667381341499e-11 5.20934406722517e-11 1.5370120731717e-09 5.71231950630136e-11 5.23309173772191e-11 7.36550820334969e-11 6.13056272413814e-11 5.30890886807356e-11 8.21546164431197e-11 6.27591312252207e-11 7.13783476768981e-11 6.2014837709512e-11 5.36181099519695e-11 2.0954971091669e-10 5.21023224564487e-11
0.198116309072285 0.583342511131348 0.999997619534997 1 0.000767591667634404 0.00157377007271542 0.000866461340011559 0.000679620463144293 0.000627950071440453 0.0021235565690837 0.000850712168763312 0.00062544834756495 0.000733530951526951 0.00277238563684146 0.000633893673314789 0.00062660048123786 0.000642306550700078 0.000673087331879652 0.000631186205009127 0.000627673842859444 0.00193361161540107 0.000702002314937555 0.00494251252805555 0.000780992737535069 0.00066281480014152 0.000682612750507738 0.000827406232541406 0.000664426475128876 0.000627079516503537 0.00188821200801148
7.01971637484533e-08 0.999982251086439 1 1 9.94691230493672e-08 7.16385095689276e-08 1.14949507912243e-07 1.23709322785714e-07 9.94096874817885e-08 8.50599658486217e-08 1.26416046852817e-07 2.79139161230013e-07 1.12139159957891e-07 1.06766681717829e-07 6.79880911569342e-08 1.11868869834275e-07 6.56213742233902e-08 6.23074830508052e-07 9.72367649731964e-08 6.57779043455875e-08 9.94519996355692e-08 1.78923794114105e-07 8.30954129948935e-08 9.34240537153741e-08 3.02658436757142e-07 4.73680142998312e-07 2.14706947776477e-07 1.56988998356589e-07 7.99643216087276e-08 8.37664352326684e-08
0.946901560212667 0.811284414700224 1 1 0.000696243566964072 0.000439789354654052 0.00615974676674658 0.000460693337482332 0.000451175492913625 0.000786564407404988 0.000519249526298782 0.000564835386968388 0.000451993553793772 0.000619726803291365 0.0010535782369312 0.0435020874644079 0.000488697835255514 0.00203140516370104 0.000568747577217477 0.00179447137291588 0.000441911264590367 0.00355845749819916 0.000438007166801202 0.00061521982277235 0.00044334108207611 0.000873504097252842 0.000454499112390039 0.000443016060936996 0.000587997595359657 0.000439148197853734
0.237382308379974 0.999999295484023 1 1 0.00254259668383194 0.00302779323368951 0.00286088066278345 0.00969661452024306 0.00333009412951457 0.00341502256234372 0.00254877206358051 0.00370834597347924 0.00272340242819313 0.00686100119039679 0.00687568999620369 0.00380939739903741 0.00492105475432392 0.00288034946540738 0.00362682386757585 0.00308590995909741 0.00255145968388293 0.00256762023649981 0.00475129971249799 0.00356547302622967 0.00393919253686204 0.00259178743976651 0.0044353494584648 0.00326361640317707 0.00339584192462805 0.00268072054862956
4.34849300345874e-07 0.999999395623763 1 1 4.48453385537562e-10 9.09171404828157e-10 4.66721217229349e-10 4.40727676576103e-10 4.11889411466859e-10 6.99240554347114e-10 9.32590671354205e-10 7.63793361890919e-10 5.77072278851176e-10 9.04129437984125e-10 4.46254477814989e-10 7.59782459169855e-10 4.26719881652105e-10 4.416833565557e-10 5.26699239777884e-10 4.16638501476996e-10 4.74758676816123e-10 4.86709794689233e-09 7.37852556831342e-10 5.20081089305791e-10 4.60264582002878e-09 5.07737851762613e-10 5.05119834848244e-10 3.13303494259287e-09 4.70317784717622e-10 1.40729494724212e-09
4.79997454005954e-08 4.30787086125317e-06 0.999993283334988 1 2.39919843991743e-08 1.39468043780511e-08 9.13548648950879e-08 8.57206350346473e-09 8.61068416568855e-09 1.17667049437387e-08 5.14703594189925e-08 1.58638269187605e-08 1.73311315299074e-08 9.84076986565441e-09 9.2150043151662e-09 2.07022406994994e-08 9.38040389808492e-09 8.81579065303839e-09 8.82168049720633e-09 1.26595826044351e-08 1.2299052332132e-08 1.52057482161183e-08 8.77698569379248e-09 1.45230866221979e-08 1.35816209390072e-08 1.07437353458195e-08 9.517339472076e-09 8.85206064005217e-09 8.71058258855584e-09 9.6421211015496e-09
0.000899165902498944 0.955404789024485 1 1 0.000231946507805558 0.000315086207485327 0.000222972357289408 0.000217569217839553 0.000242469585392868 0.000315738384843667 0.000320062134354093 0.000245484776086768 0.000285099363031449 0.000282152161497962 0.000297253758211879 0.000343746087041463 0.000334269614125859 0.00021903453209382 0.000268827765205981 0.000656651512858097 0.000247643009268383 0.000250709825600048 0.000282656144886095 0.000234408831488397 0.000232968756046392 0.000309421872535909 0.000232286666751347 0.000487423093214479 0.000494312520899154 0.000746546357361266
6.67114888674991e-06 0.999773283686284 1 1 8.62934131151682e-07 9.39426697543766e-07 1.0437077653247e-06 4.12340220412588e-06 9.9195313429945e-07 1.45085972413916e-06 8.72672205054492e-07 9.16070542089642e-07 9.40424038198273e-07 1.23942461716098e-06 1.02231519027995e-06 1.21070965108938e-06 8.63381630966664e-07 9.40815223504643e-07 1.07201072752083e-06 9.65494427518365e-07 2.6034766740235e-06 1.22439571526023e-06 3.3514784901767e-06 1.05294700780689e-06 7.25163271919627e-06 8.95417193946813e-07 1.80710747232915e-06 1.01430500021316e-06 9.09610204491429e-07 1.00198934083195e-06
3.02622343995029e-06 9.05260202666014e-06 0.489626787159484 0.999999999999991 6.08726749895538e-07 5.47441088905032e-07 1.94412534748611e-06 5.24118315747835e-07 5.59187130044769e-07 6.46995799602479e-07 6.34082595207808e-07 5.79205763462376e-07 5.12716735956431e-07 2.85848369840913e-06 5.23535978569356e-07 5.15960189795273e-07 5.13708099392218e-07 5.13045460115436e-07 5.27270571315519e-07 5.1314449578399e-07 5.42493648003628e-07 6.18287153697494e-07 9.93318879927152e-07 5.44666076462974e-07 5.84832354877385e-07 5.14012777785844e-07 1.2366440153011e-06 5.2948255546692e-07 7.7217388705364e-07 5.55554550807358e-07
0.000974188386230868 0.983610586451332 0.999999999999755 1 7.1579290810253e-05 5.77359548276091e-05 5.48474387971343e-05 0.000110257257800339 0.000359537314979064 0.000119006215389628 0.000183017212984971 6.81663482829942e-05 5.23579744406977e-05 6.59250089377617e-05 6.69262344094035e-05 5.17531177781638e-05 0.000248011329128772 5.91446940683138e-05 5.2055969915199e-05 4.92343471103496e-05 8.88709480038052e-05 5.02704504038443e-05 6.26281386029159e-05 8.721269178813e-05 0.000120753963456344 5.35590921332263e-05 5.04361588639091e-05 0.000129709512660225 4.96011308352973e-05 4.96979719815105e-05
0 0 1 1 0 0 0 0 0 0 0 0 0 0 0 0 0 0 0 0 0 0 0 0 0 0 0 0 0 0
3.72229382628042e-06 0.999937957378103 0.999999999882704 1 4.83072154611186e-07 2.31999441657749e-07 5.01088529558658e-07 2.78348554871855e-07 2.27914449868472e-07 2.90787538603787e-07 2.39293830528453e-07 2.27664842422648e-07 5.1678887702522e-07 2.38011424902318e-07 2.76866869319825e-07 4.00455433324787e-06 2.48821054316117e-07 3.43134428315572e-07 2.91413933983797e-07 2.55679065142012e-07 2.31746367873598e-07 1.07093179402273e-06 4.68486951232805e-07 3.7433235688944e-07 2.36996975488957e-07 2.54305387414888e-07 2.71831605891393e-07 3.60857643433299e-07 3.86656111794892e-07 2.57994152597085e-07
3.69491753681173e-05 0.999543412539524 1 1 1.68749866313878e-06 2.97096738710589e-06 1.67088106783897e-06 1.57773527398319e-06 9.22216879184479e-06 3.05745973205873e-06 1.57326742333819e-06 1.59942262767387e-06 3.90927547821995e-06 1.61623549943535e-06 3.85782542100532e-06 1.56641749304853e-06 1.57031522252105e-06 1.39443770514891e-05 1.8968041073375e-06 1.7638389782082e-06 3.29129883358537e-06 2.25615132454227e-05 1.60708011920363e-06 4.22874700323206e-06 1.58670129613014e-06 1.83320453184255e-06 1.56689889674322e-06 1.97120056466549e-06 1.99682775825494e-06 1.57122422217437e-06
0.0017611862763226 0.995712556916726 1 1 1.06346937791546e-05 1.00003120107051e-05 1.15428533357109e-05 9.53139368020661e-06 1.15266828205618e-05 1.52597371761987e-05 8.81781365658085e-06 1.05369262362043e-05 8.91556177595731e-06 8.85282401386078e-06 1.53482179909847e-05 1.15845679909965e-05 1.09440380430259e-05 1.79775974402663e-05 1.09689916992783e-05 1.20948226138839e-05 9.00226435607276e-06 2.21870274685898e-05 1.01522756817962e-05 1.01068431421769e-05 1.0232609985561e-05 1.21467363564109e-05 1.60706340290862e-05 9.15005428114846e-06 8.88597639814304e-06 1.00915493326248e-05
5.96669707753072e-07 0.999914319438494 1 1 4.58980933260023e-08 7.30197220466522e-08 5.22732876984122e-08 4.82803582668723e-08 4.52654630445082e-08 2.16976627998022e-07 4.87820996930566e-08 4.46004592147276e-08 4.72617632807371e-08 4.30163298315023e-08 5.70787872522516e-08 4.35634008866259e-07 4.35448108682124e-08 4.59050175649622e-08 4.60655240619445e-08 6.90015437010416e-08 4.62175807625087e-08 5.89976051346142e-08 8.42292731784156e-07 5.38029398811091e-08 2.33185942333236e-07 5.80462450328056e-08 1.00020559279379e-07 7.55953659670183e-08 6.17060077368059e-07 4.42931941124769e-08
0.000198865635642975 0.988376652053805 0.999999998855742 1 5.26297198868431e-05 5.36376442320519e-05 4.92008668384614e-05 7.10042158981183e-05 6.43796281060149e-05 5.31098677665209e-05 7.8736709677063e-05 4.85419661456765e-05 6.6387982570526e-05 5.00016392243063e-05 0.000234769619376851 6.18795280309392e-05 6.82103801415979e-05 7.73220416544484e-05 4.63877201765106e-05 5.26918440232338e-05 4.68197265265369e-05 4.89492830834104e-05 0.000110215753526099 0.000137769945418253 4.82885265965516e-05 4.66559273416545e-05 0.000380747889206168 5.04564133136931e-05 0.000106323898467542 4.62944024782752e-05
0 5.55111512312578e-16 0.999999999999997 1 0 0 0 0 0 0 0 0 0 1.11022302462516e-16 0 0 0 0 0 0 0 0 0 0 0 0 0 0 0 0
