5.99520433297585e-15 1.5235590566931e-12 0.999999999990698 1 5.65103519534205e-14 5.55111512312578e-16 5.55111512312578e-16 2.1094237467878e-15 1.53210777398272e-14 1.22124532708767e-15 5.55111512312578e-16 5.55111512312578e-16 6.66133814775094e-16 5.55111512312578e-16 6.66133814775094e-16 6.66133814775094e-16 8.88178419700125e-16 6.66133814775094e-16 6.66133814775094e-16 5.55111512312578e-16 1.77635683940025e-15 6.21724893790088e-15 5.55111512312578e-16 6.66133814775094e-16 1.66533453693773e-15 8.88178419700125e-16 2.22044604925031e-15 1.77635683940025e-15 2.22044604925031e-15 7.7715611723761e-16
2.69035042022026e-08 0.999988559755569 1 1 1.05056691124261e-08 5.29828056983206e-08 9.8245120927487e-09 1.02723760608825e-08 1.02495372189537e-08 2.07567758536698e-08 1.00011418036061e-08 3.38006262978752e-08 1.00850782502881e-07 9.68589675132137e-09 1.15513101306419e-08 3.53576297129621e-08 1.05102542224955e-08 4.93779230836822e-08 2.61537307366666e-08 1.25468095912851e-08 1.03745030344271e-08 1.0724013677077e-08 1.35138700230186e-08 1.01159455256905e-08 8.94447026444922e-08 9.62360147127583e-09 1.16502613112246e-08 1.3558219991161e-08 1.96510985261966e-08 1.65601081736355e-08
0.233548479709788 0.746606404090474 1 1 0.00549894093865411 0.00442302935342753 0.00469290451479709 0.00500948832274273 0.00438641378117266 0.00437948994048987 0.00449568401769684 0.00461455959398038 0.0880016574522805 0.00450691207536524 0.00440753771022284 0.00433951279661349 0.00488532249954254 0.00460730823461086 0.00822384821712774 0.00664343398855183 0.00463524856615494 0.011947394276884 0.00719428806681077 0.0070824608804938 0.00453458772504789 0.00846574433476399 0.00449556402913898 0.00434324843846545 0.00957476491485965 0.0197431813201987
7.44056505297408e-09 0.999999302737025 1 1 2.65772093221983e-09 7.02865521340357e-09 2.75558220685923e-09 2.59171639704903e-09 2.72087563590873e-09 3.69205721550969e-09 2.59781018918659e-09 4.15771572725987e-09 2.83632417552582e-09 2.6774350514458e-09 2.61403076962097e-09 2.59386057077649e-09 1.03352304492432e-08 8.89035134399307e-09 3.31936234054808e-09 6.70157496163171e-09 2.81342638075444e-09 2.64945032579789e-09 4.10101874681601e-09 2.59039278915907e-09 3.29648019992135e-09 2.97234847845829e-09 3.88754983760009e-09 3.19902959677876e-09 5.32474531134142e-09 2.59069254937572e-09
7.43835794214665e-06 0.999988302522065 1 1 1.44806795443486e-08 3.01742268948857e-08 1.54079781156113e-08 1.88692754754527e-08 1.54261823315238e-08 1.44434282312034e-08 1.75574197402995e-08 2.55889913702845e-08 2.16790334572892e-08 1.45262122330791e-08 1.70490503936804e-08 1.59751823991527e-08 1.64126114921004e-08 1.54672915586573e-08 1.46066923001342e-08 1.45721430477863e-08 1.48852969950042e-08 1.46696704783622e-08 1.86394256695976e-08 2.50644983657011e-08 5.5183948410864e-08 9.71258716786494e-08 3.03255566214133e-08 1.48753437345661e-08 1.44319936001835e-08 1.45137281082341e-08
1.39052268939288e-05 0.999824588449686 1 1 6.04565484452202e-07 6.37618881915714e-07 4.52678537543605e-07 4.45784351210676e-07 5.20989251406867e-07 4.71852093619773e-07 4.70750110448392e-07 6.97737354227179e-07 6.38234639693813e-07 4.45528117953842e-07 5.82745101285198e-07 4.7140059056261e-07 4.52614758561509e-07 4.46937277076564e-07 5.72922779995544e-07 4.50346053226802e-07 7.6640992996424e-07 4.6850848556268e-07 1.22683251768674e-06 4.96731905608172e-07 5.58350058632584e-07 5.08486951211751e-07 7.10226705669115e-07 1.04212942830806e-06 5.9244412953241e-07 6.23024762114177e-07
1.03276985952139e-05 0.997998904539621 0.999999999999959 1 8.606379994891e-06 4.20198499299085e-05 5.10983946233612e-06 1.8553843020519e-05 9.17595092886359e-06 5.01384354190115e-06 7.18537583566103e-06 5.01883302228556e-06 5.36097109160583e-06 2.32061334297651e-05 1.96450249982938e-05 0.000187547043118963 5.73665201109019e-06 5.0798101203231e-06 5.24380328825735e-06 5.01382355111435e-06 6.49209262615358e-06 5.92396839782516e-06 6.23245234743219e-06 5.23569334331953e-06 5.36823273189491e-06 6.03855478642501e-06 6.64657976567895e-06 5.07348061640212e-06 5.2332736248939e-06 5.85636780958687e-06
3.22948679376545e-06 0.999993760620614 1 1 1.42536007441407e-08 1.33590053463806e-08 1.00828664306718e-08 2.76365914597676e-08 2.19649032295877e-08 1.10557631938235e-08 1.07021401740681e-08 2.26341305697986e-08 1.02755185471537e-08 9.81712222625220e-09 2.20185288890562e-08 5.82056590703317e-08 1.01327043422472e-08 1.09806571613191e-08 1.08917045382739e-08 1.12507488880809e-08 1.10457322177737e-08 9.96754090376584e-09 1.44896307174847e-08 1.80057982968052e-08 1.26991326343528e-08 1.4994046559913e-08 1.05986368570399e-08 1.24386004829447e-08 1.11645344080813e-08 2.6589459523052e-08
8.69834678396408e-06 0.998926187734796 1 1 4.34938954041453e-06 7.17166937025393e-06 4.26028383693211e-06 7.27819339685354e-06 6.85176448744773e-06 4.19535506290813e-06 5.31579419360551e-06 5.3596344449236e-06 6.01944404132748e-06 8.40477749830537e-06 4.70529722007562e-06 4.49258554358067e-06 5.08382379982297e-06 2.98778276779377e-05 5.38753532186576e-06 4.28177015965314e-06 6.73763897407476e-06 4.20692607083772e-06 7.86862177282188e-06 1.32733013761266e-05 4.7446890339975e-06 4.32126993965554e-06 8.3703274115221e-06 7.49240110520244e-06 4.34677335436895e-06 4.35106999951973e-06
0.000283012424790008 0.967263492960722 1 1 0.000239943783398866 0.000100665024903246 0.000150141254978808 8.88334598208029e-05 9.68708914017569e-05 0.000108916576889273 0.000176407530629197 0.000265630405789752 0.000177184004918285 0.000136616931182165 0.00022580052623955 0.000104957009996243 8.91113672211175e-05 0.000328988237519146 0.000258106387119539 0.000157420308376288 0.000130213587045014 0.000119713324943538 0.0002898541507389 0.000113316515143236 9.51629090261141e-05 0.000149819303396748 0.000133448355976729 0.00033273233797837 0.000166812415985929 0.000172411936145478
0.000899270397846541 0.978626048932122 0.999999999999999 0.999999999999978 0.000120488407918451 0.000114532233360665 0.000463671820403411 0.000117363224192424 0.000114481727543025 0.000121146507039871 0.000120792601657649 0.000142249369206371 0.000113353425795548 0.000126813458142472 0.000154748688184547 0.000139491204965148 0.000117861346130455 0.000164916736548393 0.000179696760045589 0.000160929168449231 0.000147662912203139 0.000121517454286901 0.000129326971608057 0.000160258197610452 0.000127729823601541 0.00011459792409918 0.000584151540648614 0.000381994542756225 0.000218311071432109 0.000114556563837964
7.2374198137215e-05 0.984332708640794 0.999999999999999 1 0.000102453305360295 7.35023633817722e-05 7.44544953470427e-05 8.07688491842873e-05 7.265952128932e-05 8.78062533010704e-05 7.47596965904318e-05 0.000167234154735851 0.000130077482594526 8.7749123338754e-05 8.5887026842757e-05 7.2625451933761e-05 9.29191950134189e-05 9.99912140334791e-05 9.6478002574063e-05 8.14737278691524e-05 0.000105926600498019 8.06677200992922e-05 7.59115328335946e-05 9.32965242778083e-05 7.28317023914737e-05 0.000728427861802938 7.71980011027296e-05 0.000122355598994539 0.000121567357644348 7.22735039611067e-05
0 0 1 1 0 0 0 0 0 0 0 0 0 0 0 0 0 0 0 0 0 0 0 0 0 0 0 0 0 0
5.53045239848338e-06 0.999842279010598 0.999999999717189 1 4.04918530816367e-07 7.1057476036529e-07 4.24941391741207e-07 4.41036012155394e-07 4.71879566088518e-07 6.09599395295923e-07 4.02641656127578e-07 4.19525230110906e-07 5.05429811781255e-07 3.94559240057824e-07 3.92603225263244e-07 4.72348222535501e-07 8.24333196258742e-07 6.35976481699885e-07 4.03423926487179e-07 7.74211863729946e-07 4.92329001455794e-07 3.92819276440193e-07 4.06571492805874e-07 3.98611786467384e-07 4.02928801657154e-07 6.0966842874155e-07 4.27342646935891e-07 3.93714430613201e-07 4.27120841028916e-07 4.14130928216849e-07
0.0286088435847578 0.902505043584423 0.999999999998385 1 0.000608880421165137 0.000663325884693089 0.000346449320937081 0.000246095061644191 0.000282198835897085 0.000290089500057378 0.000256540370809688 0.000668478815560869 0.000242805150244219 0.000471923179369838 0.000244580424308416 0.000922708399569316 0.000243752002170194 0.00268039570063305 0.000332174988791234 0.000299212121619652 0.000332242111945491 0.000311306880662277 0.000311829086581561 0.000250687498521751 0.00031969160215739 0.000299464757162693 0.000276456913918421 0.000247914419599815 0.000244093426904568 0.000254168009606093
1.37201361383177e-12 3.76954023550979e-12 0.999999999924635 1 1.90847337933064e-13 1.73749903353837e-13 2.24598117881669e-13 1.17683640610267e-13 2.22599716437344e-13 1.33448807559944e-13 1.19015908239817e-13 5.1592063954331e-13 3.28181926079196e-13 1.25011112572793e-13 2.81330514440015e-13 1.43773881688958e-13 1.2623235789988e-13 8.96838159292201e-13 1.56197277334513e-11 1.44440015503733e-13 1.16684439888104e-13 2.58126853225349e-13 1.51878509768721e-13 6.91890988946398e-13 1.19348975147204e-13 1.17794662912729e-13 1.71085368094737e-13 1.27342580924505e-13 3.03979064142368e-13 2.77755596300722e-12
0.000340473821285103 0.941197020928865 1 1 0.000570535558733432 0.000247219001949128 0.000299164112354977 0.000242387317817006 0.000449898516506009 0.000260024799563996 0.000272638262310498 0.000270250486301138 0.00023907084271535 0.000247484397723041 0.000426862519915416 0.000244146863654815 0.000884022086311442 0.00024152399315347 0.000449869534470237 0.000255708010697964 0.000263973374507565 0.000272448450722607 0.000842779283461104 0.000238588743674106 0.000244647829377609 0.000721493899961345 0.00110979031744185 0.000438892564049942 0.000248520839260746 0.000383597772489197
4.16947466386208e-06 0.999829795014924 1 1 7.19458072895307e-07 8.24041513358686e-07 1.92543082833119e-06 2.99163787587098e-06 6.51073766899657e-07 1.01538316166216e-06 6.36476346627113e-07 1.74477908287951e-06 6.29933674334282e-07 6.77161220763445e-07 9.06309602366484e-07 6.30179945448894e-07 6.59208703623904e-07 7.37220089419566e-07 9.7258510345366e-07 7.42653803675886e-07 3.41565586914339e-06 9.33997710506063e-07 6.30011761093563e-07 7.03966544390866e-07 6.59993678708837e-07 6.64202799316449e-07 9.63073637616496e-07 1.27143250905348e-06 6.41255793687456e-07 6.68273953285947e-07
1.35635946918455e-12 1.2325584997086e-09 0.999999998181501 1 2.23931984066894e-13 1.9151347174784e-13 2.86037860064425e-12 1.94844140821715e-13 1.90958360235527e-13 3.87800902501567e-13 2.58681964737661e-13 2.26707541628457e-13 2.22266649529956e-13 1.96176408451265e-13 3.87800902501567e-13 1.96731519963578e-13 2.42472708578134e-13 3.39617223232835e-13 2.50910403565285e-13 3.9235281690253e-13 2.04947170345804e-13 6.04738481513323e-13 2.86148882366888e-12 6.64579502540619e-13 1.90958360235527e-13 2.07944772512292e-13 2.15605311382205e-13 2.21755946938629e-12 1.97175609173428e-13 1.96731519963578e-13
0.00303119869746937 0.989702503520652 1 1 4.51625245078136e-05 5.27647722626812e-05 4.65162980822775e-05 3.54290649230427e-05 3.7959947613575e-05 4.26061309338754e-05 3.84889697054858e-05 3.59900161683857e-05 4.09857579721784e-05 7.49162816799931e-05 8.97832584402236e-05 4.38921788054047e-05 3.99590891907442e-05 3.67811227991455e-05 3.76319463467611e-05 3.57904902923423e-05 3.88173344560983e-05 4.55789466253798e-05 5.64398976964364e-05 3.61923884989457e-05 5.17805675416261e-05 5.09015239128496e-05 4.69504875889593e-05 3.89361222122853e-05 3.58750435554001e-05 4.50637334595827e-05
3.97272471586163e-08 0.99999724904353 1 1 6.52288101310461e-09 1.70967259238708e-08 1.03975529297529e-08 1.01770092353348e-08 8.36977687157514e-09 1.9789109684254e-08 1.19192261616163e-08 1.32660882279367e-08 8.23745349709526e-09 9.2894802961041e-09 1.00511176048812e-08 7.21673898418373e-09 7.53992834834349e-09 6.54708254277381e-09 6.83576373283756e-09 4.89421475569074e-08 6.65586652459638e-09 1.00436789995939e-08 6.57294718653390e-09 7.08268887983365e-09 5.07011885808595e-08 1.1298559421391e-08 6.52725962169143e-09 6.51817977370683e-09 1.44984666494707e-08 6.70740341046638e-09
1.30113020246903e-06 0.999995106338866 0.999999999999367 1 8.10980271825912e-09 7.69059893546142e-09 6.31264717165791e-08 1.67480853630053e-08 8.43551506424234e-09 7.79006992246423e-09 1.55239482380054e-08 6.15068704856725e-08 5.99413690904882e-08 5.62155892946947e-08 3.5078553284329e-08 1.66102078758001e-08 1.20905061518073e-08 8.97238161545744e-09 7.79379627502408e-09 1.00077887088545e-08 6.69029801558807e-08 2.78386862451185e-08 7.9094849558814e-09 7.71057639958883e-09 9.32618160476295e-09 1.49448263764285e-08 8.14599743215183e-09 8.91589535534365e-09 1.58694376528601e-08 2.10591505345192e-08
1.48788426024282e-10 7.60448794823176e-07 0.999999208539031 1 1.1235701258272e-10 6.96884772111162e-11 1.66121005840125e-10 6.81416034709059e-11 6.64405197525753e-11 6.67335076087738e-11 9.74278435705855e-11 9.10707065315819e-11 6.49255094131718e-11 7.78229702902422e-11 7.02428115673115e-11 7.74780239964912e-11 6.18193274348755e-10 7.79740716438937e-11 6.52468079564983e-11 6.43620712281745e-11 8.7671758741692e-11 8.38711322614927e-11 2.79525735891184e-10 1.25028765118884e-10 6.42796926797473e-11 1.26964438962318e-10 6.55900889157124e-11 8.07319766593650e-11 7.62462315506696e-11 6.93857193923009e-11
4.93053356132034e-06 0.999405460089318 1 1 2.17084974452053e-06 1.99317672922028e-06 2.03310885371621e-06 2.23558686784919e-06 3.38333050764472e-06 4.15439098677695e-06 2.0390521795477e-06 2.04578019868951e-06 2.23102136653885e-06 2.13880314514636e-06 2.24761910128102e-06 1.99352626617522e-06 3.00313084844461e-06 2.06451594531032e-06 2.66572921792108e-06 2.01612670180928e-06 2.03894227479573e-06 2.00906042258087e-06 2.09625897318322e-06 1.9923832683677e-06 2.07681175545815e-06 2.63606898753821e-06 2.10540559641981e-06 2.58357626392591e-06 9.78095134585022e-06 2.58945459608029e-06
2.59934043258525e-05 0.996870169117408 0.999999999878563 1 1.74533867259852e-05 1.64827790989364e-05 1.49653158623142e-05 1.80157534600545e-05 1.84328743504381e-05 6.1404102088658e-05 1.73902217107669e-05 1.96437715800357e-05 1.83608345535324e-05 2.78679714866836e-05 1.95822513159305e-05 2.98502578901516e-05 1.49004528059438e-05 1.85194607781325e-05 2.64093022698253e-05 1.98231321149045e-05 3.50196102792966e-05 4.06285802833084e-05 1.49392429396045e-05 1.5406082480296e-05 2.66100068526676e-05 4.14755302561298e-05 1.59209116149528e-05 2.21200948605782e-05 1.53585065902906e-05 2.96931745958906e-05
0.205731164100019 0.979198440520352 1 1 0.176817970077545 0.178877085350927 0.194250389403926 0.174186941541535 0.173511695584837 0.175017121638348 0.173328931862661 0.173332729932628 0.17465539985644 0.219524316073965 0.192582082429309 0.174349733720546 0.179243429539694 0.179898168180502 0.183422308781553 0.178680602661016 0.186274462641239 0.173331412987054 0.178556452214429 0.173391603102549 0.173621362760842 0.174029710737243 0.183673741742641 0.173413936404671 0.201765207796373 0.175226372069605
3.77819528041279e-06 0.999931257960024 0.999999993222014 1 2.70171595762037e-07 2.69589827350813e-07 6.1240739135382e-07 2.5624972321836e-07 1.99607595152695e-06 1.39318165148783e-06 2.58768232952455e-07 2.83736422690417e-07 2.90756518639412e-07 2.55602839782654e-07 2.5747384635455e-07 2.60059527357193e-07 2.89218205939967e-07 2.78636291484169e-07 2.72736793927031e-07 2.92760254150259e-07 2.70804189073104e-07 4.10581924792375e-07 2.66297642714797e-07 2.56339716009357e-07 3.20093957562051e-07 3.81460551812651e-07 2.56918470387113e-07 2.98514052921028e-07 2.68563828176305e-07 2.75075480726805e-07
3.99067513512374e-06 0.000588902249360812 0.998509858815593 0.999999999998303 2.23964626122619e-06 2.32620930729066e-06 2.50516554282099e-05 2.77194546283166e-06 1.58368776825846e-06 1.64735841667873e-06 2.5843022426475e-06 1.60495334966537e-06 9.08241983810232e-06 1.9906832257055e-06 1.67492643032841e-06 1.69035444097521e-06 1.8336575581257e-06 1.94451948609675e-06 1.88936604228473e-06 1.73068031172896e-06 1.93521902447369e-06 2.33283959139019e-06 1.76388468242639e-06 1.59506362085171e-06 1.58676271988512e-06 1.58615304735044e-06 2.69990206591686e-06 1.79082767726157e-06 1.91365923896125e-06 2.1580905137375e-06
0.0119831272080577 0.956983846262668 0.99999999999758 1 0.000125841792914971 0.00020117285068777 0.000197256578106875 0.000655502878852077 0.000162079018636851 0.000137125738314814 0.000124429515792834 0.000229810070416225 0.000161465180504528 0.000201313002821446 0.000144656748259253 0.000142771284296961 0.000123418097855432 0.000121444661633108 0.000140783284223178 0.00068311466395099 0.000145322011618099 0.00015617378982713 0.000145381419447421 0.000245472839988659 0.0001450043187321 0.000635553137107614 0.000122741156781347 0.000129006940922105 0.000147460892317541 0.000631123469670647
0 0 1 1 0 0 0 0 0 0 0 0 0 0 0 0 0 0 0 0 0 0 0 0 0 0 0 0 0 0
0.000368953590422771 0.995097579144259 1 1 1.51110389239317e-05 1.53329422795112e-05 6.9149313807193e-05 1.39473584118699e-05 3.56675991246558e-05 1.39489512366309e-05 2.34150675071376e-05 1.70762985544082e-05 0.000286708442316708 1.478156545065e-05 1.61955567800076e-05 2.86826667995621e-05 1.81426001517604e-05 1.50541228596257e-05 1.59781721078556e-05 3.39729969611735e-05 2.6261496376967e-05 2.17324250244566e-05 2.89579775875071e-05 3.30855179959677e-05 1.79634876924517e-05 1.41047756880841e-05 2.24634828137615e-05 4.65728010631272e-05 4.76247623090176e-05 1.55522218698856e-05
5.9721549927616e-10 1.31688112636752e-08 0.999999925295384 1 2.91781376837719e-10 2.42168285424782e-10 1.56157864417139e-10 1.83577375523214e-10 2.40564568265711e-10 1.62204361053853e-10 3.16658588239704e-10 1.56584190058595e-10 4.02092248386055e-10 2.92819768432651e-10 1.73407732617648e-10 1.22541177205449e-09 2.14353645944243e-10 1.90581328496364e-10 1.56695101338755e-10 3.15824921770513e-10 1.73871028685824e-10 1.56299639897384e-10 5.34764454940273e-10 1.73431713434979e-10 1.56538559892283e-10 3.60007912370008e-10 1.2774449276165e-09 2.1788770787623e-10 1.60860880171754e-10 2.33538632876673e-10
0.921052331801391 0.999999996435805 1 1 0.000205699422834882 0.000206337819738112 0.000227500855910057 0.000215823746038235 0.000331566124545102 0.000233936281236802 0.000219081189217762 0.000323368225190079 0.000270678771766009 0.00385068291606627 0.000217420743442553 0.000219030626281924 0.000241855247126721 0.000294695747577567 0.000770872009759005 0.000275261913710523 0.000247017106314473 0.000213396001322752 0.000198039963615781 0.000437644732531273 0.000360172473509945 0.000211273526741884 0.000217305546436952 0.000198887930924041 0.000200241372368071 0.000276589126288473
4.66993499426138e-07 0.999967326165974 1 1 1.09734169639886e-07 2.44845288155382e-07 1.21041672684896e-07 1.04416182034051e-07 1.96371552241281e-07 5.83912846741086e-07 1.1402439673569e-06 2.29327657530476e-07 1.04948859602771e-07 1.59628958718017e-07 1.51424867755878e-07 1.20902687639202e-07 2.53060197241695e-07 1.09086467081632e-07 1.05261975691384e-07 1.0458436772165e-07 1.56318360422514e-06 1.6512661482615e-07 1.08151139488477e-07 1.45271200402419e-07 4.32732403021774e-07 1.23482467029312e-07 1.23835308563081e-07 1.30359503414113e-07 1.06071374572636e-07 2.02361359114001e-07
2.03913396047417e-05 0.998984037316171 0.999999999999861 1 1.53017780646358e-06 1.38942745697701e-06 1.3851118090269e-06 6.38711159317573e-06 2.08354827890833e-06 1.6565822017478e-06 1.74886120274387e-06 1.43705477995137e-06 2.85674563071936e-06 1.37978920577986e-06 1.37995648952227e-06 4.09991220329253e-06 1.74574795852589e-06 1.37889585061224e-06 2.31301583974997e-06 1.37662751864553e-06 1.38790752846063e-06 2.5215938949108e-06 1.43270809926932e-06 1.56558905817228e-06 1.45886174640619e-06 1.45600193035555e-06 1.538049595462e-06 1.46706304815503e-06 1.42069669029077e-06 1.43962260179542e-06
1.50205245108559e-06 0.999995213541256 0.999999999997936 1 9.90713111548303e-09 9.05278674245835e-09 5.22687759740847e-09 5.66998781259542e-09 5.54686818698968e-09 1.35323429129031e-08 5.22854082252167e-09 7.97891974713139e-09 1.48456575188582e-06 8.77211558947266e-09 5.93442628371577e-09 5.31785626645132e-09 5.7235973738301e-09 6.06247629875156e-09 1.54140284980286e-08 7.06836389419152e-09 2.65513014907626e-08 5.60054114195907e-09 5.5595739123504e-09 5.47026868247258e-09 1.26519309473494e-08 7.7939729115073e-09 7.39369432345427e-09 5.32529653707314e-09 3.8178495143093e-08 5.60993640430496e-09
0.00105900823373051 0.996754577813555 1 1 5.10766030259457e-06 0.000314109769825932 7.06252316640121e-06 1.80874497840433e-05 5.87557637987679e-06 7.96945782122194e-06 0.000104625523543511 5.36922060057066e-06 5.61212583505277e-06 7.4209806536496e-06 5.65972691346506e-06 5.61969844425914e-06 6.37145924187177e-06 5.73148810323332e-06 2.37329145094112e-05 5.14871166523712e-06 5.72842899604353e-06 2.30484362170325e-05 5.1707831555392e-06 7.03370758825539e-06 5.50211445415894e-06 7.68648760104407e-05 5.97975622806945e-06 5.55966814752562e-06 3.2801322925935e-05 7.13825360432185e-06
0.708029735871807 0.239586128798997 0.999999999606265 1 0.00032760157216305 0.000282402169923812 0.00019488140537971 0.00113068442680497 0.00022220717629684 0.000353806715252536 0.000580250595028642 0.000195925264554142 0.000218042705053656 0.00029905066118896 0.000299649029086302 0.00026437605945262 0.000195007670424463 0.000249333031130283 0.000300787702817606 0.000220664558655326 0.00019473372642731 0.000286025655842681 0.00021283729583299 0.000378107073816247 0.000425607576329146 0.000336596584702975 0.000198648026743964 0.000233035437499085 0.000202145038214252 0.000864857906920036
5.86084893239303e-05 0.989286086007841 1 1 4.71972867504e-05 4.02156713529278e-05 3.94902081770621e-05 4.02106028248861e-05 7.765056847997e-05 4.10420567479308e-05 5.3559090698152e-05 5.43548174763986e-05 4.8681891496094e-05 9.71766158304188e-05 7.65527654070786e-05 9.10318961745427e-05 3.98730457447094e-05 3.95050908290617e-05 0.000109082317051423 4.55731488102629e-05 6.72374213723792e-05 4.10994014840016e-05 5.51818491553169e-05 5.81673727374499e-05 5.34341153844986e-05 5.05214610260207e-05 4.06231719143335e-05 4.65966592346767e-05 5.81605072779157e-05 6.82287311819518e-05
0 0 1 1 0 0 0 0 0 0 0 0 0 0 0 0 0 0 0 0 0 0 0 0 0 0 0 0 0 0
2.75609753908057e-08 0.999999339998394 0.999999999997884 1 1.94133153996745e-09 3.51919360319641e-09 1.81643300400935e-09 3.44142847552575e-09 2.0914709963904e-09 3.70028219176533e-09 4.39147596065226e-09 2.34317798497585e-09 2.12626960482964e-09 1.91597737675409e-09 2.38963737686504e-09 2.17932771828799e-09 1.90473214978226e-09 1.92526139475291e-09 2.07144712494056e-09 3.29162819223683e-09 6.96759616669596e-09 1.86352488995567e-09 2.4568733492103e-08 1.82585535579705e-09 1.9449181154485e-09 1.81932324760936e-09 2.33717845077308e-09 5.13150111292049e-09 2.06370598387906e-09 2.78772716022502e-09
1.01906605702862e-05 0.999844030726881 0.999999999997603 1 1.20789184065995e-06 5.76136909624658e-07 6.65079352590858e-07 8.32435322228875e-07 5.65843006561373e-07 1.93741461473884e-06 6.65787877607293e-07 8.22283351187281e-07 6.55963356632761e-07 1.08643166008004e-06 7.52156991024044e-07 6.26751142540627e-07 7.72770244794607e-07 1.23387415376097e-05 5.86926022783096e-07 6.66023497131185e-07 5.75588220641521e-07 2.34615135130678e-06 6.61902149534654e-07 7.0718936451275e-07 1.23070505830825e-06 6.04779753610174e-07 6.72458067008108e-07 7.46775486448747e-07 6.58675240239326e-07 7.83084504130116e-07
1.45096127335265e-08 0.999999110446657 0.999999999999998 1 9.42673772375002e-09 8.73657579614218e-09 2.59914429978636e-08 3.6458455143773e-09 3.15393092753524e-08 2.54988463677108e-09 2.55902832257959e-09 2.58570775901745e-09 7.08128589099744e-09 2.8119415684813e-09 2.71020161868307e-09 5.10756426042036e-09 3.55579854449672e-09 2.61685406677259e-09 2.69877276082298e-09 2.63833366265231e-09 2.54297793933489e-09 1.34096326265265e-08 2.578117497265e-09 2.9986785277103e-09 2.57684895643706e-09 3.60578478186824e-09 3.33918448447434e-09 2.72615130469944e-09 2.76088318873491e-09 2.55362020418204e-09
0.0228685536408487 0.960611892308718 1 1 0.000106303205757996 5.95828801545073e-05 8.40682373256518e-05 9.61212978988213e-05 6.0695557927648e-05 9.72298427871499e-05 5.9230264743082e-05 5.97615406646712e-05 6.14072916440556e-05 6.40618853468e-05 8.4202703852565e-05 6.90728321114387e-05 9.08728639386069e-05 6.1735233027771e-05 6.28023985844717e-05 6.19870025279079e-05 5.92141145812075e-05 0.00025860745432571 7.81089137750213e-05 0.000133546751285962 0.000111298139845784 6.34900793281545e-05 8.8572942908316e-05 0.000270565772960585 6.66548525340982e-05 8.92692748984958e-05
4.06374324841696e-05 0.982700362973014 1 1 2.40887457207961e-05 8.74465046041273e-05 2.31642704232593e-05 2.31654607467657e-05 2.3226648916741e-05 2.30339185229855e-05 4.37645128020803e-05 7.92708229442329e-05 4.3642206768002e-05 9.34088783776099e-05 2.3586599437575e-05 3.2895552597334e-05 2.57467170897696e-05 2.60967287798453e-05 2.39307266346467e-05 3.51886208872498e-05 7.31634093104061e-05 2.79223442295473e-05 3.40249219235034e-05 0.000246647650124276 2.56292808091807e-05 2.31668035287624e-05 3.03776990637772e-05 8.44358851801452e-05 2.34473174938188e-05 2.32386807361706e-05
8.7119200742336e-13 2.50999543371933e-09 0.999999997071864 1 1.22790666523542e-12 1.27109434089334e-12 2.24753549105117e-12 2.52808884937394e-12 7.59725615750995e-13 2.03003169829685e-11 6.63247234911069e-13 2.20323759236862e-12 7.7760020644746e-13 6.67799149312032e-13 7.95363774841462e-13 1.85185200507476e-12 1.13531406498169e-12 6.68243238521882e-13 1.20015108961979e-12 1.27142740780073e-12 7.90145726625724e-13 1.15230047725845e-12 1.2543299732215e-12 6.68132216219419e-13 7.83484388477973e-13 1.02062802653791e-12 8.91842155681388e-13 8.41404723672667e-12 8.43880521017581e-13 8.80517880830212e-13
0.00016956061863882 0.985792742911323 1 1 8.72829122127161e-05 6.10270928653733e-05 0.000231970552751593 9.22327061099182e-05 6.18298782864013e-05 5.65684994712212e-05 6.19899104462585e-05 5.52882023630019e-05 5.82122322115852e-05 6.99118427767154e-05 7.55493717452538e-05 6.76039343754375e-05 5.59716009173039e-05 0.00013664444102357 5.87824656366198e-05 5.60763764737571e-05 6.7537366901016e-05 5.56517756301611e-05 0.000709740301300776 9.77300498131717e-05 9.24129454330513e-05 5.91551543671631e-05 5.96883732469911e-05 0.000121711484129761 0.000107820454438246 7.70396252312011e-05
2.90333213026628e-09 3.96586793405262e-08 0.999999506490973 1 2.169508461769e-09 5.86939608027137e-09 1.9548728191765e-09 1.61014979127572e-09 1.93969185158238e-09 1.60886892697221e-09 2.30234631359849e-09 1.60675039939662e-09 1.95523741641779e-09 1.85177684297599e-09 2.94912405607306e-09 2.0024149005593e-09 5.03725261502552e-09 1.66446956217925e-09 1.71639535917478e-09 1.61216506811002e-09 1.60958391060007e-09 1.63584334966771e-09 1.78723424948402e-09 1.97403549062614e-09 7.43394545921205e-09 7.24829385401193e-09 3.27116789211601e-09 1.65407824104236e-08 1.59453117376529e-09 2.47287823551545e-09
1.2277479033429e-10 2.62303934128738e-09 0.99999997360542 1 1.6311452188944e-10 6.78610501125831e-11 4.69078109688326e-10 1.67365898917637e-10 7.1720851479995e-11 9.63672475151611e-11 9.34806676511357e-11 1.82581860741493e-09 1.34754318814601e-10 1.61147317712107e-10 5.68880609286282e-10 6.3211436085453e-11 6.11183326171272e-11 1.47441281406202e-10 6.05628880379072e-11 6.11645178949516e-11 6.50461906559485e-11 1.3657797115485e-10 6.16962037014446e-11 6.25313134605676e-11 6.41738884255005e-11 3.76309983174394e-10 6.84481360480049e-11 4.76008121808036e-10 5.85863468849368e-10 6.86031231822426e-11
2.99760216648792e-15 5.30622212835397e-11 0.999999999945748 1 2.99760216648792e-15 3.5527136788005e-15 3.10862446895044e-15 2.00950367457153e-14 3.5527136788005e-15 3.21964677141295e-15 9.2148511043888e-15 4.66293670342566e-15 4.66293670342566e-15 3.10862446895044e-15 2.99760216648792e-15 5.6621374255883e-15 2.99760216648792e-15 3.33066907387547e-15 3.10862446895044e-15 3.88578058618805e-15 3.88578058618805e-15 3.10862446895044e-15 6.66133814775094e-15 4.77395900588817e-15 3.5527136788005e-15 3.21964677141295e-15 2.99760216648792e-15 3.44169137633799e-15 3.21964677141295e-15 8.10462807976364e-15
0.000220325145835698 0.961818331437758 1 1 0.000142683507007968 0.000132504450865434 0.00013504201037251 0.000187994964582994 0.00013918368521959 0.000134216454696801 0.000439215173017815 0.000195343302494155 0.000149834130098614 0.000136643305583828 0.000132396715779026 0.000241580818526321 0.000132450109435189 0.000721484954926077 0.000145195415550359 0.000246924273665794 0.000135102721743885 0.000236311914501686 0.000138689451971152 0.000146273843971922 0.000645603104029946 0.000250396159975352 0.000132441987393483 0.000134140547391692 0.000140779635779631 0.000254931075415299
4.81370499016975e-12 1.66333613549341e-12 0.999999999923646 1 1.88737914186277e-13 1.34670052887031e-13 1.61204383175573e-13 3.10418357685194e-13 3.46056516775661e-13 1.51212375953946e-13 1.43662859386495e-13 3.521627434111e-13 1.44884104713583e-13 1.12798659301916e-12 1.36557432028894e-13 1.41109346429857e-13 1.60094160150948e-13 1.34892097491957e-13 6.48037179473704e-13 1.99285032920216e-13 7.83928477687823e-13 1.96287430753728e-13 4.25659507641285e-13 3.45612427565811e-13 2.47657450103134e-12 3.73701070088828e-13 1.756372824957e-13 2.79443135298152e-13 2.19491091968393e-13 1.56985535681997e-13
0.000878809633862776 0.965595303905278 1 1 0.000125422738937897 0.00283375288412424 0.000191747932229758 0.000403969587458031 0.000179440385225549 0.000109122686945629 0.000112267159526835 0.000107135691739035 0.000106609805484048 0.000422549725255794 0.00011502142367259 0.000106475593942723 0.000115083160666551 0.000203081023730789 0.000449944006960967 0.000172094138590428 0.000260007632103432 0.000116164970860755 0.000122000621533558 0.000111504570911025 0.000125157071062865 0.000111401126161814 0.00112418900168332 0.000210411940851807 0.000123529463735506 0.000113113023633593
0.000211728165466996 0.985421831062556 0.999999999999983 1 7.20991697089612e-05 9.43466578560148e-05 6.94392969162738e-05 0.00012275232201997 0.000119353663067701 7.09908239988621e-05 6.60619265496765e-05 8.76417718904676e-05 6.47025374403976e-05 6.46620924560359e-05 0.000154538634336343 6.78322891244365e-05 8.12941430700098e-05 6.97778410960748e-05 0.000290091503466261 7.54449756521502e-05 6.79193469610428e-05 0.000267828310809404 6.51124883432885e-05 6.49288828871164e-05 7.26001543986943e-05 7.36640024781021e-05 0.000166967560117026 7.9190894856751e-05 8.0272535029513e-05 9.2819256574006e-05
2.3279780414498e-07 0.996261019698035 1 1 4.87811372518188e-07 8.09930149614502e-08 8.05046151963751e-08 8.94490923553093e-08 8.11788982701955e-08 8.3163381181528e-08 8.25174040208765e-08 5.49854967224483e-07 6.80523587592852e-07 8.54954634865734e-08 6.43415328904773e-07 9.97449561834785e-08 2.02181191677475e-07 8.26506865170273e-08 8.10793479022465e-08 8.03114595937515e-08 2.98690567501758e-07 2.00309014042332e-07 1.12375312721902e-07 8.03935310544901e-08 3.13257293549363e-07 8.98109597802232e-08 8.32933885197562e-08 8.4357150265113e-08 1.17190786519394e-07 1.95955942361437e-07
0 0 1 1 0 0 0 0 0 0 0 0 0 0 0 0 0 0 0 0 0 0 0 0 0 0 0 0 0 0
0 0 1 1 0 0 0 0 0 0 0 0 0 0 0 0 0 0 0 0 0 0 0 0 0 0 0 0 0 0
0 0 1 1 0 0 0 0 0 0 0 0 0 0 0 0 0 0 0 0 0 0 0 0 0 0 0 0 0 0
7.65125370838504e-07 0.999911227245536 1 1 2.96976978231278e-07 4.13734081217143e-07 3.64271189434717e-07 4.01331337607225e-07 3.86174551891827e-07 4.04125595099281e-07 4.22550988643522e-07 1.06615049333403e-06 1.34166980780837e-06 9.48777578946292e-07 6.97563483087471e-07 2.14935738951372e-06 2.51432609399416e-07 7.5897472233688e-06 3.96810973413153e-07 2.57970842465483e-07 3.37187218701906e-07 5.5778605934087e-07 2.77610939125594e-07 5.12532318142078e-07 4.42526595589854e-07 2.58161746979901e-07 2.52364838027042e-07 2.74516794185331e-07 3.74346618037258e-07 2.92575001559214e-07
9.35074693675375e-07 0.999987294133487 0.999999998461909 1 8.86306136260728e-08 5.56646938543182e-08 6.43131200628311e-07 4.50726481693309e-08 9.47859591926559e-08 4.2163997848732e-08 4.3684749928552e-08 4.38904786959071e-08 6.57902289313839e-08 4.53488823159987e-08 4.84540257916777e-08 4.21097012814897e-08 5.22398538871371e-08 7.26700419839688e-08 4.72991437128201e-08 4.10481283408259e-08 4.09542399992802e-08 4.25419717231534e-08 4.0934593714681e-08 4.80421711301915e-08 1.03735998457921e-07 4.04431070855082e-08 4.05465931940796e-08 1.20316200780124e-07 4.57104819551191e-08 7.34054078632695e-08
4.24579260638325e-11 0.999999995813269 1 1 4.09938749612593e-12 6.19904128029702e-12 1.43370093574902e-10 6.87228052242972e-12 3.54982709893648e-12 3.93740595683312e-12 3.3841818236624e-12 3.40627526185244e-12 7.31736893300194e-12 1.00335295627474e-11 3.3903990726003e-12 4.64184246595778e-12 8.74189609589848e-12 4.30311342114464e-12 3.3841818236624e-12 4.85544937589566e-12 1.0089595825491e-11 4.50617321234859e-12 5.07649478009853e-12 5.593414620364e-12 3.46966899655854e-12 3.5260683262095e-12 1.06431530255691e-11 1.28199673099516e-11 3.41904282663563e-12 3.46045414545415e-12
0.208053764020943 0.756291162909309 1 1 0.000161160732283006 0.000164733954267304 0.000129147162574728 0.000123087351800444 0.000102428051229619 0.000529108809149914 0.000125582153207016 0.000187248474016743 0.000121103691319679 0.000102814040348509 0.000105331614187909 0.000666022255101373 0.000116120052914503 0.000116062244512327 0.000110445081418109 0.000113643961437648 0.00021324377550358 0.000404458690486997 0.000104846446695062 0.000106376742594172 0.000401235544640666 0.000111345503368776 0.000230459117514292 0.000184097744411305 0.000382156007660672 0.00025618442627906
2.70280924657973e-05 0.996873033439005 1 1 9.0039419305965e-06 1.00531188593767e-05 1.83360036420943e-05 2.20041687498673e-05 9.29688187700783e-06 9.93975165597405e-06 1.07609496149408e-05 9.05680478369142e-06 9.81442409020428e-06 5.3901784164978e-05 8.54159512009289e-06 9.56347135194768e-06 8.49609653130745e-06 9.87691941711777e-06 8.65779257319677e-06 8.56798921344826e-06 2.48892120308097e-05 3.41832125005936e-05 9.28686332246631e-06 1.81339999999475e-05 9.16590307364906e-06 8.49264789037907e-06 1.46541746589568e-05 0.000149262642550552 1.71284411016881e-05 9.553924081529e-06
0 8.88178419700125e-16 0.99999999999999 0.99999999999999 0 0 0 1.11022302462516e-16 0 0 0 0 0 0 0 0 0 1.11022302462516e-16 0 0 0 0 0 0 0 9.99200722162641e-16 0 0 0 0
2.15977347117757e-10 0.999999972442484 0.999999999998576 1 6.20854478938782e-11 6.76051437054070e-11 5.75611780462282e-11 8.7949980631663e-11 1.64194990937006e-10 6.31500551850905e-09 4.2823633528144e-11 4.97412111499784e-11 4.32466285005262e-11 4.35471658732922e-11 4.7795101210113e-11 4.35729230474635e-11 4.37525571328479e-11 5.01991781476363e-11 4.78841410966879e-11 7.43998196384155e-11 4.48682202502937e-11 5.99802429945839e-11 4.30957491914796e-11 5.43409761633029e-11 4.64653870935194e-11 5.37258015853581e-11 8.6845308722161e-11 6.29875041013861e-11 4.36166658346337e-11 5.42024203298297e-11
7.38977090845028e-05 0.998031019053925 0.999999999998554 1 8.5586051906672e-06 7.5623695235949e-06 6.98311157387721e-06 7.16270934353336e-06 7.01766179811436e-06 1.73782272714362e-05 7.05882723073259e-06 2.50834304191816e-05 6.95795782057473e-06 1.53756649727832e-05 7.26700187414497e-06 9.63668139852825e-06 7.63065279629771e-06 7.14836659732043e-06 1.52625050277022e-05 8.36987709829096e-06 1.01157273654229e-05 1.0343142830882e-05 6.97448460362793e-06 8.00244338960976e-06 5.69351579340349e-05 8.19271434115976e-06 7.28612295097797e-06 1.07027701274909e-05 9.64355725774357e-06 7.01241540912445e-06
3.88578058618805e-15 6.03628258488698e-13 0.999999999847147 1 1.66533453693773e-15 1.77635683940025e-15 5.99520433297585e-15 1.77635683940025e-15 6.10622663543836e-15 1.38777878078145e-14 1.88737914186277e-15 4.44089209850063e-15 2.22044604925031e-15 1.66533453693773e-15 2.55351295663786e-15 3.77475828372553e-15 1.77635683940025e-15 3.21964677141295e-15 6.88338275267597e-15 2.33146835171283e-15 1.77635683940025e-15 1.08024700296028e-13 1.66533453693773e-15 1.23234755733392e-14 2.44249065417534e-15 1.66533453693773e-15 2.33146835171283e-15 1.77635683940025e-15 2.33146835171283e-15 1.77635683940025e-15
9.54119549769761e-05 0.999440426881506 0.999999999999997 1 2.29580537292051e-06 1.47009871132031e-06 1.40962409489465e-06 1.40637227263873e-06 1.32418290377245e-06 1.33533948765141e-06 1.3573427480873e-06 1.72411216803336e-06 1.33187783779576e-06 2.85520999121491e-06 3.04575580878375e-06 1.40898762202024e-06 1.8396322222225e-06 2.05455979629399e-06 1.35072808560288e-06 2.56444150581459e-06 1.32524221929664e-06 2.26830184633098e-05 1.39391016873436e-06 1.39458873760212e-06 2.32674913480668e-06 1.33705685545493e-06 4.15262133535155e-06 2.4138174644639e-06 1.33038087724024e-06 2.90429191585062e-06
5.28754817707977e-12 0.999999999857315 1 1 6.52922160782055e-13 4.96380714309907e-13 3.28360671986161e-11 2.09754436042431e-12 2.68118860446975e-13 7.08544334315775e-13 7.40851824332367e-13 2.52131648892373e-12 7.77489184144997e-13 4.6118664442929e-13 2.60458321577062e-13 5.38458166943201e-13 2.630118345337e-13 4.01567668006919e-13 8.35775892937818e-13 6.58140208997793e-13 2.68007838144513e-13 2.58126853225349e-13 1.12354570092066e-12 1.83553172661277e-12 2.60236276972137e-13 5.89639448378421e-13 2.73114864057789e-13 2.60791388484449e-13 3.02202707302968e-13 6.57029985973168e-13
1.25134893780299e-07 4.52805753003993e-07 0.999992763126433 1 1.74840313338365e-08 1.71558411921069e-08 7.03679512437105e-08 3.22864285307034e-08 1.31020126858949e-07 1.71030397622118e-08 6.88103447554766e-08 7.02897907656208e-08 1.71329747056248e-08 1.82385851976719e-08 1.75577260508319e-08 1.26428828184366e-07 2.0423876256892e-08 1.86813325919744e-08 1.71709276797216e-08 1.70630697349239e-08 5.08493882556138e-08 1.10875338910077e-07 2.15673254810866e-08 1.80185619758078e-08 1.80935414428873e-08 3.46268917983394e-08 1.8119214684198e-08 1.80826104090315e-08 1.7053951251178e-08 1.89903552882953e-08
0 6.66133814775094e-16 0.999999999999992 1 0 0 0 0 0 0 0 0 0 0 0 0 0 0 0 0 0 0 0 0 0 0 0 0 0 0
0.000229429406191417 0.996655403340386 1 1 3.97642086901184e-05 1.2144394716862e-05 2.53454838911038e-05 1.07918242424621e-05 1.07379084266501e-05 1.92783157475507e-05 1.47011110154249e-05 1.17202017860807e-05 1.09089441528987e-05 1.08687970749033e-05 2.45381531308597e-05 5.56932648253516e-05 1.27491229774401e-05 1.50451549224551e-05 1.24096903643123e-05 5.57616392916627e-05 1.58245334062057e-05 1.07229510249995e-05 1.77294857887089e-05 1.15579846483582e-05 2.57655337295715e-05 1.09378173006602e-05 1.11661047178524e-05 1.08674365935091e-05 1.09710159722498e-05 3.50738505411341e-05
2.53855492182709e-09 9.3404360836491e-05 0.999905944847159 1 1.44903977705724e-09 1.32592659074504e-09 5.09310693619369e-09 1.61007951415826e-09 1.18317078356966e-09 2.3995405662447e-09 1.24828103409413e-09 1.3036571822056e-09 1.49860024389881e-09 1.15404608092007e-09 1.16021481311179e-09 2.6162773059113e-09 1.11044862194376e-09 1.11599174346111e-09 5.43686973220048e-09 1.11204390140784e-09 1.19102938622717e-09 1.55915125255035e-09 1.57424129287875e-09 1.25439658660298e-09 1.10981157597223e-09 5.94598370540211e-09 1.72449088342574e-09 1.51885704013921e-09 1.13744058616305e-09 3.68584118781712e-09
7.7715611723761e-16 3.37120331650453e-11 0.999999999958928 1 2.22044604925031e-16 2.22044604925031e-16 2.22044604925031e-16 2.22044604925031e-16 6.66133814775094e-16 2.22044604925031e-16 1.66533453693773e-15 3.33066907387547e-16 4.44089209850063e-16 4.44089209850063e-16 1.22124532708767e-15 3.33066907387547e-16 2.22044604925031e-16 2.22044604925031e-16 2.22044604925031e-16 2.22044604925031e-16 2.36477504245158e-14 2.22044604925031e-16 2.22044604925031e-16 4.44089209850063e-16 3.33066907387547e-16 2.22044604925031e-16 3.33066907387547e-16 4.44089209850063e-16 2.22044604925031e-16 8.21565038222616e-15
0 0 1 1 0 0 0 0 0 0 0 0 0 0 0 0 0 0 0 0 0 0 0 0 0 0 0 0 0 0
1.05856670817861e-06 0.999996912540515 1 1 2.57618371080071e-08 4.32503266534212e-09 4.95444107961873e-09 5.07960951079411e-09 4.28332558310984e-09 1.39901913387419e-08 4.28220936488088e-09 5.00268781955526e-09 7.0073360447509e-09 4.39738190305405e-09 8.9272093051207e-09 4.1869094857816e-09 5.05039055020973e-09 5.50313394853674e-09 4.54625714851886e-09 5.25910370807736e-09 4.18470147423022e-09 3.18504248530971e-08 4.21170343045674e-09 9.28985577353103e-09 3.21065626307515e-08 3.57397372807711e-08 4.41104119897062e-09 4.50646353566952e-09 4.73985684035227e-09 4.39475855706917e-09
1.39830756529236e-07 0.99999275605882 1 1 1.76006429430942e-08 1.90012483525237e-08 1.35806084156087e-08 1.58783667325579e-08 2.05731370828133e-08 1.37072863060084e-08 4.10623037794267e-08 1.38094181645343e-08 2.12513768804712e-08 1.46228473774102e-08 2.29667439288761e-07 4.828396638068e-08 2.16030159316816e-08 1.34580018240626e-08 1.84045408913036e-08 2.91539402619279e-08 1.62536943904001e-08 1.44417074965375e-08 1.34679514207647e-08 3.30121631142433e-08 1.63562460242517e-08 1.37923285015162e-08 1.72062227798975e-08 4.09463909445407e-08 1.57972511738436e-08 1.421880158059e-08
0.00210631265522676 0.971011143180752 1 1 7.3134343644754e-05 8.68938413098874e-05 7.43329468754217e-05 0.000126438660924544 0.000182861665483092 7.11210056694167e-05 7.9995279220535e-05 0.00164988392076715 9.5097496381702e-05 9.54617626435228e-05 7.6253796175707e-05 0.000942468912648708 7.24178798593433e-05 0.000127694370552711 0.00047973689833114 7.22888994127979e-05 0.000110998831979625 8.99428488025933e-05 7.0531273608343e-05 7.10880008497616e-05 0.000391789509839424 0.000118256237652603 0.000109283108721048 7.23334491522509e-05 9.19553782056104e-05 7.12510177350856e-05
7.75559897414624e-08 5.80155726348508e-07 0.999988661621255 0.999999999726812 4.59332005764423e-08 4.5834461670502e-08 6.72679479896132e-08 4.55505765328823e-08 5.21726305491299e-08 9.00424796945742e-08 4.88284728206168e-08 4.88657767583334e-08 9.8773615841985e-08 1.05853259602107e-07 4.75554051693194e-08 9.33788704138294e-08 4.49766068832957e-08 4.55593505144236e-08 8.0555074721822e-08 4.50030095411336e-08 4.50155570597133e-08 4.50055470668786e-08 9.99804810053462e-08 4.73272232515143e-08 4.55476170113656e-08 8.17397601826642e-08 5.57669296297192e-08 4.89356019039988e-08 1.0237302594529e-07 1.62441088247256e-07
0.00163511594735888 0.969376233970003 0.999999999999348 1 0.000288515170376424 1.73363500208801e-05 1.61032579674147e-05 1.50553225721772e-05 2.21043636932095e-05 1.5653197499077e-05 1.49974823950849e-05 1.58334096004298e-05 0.000227239199141804 7.08425195727891e-05 1.50244978689429e-05 2.37949371636459e-05 1.54687763939121e-05 1.661612175341e-05 1.52085692440851e-05 1.92958452164271e-05 1.89225054714193e-05 2.49106194274429e-05 1.6104856802146e-05 1.58483662019426e-05 1.55350674257981e-05 1.50551143679456e-05 2.34632092425135e-05 1.69831361304107e-05 3.36597977455e-05 0.000345545702917893
0.000359229755067081 0.95267497765689 0.999999999998232 1 0.000304353015614267 0.000259032843384577 0.000275659093121994 0.0028258500382482 0.000876883628510794 0.000212214958208556 0.000300761208493872 0.000477432678727796 0.00022417557607235 0.000209154373736142 0.000209729993146057 0.000323069946071564 0.000216770303748448 0.00029426406744093 0.000626379714495418 0.000310995757423327 0.000212732302094287 0.000253197639155323 0.000560655550776223 0.000322596483527393 0.00036670787158577 0.000220118471635944 0.000269901463555655 0.000213973671938872 0.000501969009049086 0.000210910283417243
0.17941716034832 0.999829133026616 1 1 0.167868390223547 0.169075914739226 0.172017136379455 0.168426104222931 0.168428752170563 0.169091223706149 0.167696940794259 0.171159623362085 0.167495331928473 0.175336492587336 0.181072775387806 0.167687347470515 0.168059975131934 0.168054933081872 0.169654489546079 0.168640440755501 0.176668383097214 0.173086491555232 0.169428625944871 0.167951964074234 0.199576234383679 0.169254469729597 0.172929873645411 0.168333949786398 0.168456609084423 0.169394305857476
2.36077823956293e-12 8.14317865471814e-07 0.9999991116735 1 1.49746881561441e-12 1.30639943307642e-12 9.38293887031705e-12 2.07145411934562e-12 3.3056890558214e-12 1.22313270622953e-12 7.52664597314379e-12 1.06503694752291e-12 2.48301379457416e-12 3.15688586383089e-11 1.19093623851541e-12 2.31803465311486e-12 2.31192842647943e-12 1.17972298596669e-12 1.2188028364335e-12 4.0396352929406e-11 1.58328905541794e-12 2.36366481942696e-12 1.12043707645171e-12 3.42470496406122e-12 1.5324408408901e-12 1.08713038571295e-12 1.19160237233018e-12 1.27375887615244e-12 1.08154596389909e-11 1.05260244964711e-12
0.0564103047390908 0.925189940375696 0.999999999939134 1 6.94448624064536e-05 7.24530063548334e-05 9.80724585054604e-05 6.95484234563004e-05 0.00018152633958457 7.33855238177483e-05 7.71305987270487e-05 0.000246242951835618 9.88773534021936e-05 6.9705766407413e-05 7.99297197134896e-05 8.26249750404129e-05 0.000117599779438593 9.72270739403314e-05 7.03417392273753e-05 0.000162432734960416 7.33881074167497e-05 8.6270449894732e-05 6.97503585280757e-05 0.00220957802267396 9.28544241004525e-05 0.000134877075432804 7.05952349298045e-05 0.000119865616327375 0.000242126078642269 0.000140651607331677
4.85662044880097e-06 0.999838212601254 0.999997729212759 1 5.87892488024266e-07 1.77765015696441e-06 2.90986782147673e-06 6.61325863515749e-07 6.75318683418524e-07 5.92415129729851e-07 2.49681793729195e-06 1.46792331368051e-06 1.01108954997375e-06 5.90383848697584e-07 1.05605540434706e-06 5.92802012922e-07 1.48465581780721e-05 5.97464492879674e-07 1.10233723749076e-06 6.75433510233248e-07 1.36178805154596e-06 6.85884851692187e-07 6.55039060215579e-07 6.30687369329586e-07 8.27702323347168e-07 1.15419462687338e-06 1.79256838384045e-06 8.14936738091632e-07 1.074136107726e-06 6.91176789024972e-07
1.17356829809623e-08 0.999999641287139 1 1 4.01951094630704e-09 1.53883417119971e-09 2.02517957959003e-09 1.87586479682977e-09 1.97839933324673e-09 4.21964330143965e-09 1.31916899626106e-09 1.53797330426642e-09 1.81404191668122e-09 3.20163606737367e-09 2.23584395442344e-09 1.2780939639967e-09 1.57230151121013e-09 1.55350121655573e-09 1.45190592881761e-09 5.26302967873704e-09 7.0128002294112e-09 1.47957701646106e-09 1.77170889070766e-09 1.39159861411997e-09 1.27610666478262e-09 1.31788546742229e-09 1.41605727144167e-09 7.15125547667839e-09 1.38196554200221e-09 1.83565318501167e-09
1.19475120582413e-05 0.000295974659982989 0.99965557429805 0.999999999999961 5.1765941644355e-07 2.9364190712311e-07 1.61283287392067e-07 2.17808213243131e-07 2.21006917322519e-07 1.84669009639649e-07 1.64522050649651e-07 1.62870592901321e-07 4.65448936726176e-07 1.60078458599777e-07 2.09485298441336e-07 2.04254108848723e-07 1.74556508580892e-07 2.28548132419348e-07 2.54915961894753e-07 1.70138897415129e-07 3.3429866375112e-07 4.67093373646144e-07 1.63235415517882e-07 4.77128538678429e-07 2.08186943573274e-07 1.75836405102991e-07 1.59054944881554e-07 8.18826868198563e-07 2.47439473133326e-07 2.59658117451878e-07
9.70397711741455e-07 0.999983235132764 1 1 5.36972897258181e-08 5.19659081321677e-08 3.30672843551483e-08 3.04768709158409e-08 3.068018217256e-08 3.27523762555515e-08 2.9312349325572e-08 3.30702970674501e-07 3.38464141158568e-08 9.16685725105282e-08 2.71033955834277e-07 2.23717993463879e-07 2.8900817738986e-08 4.52681022666823e-08 3.05442873216322e-08 4.28794857398884e-08 1.70819956957224e-07 3.25057452066346e-08 2.95983562104141e-08 7.07301831548435e-08 3.76869956353332e-08 5.39133269139569e-08 5.34112724048796e-08 5.74583788326422e-08 8.02693914669916e-08 1.04602858153058e-07
1.52100554373646e-14 1.09841025164314e-11 0.999999999988423 1 2.66453525910038e-15 1.11022302462516e-15 1.33226762955019e-15 1.33226762955019e-15 1.99840144432528e-15 2.1094237467878e-15 1.11022302462516e-15 8.21565038222616e-15 1.33226762955019e-15 1.4432899320127e-15 1.22124532708767e-15 1.22124532708767e-15 1.22124532708767e-15 2.88657986402541e-15 1.99840144432528e-15 1.33226762955019e-15 1.11022302462516e-15 3.77475828372553e-15 6.32827124036339e-15 1.11022302462516e-15 2.99760216648792e-15 1.55431223447522e-15 1.55431223447522e-15 3.99680288865056e-15 5.55111512312578e-15 1.11022302462516e-15
3.34308095650826e-08 0.99999918686734 1 1 3.13290726694504e-09 2.67849109558682e-09 3.77097686410366e-09 3.91143994971088e-09 2.73427736008358e-09 2.63986721371623e-09 3.81658793457973e-09 2.6641981953901e-09 2.82606349433223e-09 8.28850221790134e-09 2.73068678779964e-09 9.2831772269264e-09 3.81787128578281e-08 2.66941579951663e-09 5.12771114458133e-09 1.40820480831749e-08 2.65243482733268e-09 4.1958093666139e-09 2.98479596594348e-09 2.34926663678081e-08 3.35095029502241e-09 3.48245132730796e-09 4.96760255153106e-09 3.60534457843897e-09 7.78918329835676e-09 8.06956856891361e-09
0.000425670702281278 0.977731368045934 1 1 0.000173318393938082 0.000123315811001112 0.000114318317653073 8.75247350227149e-05 0.00012357023242382 0.000246695887905712 9.20619638805631e-05 0.0001071001752736 0.000136225429221981 0.000272805868306247 0.000705137266909128 0.000145374076135463 0.000217188117298983 0.000105139473482008 0.000103539560995292 8.79007521975561e-05 9.04175402819396e-05 0.000118315384727286 0.000442259866556882 0.000192376104348635 0.000105156024524877 8.77226916141671e-05 0.000100717088240665 0.000104707393207115 0.000192034589717949 0.000254714006026058
0.000631547093153939 0.985857968175426 1 1 4.45572601988076e-05 3.44006832225796e-05 3.32895918460085e-05 3.46437657674503e-05 3.04234910628587e-05 0.00011246091201067 3.23467455576321e-05 4.49546734884176e-05 4.81438056084693e-05 3.52113339023852e-05 3.41539334796082e-05 0.000514111919376337 8.78953795475645e-05 3.04242582348513e-05 3.15397877889145e-05 6.43964589370771e-05 6.90947315280521e-05 4.5112029257055e-05 0.000274623961028064 4.3602002778198e-05 0.000114960038835044 0.000230587150278239 4.56330341903621e-05 3.88323593487616e-05 3.594994144962e-05 8.20379116284187e-05
0.000975117160853967 0.998034637538989 1 1 1.83285900834385e-06 1.51994213855033e-05 2.17330966412188e-05 1.94224596483661e-06 3.22151443110652e-06 7.14951780922402e-06 1.66637643310708e-05 3.05883525308914e-06 4.43593179844104e-06 2.52502050412939e-06 2.63051487503496e-06 2.00898240876324e-06 1.81421176947971e-06 3.97408394225973e-06 1.84118492607688e-06 2.94444550585915e-06 2.524669337578e-05 4.96827236229347e-06 1.93906049250625e-06 0.000158769552239368 2.11301328867375e-06 3.71901939733021e-06 1.72317592905813e-06 4.64053092341654e-06 4.79622606706087e-05 2.30275485468834e-06
3.6989054565284e-05 0.0459758981956292 0.946750235006081 1 3.57656619121016e-05 7.04783138550935e-05 5.90915826738092e-05 7.26500613118519e-05 4.68675149684072e-05 3.57881971574381e-05 3.79524465218273e-05 4.14427904552594e-05 3.94227861790775e-05 4.14118120833917e-05 6.73535848513263e-05 3.62169973491255e-05 4.23543863578013e-05 3.6872779304753e-05 3.72112976176897e-05 5.99349143888261e-05 5.19062017977356e-05 4.2706249576363e-05 6.63104647331547e-05 7.38107357919349e-05 4.31093359699597e-05 3.62533620338334e-05 5.76554339769553e-05 3.7716077279315e-05 3.58100697679387e-05 0.00010548975715241
0.996359553198241 0.999972367608339 1 1 1.83199746567331e-05 1.58863618218152e-05 1.46854641956962e-05 1.49963473141668e-05 2.3157753465175e-05 1.75851162534935e-05 1.51482391752555e-05 2.94331920042135e-05 0.000105081352975156 1.54001835577233e-05 1.48905625128037e-05 1.85115435265004e-05 1.51354207883481e-05 1.48283704685115e-05 2.19032021199217e-05 1.46817946635736e-05 1.46874768778282e-05 1.47434246686728e-05 1.57541849610254e-05 1.47318195412582e-05 2.13986971600022e-05 1.5298852293566e-05 1.80636892584962e-05 1.67890418542038e-05 1.54620798822336e-05 3.06101548344095e-05
5.16561323050668e-05 0.999247531812137 1 1 1.22056318885289e-06 1.20412442298212e-05 1.48607041061677e-06 1.28054547454681e-06 1.67869116662889e-06 5.25462755118777e-06 1.98692088337893e-06 1.4845858137269e-06 5.16430268626689e-06 6.89742878223765e-06 3.07005130573135e-06 1.64058889685625e-05 1.23606193969117e-06 1.59485178508056e-06 1.15985139970132e-06 0.000253421912329133 1.23606743318572e-06 1.28510040509067e-06 1.18190663545015e-06 1.30319910640608e-06 1.39830076206771e-06 1.25877331824675e-06 2.41072208384541e-06 1.16168117136883e-06 1.16070821698511e-06 1.23240153981907e-06
1.79414612788698e-06 0.999956418816631 0.999999999999984 1 9.31860658637262e-08 1.72739280102086e-07 2.0982916959511e-07 1.95228379240575e-07 9.26014281921184e-08 2.45946028210042e-07 9.24070895358398e-08 2.94699560199341e-07 6.29851549915905e-07 6.07151155795904e-07 9.41058849734944e-08 1.25952934970641e-07 2.81851053163251e-07 1.07858218911794e-07 1.0662626870328e-07 9.28359246143984e-08 1.00710529804537e-07 1.05712005149527e-07 1.46197937311854e-07 1.0277967454897e-07 9.57227096476387e-08 1.01361826487789e-07 1.64544030956115e-07 9.24280127989618e-08 1.44978040461652e-07 4.91557853199431e-07
5.62852477636877e-06 0.999848013904953 1 1 1.97608056695664e-07 1.93545144355767e-07 2.94712684478782e-07 1.94817536436354e-07 2.02348932276664e-07 3.80296651503187e-07 9.32410998855104e-07 5.18744392219439e-07 2.0647521292716e-07 3.61351235267371e-07 2.05371528450016e-07 1.88964402791925e-07 2.03892965511265e-07 2.18754483638506e-07 1.51507363899128e-06 4.925017171864e-07 1.91476725808215e-07 7.68359410763253e-07 1.89528634120251e-07 1.89650944171227e-07 3.01117171530585e-07 1.88829474612184e-07 2.03604854753792e-07 2.82853940380967e-07 3.01990390916274e-07 1.99916521004262e-07
0.941863994643923 0.999988639164149 1 1 0.000354998531727269 0.000184638793030434 0.000236505276237642 0.000166014929955605 0.000167888331653487 0.000220763951693792 0.000619518460388324 0.000199987416999781 0.000179872235217093 0.000169849013762824 0.000246737731565361 0.000176051832966206 0.000171650352891461 0.000227997695714355 0.000175127181388346 0.00031577690251483 0.000171205456616641 0.000391993366159582 0.000166280452248646 0.000621628961307796 0.000269751375081784 0.000176577752363016 0.000202027731456056 0.000176528949701438 0.000228192651724912 0.000167096838343483
4.21445597198478e-07 0.999926873634876 0.999999999999996 1 2.97700322504646e-07 2.65403626187322e-07 1.78707373310605e-06 3.11007029796251e-07 3.45629829534566e-07 2.6813009568194e-07 2.66175505858612e-07 3.25958499636236e-07 2.58148645904122e-07 2.57392486657793e-07 2.78871834846761e-07 7.7925443964233e-07 3.60315464686956e-07 6.3991995802315e-07 2.58100179451048e-07 3.33472212177277e-07 4.36691113492316e-07 4.11899058749832e-07 9.83103393470408e-07 2.57489423338697e-07 1.1095574703468e-06 2.65539830013317e-07 3.72525317704486e-07 3.06385494863726e-07 2.57476294396319e-07 2.88566612605123e-07
2.14975084151803e-05 0.999970128620855 1 1 5.80887865586632e-08 2.62554494812051e-08 9.68734953366024e-08 1.53416664927519e-08 2.14133020204343e-08 3.39618230205119e-08 3.56573698345741e-08 2.31089497537695e-08 1.90825431012343e-08 1.91839182317466e-08 5.20435075923587e-07 2.73803573369591e-07 1.61073338000861e-08 1.62905351430709e-08 3.1511344200652e-08 2.06429010551901e-08 2.84841717990147e-08 5.39856642722825e-08 1.7899050908099e-08 1.76152565867227e-08 2.05282788545702e-08 1.57012083334962e-08 1.65212995506536e-08 1.50457459824338e-08 1.63040480893883e-07 1.51117833802061e-08
0 0 0.999999999999999 1 0 0 0 0 0 0 0 0 0 0 0 0 1.11022302462516e-16 0 0 0 0 0 0 0 0 0 0 0 0 0
8.78644735580192e-06 0.997677658421959 1 1 3.95453695278825e-06 3.49523133913454e-06 3.49447579439666e-06 3.9604346419031e-06 1.02275838750332e-05 3.83690926819558e-06 3.4963051853687e-06 4.41083581623758e-05 3.57163479192124e-06 0.000136228810914685 3.86411223773919e-06 3.73715862100887e-06 3.84524682595089e-06 5.31523704849768e-06 5.65205695002291e-06 3.99018489138925e-06 3.67809191348378e-06 5.87807023966214e-06 4.54349670309107e-06 7.01876143804903e-06 4.35766112121261e-05 3.49940647570435e-06 5.24542594781963e-06 3.878773945587e-05 3.52246781987198e-06 4.02795362752784e-06
0.00436432042869506 0.971514898764607 1 1 0.000165896983633118 0.000106267079015732 0.000110588818042157 0.00010967561761166 0.000119378067703568 0.000107019090351823 0.0001471931940219 0.000480380224555099 0.000314115938520598 0.000108651981279184 0.000108313425089213 0.000131810958531542 0.000185152682900758 0.000322219597785001 0.00016384631670463 0.000114400941741311 0.000133978112232147 0.0001252825039052 0.000114814447861322 0.000110568210324846 0.000347538773372458 0.000106322790795477 0.000107155372529033 0.000127787516629341 0.000133600245781018 0.000106837251336311
1.47877321909906e-06 0.999950301736764 0.999999999999714 1 1.27197219645936e-07 6.49810234287784e-07 1.39242617214208e-07 1.67412997020833e-07 1.13875695650911e-07 1.99564005876063e-07 1.13223342590452e-07 1.13470389528914e-07 1.1519500098256e-07 1.41963405808632e-07 7.20290747824315e-07 1.13511486543594e-07 1.25956394314564e-07 4.19115304239881e-07 1.23441421862047e-07 1.13391920297801e-07 1.13517486188819e-07 1.8378474475611e-07 1.14656419913928e-07 1.49090983891931e-07 2.76925380293669e-07 2.66932401848941e-07 6.40388050920926e-07 1.13847649196863e-07 1.14605795076272e-07 1.58314619969069e-07
1.01030295240889e-14 1.43218770176645e-14 0.999999999998425 1 2.1094237467878e-15 8.88178419700125e-16 7.7715611723761e-16 1.22124532708767e-15 9.99200722162641e-16 1.11022302462516e-15 1.2401191185063e-13 7.7715611723761e-16 8.88178419700125e-16 7.7715611723761e-16 7.7715611723761e-16 7.7715611723761e-16 8.88178419700125e-16 8.88178419700125e-16 7.7715611723761e-16 3.10862446895044e-15 8.35997937542743e-14 6.66133814775094e-16 6.66133814775094e-16 1.4432899320127e-15 1.11022302462516e-15 6.66133814775094e-16 8.88178419700125e-16 2.78665979180914e-14 6.66133814775094e-16 1.11022302462516e-15
7.66053886991358e-15 3.80584452841504e-13 0.999999999993549 1 1.70974345792274e-14 7.66053886991358e-15 4.67403893367191e-14 1.0547118733939e-14 7.99360577730113e-15 8.54871728961371e-15 1.11022302462516e-14 1.04360964314765e-14 7.66053886991358e-15 3.25517390820096e-13 8.10462807976364e-15 1.13242748511766e-14 7.66053886991358e-15 7.7715611723761e-15 7.66053886991358e-15 9.54791801177635e-15 7.54951656745106e-15 2.29816166097407e-14 1.54321000422897e-14 1.0547118733939e-14 1.79856129989275e-14 7.99360577730113e-15 7.66053886991358e-15 1.0547118733939e-14 1.68165481539972e-12 1.97619698383278e-14
1.09492173760994e-06 0.999789266791589 1 1 9.76924531381762e-07 8.2173361570792e-07 1.2154714190693e-06 8.75745080008983e-07 3.81408267136063e-06 4.34984283281814e-06 2.21887131157672e-06 9.17099184372105e-07 1.98053445088497e-06 7.66292923892742e-07 7.6604680998571e-07 7.8546785320377e-07 7.6727365028173e-07 1.06867572535752e-06 2.75506864355624e-06 7.71800146681656e-07 7.93884363026187e-07 4.42554432689146e-06 1.10343066217489e-06 7.81844649466734e-07 7.98953319280926e-07 8.52096238013189e-07 1.07739107635396e-06 1.4218191120019e-06 1.21862179558452e-06 7.77901938975312e-07
2.66367816692537e-10 2.28196017637572e-10 0.999999982770419 1 4.3652970127539e-11 3.27065041716423e-11 3.27816662704095e-11 3.64296370847228e-11 1.99167804471045e-09 4.4641501606435e-10 9.61083435058185e-11 4.72408778762201e-11 6.14662765130447e-11 4.6731729597127e-11 4.24272839083528e-11 6.41440234261381e-11 3.28019833517601e-11 7.93154431022458e-11 4.59688953569071e-11 4.58102444866881e-11 4.66304772572812e-11 3.27511351372323e-11 3.4034552953699e-11 3.34214877995009e-11 6.29655216854985e-11 3.87562204551273e-11 3.91281451683767e-11 6.11128925243065e-11 3.44068107338558e-11 4.08553191277861e-11
0.00414125315089453 0.909258784848188 1 1 0.000443292245666194 0.000324038673792715 0.000513864643971185 0.000347415765499903 0.000362157136776786 0.000335205750399026 0.000330270764158036 0.000360282028061154 0.000335630634650252 0.00313636139495077 0.000482697834865209 0.000619861187833859 0.000364796890035546 0.000452628358842411 0.000387930702865913 0.000362552520547843 0.000336668028105058 0.000781468586552592 0.000611572535026195 0.00056440460015994 0.00235089765257435 0.000346463295889721 0.000465823428039247 0.000797190971583706 0.00215375638013771 0.000340657066038474
0.188276867353687 0.999999251527357 1 1 0.174992500959857 0.179569261338544 0.183741536004832 0.175698589168679 0.177064764222451 0.178493742257312 0.176372887775719 0.175312165033663 0.183394096912758 0.175608492119304 0.174923093219793 0.176402414278438 0.21256356661063 0.17515226178782 0.184816930091136 0.175157974614624 0.178735157857094 0.175905564184648 0.174931818887749 0.183531976886675 0.187167019005477 0.17814201031019 0.205914526296115 0.180473166661787 0.181459322674501 0.17501558239357
2.94220257202049e-06 0.999506198521058 0.999999999982633 1 1.22720476325444e-06 3.12079759001715e-06 1.15635538644465e-06 1.18200086951514e-06 1.14045002486129e-06 0.000156310641571955 2.10685375146014e-06 1.41878569015486e-06 1.72200938697298e-06 1.18578347585441e-06 1.39076884142497e-06 1.14749857804686e-06 1.21973490907479e-06 5.82865385534426e-06 1.15898093633326e-06 1.14180068244707e-06 1.33687146242067e-06 2.11476785039189e-06 7.69806092593139e-06 1.15607245065874e-06 1.8023242081e-06 2.69687923792894e-06 1.14971781728368e-06 1.14106056459118e-06 1.1729561447682e-06 1.68035548020473e-06
0.00011956318485673 0.999338988038794 0.999999999999999 1 2.47156623645051e-06 9.26284800928379e-06 2.57809152370836e-06 2.17142896885569e-06 4.92143265451439e-06 2.17940221836077e-06 2.61974890980454e-06 2.23131843535285e-06 2.25537133735632e-06 2.10339167672213e-06 2.15687704196998e-06 5.61088763351147e-06 2.0540265832647e-06 2.49943689090149e-06 2.05549958565143e-06 2.12940017885188e-06 2.21250771426096e-06 2.15966150962643e-06 7.11219296567478e-06 2.0623395390329e-06 2.33935332433211e-05 2.07235802462957e-06 2.30527430955529e-06 3.33275780062259e-06 3.63846475837093e-06 2.36255601682167e-06
1.70372646803862e-05 0.999545687255757 0.999999999999998 1 1.29221133626789e-06 1.27890093748473e-06 1.69779030123607e-06 4.2407081056739e-06 1.73290153360206e-06 1.25111596249727e-06 8.63877796819512e-06 1.65599107887493e-05 1.50675410803824e-06 1.5078247852518e-06 2.29504788540336e-06 1.23090702008888e-06 1.89794843263869e-06 4.53803893296634e-06 1.27937235786524e-05 2.88294963257663e-06 1.28416963141031e-06 3.55911364863237e-05 1.37647786391248e-06 1.44751798392129e-06 1.3875214777137e-06 1.84106486544877e-06 1.25003756523689e-06 1.21913941797391e-06 5.50633805651568e-06 1.2153099258061e-06
0 0 1 1 0 0 0 0 0 0 0 0 0 0 0 0 0 0 0 0 0 0 0 0 0 0 0 0 0 0
1.08158063949482e-07 0.999982216111154 0.999995094325257 1 3.21337720876613e-08 1.65516439853963e-06 2.76055160952637e-08 2.9777723287161e-08 3.16254997745347e-08 3.41127333047808e-08 6.88787892277887e-08 3.69178202452858e-08 2.97876560084731e-08 2.90334406516379e-08 1.07258618387007e-06 2.83165392245266e-08 3.18825176259807e-08 1.11664011970269e-06 3.71870187976242e-08 2.93763261494107e-08 5.81882295680458e-08 5.6328169006914e-07 3.49436415358895e-08 2.78575826850869e-08 4.58218833987445e-08 3.11982814027445e-08 8.04105413365619e-08 6.13851207642568e-08 3.16109750597704e-08 4.92207606006545e-07
4.44089209850063e-16 3.33066907387547e-16 0.999999999999768 1 1.11022302462516e-16 7.66053886991358e-15 2.22044604925031e-16 1.11022302462516e-16 4.44089209850063e-16 1.11022302462516e-16 1.11022302462516e-16 1.11022302462516e-16 1.11022302462516e-16 1.11022302462516e-16 1.11022302462516e-16 1.11022302462516e-16 1.11022302462516e-16 1.11022302462516e-16 1.11022302462516e-16 1.11022302462516e-16 1.11022302462516e-16 5.55111512312578e-16 1.11022302462516e-16 1.11022302462516e-16 1.11022302462516e-16 1.11022302462516e-16 1.11022302462516e-16 1.11022302462516e-16 1.11022302462516e-16 3.33066907387547e-16
0.000235781710363314 0.965959338625763 1 1 0.000312034970295194 0.000141598998065096 0.000161292082874187 0.00023939041728005 0.000301273411486336 0.000154147054720388 0.000167134779455846 0.000271510863096402 0.000160501009817793 0.000185913083939226 0.000259380555615141 0.000164990354451167 0.000153919685491277 0.000142607599482925 0.000144090438948141 0.000155227320877693 0.000189878061815918 0.000343585116791223 0.000142354904959952 0.00014166999429488 0.000166809603788343 0.00273740386264987 0.000769324457453369 0.00015220423038198 0.000178650809112058 0.000182554402878399
8.91453073825765e-05 0.996110077728327 0.999999999999842 1 5.31165132767741e-05 1.78618439617972e-05 1.87413156454985e-05 1.85142392086224e-05 1.84901364130852e-05 2.94227604351605e-05 5.42062774202545e-05 2.83725321856831e-05 2.19876440010758e-05 2.05713861063384e-05 2.08086522063278e-05 1.77814421790101e-05 1.78890343679461e-05 1.83322680060716e-05 2.9018472619935e-05 0.000114631304676482 3.03321013226387e-05 3.04778223132463e-05 2.2224523815173e-05 2.0833104330209e-05 1.78806370284557e-05 1.89969488835207e-05 3.39165073305336e-05 2.30768750735244e-05 2.05204733829678e-05 3.31182996187174e-05
0.000195333806029208 0.979958797852345 1 1 0.000101365097502915 9.4102332834467e-05 0.000136100309297116 0.000123571903029696 9.7803006899766e-05 0.000102194339192785 9.58845358494109e-05 9.62772147244939e-05 9.44846675203781e-05 9.38401563622682e-05 9.63554570028169e-05 0.000161122012124926 0.000148882026846486 9.39499028526081e-05 0.0002217098497308 9.60554377485989e-05 9.47822551836675e-05 0.000129603381151089 9.44930177683156e-05 0.000152376815258259 0.000130495348860338 0.000101244829577629 0.00011664858970295 0.00010183693666288 9.74760336345248e-05 0.000223767367400707
0.00112185398569342 0.98938827866147 1 1 4.0122923596897e-05 3.83586917533929e-05 5.22389910603271e-05 0.000934315625111259 3.95185527237718e-05 0.000103634183608037 8.11427123249553e-05 3.69954779376735e-05 9.15729385796427e-05 0.000195007206659548 0.000130214268813433 3.91099860492794e-05 3.71609984679555e-05 3.73682452854407e-05 3.70307995151142e-05 5.15163091037163e-05 5.03947253313042e-05 9.94569914999355e-05 4.13991736728514e-05 0.000105639430845517 4.32188756025464e-05 4.23209947746361e-05 3.78478887366196e-05 3.76004867334023e-05 4.52455753457981e-05 6.60489005538389e-05
3.63042929052426e-14 3.08275627247667e-12 0.999999999985434 1 1.47659662275146e-14 1.59872115546023e-14 2.58681964737661e-14 1.7430501486615e-14 1.34336985979644e-14 1.63202784619898e-14 2.06501482580279e-14 1.60982338570648e-14 1.34336985979644e-14 1.4210854715202e-14 1.38777878078145e-14 1.40998324127395e-14 1.33226762955019e-14 2.89768209427166e-14 4.15223411209809e-14 1.7430501486615e-14 1.33226762955019e-14 6.57252030578093e-14 1.48769885299771e-14 3.80806497446429e-14 1.20570220474292e-13 1.62092561595273e-14 3.30846461338297e-14 1.38777878078145e-14 3.45279360658424e-14 1.67643676718399e-14
5.01656465323741e-06 0.999687322362901 1 1 1.93028186555866e-05 1.1042633082381e-06 1.52547250331647e-06 1.11893325194234e-06 1.32223564264233e-06 1.12735914759021e-06 1.27545674699636e-06 1.13103969368034e-06 1.11490112542079e-06 1.22931381041358e-06 1.20932224634274e-06 1.620390986945e-06 1.10506648465236e-06 1.00829770522948e-05 1.43990386458626e-06 2.8824429243457e-06 1.12842358634957e-06 1.20801585778985e-06 1.48713901260145e-06 1.12741393287763e-06 7.297961515218e-06 2.60984283739774e-06 1.11808078029352e-06 5.18152275075234e-06 1.85740061564577e-06 1.14611248192009e-06
0 1.7430501486615e-14 0.99999999999919 1 0 0 0 0 0 0 0 0 0 0 0 0 0 0 0 0 0 0 0 0 0 0 0 9.99200722162641e-16 0 0
5.89487013380463e-06 1.32771587150193e-05 0.999184499078333 0.999999999999999 4.55950136502015e-06 6.20817349961111e-06 5.73626845312702e-06 4.79885461068807e-06 4.82105612575889e-06 4.36645533341551e-06 3.97094920945307e-06 3.97223308079564e-06 4.16465492603102e-06 4.22747727824024e-06 4.01320615772693e-06 4.77805664822473e-06 3.974859883904e-06 3.97285961373228e-06 3.99627924596579e-06 1.70474552327882e-05 4.66059765991123e-06 4.09299758596937e-06 4.04303758994029e-06 4.18388621403754e-06 5.09077628252363e-06 5.81185533610196e-06 4.26995212221559e-06 3.97155878439914e-06 3.9783894367762e-06 5.48957079749002e-06
1.08171979151805e-08 0.999998932876007 0.999999999999998 1 2.37661113011711e-09 3.01892577603269e-09 3.3383710240642e-09 4.00095956365476e-09 9.42907563139528e-09 2.34230757012455e-09 2.33882524458551e-09 3.57553486818318e-09 4.63896913105444e-08 2.79628031840673e-09 2.52815068879642e-09 2.89609991543927e-09 2.39332409446291e-09 2.85444679004598e-09 1.46956248281427e-08 2.44113795844214e-09 3.22390980578291e-09 2.39402153656698e-09 2.63630317576258e-09 4.96023078166985e-09 2.54557641632402e-09 2.45042397484241e-09 4.62118132649181e-09 4.79217288074096e-09 8.37768243666659e-09 4.13159184642353e-09
1.86569539523118e-05 0.999927204351582 1 1 1.63999733382436e-06 1.15040500903163e-07 1.22157632453934e-07 2.59528254109576e-07 2.88526405989309e-07 1.26495988461706e-07 5.69496608315845e-07 8.1582032551708e-07 2.37275710635032e-07 3.18269463339682e-07 1.14164598663535e-07 1.13907033139071e-07 1.29028354889371e-07 1.95621952081559e-07 2.3044820129936e-07 1.14708826326471e-07 1.56646180804465e-07 1.90207619765737e-07 1.21321350632364e-07 1.16043336495508e-07 1.81943841326415e-07 1.42564690053248e-07 3.45837824600181e-07 1.69183629106229e-07 2.8238093008337e-07 2.49231501658898e-07
0.00156720652746822 0.937613928757631 0.999999988773529 1 0.000347190359769489 0.000349914437767107 0.000601325449156698 0.00052761472303342 0.000335533225362838 0.000375608609932687 0.000410613960369677 0.000654979571116376 0.000332759264887739 0.000342921852284017 0.000438859991565455 0.00038031117118642 0.000355002434066498 0.00117269455715863 0.000389779933467116 0.000333195218737647 0.000376672782267051 0.000350033536566929 0.000496447567798319 0.000479650143556998 0.000335931730571337 0.00034853699010573 0.000357494951484627 0.000344364058690649 0.00057622307560945 0.000357228772802087
0.000143790588612247 0.995137334881138 1 1 2.44656266391585e-05 2.43975881454306e-05 2.89315714357974e-05 2.76375735448475e-05 2.44444527907062e-05 5.49809892143038e-05 2.93177607496586e-05 2.45306913536636e-05 2.45056144662081e-05 2.98128146596355e-05 2.63489987311072e-05 3.22372952249461e-05 3.7720491954607e-05 2.615770690928e-05 2.58577165164198e-05 2.61349742807226e-05 3.15804155832655e-05 2.56823508366644e-05 2.91012484845421e-05 2.45454444249837e-05 9.83221476900109e-05 2.71460805576496e-05 4.60374428337129e-05 2.560131106355e-05 2.47564251779631e-05 2.44614194329085e-05
0 0 1 0.999999999999999 0 0 0 0 0 0 0 0 0 0 0 0 0 0 0 0 0 0 0 0 0 0 0 0 0 0
2.97924796976989e-06 0.999754224324526 0.999999999998803 1 1.30648417251411e-06 1.22493233489784e-06 1.39056603176702e-06 1.614517694426e-06 1.33658796108715e-06 1.18619596367608e-06 1.36109077963908e-06 2.44901649515405e-06 2.80803857288792e-06 1.19728205971725e-06 1.19284678279374e-06 3.19918660385277e-06 8.11703745207115e-06 1.86092031251306e-06 1.67929647254539e-06 1.1983537773208e-06 1.18212740007895e-06 1.23718011280083e-06 1.18416612315819e-06 1.64640506761238e-06 1.35872240247803e-06 1.22881864206281e-06 1.49605054822199e-06 1.19588788549674e-06 2.72622475105955e-06 1.84682777726319e-06
0.000315960563749274 0.977198419764448 1 1 0.000105005324952501 0.000120101294036501 0.000130441035039564 9.12236302960112e-05 9.94276351209411e-05 0.000144863989184008 9.80549167521882e-05 8.96755892738632e-05 0.000115148464371551 9.72866628943247e-05 0.000419538858787538 0.000159557823647405 0.000115471974829862 0.000200923986831691 9.45495250868067e-05 0.000101135468055569 9.0532565267587e-05 0.000132846486764149 0.000151459976139079 8.9701630357597e-05 9.69601735176795e-05 9.0330223954993e-05 0.000119642541904774 8.96277513033894e-05 0.000524519075038143 0.000179104752092929
0.00135342577619502 0.980316663560403 0.999999983198634 1 7.20713364985581e-05 7.19751500954935e-05 7.64414236121835e-05 7.55592518602022e-05 0.000102104663952662 7.10793309032232e-05 0.000166909781344038 7.85302809379607e-05 7.48594096474653e-05 0.000307543422366052 8.43026093817478e-05 7.15336142873557e-05 0.000100413511051722 7.81639962004199e-05 7.11500804486676e-05 7.29083592321267e-05 0.000384064499110659 7.23260601663833e-05 7.63738136819736e-05 0.000101851503672923 8.16222570932945e-05 0.000149983735880266 0.000103978652629788 0.00119900726860511 6.98289608851432e-05 0.000298423966187289
1.60913504743121e-11 5.41375656526455e-08 0.999999860873318 1 1.51886281329894e-11 2.4953372701475e-12 3.66918717631393e-11 1.51301193795916e-12 3.61954910488294e-12 1.35436106774023e-12 2.21322959959025e-12 1.6574519534629e-12 3.22863957791242e-12 4.58177940032556e-12 1.74804615227231e-12 5.36837241327248e-12 1.41953115928573e-12 5.01154673315796e-12 1.45383705074664e-12 4.55269155708038e-12 1.45827794284514e-12 2.03637107176746e-12 1.95400362557052e-11 1.3399281684201e-12 1.36168853970275e-12 2.89948065557155e-11 1.87383442096234e-12 2.07478478841949e-12 2.35433894602011e-12 1.42352796217438e-12
1.01105909500188e-06 0.999648816524196 1 1 1.30825174637916e-06 9.08921683695496e-07 1.96944441843705e-06 1.74419873633092e-06 1.35221135089125e-06 4.19895966430328e-06 7.0309698541049e-07 7.88041083943369e-07 2.50065143925227e-06 7.02098468696732e-07 2.15992352026184e-06 8.27905479172664e-07 7.27071355122177e-07 1.13988772332263e-06 3.30266979842175e-06 7.25679297763904e-07 1.11120863222069e-06 7.08107109614886e-07 1.12912362504325e-06 1.94467433645151e-06 7.69333125205662e-07 7.36785489729996e-07 7.13412241282185e-07 7.03016135972234e-07 7.28139519567961e-07 3.37398756666829e-06
5.73889458399535e-07 0.999916788929927 0.999999999999965 1 4.30889043001592e-07 3.91746150851802e-07 4.05432866501521e-07 4.30091178116321e-07 3.8688707126866e-07 1.21017553944558e-06 3.90498129609895e-07 1.04177070292533e-06 7.093809225589e-07 5.21228948446861e-07 6.20565302700271e-07 4.67714623364479e-07 5.81227781903948e-07 4.80264388258433e-07 4.23613780053955e-07 6.50827030157508e-07 4.23502938606823e-07 3.98433053216962e-07 3.91328408788638e-07 1.85312749312327e-06 3.86446830091813e-07 7.11225973004659e-07 6.81937195268212e-07 4.40466998652411e-07 3.88377478066637e-07 4.06185100221279e-07
8.38910415529304e-05 0.999516677405712 0.999999999999686 1 9.06052128879509e-07 1.09330007447284e-06 1.0830437044973e-06 9.95756142097015e-07 9.62907551582681e-07 9.35626087272823e-07 9.84075754106861e-07 3.06599309018996e-06 9.2263322126751e-07 1.05157930030408e-06 2.21099197150743e-06 9.21597691827536e-07 7.68935094164203e-06 3.27264939170568e-06 1.27388600101863e-06 2.18169869636853e-06 1.14547344853833e-06 1.14659831351727e-06 3.24382298921844e-06 8.28159870613909e-06 1.06127207843976e-06 1.52070341175037e-06 9.53330054787038e-07 1.09488641220068e-06 1.13176737226439e-06 9.07160037422194e-07
1.30309651957816e-10 8.66305116531407e-09 0.999999965303695 0.999999999999962 3.06474845501725e-10 7.46942507845461e-11 5.23259213736083e-11 5.39560618406654e-11 8.50725045964396e-11 1.06891606677095e-10 5.21440668421747e-11 5.70793412535409e-11 5.67675906282261e-11 7.21406268056057e-11 7.12980785522177e-11 5.86667381341499e-11 5.20934406722517e-11 1.537012184194e-09 5.71231950630136e-11 5.23309173772191e-11 7.36550820334969e-11 6.13056272413814e-11 5.30890886807356e-11 8.21546164431197e-11 6.27591312252207e-11 7.13783476768981e-11 6.2014837709512e-11 5.36181099519695e-11 2.0954971091669e-10 5.21023224564487e-11
0.198489646959497 0.584550581608166 0.999997621804503 1 0.000768453684545811 0.00157568181396806 0.000867488706513764 0.00068039514739926 0.000628648107763308 0.00212625217541251 0.000851701599695498 0.000626144339969104 0.000734368148289311 0.00277591909751818 0.000634598563380995 0.000627296996265292 0.000643024114399315 0.000673849587078612 0.000631886378903768 0.000628371477760958 0.00193610628317264 0.000702802735484176 0.00494980587468519 0.000781876009918747 0.000663556115861219 0.000683372686591022 0.000828342735096466 0.000665171821343069 0.000627777282161013 0.00189048681288695
7.01973522643229e-08 0.999980962569654 1 1 9.9469399383878e-08 7.1638679655095e-08 1.14949804341791e-07 1.23709655519555e-07 9.94099688123029e-08 8.50601731272604e-08 1.26416353829484e-07 2.79139932612971e-07 1.1213942607835e-07 1.06766958607452e-07 6.79882768972462e-08 1.11869114971519e-07 6.56215450867137e-08 6.23075922745464e-07 9.72369809115747e-08 6.57780755419779e-08 9.94522652009167e-08 1.78924311144968e-07 8.30956163877516e-08 9.34242888606107e-08 3.02659175721587e-07 4.73681322499253e-07 2.14707565948657e-07 1.56989446220557e-07 7.9964533550303e-08 8.37666673803028e-08
0.945392211970019 0.808328095709164 1 1 0.000695952468872107 0.000439779998402612 0.00615758625925644 0.000460846293440786 0.000451138510440097 0.000786638992770761 0.0005194690123701 0.000564637327993389 0.000452005138090739 0.000619487861379664 0.00105367331129069 0.0434803311400638 0.000488433237340269 0.00202643163418059 0.000568362936153588 0.00179204852574677 0.000441942999256484 0.00356028203627312 0.000438025509363893 0.000615097606894599 0.000443353611211839 0.000872893933487551 0.000454519657123509 0.000443000422371442 0.000587989129324118 0.000439168164536485
0.238905494720776 0.999999296595774 1 1 0.0025467679725979 0.00303326543652227 0.00286596801850381 0.00972596150317095 0.00333660208038367 0.00342164877616125 0.00255298189222553 0.00371570363953599 0.00272806994145258 0.00687898849915858 0.00689463000422963 0.00381705477790106 0.00493288552780113 0.00288545283473562 0.00363404415116675 0.00309165623727425 0.00255565197529872 0.00257184173569069 0.0047624726020643 0.00357262276053383 0.00394744334281172 0.00259610425743928 0.00444484382347776 0.00326972855994678 0.00340272932328756 0.00268527639977756
4.3484930833948e-07 0.99999938203268 1 1 4.48453385537562e-10 9.09171404828157e-10 4.66721217229349e-10 4.40727676576103e-10 4.11889522489162e-10 6.99240665369416e-10 9.32590671354205e-10 7.63793472913221e-10 5.77072389873479e-10 9.04129437984125e-10 4.46254477814989e-10 7.59782459169855e-10 4.26719881652105e-10 4.41683467578002e-10 5.26699239777884e-10 4.16638501476996e-10 4.74758676816123e-10 4.86709805791463e-09 7.37852667853645e-10 5.20081200328093e-10 4.60264593105109e-09 5.07737851762613e-10 5.05119834848244e-10 3.13303505361517e-09 4.70317784717622e-10 1.40729494724212e-09
4.79997480651306e-08 4.30787107075226e-06 0.999993312233958 1 2.39919856204196e-08 1.39468049331626e-08 9.13548692249577e-08 8.57206394755394e-09 8.61068460977776e-09 1.17667054988502e-08 5.14703619725054e-08 1.58638276959167e-08 1.73311324180858e-08 9.84077042076592e-09 9.21500475925541e-09 2.07022418097225e-08 9.38040445319643e-09 8.8157910971276e-09 8.82168094129554e-09 1.26595831595466e-08 1.22990528872435e-08 1.52057489932744e-08 8.77698613788169e-09 1.45230872883317e-08 1.3581621605141e-08 1.0743735900931e-08 9.51734002718752e-09 8.85206108414138e-09 8.71058303264505e-09 9.64212154563882e-09
0.000897813286388605 0.952494508439635 1 1 0.000231708152821364 0.000314739326938707 0.000222742461021497 0.00021734025595066 0.000242205904583459 0.000315385432378412 0.000319753152553504 0.000245224727754234 0.000284758897211912 0.000281840325392801 0.000296925810148951 0.00034336496401699 0.00033391353951806 0.000218800109160311 0.00026854697017753 0.000655859444862461 0.000247369382957441 0.00025042982511736 0.000282345657321437 0.000234152448942648 0.000232697741460619 0.000309075574394191 0.000232047442585204 0.000486782784393736 0.000493773182978718 0.000745686094805853
6.67081877192555e-06 0.999723275447969 1 1 8.62894344089149e-07 9.39385560116968e-07 1.04366591036076e-06 4.12321100939916e-06 9.91909306358174e-07 1.450782105894e-06 8.72630842696509e-07 9.16027666719721e-07 9.40376965852252e-07 1.23937307539013e-06 1.02226960474461e-06 1.21065992686464e-06 8.63342023316171e-07 9.40771892055103e-07 1.07195546150685e-06 9.65445656642139e-07 2.60336767277103e-06 1.22434325811049e-06 3.35131881734618e-06 1.05289769314343e-06 7.25111090182917e-06 8.95376074838694e-07 1.80699814322782e-06 1.01425695475665e-06 9.09566095219638e-07 1.00194572427714e-06
6.69994930124762e-06 1.96354451041936e-05 0.99966580128543 0.999999999999971 1.35385262556298e-06 1.22080237985323e-06 4.39739126822936e-06 1.16652251680449e-06 1.24167777926232e-06 1.43159945820148e-06 1.41796583352782e-06 1.29686255856409e-06 1.14342285928437e-06 6.36944819876195e-06 1.17016442846563e-06 1.1520983864699e-06 1.14515432303453e-06 1.14381233118355e-06 1.16956792461931e-06 1.14326816424981e-06 1.19860904645996e-06 1.38809270033846e-06 2.2087800191084e-06 1.2158241522453e-06 1.28932457033049e-06 1.14583672095048e-06 2.75995203968815e-06 1.17547675237972e-06 1.73795834212953e-06 1.24309388194188e-06
0.000975863234760954 0.985418741972997 0.999999999999766 1 7.169604067081e-05 5.78332496216083e-05 5.49346286606855e-05 0.000110437723596424 0.000360190094484958 0.000119210368758504 0.000183287222083384 6.82735820523028e-05 5.24381757573966e-05 6.6026663345764e-05 6.70227767698428e-05 5.18308508586918e-05 0.000248463182642933 5.92363450350186e-05 5.2136938510472e-05 4.93106898288298e-05 8.90076801299822e-05 5.03478702890137e-05 6.27239052737316e-05 8.73535939081016e-05 0.000120957349161177 5.36417722237781e-05 5.05140724450515e-05 0.000129905604272729 4.96782144542296e-05 4.97748764689554e-05
0.296896263165772 0.0787102720436378 1 1 0.00403188964506129 0.00342067911830901 0.00277364612945019 0.00395326928551964 0.00262131237986385 0.0029191947814784 0.00262245520250848 0.00415442099569796 0.00277333182297668 0.00267795420434136 0.00276949586572883 0.00263275765636117 0.00298987976904819 0.00474830006704929 0.00265380973200002 0.00267263645742111 0.00332265329900905 0.00262868182741516 0.00265708666657904 0.0415854490536079 0.00262329787342086 0.0042685306753083 0.00295538442198817 0.00262730521272814 0.00320468239924754 0.00270434646504736
3.72228309331035e-06 0.999932140195846 0.999999999881285 1 4.83071004420133e-07 2.31998875888095e-07 5.01087125681643e-07 2.78347858539973e-07 2.27913896866383e-07 2.90786784651331e-07 2.39293240333893e-07 2.27664288421359e-07 5.1678764356744e-07 2.3801084492181e-07 2.76866202630899e-07 4.00454097360115e-06 2.4882043292429e-07 3.43133568225795e-07 2.91413246755745e-07 2.55678460292508e-07 2.31745806100747e-07 1.07092891576954e-06 4.68485672588947e-07 3.74331464603195e-07 2.36996401614675e-07 2.54304779789827e-07 2.71830957743191e-07 3.60856760028838e-07 3.86655058970398e-07 2.57993543195667e-07
3.69491988042592e-05 0.99954600613795 1 1 1.68749746831676e-06 2.97096462276158e-06 1.67087977276381e-06 1.5777340155454e-06 9.22216298460121e-06 3.0574587248644e-06 1.57326615768394e-06 1.59942141697567e-06 3.90927251781026e-06 1.61623402195055e-06 3.85782490597286e-06 1.56641619997178e-06 1.57031392877816e-06 1.39443711104636e-05 1.89680274242932e-06 1.76383769312505e-06 3.29129701226449e-06 2.25615119306966e-05 1.60707873231303e-06 4.22874508221316e-06 1.58670002625705e-06 1.83320298619005e-06 1.56689760477668e-06 1.97119958866843e-06 1.99682641377485e-06 1.57122288724221e-06
0.00176115890081452 0.995689001888444 1 1 1.06346331878449e-05 1.00002617068329e-05 1.15428251376004e-05 9.53135601844401e-06 1.15266463222019e-05 1.52597096998441e-05 8.81778063921423e-06 1.05369045086956e-05 8.91552283144303e-06 8.85279201978673e-06 1.53481728125682e-05 1.15845136585691e-05 1.09439973461356e-05 1.79775447356478e-05 1.09689797775925e-05 1.20947633670543e-05 9.00223223765373e-06 2.21869274633635e-05 1.01522314496227e-05 1.01067945786903e-05 1.02325596856856e-05 1.21466907007095e-05 1.60705918620385e-05 9.15002058965442e-06 8.88594292780542e-06 1.0091502764431e-05
5.96669739616473e-07 0.999911912143535 1 1 4.58980957684929e-08 7.30197404763544e-08 5.22733035746015e-08 4.82803597101622e-08 4.52654722593593e-08 2.1697656904518e-07 4.87821015804357e-08 4.46004583265491e-08 4.72617743829673e-08 4.30163336062606e-08 5.70787814790918e-08 4.35634458950673e-07 4.35448130886584e-08 4.59050205625644e-08 4.60655278367028e-08 6.90015402593502e-08 4.62175798743303e-08 5.89976149045768e-08 8.42293398028993e-07 5.380293655044e-08 2.33185935449853e-07 5.80462689026007e-08 1.00020525972688e-07 7.55953626363493e-08 6.17059757623828e-07 4.42932009958596e-08
0.000198864419577616 0.988383553699412 0.999999998815224 1 5.26293957110457e-05 5.36372335573354e-05 4.92004707752791e-05 7.10037954539944e-05 6.43793798396075e-05 5.31094245300734e-05 7.87363351211212e-05 4.85416467512767e-05 6.6387826454406e-05 5.00013235837926e-05 0.000234768044571565 6.18791137827479e-05 6.82098694768651e-05 7.73216306003688e-05 4.63874176255263e-05 5.26915523743066e-05 4.68194073793837e-05 4.89489879257343e-05 0.000110215207679176 0.000137770406875903 4.82882077347258e-05 4.66556124905093e-05 0.000380748115791141 5.04560310877755e-05 0.000106322896326394 4.62941120434879e-05
0 5.55111512312578e-16 0.999999999999991 1 0 0 0 0 0 0 0 0 0 1.11022302462516e-16 0 0 0 0 0 0 0 0 0 0 0 0 0 0 0 0
