[1] "Average Estimates for Betas: "
 [1]  4.691028e-02  9.990359e-02  2.021096e-01  3.019925e-01 -2.797905e-05
 [6]  1.398445e-03  1.548724e-04 -8.415131e-04 -1.912302e-03 -1.487956e-03
[11]  2.355768e-04 -1.609610e-03  1.917828e-03  2.479711e-04  1.732852e-03
[16]  1.046386e-02 -3.281980e-04  1.460427e-03 -2.587495e-03 -8.836245e-04
[21]  1.540908e-03  1.102027e-03  1.565838e-03  2.001078e-03 -2.202528e-03
[26] -3.299802e-03 -4.197940e-03  6.953500e-03  1.844082e-03 -1.972437e-03
[1] "Standard Deviations of Betas: "
 [1] 0.02493083 0.01923241 0.02570545 0.02416975 0.02273346 0.01993340
 [7] 0.02264760 0.02699444 0.03092567 0.02971818 0.01867801 0.01985513
[13] 0.02187639 0.04244160 0.02136962 0.05379617 0.02400990 0.02272149
[19] 0.02851121 0.01961073 0.02775305 0.02023976 0.02957963 0.02132696
[25] 0.02550964 0.04010108 0.01949537 0.03395197 0.02149419 0.04160689
[1] "Average StdErrors for Betas: "
 [1] 0.03065374 0.02917668 0.03146927 0.03026425 0.02909241 0.02687392
 [7] 0.02901489 0.02810471 0.03229042 0.03500873 0.02670522 0.02787606
[13] 0.02766599 0.03373356 0.02795797 0.03319731 0.03043664 0.02809902
[19] 0.03332570 0.02703675 0.03049488 0.03173703 0.02875615 0.02838725
[25] 0.03012064 0.03031206 0.02712844 0.03198278 0.02926774 0.03282756
[1] "Positive rate for exposures: "
 [1] 0.387096774 0.941935484 0.974193548 0.980645161 0.006451613 0.006451613
 [7] 0.025806452 0.025806452 0.006451613 0.006451613 0.000000000 0.012903226
[13] 0.025806452 0.006451613 0.019354839 0.012903226 0.006451613 0.032258065
[19] 0.012903226 0.012903226 0.012903226 0.006451613 0.000000000 0.000000000
[25] 0.012903226 0.012903226 0.006451613 0.012903226 0.006451613 0.006451613
[1] "Bonferroni-corrected positive rate for exposures: "
 [1] 0.06451613 0.70967742 0.97419355 0.98064516 0.00000000 0.00000000
 [7] 0.00000000 0.00000000 0.00000000 0.00000000 0.00000000 0.00000000
[13] 0.00000000 0.00000000 0.00000000 0.00000000 0.00000000 0.00000000
[19] 0.00000000 0.00000000 0.00000000 0.00000000 0.00000000 0.00000000
[25] 0.00000000 0.00000000 0.00000000 0.00000000 0.00000000 0.00000000
