[1] "Average PIPs: "
 [1] 0.040156024 0.689538839 0.999639923 1.000000000 0.003489984 0.003645464
 [7] 0.003731390 0.003554474 0.003495741 0.003564672 0.003548981 0.003548590
[13] 0.004108567 0.003840031 0.003732977 0.003807642 0.003774926 0.003540051
[19] 0.003640246 0.003529220 0.003666970 0.003596183 0.003572378 0.003780541
[25] 0.003923028 0.003566676 0.003812536 0.003533642 0.003710698 0.003646781
[1] "Percent of time PIP >= 0.1: "
 [1] 0.07741935 0.70967742 1.00000000 1.00000000 0.01935484 0.01935484
 [7] 0.01935484 0.01935484 0.01935484 0.01935484 0.01935484 0.01935484
[13] 0.01935484 0.01935484 0.01935484 0.01935484 0.01935484 0.01935484
[19] 0.01935484 0.01935484 0.01935484 0.01935484 0.01935484 0.01935484
[25] 0.01935484 0.01935484 0.01935484 0.01935484 0.01935484 0.01935484
[1] "Percent of time PIP >= 0.5: "
 [1] 0.03225806 0.70322581 1.00000000 1.00000000 0.00000000 0.00000000
 [7] 0.00000000 0.00000000 0.00000000 0.00000000 0.00000000 0.00000000
[13] 0.00000000 0.00000000 0.00000000 0.00000000 0.00000000 0.00000000
[19] 0.00000000 0.00000000 0.00000000 0.00000000 0.00000000 0.00000000
[25] 0.00000000 0.00000000 0.00000000 0.00000000 0.00000000 0.00000000
[1] "Percent of time PIP >= 0.9: "
 [1] 0.02580645 0.67096774 1.00000000 1.00000000 0.00000000 0.00000000
 [7] 0.00000000 0.00000000 0.00000000 0.00000000 0.00000000 0.00000000
[13] 0.00000000 0.00000000 0.00000000 0.00000000 0.00000000 0.00000000
[19] 0.00000000 0.00000000 0.00000000 0.00000000 0.00000000 0.00000000
[25] 0.00000000 0.00000000 0.00000000 0.00000000 0.00000000 0.00000000
