[1] "Average Estimates for Betas: "
 [1]  4.630235e-02  9.929145e-02  2.002139e-01  3.016278e-01 -6.572722e-04
 [6]  1.366125e-03  7.949141e-04  1.136014e-03 -1.227040e-03 -1.695785e-03
[11] -4.246547e-04 -1.686343e-03  2.771958e-03 -5.198709e-04  1.530128e-03
[16]  1.983629e-03 -2.165194e-03  2.113480e-03  2.968824e-05 -1.265090e-03
[21] -4.928813e-04  2.074461e-03 -4.848507e-04  3.241827e-03 -1.044895e-03
[26] -3.503626e-03 -4.075147e-03  3.388554e-03  1.415452e-03 -1.713889e-03
[1] "Standard Deviations of Betas: "
 [1] 0.01777218 0.01824689 0.01943837 0.02080345 0.01913586 0.02008021
 [7] 0.02123024 0.01971198 0.01853970 0.02043533 0.01798061 0.01880688
[13] 0.01962071 0.01958240 0.02081080 0.01891928 0.01732162 0.01931673
[19] 0.01777742 0.01933721 0.01776187 0.01879695 0.01798068 0.01887810
[25] 0.01927253 0.02017804 0.01923932 0.01999913 0.01966787 0.01929095
[1] "Average StdErrors for Betas: "
 [1] 0.02612557 0.02614752 0.02638882 0.02617994 0.02642882 0.02659459
 [7] 0.02617147 0.02627506 0.02623987 0.02639455 0.02625301 0.02636037
[13] 0.02626495 0.02611501 0.02668477 0.02643575 0.02612212 0.02570145
[19] 0.02629780 0.02628145 0.02570708 0.02679826 0.02590584 0.02692937
[25] 0.02616111 0.02624912 0.02663056 0.02610207 0.02683630 0.02624731
[1] "Positive rate for exposures: "
 [1] 0.393548387 0.961290323 1.000000000 1.000000000 0.006451613 0.006451613
 [7] 0.019354839 0.025806452 0.006451613 0.006451613 0.000000000 0.012903226
[13] 0.025806452 0.006451613 0.019354839 0.012903226 0.006451613 0.032258065
[19] 0.012903226 0.012903226 0.019354839 0.006451613 0.000000000 0.000000000
[25] 0.012903226 0.012903226 0.006451613 0.019354839 0.000000000 0.006451613
[1] "Bonferroni-corrected positive rate for exposures: "
 [1] 0.06451613 0.74193548 1.00000000 1.00000000 0.00000000 0.00000000
 [7] 0.00000000 0.00000000 0.00000000 0.00000000 0.00000000 0.00000000
[13] 0.00000000 0.00000000 0.00000000 0.00000000 0.00000000 0.00000000
[19] 0.00000000 0.00000000 0.00000000 0.00000000 0.00000000 0.00000000
[25] 0.00000000 0.00000000 0.00000000 0.00000000 0.00000000 0.00000000
