[1] "Average PIPs: "
 [1] 0.041380847 0.691346414 0.999636352 1.000000000 0.003483206 0.003541435
 [7] 0.003700691 0.003538905 0.003464286 0.003498552 0.003451390 0.003497506
[13] 0.004038896 0.003875663 0.003685693 0.003753172 0.003740471 0.003533620
[19] 0.003619994 0.003509934 0.003614484 0.003552004 0.003552077 0.003790840
[25] 0.003753024 0.003535134 0.003769117 0.003493800 0.003727431 0.003581430
[1] "Percent of time PIP >= 0.1: "
 [1] 0.08387097 0.70967742 1.00000000 1.00000000 0.01935484 0.01935484
 [7] 0.01935484 0.01935484 0.01935484 0.01935484 0.01935484 0.01935484
[13] 0.01935484 0.01935484 0.01935484 0.01935484 0.01935484 0.01935484
[19] 0.01935484 0.01935484 0.01935484 0.01935484 0.01935484 0.01935484
[25] 0.01935484 0.01935484 0.01935484 0.01935484 0.01935484 0.01935484
[1] "Percent of time PIP >= 0.5: "
 [1] 0.03225806 0.70322581 1.00000000 1.00000000 0.00000000 0.00000000
 [7] 0.00000000 0.00000000 0.00000000 0.00000000 0.00000000 0.00000000
[13] 0.00000000 0.00000000 0.00000000 0.00000000 0.00000000 0.00000000
[19] 0.00000000 0.00000000 0.00000000 0.00000000 0.00000000 0.00000000
[25] 0.00000000 0.00000000 0.00000000 0.00000000 0.00000000 0.00000000
[1] "Percent of time PIP >= 0.9: "
 [1] 0.02580645 0.67741935 1.00000000 1.00000000 0.00000000 0.00000000
 [7] 0.00000000 0.00000000 0.00000000 0.00000000 0.00000000 0.00000000
[13] 0.00000000 0.00000000 0.00000000 0.00000000 0.00000000 0.00000000
[19] 0.00000000 0.00000000 0.00000000 0.00000000 0.00000000 0.00000000
[25] 0.00000000 0.00000000 0.00000000 0.00000000 0.00000000 0.00000000
