[1] "Average PIPs: "
 [1] 0.039034004 0.689883540 0.999641348 1.000000000 0.002578671 0.002644235
 [7] 0.002793311 0.002636391 0.002581209 0.002608062 0.002565017 0.002626097
[13] 0.003169490 0.002928588 0.002741704 0.002895714 0.002905803 0.002626221
[19] 0.002731710 0.002613066 0.002689711 0.002645370 0.002653970 0.002667706
[25] 0.002825021 0.002638519 0.002901764 0.002625319 0.002808629 0.002691175
[1] "Percent of time PIP >= 0.1: "
 [1] 0.07096774 0.70967742 1.00000000 1.00000000 0.01290323 0.01290323
 [7] 0.01290323 0.01290323 0.01290323 0.01290323 0.01290323 0.01290323
[13] 0.01290323 0.01290323 0.01290323 0.01290323 0.01290323 0.01290323
[19] 0.01290323 0.01290323 0.01290323 0.01290323 0.01290323 0.01290323
[25] 0.01290323 0.01290323 0.01290323 0.01290323 0.01290323 0.01290323
[1] "Percent of time PIP >= 0.5: "
 [1] 0.03225806 0.70322581 1.00000000 1.00000000 0.00000000 0.00000000
 [7] 0.00000000 0.00000000 0.00000000 0.00000000 0.00000000 0.00000000
[13] 0.00000000 0.00000000 0.00000000 0.00000000 0.00000000 0.00000000
[19] 0.00000000 0.00000000 0.00000000 0.00000000 0.00000000 0.00000000
[25] 0.00000000 0.00000000 0.00000000 0.00000000 0.00000000 0.00000000
[1] "Percent of time PIP >= 0.9: "
 [1] 0.02580645 0.67096774 1.00000000 1.00000000 0.00000000 0.00000000
 [7] 0.00000000 0.00000000 0.00000000 0.00000000 0.00000000 0.00000000
[13] 0.00000000 0.00000000 0.00000000 0.00000000 0.00000000 0.00000000
[19] 0.00000000 0.00000000 0.00000000 0.00000000 0.00000000 0.00000000
[25] 0.00000000 0.00000000 0.00000000 0.00000000 0.00000000 0.00000000
