[1] "Average Estimates for Betas: "
 [1]  4.419985e-02  9.910360e-02  1.994256e-01  3.011153e-01 -1.303172e-03
 [6]  2.766985e-04  1.646517e-03 -9.404427e-04 -9.607593e-04 -2.108943e-03
[11] -1.498612e-04 -1.882972e-03  3.727229e-03 -1.742688e-03  2.291335e-03
[16]  2.275436e-03 -1.512691e-03  3.234116e-03 -1.618845e-03 -6.792789e-04
[21]  7.246503e-05  1.722076e-03 -3.316731e-04  3.390242e-03 -2.103130e-03
[26] -3.762618e-03 -3.609007e-03  4.311074e-03  1.448824e-03 -1.412581e-03
[1] "Standard Deviations of Betas: "
 [1] 0.03079761 0.01977274 0.02043251 0.02250577 0.02176206 0.02163830
 [7] 0.02243987 0.02303724 0.02182739 0.02196921 0.02032949 0.02017782
[13] 0.02125442 0.03539460 0.02199312 0.02098069 0.01970491 0.02619551
[19] 0.01981491 0.02176932 0.02009981 0.01934019 0.01969619 0.02069748
[25] 0.02043894 0.02151485 0.02184244 0.02072064 0.02156918 0.02140355
[1] "Average StdErrors for Betas: "
 [1] 0.02995245 0.02902423 0.02929713 0.02856768 0.03025646 0.02905660
 [7] 0.02959230 0.02871143 0.02889817 0.02879994 0.02861172 0.02909153
[13] 0.02912225 0.02989885 0.02897028 0.02913045 0.02843634 0.03042309
[19] 0.02866322 0.02943179 0.02794473 0.02921680 0.02790323 0.02903208
[25] 0.02874652 0.02866476 0.02922574 0.02876543 0.02940416 0.02897909
[1] "Positive rate for exposures: "
 [1] 0.348387097 0.954838710 0.993548387 1.000000000 0.000000000 0.019354839
 [7] 0.012903226 0.019354839 0.006451613 0.006451613 0.000000000 0.006451613
[13] 0.019354839 0.012903226 0.019354839 0.012903226 0.006451613 0.025806452
[19] 0.025806452 0.012903226 0.012903226 0.000000000 0.006451613 0.000000000
[25] 0.012903226 0.019354839 0.012903226 0.012903226 0.012903226 0.006451613
[1] "Bonferroni-corrected positive rate for exposures: "
 [1] 0.0516129 0.6387097 0.9870968 1.0000000 0.0000000 0.0000000 0.0000000
 [8] 0.0000000 0.0000000 0.0000000 0.0000000 0.0000000 0.0000000 0.0000000
[15] 0.0000000 0.0000000 0.0000000 0.0000000 0.0000000 0.0000000 0.0000000
[22] 0.0000000 0.0000000 0.0000000 0.0000000 0.0000000 0.0000000 0.0000000
[29] 0.0000000 0.0000000
