[1] "Average Estimates for Betas: "
 [1]  4.558876e-02  9.930199e-02  1.989675e-01  3.021152e-01  1.141494e-04
 [6]  4.588197e-04  1.234651e-03  3.361959e-04 -3.736823e-05 -1.481316e-03
[11]  4.121646e-05 -2.284740e-03  2.782232e-03  9.357270e-04  1.581699e-03
[16]  1.699140e-03 -1.922039e-03  2.097245e-03  3.969633e-04 -2.129742e-03
[21] -1.237799e-03  1.069244e-03 -1.225377e-03  3.240160e-03 -2.360532e-04
[26] -4.796104e-03 -2.515694e-03  2.614774e-03  1.755620e-03 -1.054487e-03
[1] "Standard Deviations of Betas: "
 [1] 0.01924440 0.02033390 0.02247339 0.02260607 0.02078294 0.02254074
 [7] 0.02116166 0.02156546 0.02052457 0.02117421 0.01900457 0.02134193
[13] 0.02086481 0.02201194 0.02305998 0.02077244 0.02069625 0.02065167
[19] 0.01922163 0.02004575 0.01914296 0.02063299 0.01906587 0.02040633
[25] 0.02062591 0.02102811 0.02076511 0.02181022 0.02114655 0.02101745
[1] "Average StdErrors for Betas: "
 [1] 0.02812859 0.02844034 0.02882426 0.02854238 0.02888239 0.02880964
 [7] 0.02832935 0.02869062 0.02834647 0.02867433 0.02860190 0.02860485
[13] 0.02844946 0.02832400 0.02886002 0.02866236 0.02843591 0.02788190
[19] 0.02848004 0.02864590 0.02776201 0.02922224 0.02816513 0.02939385
[25] 0.02861106 0.02850284 0.02888692 0.02868442 0.02918086 0.02885333
[1] "Positive rate for exposures: "
 [1] 0.367741935 0.935483871 1.000000000 1.000000000 0.006451613 0.012903226
 [7] 0.019354839 0.012903226 0.012903226 0.012903226 0.006451613 0.006451613
[13] 0.032258065 0.012903226 0.025806452 0.012903226 0.006451613 0.019354839
[19] 0.019354839 0.006451613 0.019354839 0.006451613 0.006451613 0.000000000
[25] 0.012903226 0.006451613 0.012903226 0.012903226 0.000000000 0.006451613
[1] "Bonferroni-corrected positive rate for exposures: "
 [1] 0.038709677 0.619354839 0.993548387 1.000000000 0.000000000 0.000000000
 [7] 0.000000000 0.000000000 0.000000000 0.000000000 0.000000000 0.000000000
[13] 0.000000000 0.000000000 0.006451613 0.000000000 0.000000000 0.000000000
[19] 0.000000000 0.000000000 0.000000000 0.000000000 0.000000000 0.000000000
[25] 0.000000000 0.000000000 0.000000000 0.000000000 0.000000000 0.000000000
