1.98163707665344e-12 1.8393064848965e-12 1 1 2.43471909300297e-12 2.43627340523744e-12 1.45505829607373e-12 2.64910315905809e-12 1.51800794156998e-12 1.47282186446773e-12 1.48525636234353e-12 1.71096470324983e-12 2.12696527057687e-12 1.49480428035531e-12 8.66564575652262e-09 3.09752223870419e-12 5.31437900430642e-06 1.74815717457477e-12 1.47459822130713e-12 1.58462132304749e-12 1.59205981731247e-12 3.93826604438985e-07 1 4.52926585126079e-12 7.76867459251207e-12 4.06061850810602e-11 2.62792010374824e-11 1 2.2598581561617e-08 2.86256574000276e-11
0.00102936671839693 0.490173995796846 1 1 0.00378476737593658 4.59749385555153e-05 4.60197555177677e-05 4.59910217255333e-05 0.000105081480538893 0.00144374084542553 4.60303681714125e-05 5.48349053498542e-05 0.000735169257282231 9.39605470470228e-05 0.00016408579078675 0.000514321152015884 0.000156688372610847 0.000250810253994427 0.000107533055126896 0.000162914916712831 0.00167396977303058 0.000109925862114113 0.000331532338071483 6.17528785121779e-05 6.26219595772914e-05 6.83160641551384e-05 5.76357812661632e-05 0.000177345964567976 0.000189294368457049 1
0 0 0 1 0 0 0 0 0 8.64197602368222e-13 0 4.44089209850063e-16 0 0 2.45248266139697e-13 0 0 0 0 0 0 0 0 0 0 1.99840144432528e-15 0 0 0 0
8.88715045999078e-09 1 1 1.03290027642089e-08 1 7.9171620814833e-08 6.59104626432594e-09 6.6235460449704e-09 2.61706172288712e-08 5.71261682402735e-09 1.06018853585077e-06 0.999999999999987 6.77117728553611e-09 9.07774455605193e-08 4.90964602306576e-09 5.46874856510726e-09 1.03810060547715e-08 4.81234430083077e-09 1.96663160201282e-08 1 8.83492679015774e-09 5.50166723289891e-09 5.0080996016888e-09 1.94992006985473e-08 0.00198281583304893 7.38346050965788e-09 0.99999933636449 4.68405736420152e-09 1 1.17177025860116e-08
6.32827124036339e-15 1 0 1 0 0 0 1 3.77475828372553e-15 9.79906777942574e-09 1.54629642423743e-11 5.55111512312578e-16 0 1.11022302462516e-16 0.999997866221685 1 0 8.54871728961371e-15 8.24262880172455e-12 0 1 1 0 0 0 0 0 3.40431749457082e-09 0 0
1 1 1 1 2.91130453078381e-11 1.17683640610267e-14 5.68631697284161e-10 4.89696211654067e-05 1.65423230669148e-14 3.8688522496777e-08 2.76787481823249e-11 2.32036612146658e-13 0.998711728747778 1.57651669496772e-12 4.87276885507981e-13 1.99615879381554e-11 6.70574706873595e-14 1.02140518265514e-14 2.89216295357164e-09 0.999999999999999 2.94209101525666e-14 1.88071780371502e-13 2.44249065417534e-14 9.83139125665389e-11 5.74540415243519e-13 2.32942554134752e-11 6.77236045021345e-15 5.55111512312578e-15 6.53600507050101e-10 4.29367652543533e-12
0 0 1 1 0 0 0 0 0 0 0 1.31616939569312e-12 0 0 0 0 0 1 5.55111512312578e-16 0 1.9417800700694e-13 0 0 0 1.11022302462516e-16 7.01660951563099e-14 0 0 0 0
9.99200722162641e-16 1 8.88178419700125e-16 1 3.56803475654033e-12 1.17593712545272e-11 1.77080572427712e-13 9.99200722162641e-16 2.1094237467878e-15 6.66133814775094e-16 5.55111512312578e-16 2.41873188144837e-12 1.11022302462516e-15 8.88178419700125e-16 6.02629057766535e-13 0.999999999999891 5.55111512312578e-16 1.55431223447522e-15 2.80572343136498e-10 3.99680288865056e-15 7.7715611723761e-16 2.59792187762287e-14 7.88258347483861e-15 7.7715611723761e-16 2.47468712188947e-13 5.55111512312578e-16 6.14619466432487e-13 1 1.11022302462516e-15 2.55351295663786e-15
1 1.86145061115139e-05 1 1 0.00234443280676977 1.35320067027322e-05 1 7.19294541307036e-06 1.1169542124545e-05 8.35520989270755e-05 6.09983493826682e-06 7.95207592602099e-05 7.94626590838732e-06 9.22134331160507e-06 1.40892666345982e-05 1.35628039197311e-05 1 7.54615970208761e-05 1.72580064896621e-05 0.00016342931560509 7.72360966280194e-05 1.61705124955835e-05 1.78740114806786e-05 1.54311803811646e-05 0.000248824619194066 6.89376395002217e-06 1.61239944629354e-05 8.63974508258369e-06 0.000327629685448416 1.66998643910121e-05
2.1274759731682e-10 3.6742942022272e-11 1 1 4.07380795763856e-11 7.16054993077364e-11 2.86926038484125e-11 3.21961013405314e-10 5.2410760176258e-09 8.97838470237389e-11 7.70916663839216e-11 3.86077836367349e-11 6.72936151246972e-11 4.14293044315173e-11 1.14534827178048e-08 0.000554247134702202 6.20139273266318e-10 2.90135693248317e-11 5.38020961116104e-10 4.72939520879123e-09 3.71580655134096e-10 3.18223625228597e-09 4.81655715312002e-09 8.97526497567469e-10 1 6.02826677464918e-11 5.43810552144919e-11 4.31987778881648e-11 6.1893379310618e-11 5.63850883206207e-07
2.22044604925031e-16 1.61637370155177e-12 0 1 0 1.11022302462516e-16 1.11022302462516e-16 2.22044604925031e-16 1.11022302462516e-16 1 8.88178419700125e-16 5.55111512312578e-16 0 3.8665881052502e-08 1.65978342181461e-13 3.65263375101677e-14 0 0 1.4432899320127e-15 0 1 0 1 0 2.83446289229827e-05 0 1.98285832198053e-12 0 3.50164452989077e-10 0
1.96480654224285e-06 1.9216397806332e-08 2.41381457044554e-08 1 9.88958803738171e-10 7.13042686063536e-05 0.999999999944623 1 6.25437480694657e-08 4.16822767634883e-06 6.83789580513405e-10 8.75061134664179e-10 8.83548044727789e-08 2.02795757964225e-09 1.62532343139787e-09 0.000219491287858697 8.27180324236565e-10 1 1.49367817892099e-07 1.32305697508883e-06 1 9.3880176965655e-09 2.13747863853087e-09 1.04542187573387e-07 5.80357206736437e-10 1 3.37549244111557e-09 4.94048024712868e-10 1.04330954986409e-09 4.99446948243332e-08
6.05875039028092e-08 1 1.56405321471986e-07 1 1.76044416821952e-08 1.66954697844446e-08 0.000591121519979532 1.13225831488428e-06 2.95883414436204e-08 3.35693174369212e-08 1.9928959704707e-08 6.05745958282e-07 4.30271959173112e-08 1.58784662085409e-08 6.18848753353163e-08 4.55459472359365e-08 1.67630039848987e-08 0.999995609318138 0.000664436494218212 1 1.43393313101203e-06 1.6100764832494e-08 0.999032680680272 4.69104909806006e-07 1.93553270178004e-06 1.94353719784601e-08 1.81095087814498e-08 5.91985260811612e-08 2.22816872730291e-08 2.57130006175998e-08
3.67918819521584e-07 2.40149034436143e-07 1 1 1.14312292542884e-06 1.46334893424971e-07 2.0450209745615e-06 1.16370850348213e-05 1.63389784590962e-07 2.19270731016685e-07 1.71292276252011e-07 9.20162869511021e-06 3.24640778814889e-07 1.45053890898694e-07 3.0280136212868e-06 1.49979379138188e-07 1.45813834895314e-07 0.999999999981669 1.67628351088744e-07 1.82350015531796e-07 2.20414456908458e-07 1.71037683904807e-07 2.19112359811646e-07 1.57831316682788e-07 2.44081566180832e-07 8.33226331353742e-06 0.999999427390021 1 5.59058000382251e-06 1
8.90185065660631e-08 1 1 1 2.95183986698255e-07 7.81040812691813e-07 5.50775236884959e-06 7.23143128711357e-08 9.40420886952342e-06 0.999930382330048 8.57173509949405e-08 2.66022932965404e-05 1 3.72596256292823e-05 6.68231513456519e-08 8.52133490436557e-08 1.41567241263019e-07 4.84405643375041e-08 4.82235709142742e-08 5.28726680104619e-07 8.38665729085974e-08 0.998879870943139 4.6152434096669e-08 6.62153812891475e-08 5.38358014501306e-07 5.12146640652134e-08 1.75189976525658e-07 4.70977988831223e-08 7.37571513420576e-07 1.80829081930511e-07
3.15364064982226e-05 1.6832091276342e-12 1 6.42141895212944e-12 1.25353061264377e-11 1 1 4.81692463694117e-12 1.43129952334675e-12 4.57078819238177e-13 8.43106910841662e-07 7.50621786949068e-13 1 2.04589589714033e-09 3.03357339248578e-12 1.12460041279405e-11 1 6.50035580918029e-13 1.51417068883219e-08 2.9055646777465e-12 1 4.03566069451244e-13 1.05782049786285e-12 1 1.50390810915724e-12 8.73467964623842e-12 5.31064081599197e-12 9.5590202420226e-13 5.08448838587583e-12 7.15760783975838e-13
1.03378742322136e-05 0.999999999855926 1 1 2.5468126997219e-05 9.3657764962396e-05 0.000281821658620007 1.14362957168712e-05 1.37358657785747e-05 7.95728896464398e-05 1.41375528879273e-05 1.06325447267741e-05 3.35533215146677e-05 1.3419255074365e-05 1.99866039146679e-05 1.10290672763469e-05 6.78625775234476e-05 0.00020630278454925 9.41282384625541e-06 1 1 8.97883428842006e-05 3.84931096422125e-05 1.18538185654993e-05 1.06789323222056e-05 5.20612178006585e-05 0.000497612174145456 9.68543730062166e-06 8.11300817330496e-05 2.15175863262917e-05
6.13842386143482e-07 1.85443226070614e-05 1 1 4.83343929325031e-08 3.5759836858329e-07 1.31851864859645e-06 1.06324535875668e-06 1.41613461845935e-07 8.00156911839878e-08 5.02222174958433e-08 3.8036636951233e-08 5.25286043551176e-08 1.4047034764042e-05 8.42379238585877e-08 3.93820489330565e-07 7.45800596169133e-07 2.74143085565726e-07 6.19758322106811e-07 1.06758362612425e-05 3.56500947651384e-08 2.40650796401454e-07 9.81123643106763e-07 3.68146785278967e-08 9.49329029609203e-07 4.37327900559836e-08 6.06333012687088e-08 2.15738461095683e-07 4.27067722297281e-08 0.000259124997153748
1.90434334967904e-11 7.99915689242425e-13 1.05623287893764e-11 4.19722201439043e-09 6.63058496996882e-12 1.32227562232856e-12 8.3579809739831e-12 5.44009282066327e-13 2.2903900998017e-12 5.71764857681956e-13 7.67608199225833e-13 1.45716771982052e-12 5.57331958361829e-13 1.3203882431867e-12 1.25810473150523e-12 1 1 1.38707934027593e-11 4.62310190130211e-11 1 1.18584031483238e-11 9.33364496802369e-13 1 4.00368627140324e-12 1 1 1.11073594766253e-10 1.512012737237e-12 1.09434683537302e-12 8.83293438391775e-13
3.81472631261204e-13 4.61952698316281e-12 1 1 5.53890266985491e-13 2.85216295026203e-13 2.78110867668602e-13 2.11608508493555e-13 1.12294618048736e-11 2.93876034618279e-13 2.33058017329313e-11 0.999999999937479 3.0009328355618e-13 2.17048601314218e-13 1.24777965737621e-12 1.06847863889925e-12 1 7.98909827182115e-11 1.08145714605712e-11 2.15630158173497e-09 3.83471032705529e-13 2.00173211339916e-12 1.80189196896663e-13 3.55826479392363e-13 1.61726187997147e-12 2.90545365544403e-13 4.33764135721049e-13 1.31186173035758e-11 2.61013433089374e-13 2.6523228058295e-13
7.55965581245022e-08 3.40516503882782e-11 1 1 2.4135127230096e-10 5.69673974659679e-10 3.69518859955065e-11 4.24931534404038e-10 1.04848807414015e-09 1 6.48076037279566e-11 1.52802770436722e-10 6.44219511070077e-09 8.90251761198613e-10 3.31853433621632e-11 3.63494789823449e-11 3.68017838425772e-11 1 0.999999996746628 3.29097860074512e-11 1.58930846261285e-09 1.70657044051836e-09 2.57098453637639e-10 3.24533733220278e-11 8.73890959596224e-11 9.25700627263382e-11 2.88035706397238e-10 1.07369335644592e-10 9.97276705660965e-11 5.90185678106536e-11
1.43160892029925e-07 9.82695626691177e-05 1 1 3.35824100383686e-06 6.99120513703022e-08 7.14302023085978e-08 4.63199007207926e-05 1.60675288962686e-07 2.34609682236986e-07 3.10118060897757e-07 1 4.79925698404493e-07 6.2974121750603e-07 7.19389143810645e-08 4.33504789842942e-07 1.37850432957443e-07 9.65410098530128e-08 7.3088783469899e-08 7.13515069250548e-08 3.58500084285396e-07 1.05848260045782e-07 1.2228167067807e-07 8.2995234795824e-08 6.91660302365449e-08 1.37132671973461e-06 2.98326341297006e-07 1.30177387758224e-07 8.95355448671253e-08 6.60594754564592e-07
0 0 5.72319969194268e-13 1 0 0.999999999998593 0 0 1.11022302462516e-16 3.85580456452317e-13 0 1.16773257730074e-12 1.11022302462516e-16 1 6.51700915454967e-14 0 5.67323965583455e-14 0 0 1.11022302462516e-16 3.02230462878583e-11 0 0.999999999999999 0 0 0 2.22044604925031e-16 0 0 1.11022302462516e-16
1.1922782339191e-07 6.56930065900951e-12 1 7.1979100457753e-09 1 4.36317648677687e-14 2.22599716437344e-13 1.06883057959806e-10 1 9.40229005763626e-10 1.88404847278889e-13 2.77444733853827e-13 2.67563748934663e-14 2.80886425230165e-14 1 4.62185845151453e-12 7.94586618724225e-13 2.28552679493177e-06 1.61204383175573e-13 1.67199587508549e-13 3.26598748046081e-11 3.8880010322373e-13 3.63042929052426e-14 1.17128529097954e-12 5.11368725142347e-13 1.08563824596786e-09 8.75188810312011e-13 2.56461518688411e-14 5.50670620214078e-13 2.56461518688411e-14
3.97737398571962e-12 4.54081217071689e-12 3.95283805687541e-12 1 1 1.58955305262776e-06 7.11597447633494e-12 9.99433868997812e-12 3.98558963610185e-12 2.4757973449141e-11 2.01678673761307e-11 3.94522192692648e-11 4.10405043282935e-12 3.95217192306063e-12 5.72203506798985e-10 3.95705690436898e-12 1.17812426481123e-11 5.35005373336617e-12 1 2.01130223587143e-11 7.59303731001637e-12 6.94034052450831e-10 1.75910397359758e-11 4.42812453371744e-12 9.98590099499097e-12 2.29781749183644e-11 3.08214544997298e-08 1 6.48447961992815e-12 4.13635792284595e-12
3.11385361939642e-11 1.6165557781278e-10 1 1.81529088316701e-07 2.26536123193455e-10 9.10753694682853e-11 4.66487976025221e-08 1.01322977985596e-06 4.22345225459253e-09 1.64056745055596e-06 1.2529218028634e-06 1.94041449574911e-11 4.49639214750164e-11 1 2.67095234818271e-11 1.63665747621167e-11 5.76267135898867e-07 2.08743466956207e-10 2.66605260090813e-09 2.07206474200916e-11 1.42010736503551e-10 1 2.23528973108955e-11 3.10425085636723e-09 7.16913861609214e-10 4.10173353999621e-05 1 1.90091276053295e-11 5.18280973693663e-10 1
1.31634703137706e-11 4.86721773995669e-13 1 1 2.29816166097407e-14 1.89848137210902e-14 3.54177511763254e-08 8.3162365882572e-12 4.66293670342566e-15 7.14983627858601e-14 4.66293670342566e-15 7.54951656745106e-15 8.21565038222616e-15 1.37378997067117e-12 4.77395900588817e-15 9.98090499138016e-14 1.98604370371669e-06 1.01030295240889e-14 4.86055640180894e-13 1 1.13242748511766e-14 8.66640093022397e-13 8.08242361927114e-14 4.77395900588817e-15 1 9.43689570931383e-15 2.44177245090071e-08 6.21724893790088e-15 6.11732886568461e-14 3.44280159936261e-13
8.37094682459849e-09 1.05675801442828e-10 1 1 2.61493853237482e-08 1.76402759066718e-09 8.95217233676249e-12 1.40492062428166e-11 0.968731183466222 9.8708650031476e-08 1.06281983214274e-09 2.90010238046534e-11 4.54685178397085e-11 9.13240961741835e-08 6.27299423516803e-09 5.5291307976546e-08 1 1.56412993668198e-10 8.88833451284654e-12 8.03225264078833e-11 6.01763083807327e-12 7.15438819298697e-12 0.000180905719486257 0.999999999997759 3.10499403965991e-11 7.5730748338998e-08 3.05880987205853e-10 1.84410264836288e-11 3.448319407795e-11 1.81731296677867e-11
1.7167195309753e-07 3.35531693684832e-06 1 1 1.49558105166925e-05 2.92851172201125e-08 1 7.64565706334874e-06 3.13233146087555e-08 2.92016121283822e-08 2.24076947130669e-06 3.11433593358501e-08 2.73767845393458e-07 3.27788944876062e-08 5.15431280989631e-08 3.55373750426935e-08 1.76258237272187e-06 4.60278076763743e-08 6.01968887070647e-07 2.9638428267198e-08 2.93530784123419e-08 3.33693095710963e-07 3.9969577647625e-08 3.44518109707259e-07 3.00498587124665e-08 3.48144327810829e-08 8.62966352821459e-08 1.17554958767307e-07 3.03197212891959e-08 9.22682405701813e-07
1.94400051611865e-13 2.7725599593964e-12 1 1 4.45710135466015e-12 5.10977926637679e-11 5.5346283112101e-11 2.45248266139697e-13 1.54321000422897e-13 2.92732504902915e-12 1.77524661637563e-13 4.04787314778332e-13 5.91748872125208e-13 2.51521692362644e-10 1.05345732137607e-11 8.63721316690658e-11 1.45550238528358e-13 1.52988732793347e-13 2.70006239588838e-13 9.25213217151111e-09 1.39777078800307e-13 4.71511718558304e-13 7.34774163735352e-09 1.81410442223751e-13 3.90244503378767e-11 6.10400618938911e-13 2.96729307791566e-12 1.55098156540134e-13 1 2.15609429199404e-08
1.68420832835636e-13 0.999999492445857 1 1 6.91779966643935e-13 5.62438984275104e-13 6.18305406874242e-12 1 3.08642000845794e-14 2.09821049423908e-12 1.84408044390239e-13 4.31876756579186e-14 3.69704267200177e-14 2.1405099914773e-13 8.8928864272475e-14 3.86357612569554e-14 3.48343576206389e-12 4.39182024081219e-12 6.69328592550755e-10 3.63042929052426e-14 6.54687415391209e-12 8.71842273930667e-08 1.68975944347949e-13 1 5.10702591327572e-14 3.07531777821168e-14 2.71461741974122e-11 1.9284573937739e-13 3.38618022510673e-14 1.41553435639707e-13
3.33066907387547e-16 0 3.25073301610246e-13 1 0 1.77635683940025e-15 0 0 0 0 7.21644966006352e-15 5.77315972805081e-14 0 0 1.11022302462516e-16 0 2.44249065417534e-15 0 0 0 1.11022302462516e-16 3.95128374464093e-13 0 2.04947170345804e-13 0 0 0 0 1 0
0 1.57824642244009e-10 1.24366894560524e-09 1 0 0.999999999999999 0 3.47511575071735e-10 0 1 0 0 0 0 4.2632564145606e-14 0 0 2.22044604925031e-16 0 1.11022302462516e-16 0 0 1.11022302462516e-16 1.99840144432528e-15 0 8.21565038222616e-15 0 0 0 1.11022302462516e-16
3.64597241286901e-13 4.8285264675485e-11 1.40998324127395e-14 3.30513394430909e-13 1.12132525487141e-14 3.33599814439367e-12 5.26245713672324e-14 1.84119386403836e-12 5.30686605770825e-14 2.02121097636621e-10 6.64002186567814e-12 4.7528647684203e-13 4.55869075821624e-09 3.530509218308e-14 1 1.11022302462516e-14 7.05446812077071e-12 1.34336985979644e-14 3.84320353319367e-09 2.44809061911155e-10 1.43580985212388e-07 1.14352971536391e-14 8.40438829641244e-14 1.21014309684142e-14 3.48610029732299e-14 5.72875080706581e-14 3.97459842815806e-14 2.50466314355435e-13 1.26808563649661e-11 6.17760842480664e-10
9.65894031423886e-15 1.48769885299771e-14 1 1 1.0857981180834e-13 1.19407150833695e-10 3.21631610233908e-13 1 3.530509218308e-14 3.26405569239796e-14 1.41253675423059e-11 2.55684362571174e-13 8.88178419700125e-15 0.00166211915155401 1.82076576038526e-14 6.21724893790088e-15 1 2.49023024423423e-13 5.21804821573824e-15 1.28618238526279e-06 2.77555756156289e-14 1 1.88737914186277e-13 4.8961945608994e-12 1.57651669496772e-14 3.89799303945892e-13 7.11886105619897e-12 2.08672634727236e-10 6.66133814775094e-15 3.27959881474271e-13
1 1 1 1 6.31059897671093e-08 6.69686528453894e-13 2.40918396343659e-13 1.62203583897735e-13 1.12065912105663e-12 1.21125331986605e-12 1.74082970261225e-13 8.5939144689462e-11 1.41553435639707e-13 2.81719092498633e-12 3.89466237038505e-13 1.56219481795006e-12 1.93622895494627e-13 2.19380069665931e-13 2.23820961764432e-13 1.50213175231784e-13 1 5.59707835634526e-12 1.4033219031262e-13 3.99902333469981e-13 4.35540492560449e-13 1.57651669496772e-13 1.53765888910584e-13 1.61870516990348e-13 9.1793239676008e-11 1.70241598596022e-12
4.30136415374704e-09 1.23396598405989e-06 1 1 3.04901437431226e-09 3.26528508676205e-08 0.000328535126661866 9.95200699627219e-10 1 1.74162179473747e-05 5.24161580806037e-09 4.87981222097034e-09 1.62403877013162e-08 1.37615030482152e-09 1.10685161036628e-08 3.2424707363532e-08 1.7925807505037e-09 1.54890789083595e-09 4.2465477800846e-09 1.42407251546572e-08 1.68435857272886e-06 2.25003193854434e-09 6.86671841609865e-09 5.51836576434539e-09 7.64100394068379e-09 2.38615183167923e-09 4.59478932679502e-09 1.23163268472837e-09 1.06832231949738e-09 7.40320202696765e-07
9.09605724075391e-13 1.16732334909386e-09 1 1 0 0 0 0 0 5.26911958509402e-10 0 0 0 0 0 0 2.66453525910038e-15 0 0 0 0 0 1 0 0 0 0 0 0 0
8.91287044169076e-13 0.999999999999996 1 1 1.09412361393169e-08 1.45006229246292e-11 8.99169627643914e-13 2.39475106411646e-12 6.92756962905605e-12 1.00121799739838e-10 2.33668639992857e-12 9.21374088136417e-13 1.21425092203253e-12 5.96944715880454e-12 3.15936166117581e-12 9.13269460056654e-13 1.85673698638311e-12 4.04749489479883e-09 7.85246090373448e-09 2.17142082092892e-10 2.00418337481523e-09 4.30707361388505e-05 2.55552357053546e-10 1.13975495708019e-12 1.97930560830173e-12 1.1651790643441e-12 1.77580172788794e-12 9.01057006785777e-13 8.91064999564151e-13 3.92678145555436e-09
0.000252201270888319 1 1 1 8.86862395188537e-07 5.27843661446425e-07 3.71510163188482e-07 3.05522671761871e-06 5.55459028439564e-07 1.21516459095083e-06 5.19928005981996e-07 5.59497161600753e-07 2.57298433237185e-06 1.09620264177046e-06 1.44879613240834e-05 1.20231658728986e-06 1.07176377139862e-06 6.92187501094566e-07 1.83422815513978e-06 0.000285140535109307 5.39520039977148e-07 5.17050211645831e-07 0.000334779885604042 8.467157280867e-07 5.10624974747742e-07 1.13512030844864e-05 3.61473769685539e-05 2.705697024874e-06 4.01985205789046e-07 1.49843626673363e-06
4.08451050759595e-13 6.83009204749396e-13 4.03899136358632e-13 1 2.46789255697877e-11 4.27990975992998e-13 1.09104059120568e-10 4.55302462398777e-13 3.87179177607777e-12 6.23501250629488e-13 9.43574310352524e-07 1.22043264383365e-09 1 4.90940621489244e-13 1 1.17894582984945e-12 4.91495733001557e-13 1.99932092909139e-05 5.02153874037958e-13 5.09259301395559e-13 9.74919982665856e-05 3.24789084515942e-11 1.50436996193548e-10 6.09500894199755e-10 9.4313445941907e-13 5.46540590562472e-11 2.42406095196657e-11 4.10671496808845e-13 4.23439061592035e-13 1.17994503057162e-12
1.84279464687798e-07 5.133444891392e-08 1 1 1.24978222215688e-08 5.20811227477935e-09 9.45936118323942e-09 8.42532688061226e-09 3.21479738385477e-08 5.9761876824993e-07 9.19813617494825e-08 7.73143978727298e-07 2.91015277431583e-08 9.39531360488743e-08 7.58906837372564e-09 3.04244689441902e-08 6.04351801936076e-09 1 1.14219909086444e-08 6.03143857080823e-09 1.6858022311439e-08 4.08435716359179e-08 0.000565411981373831 8.96963103791393e-09 6.67149976374404e-08 9.23761230731124e-07 3.08438393714638e-08 1.27588617448993e-08 2.08785781996568e-08 1.48434330382585e-08
3.61032413964679e-08 5.78665323436311e-08 1 1 1 1.09595221786662e-10 1.00121799739838e-10 0.999999999994099 1.27227672841457e-09 3.63623686716608e-10 3.56408236257266e-11 8.1117268457831e-10 1.4015455462868e-11 1 6.90279167159247e-10 3.574918139293e-12 5.59297053115415e-11 4.32107460923703e-10 4.39482228387078e-10 0.999999999936651 2.71744848845401e-11 1.04488639962597e-11 3.64175356537544e-12 6.82796041928668e-11 2.06438754979388e-10 6.87636614316034e-11 3.56181750760243e-12 3.8317127248888e-12 2.39476216634671e-11 1
6.81121825607534e-13 1 1 1 7.25752791197465e-13 7.32747196252603e-15 6.22710771835955e-11 3.55337981261528e-12 1.99840144432528e-15 2.55351295663786e-15 1 1.99840144432528e-15 4.88498130835069e-15 1.88737914186277e-15 1.77635683940025e-15 3.20188320301895e-13 1.31484712007079e-10 3.88578058618805e-15 9.93649607039515e-14 2.92321722383804e-13 1.35114142096882e-13 9.45435799648564e-08 2.44249065417534e-15 2.2966073487396e-12 4.9960036108132e-15 2.1094237467878e-15 1.4210854715202e-14 7.32747196252603e-15 7.94475596421762e-13 1.77635683940025e-15
0.000254583949133913 1 1 1 5.90992465188123e-07 1.58147818030141e-06 1.20859624677117e-05 5.85543408337941e-06 2.40285118802142e-07 5.2748891299359e-07 2.47781852036333e-07 2.30500663023214e-06 2.50942530199971e-07 2.47980008194482e-07 1 3.9878413282679e-07 5.05377048987121e-07 2.69877882597136e-07 2.94153046254131e-07 2.38511234762484e-07 3.21452784945997e-07 2.41263416800308e-07 2.33044372910385e-07 9.67913084792826e-07 2.88186608909946e-07 5.68815917256771e-07 4.1996990585158e-07 1.49277793807245e-05 6.62898666625722e-07 3.82813817867422e-07
2.22044604925031e-15 2.19970708315032e-11 1 2.44249065417534e-15 1 1.33226762955019e-15 1.22124532708767e-15 1 6.66133814775094e-16 7.28306304154103e-14 1.52210466453084e-11 1.1642908859244e-12 1.4432899320127e-15 2.99760216648792e-15 5.88418203051333e-15 5.55111512312578e-16 1 5.55111512312578e-16 2.07193484591528e-10 1 6.66133814775094e-16 2.33146835171283e-15 6.66133814775094e-15 6.66133814775094e-16 5.55111512312578e-16 1.53210777398272e-14 1.55431223447522e-15 8.88178419700125e-15 2.44249065417534e-15 1.80189196896663e-13
2.13510475965961e-09 2.61151077429744e-07 5.93537363702268e-09 1 5.73579217455489e-09 2.4049756075506e-08 2.55498820989075e-08 8.81022033105694e-10 1.37144529066546e-09 1.17762455342785e-09 3.57988921839691e-08 6.89170609469159e-10 1.30152078003931e-09 6.18597284507416e-10 2.21187449467308e-07 8.98040641850173e-10 7.89216580976415e-10 2.51277776364134e-09 8.00613242368797e-10 3.32303906613873e-09 1.7083802150708e-08 1.02692465642207e-09 6.14170270196723e-10 1.1947803535417e-07 7.14268200141532e-10 6.37232822064959e-10 6.54480913908628e-10 1.41005269793659e-07 6.28745722153212e-10 8.55844950464757e-10
7.60880247696605e-12 5.87463411250155e-12 9.65643121020321e-11 1 3.68327590649642e-12 5.31297228434369e-12 2.1448021136905e-10 3.11151104881446e-12 4.80606998642941e-10 3.33455485446166e-12 8.05962740990651e-10 3.25026654368621e-07 3.26427773700289e-12 8.45792325065986e-11 7.28103022318294e-10 3.44557715692417e-12 3.41338068921004e-12 1 3.51740858661742e-12 2.27603269564725e-10 7.41819761174156e-09 3.48954198869933e-12 8.32733881850345e-12 1 1.82606152421272e-11 1 1.07280007659583e-05 2.68423783200689e-09 3.1845637238348e-12 3.10729220132089e-12
0 0 0.00034875138463919 1 4.03010957938932e-14 0 2.12052597703405e-14 0 1 0 0 0 1 0 0 0 0 0 0 0 0 1 0 0 0 1 0 0 0 0
3.72093949208008e-07 7.99913468796376e-11 5.68302738201965e-10 1 1.8438510718255e-09 3.5802472098112e-10 1.04907459941295e-07 6.63713186632719e-08 1.65426561338222e-10 8.75151062729174e-11 1.11584075312976e-10 8.51471047413899e-06 1.37196665139783e-09 8.19704304433344e-11 4.79657868979189e-10 0.999999999923231 8.31324231675978e-10 4.73907645348604e-08 9.26893006791829e-11 1.52766577166119e-10 3.86254039863587e-09 8.45334913179840e-11 1.90115911902211e-09 0.999999999999886 1.90244153763786e-10 3.59723806298007e-10 9.54279988363282e-11 2.79951506421128e-10 3.17528081221763e-05 7.84734499603701e-11
1.84999793262364e-10 4.17933132546011e-10 3.22301563215888e-09 1 2.07291584120028e-07 1.09956599381178e-10 2.58305732359077e-09 6.23644980102256e-09 9.95682425397604e-11 1 3.44763773085788e-10 1 4.62109905896568e-10 9.57285362090943e-11 1.53930945767655e-09 1.8391939082818e-09 1 9.39380795372813e-11 1.11206266417696e-10 1.0436574549022e-07 9.6371443714105e-08 1.45018996811075e-10 1.75584324857425e-10 8.1475381996654e-10 2.82404544194037e-10 3.47859152594054e-09 1.08045461466588e-10 1.37625065788072e-08 9.25147736197118e-11 1
1 0 0.015313647466988 1 6.15063555642337e-14 1 0 2.01172412062078e-13 0 0 1.29871335907694e-10 0 3.33066907387547e-16 0 0 0 0 0 0 0 1 3.32334160191294e-12 8.4605489281131e-10 0 2.22044604925031e-16 0 0 7.4119821391605e-11 1.02364783316489e-11 0
0.99999999999999 1 1 1 6.13925577042096e-09 1.40772726808791e-09 1.59182689252191e-09 3.22547222264546e-09 8.59362814242814e-09 0.99997587277346 2.47201563219335e-07 1 1.89735445954575e-06 2.49927080142598e-08 8.51513802802017e-08 1.45144507524009e-09 1.4443808371567e-09 0.999999999831858 1.08999769210527e-08 1.34076872937428e-08 1.39189038073084e-09 1.44671663537821e-09 3.80973075309043e-09 6.6158671208072e-08 0.999999997851593 0.999999999999105 2.34694341738617e-09 1.25019294916484e-09 1.38361921919739e-09 1.72119851704622e-09
9.00390872971002e-14 1 1.85021487020265e-09 1 9.99200722162641e-15 1.0991207943789e-14 1 2.60902410786912e-14 1.28846500849766e-05 2.13736951582e-07 1.27675647831893e-14 8.21565038222616e-15 1.13242748511766e-14 1.22346577313692e-13 1.53210777398272e-14 0.99999995493577 1.16573417585641e-14 1.25455201782643e-14 7.66053886991358e-15 9.48130463029884e-14 1 4.33996858451025e-08 1 1 1.55098156540134e-13 1.69864122767649e-14 1 1 3.14115400357196e-12 6.61197763207610e-11
1 2.34555708189532e-11 1 1 1.22124532708767e-15 0.999999999999999 2.63122856836162e-14 4.10782519111308e-15 5.24358334530461e-13 1.22124532708767e-14 4.66293670342566e-15 3.44169137633799e-15 3.65263375101677e-14 4.02766708873514e-12 1.11022302462516e-15 1.33226762955019e-15 8.47544256998845e-13 1 1.55431223447522e-15 1.22124532708767e-15 2.12163620005867e-13 1.11022302462516e-15 1.69197988952874e-12 6.96220858742436e-12 1.67931224481777e-11 1.11969322702521e-11 1.66533453693773e-15 1.4432899320127e-15 3.88578058618805e-15 1.11022302462516e-15
0 1.11022302462516e-14 1 1 0 0 1.08413278354647e-12 9.2148511043888e-14 0 0 3.32899485755433e-10 1 2.67563748934663e-14 0 2.8199664825479e-14 1.03457653555239e-09 1 0 1.11022302462516e-16 0 0 0 0 0 1 2.22044604925031e-16 0 6.00597349631471e-12 1 0
0.000138406374509459 0.0247777575633016 1 1 1.39387349662456e-07 5.60243008540517e-07 9.87738294488949e-08 1.59154119661054e-07 6.95792684579644e-08 1.61102272411284e-07 1.45655089434094e-07 3.37380360204698e-07 7.76305473237926e-08 1.13197975082358e-06 1.47222967927796e-07 2.22250266624924e-05 6.95972538489187e-08 8.91593002760871e-08 1.17778822661396e-06 8.47137936466069e-08 3.24990428568483e-07 1.75159071902353e-06 1.14342330159722e-07 1.32241246642018e-06 5.58630378733049e-07 8.53388666399724e-08 8.20216919050765e-07 6.97737680965815e-08 9.04760104614155e-08 7.37688351515331e-08
4.77395900588817e-14 1 1 1.77102776888205e-12 1 7.80756570506469e-11 7.23865412055602e-14 6.50074438723891e-11 2.86941591043366e-07 1.32116539930394e-14 9.54791801177635e-15 3.08312042562875e-10 9.88098491916389e-15 9.65894031423886e-15 1.22124532708767e-14 1.83186799063151e-14 4.30840928489218e-08 1.16573417585641e-14 2.37587727269783e-14 1 1.24344978758018e-14 1.08801856413265e-14 6.00728355948377e-11 1 1 9.2148511043888e-15 4.60525241008369e-06 2.41002984235905e-09 1.11910480882216e-13 1.58761892521397e-14
1.12705011989789e-09 4.57471172055079e-10 1 1 1.6170786931724e-10 1.52806878261913e-10 2.07315886679993e-09 6.39323549656012e-08 1.76961101328033e-09 7.48816453288725e-10 1.22867716001451e-10 2.24879392884958e-09 1.55622403852362e-10 2.03590793934616e-06 1.12665987650473e-10 9.12985020917745e-10 1.14946385743053e-10 4.88800333542372e-10 4.37906488848228e-10 1.48339451833124e-10 4.50930215389889e-09 0.997704495532414 1 2.68402500225307e-09 6.64843136100046e-09 4.52915260851228e-10 1 1.14280087927243e-05 1.68014865464805e-07 0.999790212556308
4.86767848251191e-10 6.78023526212712e-10 1.08587569874752e-05 1 8.0075179820227e-10 0.999974825640331 4.90862461788311e-10 5.3083293316547e-10 4.85899431801329e-10 1.68480751572275e-09 1.92455518188694e-09 6.54642118291804e-10 6.72698563519702e-10 0.0144267911723239 4.86049533954258e-10 4.73444283777269e-10 9.36041795185361e-08 4.68889482796442e-10 8.69515348611571e-10 5.0227433323613e-10 1.5631793637283e-09 4.68464600444918e-10 5.14781907789974e-06 6.35842489771221e-10 5.89122195471248e-10 9.70062733696153e-07 6.82269463148089e-10 6.86323442522507e-10 8.76683947659274e-10 5.69550406837038e-10
0.00193008952573792 1 1 1 1.2944600946696e-10 1.31339161768551e-10 2.08033479331959e-10 8.14270406657158e-09 3.1142812240148e-07 8.28259683061106e-11 1.1061718208083e-10 2.03301521201071e-05 1.01069053126679e-09 3.54525320211962e-09 1.2784595604387e-10 4.05427374006173e-07 8.67280691707606e-11 6.74307276682384e-11 6.14134298970725e-11 2.4326507142014e-08 3.96986887807316e-10 1.18413379102122e-09 6.94664326061911e-11 9.00281497129285e-08 6.38981393352722e-08 1.27736599075945e-10 1.09724895835939e-10 1.06856745674122e-10 7.91789078746774e-10 7.55328022350454e-11
3.79334482381033e-07 5.67879077095768e-13 2.88677970416984e-11 2.30404584300459e-12 9.91269288874719e-11 6.42597086653041e-13 3.21853654838833e-13 2.79887224508002e-13 5.49782441794378e-13 1 3.00315328161105e-13 1 7.81858777720856e-09 1.04699582337275e-11 1 4.30877555857023e-13 5.73763259126281e-13 2.80886425230165e-13 3.77919917582403e-13 1 5.69544411632705e-13 1.45303769016891e-11 2.79998246810464e-13 2.90012458492583e-12 4.34940972127151e-12 3.22475379732623e-12 5.28022070511724e-13 1 3.10889092247635e-11 4.68958205601666e-13
1.21324728041827e-10 1.1017176060335e-10 1 1 2.35697505531762e-05 9.80134862160753e-11 4.43975778363637e-08 1.44371070653904e-10 3.02307912591893e-07 3.6541636383447e-10 0.9999999722449 1.82114796576371e-08 3.2839175823085e-09 9.88191750650458e-11 1 1.00291885907211e-10 2.29495200620988e-09 1.8701466153459e-08 1.3060241776941e-10 1 1.14068106071841e-08 6.87034484858629e-09 3.96039312455798e-10 5.36315103438767e-10 3.77964437525691e-10 5.29444588170946e-09 4.32979943232326e-07 1.23489351189221e-07 1.18611231947341e-10 1
0.999999904765721 1.01156083509579e-10 1 1 6.29264418350317e-11 3.02050606748594e-11 2.42861286636753e-11 2.49512632777282e-11 5.94909677076316e-11 1.45370491200225e-08 3.49504869490147e-11 2.86579648900442e-11 5.18688425543701e-11 1.37506894759554e-10 9.56723589240482e-11 3.17295079099722e-11 1.0846890052818e-10 2.35540476012375e-11 1.45333856060859e-10 3.68473029865868e-11 2.98239211105056e-11 2.14220308158986e-10 1.47218093271562e-09 2.33040253760919e-11 9.73874647591799e-10 3.1331715000249e-11 7.1081140973206e-11 3.36957128865834e-11 9.88145121283424e-11 4.60074200958616e-11
7.72591879361073e-10 4.99037478007835e-11 1.21985088696874e-09 1 5.3931970001031e-11 1 9.42222966315853e-11 1 1 6.67372823670576e-11 1.31686883619864e-10 1.05488060508918e-07 1 2.4995705505404e-10 1.46829659541936e-09 4.77385908581596e-11 4.34993485676216e-10 4.57651694318884e-11 1 5.03103064097843e-07 1 2.266914433946e-10 4.54508629799122e-06 9.4707711673081e-09 1 8.18480838660207e-11 1 1 4.83625361979989e-11 0.99954863659213
2.03080892102747e-08 4.38829372839677e-09 1 1 2.2409096720466e-06 3.29279514765801e-09 4.91967422355799e-09 2.86409906902207e-09 0.999969171680553 1.67819358409815e-09 4.20986262184009e-07 2.71942812712922e-09 1 2.81653678158023e-09 2.38630015747532e-09 1 5.34450445011103e-08 1.44595502238332e-09 1 1.08027331524596e-09 1.02110622179907e-08 3.04198627398833e-08 4.77518252750553e-06 5.26252805777006e-08 1.09983222529308e-09 3.30422843530798e-08 8.57869801862421e-08 3.05019426383168e-08 2.20696889652316e-08 1.08235698181858e-09
0 1 1 1 0 0 0 0 0 0 0 0 0.000324449188052744 3.33066907387547e-15 0 0 0 0 0 3.22228073112996e-08 0 0 0 0 2.31256014338044e-10 0 0 0 0 0
3.88809185879468e-05 6.10904272724255e-07 1 1 5.25186560906832e-11 2.70695799109433e-10 1.94027649502715e-09 2.35541464110867e-09 0.000108172801109752 7.95442600676211e-11 1.35714439686296e-09 8.33594304694429e-11 8.89618378963064e-11 9.0374374650537e-11 1.91000906951677e-05 1.30169108825129e-09 4.84249293775108e-07 2.55489074341142e-10 1.92009712685071e-07 5.17927146620467e-05 6.02961014450898e-11 7.11686265475464e-11 2.89670731845604e-10 6.04511996016299e-11 0.999999999969803 2.63175037318319e-10 7.67459429340533e-11 2.34378109587041e-07 2.69488148463282e-08 1.53325574459018e-09
2.52930899558024e-08 4.21388205440465e-08 1 1 8.13853962000621e-09 1 3.06720052689613e-08 1.70761290663179e-08 1.51626090016954e-07 7.24333948376454e-09 7.22156845434085e-09 7.05893221653042e-09 5.70367159058449e-08 8.65718543519023e-08 1.73052728813516e-08 2.30836593173578e-08 1.93107229096157e-08 2.30204594275918e-07 1.48399358690376e-07 7.19976711582859e-09 7.50953366157603e-09 8.45909420288393e-09 1.85060758939315e-08 1.77273775658904e-08 2.39936385204587e-08 7.05725677896396e-09 0.000270103311800218 1.05639873515528e-08 3.66350095254431e-05 9.4770417513601e-08
7.82707232360735e-14 1 2.4654278618641e-11 1 5.54875777547537e-07 2.00974781261465e-09 1.91228338830562e-07 2.49362697157807e-09 1 1.61737290227393e-12 2.90878432451791e-14 2.74669176292264e-13 8.47100167788994e-14 2.45568010370789e-09 0.00023071586539003 1.95288230031565e-13 2.53463916521923e-13 2.30926389122033e-14 2.50910403565285e-14 4.18665102586147e-13 2.20934381900406e-14 2.70894418008538e-14 7.0624027737054e-08 3.21553994542256e-09 2.43138842392909e-14 5.12969444699252e-10 0.0128022437673937 2.86215495748365e-13 5.76494407766859e-12 4.10782519111308e-14
3.37039518516491e-09 6.3194572907932e-08 1 1 1.26132554401082e-08 3.3410263444722e-09 6.620638037802e-09 3.03888347819026e-09 0.999999999999984 3.20075477233672e-09 3.11426384680402e-09 3.51788531638419e-09 3.98593658079704e-09 1.44860983208872e-08 2.73950917506482e-09 8.32341362499989e-08 1.13871447826597e-08 2.61866777484521e-07 1.21269474684382e-07 3.37047545428959e-09 2.74450318027419e-09 1.22419321679779e-07 3.60069729588020e-09 8.62512929966641e-08 7.33510674422178e-09 1.08598066095311e-08 8.28947011033421e-09 1.00254865853522e-07 1.16320758247745e-07 3.20634963024702e-09
0 0 0 1 0 0 1 1 0 0 1.11022302462516e-16 0 0 0 3.33066907387547e-16 0 0 0 4.10782519111308e-15 0 0 0 1 0 0 0 0 0 0 0
0.999999999999726 0.999999926948703 1 1 2.42028619368284e-14 1.87627691161651e-14 2.74225087082414e-14 2.17603712826531e-14 4.52138326778595e-12 0.999999994551942 2.99760216648792e-14 2.66453525910038e-14 4.20774526332934e-14 1.96509475358653e-14 3.31845662060459e-13 5.30970201140235e-09 4.53526105559376e-13 2.19824158875781e-14 2.4535928844216e-14 2.52020626589911e-14 9.6767371893236e-11 1.9595436384634e-13 4.89608353859694e-14 5.04041253179821e-14 6.99440505513849e-14 1.15231987285469e-08 4.59632332194815e-14 1.87627691161651e-14 2.80886425230165e-14 1.90958360235527e-14
1 1.51669365955343e-09 1 1 4.7872289798967e-08 7.52914988133568e-07 2.81262613199829e-09 1.47798739913441e-09 3.02836322685351e-09 8.1593695022697e-08 1.42960154825289e-09 4.93734582662775e-07 3.01913440803325e-07 0.000953587765161523 1.24118292088582e-07 5.21702980815775e-09 1.67622997659933e-06 0.999999999602104 3.99374366910621e-09 1.51884915755574e-09 1.46930900779552e-09 0.999999999722157 6.60815058228792e-09 1 1 1 1.83104531537026e-09 2.07458359269275e-07 8.83412609731238e-09 7.51248652175462e-09
2.25856655600154e-08 0.0325303098219422 1 1 3.72330322173653e-06 3.52414315507588e-08 1.82736283882434e-08 0.00158942711345433 1.92386514497045e-08 2.69359194948748e-08 1.8491103648266e-08 0.99998519928794 5.00664848468446e-08 3.26077479018139e-07 4.03360234102479e-08 1.90971770619441e-08 0.999999999999998 6.65009521894078e-08 1.83302742984282e-08 2.94918872656424e-08 1.88472817352903e-08 1.42361486377141e-07 6.51942754226198e-08 2.51495575254168e-07 3.78167196446455e-08 1.89510890646893e-07 3.13042992639012e-08 2.97712491847957e-06 1 4.35175517621289e-06
4.68817170806712e-06 1 9.74295521594115e-07 1 2.35477970456088e-10 2.53686516238361e-10 2.43885356354667e-10 4.37818092891007e-09 2.60280574870819e-10 1 0.999999999997637 3.74327324692558e-09 4.25909751911036e-09 5.11281794679519e-10 1.32525157514607e-09 5.24426391201871e-10 5.89936792971812e-07 8.76861583343214e-10 1 2.34554375921903e-10 1.19543674959033e-09 4.95109064857502e-10 2.61213828345319e-10 4.80347761566691e-10 2.2303281443925e-10 1.18424886230706e-07 2.92433077753174e-10 4.44089730544661e-08 3.67910937271176e-08 1.59612164818412e-07
0 9.80326930744013e-14 0 1 2.26485497023532e-14 1 0 2.22044604925031e-16 0 1.09356967925578e-13 0 0 1 0 0 5.26267918132817e-12 4.86277684785819e-14 1 0 2.75857114928613e-12 0 1 0 0 0 0 0 4.72775152360327e-11 0.999999999994634 0
7.8159700933611e-14 2.97863911313812e-09 2.78690512711677e-06 1 2.77811107451953e-12 9.72555369571637e-14 8.99280649946377e-14 8.54871728961371e-14 9.06413782275628e-06 3.57824880836688e-13 4.011790899483e-12 2.93342163592003e-05 7.66053886991358e-14 2.04392058833491e-13 1 6.49535980556948e-12 2.06279437975354e-13 1 1.4075153125237e-06 4.4264591991805e-13 9.44799793956008e-14 2.13384865332955e-13 1.99840144432528e-13 7.60502771868232e-14 1.37556632751057e-12 1.34559030584569e-13 1.67084124313988e-10 7.13207271019201e-13 1.59094959428785e-13 7.4495964952348e-14
4.67625937972116e-13 1 1 1 2.12607709215717e-13 1.80300219199125e-13 1.82787118774286e-12 0.999999999997792 1.00131014590943e-12 3.78471365358735e-10 1.53810297831569e-12 2.75113265502114e-13 1.86251014611116e-12 9.66449142936199e-13 3.82804898890754e-13 1.83408843668076e-13 1.50657264441634e-13 3.47166739800286e-13 2.16837658939539e-12 2.63222776908378e-12 1.5771828287825e-12 2.24435292350833e-07 2.23376872554581e-13 1.59831037294111e-11 1.16793241744517e-11 1.74638081773537e-13 7.59725615750995e-13 1.94400051611865e-13 1.00830455096457e-12 1.61315405478035e-13
4.37130331931712e-11 6.71641631200259e-11 1.78020828526249e-05 1 1 5.8342219944052e-12 1.37546196654625e-10 6.80966394384086e-12 9.76063674329453e-12 7.31487093119654e-11 5.08537656429553e-12 8.71180905193114e-12 1.50695557256109e-05 4.20441459425547e-12 1.95202742858669e-11 4.66449101566013e-12 2.82611434254676e-09 1 1.15467135852754e-09 5.24547072444648e-12 4.28779234340482e-12 6.5598637633002e-12 4.38205027819549e-12 7.85604914455007e-12 6.28483931564006e-11 5.45385958616862e-12 1.43637768346139e-10 8.98081609079782e-12 4.92073048974362e-12 1.32291955168284e-11
7.29024339785056e-08 1 1 1 9.59672975531234e-08 7.02129404617224e-08 1.77224901309891e-07 7.03139536595287e-08 5.2566619801464e-07 1 3.55744657287715e-07 1.31985214424368e-07 6.92743116204042e-08 7.062180995554e-08 7.49581577919045e-08 9.49409534400925e-06 0.999964662933275 1.05643761072471e-07 1.39416132860504e-07 6.96779446363038e-08 7.24847211142077e-08 6.97405535543538e-08 8.37438585143957e-08 1.6278167569439e-07 1.18420165229338e-07 7.32522302815397e-08 3.15036701725724e-07 1.00152731996594e-07 5.1141026591317e-07 1.1186957693532e-07
9.51422621225939e-05 0.00152927229752065 1 1 0.00100947407394247 7.34203287033885e-06 1.87038634059666e-05 0.000708318067850988 2.93963008870524e-05 0.000116071105646598 8.24327651882673e-06 2.59836723744966e-05 1.42205066390177e-05 9.97427462745559e-06 1.13677169792936e-05 9.18494439305917e-06 1 0.000294595653545948 1.3031847836964e-05 9.7984585530897e-06 2.54364744427527e-05 7.70172890807164e-06 1.17326956711183e-05 2.45005846214452e-05 7.06526258298368e-06 0.000659417181315125 1.01345029978051e-05 1.04310378322703e-05 1 1.60895483213297e-05
0 0.999999524669073 1 1 1 0 1 0 0 0 0 0 0 1 4.75330180549349e-07 1 0.999999999999987 0 0 0 0 0 0 0 0 0.999695384553511 1 0 6.0285110237146e-14 0
5.67434987885918e-13 8.69943339587564e-10 1 1 3.01314528883267e-13 1.65534252971611e-13 5.20694598549198e-13 1 3.88050702682108e-11 7.19557746720056e-12 2.38786768136379e-12 1.70674585575625e-12 1.39921407793508e-12 1.68087765928249e-13 1 1 4.06942179953518e-09 3.81583653563666e-13 1.83330683967142e-10 5.03830310805142e-12 5.52360379657557e-11 1.19415588528682e-12 2.56148857680216e-09 3.36619621066347e-13 3.00148794707411e-12 5.76018330256112e-07 2.96540569877379e-13 1.68076441653398e-10 4.70401495533679e-13 1.31380462065067e-11
7.40935091059214e-11 1 1 1 4.41793257666134e-06 1.87033721843477e-11 4.80959827520167e-10 8.13308309588479e-11 6.26688478888582e-10 4.56747972776839e-11 1.17538011545903e-07 1.81491488504548e-11 7.74083019905447e-11 1.27951316208907e-10 7.62407914578489e-11 2.24021912131889e-11 3.70288200102209e-09 3.02140534813589e-11 2.52788900922951e-11 1 3.06092595714347e-10 3.56367046983053e-10 3.14674952761607e-11 1.77400316658805e-11 1.90137905420329e-11 0.999999855867614 1.72752256943909e-10 2.27127205931765e-11 0.999999999999916 1.75218728415416e-11
4.73781880394597e-09 1.17583326408877e-08 1 1 5.9681533270961e-08 1.1397182198003e-08 4.00556821045228e-09 1 3.99927291283575e-09 1.19593447922561e-07 1 5.05111808634107e-05 4.01233934965717e-09 1 1.26165979885684e-08 2.02623090872489e-06 1.04848877358066e-08 4.18279277880629e-09 1.01475430291931e-06 8.32486830582013e-08 2.64225800128415e-08 3.7773681516029e-08 4.711125841661e-07 0.000249426058037794 4.56055349040696e-09 5.24422871794883e-09 9.72529101694874e-09 2.67366506712108e-08 5.80930460403195e-08 4.4498153495276e-08
2.92427463355338e-08 1 1 8.57802950893216e-09 0.999988812016865 3.24062998657837e-12 2.92499358067744e-12 1.53522750068191e-11 4.56372717394515e-11 8.60080739961688e-09 6.18229911708568e-11 1.61381892294088e-08 5.7379434537097e-11 3.82726639269748e-08 8.49764703048095e-12 6.24316187636254e-09 2.8217428393873e-12 4.10138589757025e-12 3.73845399082029e-12 2.92554869218975e-12 9.84579084928328e-12 2.78140621645662e-10 3.77431419451568e-12 1.38636258029123e-09 4.27913260381274e-12 4.94737584233462e-12 3.93585164459864e-12 3.59302587682464e-10 2.86137780136642e-12 5.54986945289215e-10
0 0 7.11686265475464e-12 0 0 0 0 0 0 0 5.17363929475323e-14 0 0 0 0 0 0 0 0 0 0 1 0 0 0 0 0 0 0 0
9.2148511043888e-15 1.4210854715202e-14 1 1 2.79998246810464e-13 7.32747196252603e-15 8.10462807976364e-15 3.25073301610246e-13 4.80726569662693e-14 3.21964677141295e-14 7.21644966006352e-15 1.69864122767649e-14 3.50830475781549e-14 7.66053886991358e-15 2.57427412719835e-12 1.4432899320127e-14 3.80029341329191e-13 1.93178806284777e-14 7.7715611723761e-15 6.88338275267597e-15 1.70974345792274e-14 8.54871728961371e-15 1.9817480989559e-13 1.18793863634892e-14 1.22124532708767e-14 8.55981951985996e-14 2.61024535319621e-12 0.999999971772685 4.96269692007445e-14 8.65973959207622e-15
0 0 0.999999999999974 2.57571741713036e-14 0 0 0 0 0 0 0 0 0 0 2.22044604925031e-16 0 0 0 0 0 0 0 0 0 0 1 0 0 1.44051437445114e-12 1.11022302462516e-16
0 1 5.44009282066327e-15 1 0 0 0 5.27689003604337e-13 0 0 0.999999999887829 0 0 0 1 0 0 0 1.11022302462516e-16 0 0 4.44089209850063e-16 9.99200722162641e-16 0 0 5.55111512312578e-16 0 0 1 0
2.32877273020904e-10 1 1.76540648766377e-09 1 3.18070147997673e-09 3.02018632325485e-10 0.99999902677793 2.0650478127493e-05 6.53444379716817e-08 1.2958982775757e-09 2.77559630834645e-09 1.93228100187071e-10 3.77417241903544e-09 3.12022629955777e-10 2.71279110286571e-10 1 2.1680701678406e-10 0.999999999782329 1 1.66538005608174e-10 0.0020502048251676 3.46000672557523e-10 2.03703435331937e-05 3.71000422605405e-08 6.17773165956237e-10 4.77966562263399e-05 5.77288975511792e-07 2.84220116120171e-06 1 3.66681129904123e-10
3.77159414810535e-11 0.999999562113482 1 1 7.75368658167963e-12 1.63170588152184e-11 6.97764068746665e-12 1.08869580017767e-11 7.33135774311222e-12 5.23331378232683e-11 1.48457912629851e-11 1 1.71678227189886e-11 0.999999999999991 6.94200252837618e-12 0.00113974065616096 9.28157328772272e-10 2.29687602271156e-10 4.80587791784615e-11 3.24783533400819e-11 1.33977207106284e-09 6.35602681597902e-12 1.80543358041518e-11 1.13953291247526e-11 1 6.16506845574349e-12 1.09252606961263e-11 1 2.55982357533213e-09 1
0.0189395676471154 1 1 1 4.85091473656496e-07 7.23872355390398e-08 2.93586945210311e-06 7.02622097170646e-08 2.85144177269991e-07 1 9.22203784448072e-08 9.55863650453637e-08 1.55371386867387e-07 1.15666267785919e-07 2.94081786922362e-07 1.59043733960473e-07 0.999999999999997 9.61039947622311e-07 3.74112422950601e-05 4.89773586132003e-07 2.29827744724354e-07 9.19137267518799e-07 6.24590095084088e-05 9.10428327172141e-08 2.50965623060928e-07 8.78490343914073e-07 5.33052779028154e-07 2.27178631573288e-07 5.88240377075167e-07 1.2304799934526e-07
7.05580038840026e-12 1 1 1 6.83464396189493e-12 2.33907337943151e-11 5.86843906802414e-11 3.86884968506251e-10 3.24854809719e-10 1.56121782168839e-11 4.99997702946287e-05 1.00963681859412e-11 7.17559345275731e-12 3.79735132227665e-11 7.72439889829002e-10 3.75357522841568e-11 1.81125114906422e-11 1 4.6378578755224e-10 6.93467505641365e-12 7.38109573461543e-12 1.25733423672614e-09 1.80254255965906e-10 2.60106380878256e-11 2.57792120983424e-10 6.42830233488212e-12 6.90198503905393e-08 1.39698252965559e-11 1 2.69683164688672e-11
1.64642416040639e-05 1 1 1 8.60365456822887e-06 0.000863780855706264 0.000348159088048416 2.22942849398278e-05 1.92188557722739e-05 0.00034533273495907 1.65879519250511e-05 9.32396691832871e-06 9.74780799700703e-06 8.79494393346558e-06 1.0708992405295e-05 1.4929443334033e-05 1 0.999999941639347 8.59271437814169e-06 5.27612736272998e-05 0.999999999995993 0.000141760179183548 4.01348537140134e-05 1.40799554300131e-05 0.0060181461946357 1 0.00245696723259647 1 6.74070462949317e-05 0.00472497277593631
7.12718772888365e-12 1 1.13242748511766e-13 1 1 8.59312621059871e-14 2.93765012315816e-13 3.57947005369397e-12 1.48125955945488e-12 1.70530256582424e-13 1 4.71206789587342e-07 8.90398865749376e-14 2.44959608153295e-12 3.44424488929462e-12 1 3.3673064336881e-13 7.83508369295305e-10 4.62407889756378e-13 3.21773552247606e-09 1.06470388061553e-13 2.35145236615608e-13 0.999999999684343 3.28281846151413e-12 1 8.4821039081362e-14 1.08246744900953e-12 3.80262488164362e-12 5.58775248293841e-13 1
2.3110563907025e-08 6.37449322216099e-08 1 0.000792217050822996 2.32247879816683e-08 3.04417882013297e-07 9.86700302574306e-08 6.27092439753341e-07 2.40638041715258e-08 4.82540333301973e-06 1.28482802175256e-07 5.64521052126565e-08 2.46697627881431e-08 6.95905422176679e-08 2.49658297368782e-08 3.24055026146297e-08 2.71878351254529e-06 3.00360866178906e-08 1.92546789068437e-07 7.16831222491443e-07 0.999999999999999 2.1442653517223e-06 3.04030095543695e-08 1 1.08279444788195e-06 1.21852193057936e-06 3.10637878753184e-08 2.4317864865564e-05 4.27581803008614e-06 2.87005553101238e-07
3.33066907387547e-16 0.999999999999935 1 1 3.33066907387547e-16 4.21884749357559e-15 4.44089209850063e-16 3.33066907387547e-16 2.22044604925031e-16 2.22044604925031e-16 5.68101121700693e-13 9.36628552494767e-12 3.33066907387547e-16 5.99520433297585e-15 3.33066907387547e-16 2.22044604925031e-16 3.15414361296007e-13 1.4432899320127e-15 9.99200722162641e-16 9.99200722162641e-16 3.33066907387547e-16 9.99200722162641e-16 1 6.66133814775094e-16 3.88578058618805e-15 4.77395900588817e-15 4.44089209850063e-16 0.999999993050504 6.66133814775094e-16 5.77315972805081e-15
1.74344194636689e-09 4.60884463926448e-09 1 1 2.91172375099791e-09 1.73671987901969e-09 2.61806798462771e-09 1.89865767552533e-09 8.77696915146942e-09 5.49799165083797e-08 8.98436246510315e-08 2.72075895146884e-07 0.000247340897911008 1.39321245860025e-05 2.57485011090353e-09 1.93251614710732e-09 1.36400681860493e-08 3.98719411820458e-07 3.51923212338345e-06 5.94207061332952e-09 5.16934695049542e-09 4.47378900592099e-09 2.26929157687294e-08 1.75579084604749e-09 6.09353671965351e-08 2.55463383780352e-09 2.33788188808148e-09 1.72007308396616e-09 0.999999854301389 1.86376458710669e-09
1.85435000688017e-11 6.27387031215676e-12 1.63009471375597e-05 1 5.38613598166648e-12 6.52500276032697e-12 1.03316233346362e-09 0.999999998218923 7.44115880024765e-12 1 6.2941873935074e-12 8.35469804449929e-10 1.54947166208785e-11 1.07541753280316e-11 1.29894983658119e-11 3.51533135933835e-10 5.21127585528802e-12 0.999999999576776 9.44655464962807e-12 4.09855482885746e-10 2.61869637085965e-10 5.69584379661592e-11 1.97063032558731e-10 1.82406623139286e-09 2.01651473297204e-10 1.29967925310837e-10 8.53084269891724e-12 5.80117609505493e-09 3.01077012210271e-08 3.45750095220865e-11
6.41370223597448e-09 1.36155870065213e-05 1 1 5.3582471792879e-11 5.635839572804e-10 8.71427374704581e-11 4.03519995195722e-10 1.82463544273759e-09 8.8017426680409e-10 5.42884626142381e-11 1.96472467073328e-07 7.56597007267601e-11 9.90012516410843e-11 1.88725368666098e-10 1.6204237951456e-10 7.18203163607711e-10 5.1836646086656e-11 9.19397891152585e-11 9.70406865974383e-10 1.13666143164437e-09 7.10199676845491e-11 4.69640992761811e-11 0.99989380161319 9.8374419721381e-11 8.88391582520853e-11 1.00017993887036e-10 2.16442641587378e-10 6.52141229906533e-10 7.67006458346486e-11
8.83138007168327e-12 1 1 1 6.35249171188068e-05 5.58530999228424e-12 6.01740879346835e-13 6.1819438457178e-12 4.21462864608202e-12 8.42881320295419e-13 3.18911563823576e-12 8.74311734122557e-12 5.20250509339348e-12 0.00516987663881674 8.24673662691566e-13 2.12253992160072e-10 8.55315818171221e-13 5.18851628328321e-12 0.999999999999355 1.54432022725359e-12 5.43054490265149e-12 1.15685239165941e-12 1.95077287656886e-12 1.39988021174986e-12 5.68989300120393e-13 6.3984373355197e-12 1.07009179295403e-10 4.30566693410128e-12 7.50510764646606e-13 1.58828505902875e-12
2.39830352932735e-06 1 1 3.2317708476004e-07 4.23887303035997e-09 3.41154993144244e-10 7.82897080497946e-11 3.27194493721095e-09 1.75230052690267e-10 0.999999999999737 1.32159577356239e-05 2.83693513125627e-10 6.48010312076508e-10 1 1.20845111695189e-10 1.29461885656212e-10 6.94061141892632e-10 0.999999999999996 2.77253331404381e-10 7.25807192125671e-11 9.00407526316371e-11 2.36484387627911e-10 1 8.26464452430287e-11 8.55735482474529e-11 1.56439305953882e-10 1.03047903543541e-10 7.37491179236827e-11 2.93077884183646e-09 2.27555307930061e-10
2.76040301727676e-10 1 1 1 1.09152242799837e-10 1.33376421018738e-10 1 2.60780397276505e-10 1.52315648982437e-09 1.74271708175411e-10 1.08343223281793e-10 1 1.98254106420492e-06 7.02893965254248e-10 1.00015537407572e-07 1.19216636562669e-10 3.05876446393682e-09 1 2.03586836389213e-07 1.99682359536268e-09 1.11446185613318e-10 7.0824024422933e-10 4.16301215722115e-09 1.17365228646804e-10 0.999999190877183 1.16615939127485e-10 3.08152592332078e-09 1.66716862537442e-10 1.20492831268137e-08 1.15060960759195e-10
3.6940087009274e-06 1 1 1 2.76002298793543e-09 2.65787392095262e-13 6.25233198547903e-12 6.35602681597902e-13 4.71733763163229e-13 5.40123501480139e-13 1 7.05213665241899e-13 1.14575016141316e-13 1.30062627334837e-12 1.60506052893084e-11 2.06168415672892e-13 5.3268500721515e-13 1.49213974509621e-13 2.68940425485198e-12 2.31370478331883e-12 3.74589248508528e-13 2.21164198066504e-10 4.91051643791707e-13 1.47104550762833e-13 1.10356168647741e-13 3.65723007433871e-11 1.21458398893992e-13 4.40092406961412e-13 9.47186773458952e-12 7.0796701834297e-12
1 0 1 1 0 0 0 0 0 0 0 1 0 0 0 0 0 0 0 0 1 0 1 0 0 0 0 0 0 0
1.7744676642617e-05 0.000362839624186595 1 1 5.17890983064984e-06 0.00512417778141139 5.46595316253118e-06 9.31649613211682e-06 0.000148042091150269 2.62962932716659e-05 5.30662217490541e-06 1.96448194902388e-05 1.49173852059814e-05 6.83020403524637e-06 9.73347001598235e-06 8.7146008428407e-06 5.16549926099508e-06 4.23342814159788e-05 5.36302514630993e-06 5.79263267908026e-06 5.1955450728336e-06 1.51330495508084e-05 9.58391473238063e-06 5.87382983707752e-06 5.37072030493135e-06 4.45370135833123e-05 1.1968329800216e-05 1.26687247857804e-05 1.51281522305924e-05 5.08119944198082e-06
1.63202784619898e-14 6.68671182868508e-08 1 1 2.02060590481778e-14 2.75723611342649e-06 0.999061527273397 1.34114941374719e-13 6.43929354282591e-15 1.34992017564173e-12 3.11972669919669e-14 6.21724893790088e-15 0.999895978978016 9.54791801177635e-15 1.66755498298699e-13 8.54871728961371e-15 2.22044604925031e-14 1.62758695410048e-13 2.68673971959288e-14 2.28927987677707e-13 1 6.79750700172121e-11 1.89004367712187e-12 7.54951656745106e-15 1 5.23359133808299e-13 8.11573031000989e-14 1.45650158600574e-12 1.15463194561016e-14 6.43929354282591e-15
0 0 1 1.11022302462516e-14 8.65973959207622e-15 0 0 0 9.52571355128384e-14 1 0 5.35461941453264e-09 1 8.28226376370367e-14 6.32827124036339e-15 4.77395900588817e-15 0 0 1.11022302462516e-16 4.44089209850063e-16 9.54791801177635e-15 3.81754653666633e-07 1.47759582347362e-12 4.44089209850063e-16 1.11022302462516e-16 2.22044604925031e-16 0 0 1 6.99440505513849e-15
1 1 0.999996054293036 1 1.41464617797737e-12 2.31433761044286e-11 3.38159169555041e-08 1.95088389887133e-12 2.94860802441121e-11 1.19226850614496e-12 8.28465074320661e-11 1 8.99946783761152e-13 6.69058142221957e-11 4.86022333490155e-12 2.49885667713556e-11 8.22941714773151e-12 1.07147624106574e-12 2.27161622845529e-11 1.84652293455656e-12 2.07711625677121e-12 5.41168221346311e-10 1.37834188507213e-12 1.85388371320983e-11 0.000127628936238411 1.81588077907691e-12 1.0934486649461e-10 4.7546411252597e-11 1.63102864547682e-12 2.64379185210828e-10
1.12193587753495e-11 3.54098972366046e-11 2.78904677131209e-11 1 4.50217640945993e-12 4.78852513197126e-11 7.84126097386206e-11 2.71316302757896e-12 2.00070071620928e-10 3.75754982684384e-12 4.55532578325091e-09 6.35757002598325e-11 1.93367544198964e-12 3.382405466823e-12 5.09892128519596e-12 5.13894482523369e-11 2.94297919367636e-12 4.67337279985713e-12 4.73010519641548e-12 3.85691478754779e-12 4.02396590493126e-08 1.87427851017219e-12 1.65011626584999e-09 0.999999999999999 3.81998765952574e-10 6.39055475204486e-12 1.50863765924214e-11 1.96298532983974e-12 1.78812520346128e-12 1.52074697279403e-09
9.70890035034699e-13 1 2.53845411399833e-05 1 5.37347943918576e-14 1.63868918434673e-13 7.23242842393113e-07 2.55351295663786e-14 2.46469511466785e-14 4.05497857514092e-12 5.44042588757065e-12 4.56301663120939e-14 2.2456385306846e-08 3.78586051397178e-14 9.1926466438963e-14 2.79332112995689e-13 5.54277734821085e-11 1 3.03090885722668e-14 2.48689957516035e-14 5.52891066263328e-14 3.26520818161313e-07 2.57571741713036e-14 4.73732164607554e-13 2.03296268708186e-11 8.1468165546994e-13 2.4980018054066e-14 3.01725311402379e-12 2.14151807398366e-10 3.48143736061957e-12
2.36921593455008e-13 2.36921593455008e-13 1 8.7163609663321e-13 2.09156025832158e-11 3.47388784405211e-13 5.92192961335058e-13 2.70750089015337e-12 1 1 3.14004378054733e-12 5.22359933086136e-13 2.24043006369357e-13 1 2.60125254669674e-13 1.84618986764917e-12 1.89620263935097e-09 1 1 2.22377671832419e-13 7.40248218278339e-09 3.07420755518706e-13 5.90638649100583e-13 2.16170192857135e-10 3.73701070088828e-13 1 2.24598117881669e-13 4.68649341556215e-10 2.75446332409501e-13 3.02868841117743e-13
0 0 1 1 0 0 0 0 0 1 0 1.11022302462516e-16 0 8.21565038222616e-15 0 4.44089209850063e-15 5.55111512312578e-14 0.000858635046486977 0 0 0 0 7.50670636762152e-10 0 2.03469633364151e-08 0 2.22044604925031e-16 2.55351295663786e-15 1.11022302462516e-16 3.21964677141295e-15
0 1 1 1 0 0 0 0 0 0 0 0 0 7.33191285462453e-13 0 0 0 0 0 0 0 0 0 0 0 1.11022302462516e-16 0 0 0 1.46338496875842e-12
4.44089209850063e-15 2.55351295663786e-15 1 1.21268661779084e-10 2.22044604925031e-15 1.77635683940025e-15 5.55111512312578e-16 5.55111512312578e-16 1.44481093755644e-11 5.55111512312578e-16 2.22897511559239e-09 4.44089209850063e-15 1.90958360235527e-14 1.36348710100265e-11 7.43849426498855e-15 1.77635683940025e-15 6.66133814775094e-16 1.4432899320127e-15 5.01241199102331e-07 1.4432899320127e-15 5.99520433297585e-15 0.999892426903197 3.98620025876539e-11 1.15463194561016e-14 5.55111512312578e-16 2.02060590481778e-14 6.77236045021345e-15 1.14352971536391e-14 1.08801856413265e-14 9.43689570931383e-15
0.000161571100887437 0.000210340812379806 4.49948026282065e-07 1 4.12307857855509e-08 1.08699130363377e-07 3.65514628564156e-08 4.35739506698951e-08 6.77854517183718e-06 5.46630893882849e-08 1 1 4.01738758926129e-08 0.999999999999999 1.30958861876973e-06 3.33055296675155e-08 2.81721042716399e-07 4.98337345833377e-08 0.000508833143040732 0.000100064652218124 3.45312876071091e-08 2.85931036625442e-08 1.58572198594165e-07 1.97143617097773e-07 4.05922730983832e-08 7.05960778724091e-08 3.76826092507443e-05 3.34079960362388e-08 5.81509017605342e-08 9.60235393532294e-07
2.29246244209946e-09 1 0.999999999984972 1 9.4269081429843e-10 3.76931597045882e-10 4.18978335359199e-08 2.58628451987875e-10 1.87769688686501e-10 1 1.66059932471541e-09 8.81654527162823e-10 2.19585793992394e-10 2.5290203264916e-10 1.2103810176356e-09 2.78481571136524e-10 1.91707649754846e-10 1 3.75845892186533e-08 2.71234544824139e-08 4.37040181822113e-10 0.999999999999973 2.05637940009495e-09 2.44933384907497e-07 1.90825867329991e-08 3.35905081527699e-10 1 1 1.89521731641662e-10 7.71391395204546e-10
8.45144163541534e-08 1 1 1 1.81595627424258e-10 3.43324590978966e-10 4.88155404987367e-10 7.06207314848939e-11 5.75623992915553e-11 1.11129727642378e-09 5.39421840528576e-11 2.03610128757248e-10 1.10854214696587e-10 2.78261033104243e-08 1.28177635172477e-09 7.42331529579587e-10 8.42726999294996e-11 1.74814385189848e-10 3.08409182636638e-08 3.19616111355003e-10 5.48076029005529e-11 9.69395674843554e-11 6.12829120782976e-10 8.82636186361196e-11 9.03340768854122e-09 6.49117426476664e-11 5.69980729281383e-11 2.99998914599087e-10 2.31790343585558e-08 5.40197886422789e-11
2.24609331134218e-09 3.18226378581699e-09 0.999999959365964 1 1.84009918413608e-10 5.61379200902934e-08 1 4.52082926649666e-10 6.89312829038613e-10 1.60424562523076e-10 3.73278630227958e-10 0.00128376753086701 6.62461752121146e-10 4.66904626073017e-10 1.32818045450733e-09 1.87908022475369e-10 2.18711604382804e-10 3.06768821456416e-09 5.94079119231594e-10 1.75690240133974e-10 2.15593098928935e-10 1.60698454543251e-10 5.86954531645034e-08 2.88090107325445e-10 1.58745683265238e-10 1.64183777684457e-10 1.93353555388853e-10 1.6567105343146e-07 0.999999999999932 1.79425141411116e-10
3.38407879496572e-09 6.83033074544426e-10 1.87328619283278e-09 1 1 7.06001701544778e-10 4.9878002283954e-08 6.47503717310371e-10 2.98222386152514e-06 6.5671268423273e-10 1.79860937254972e-09 3.19008098081941e-06 2.50757945519098e-08 1 0.999999948498479 3.67717651561517e-06 3.53658792973111e-05 6.96825486201647e-10 6.71013133946019e-10 1.76444470145753e-08 7.08839764662628e-10 1 2.29219021541383e-08 3.85872089836425e-09 6.22962459395637e-10 1.49574335139846e-08 1 7.69375896325641e-10 6.23394691423584e-09 2.07293560094968e-09
3.66862096257137e-12 2.94134983036543e-09 1 1 1.58761892521397e-14 3.10862446895044e-15 7.00606350712007e-10 1 3.68594044175552e-14 1 7.27196081129478e-14 1.093669599328e-11 5.44009282066327e-15 2.88657986402541e-15 3.45945494473199e-13 3.11698928889825e-08 1 5.73985303731206e-14 1.42022862514857e-06 7.70827845997246e-13 6.21724893790088e-15 1 6.32827124036339e-15 2.77555756156289e-15 4.66293670342566e-15 5.67323965583455e-14 2.29816166097407e-13 5.99520433297585e-15 2.71578315391707e-11 1
0 1.54987134237672e-13 1 1 0 1.8558840160221e-06 9.97298854610307e-09 0 0 0 0 0 2.22044604925031e-16 2.22044604925031e-16 0 0.999999993790649 1 0 0 0 0 0 0 2.88657986402541e-15 0 0 0 0 0 1
2.73825406793549e-12 1.36401863003455e-05 1 1 3.66151553521377e-13 7.67386154620908e-13 7.90922882742962e-13 3.69149155687865e-13 5.83089132533132e-13 8.18101142385785e-12 6.49924558615567e-13 4.53082016349526e-13 3.45472539464708e-11 6.68841648732155e-11 4.16267020852956e-12 3.58379992349001e-13 1.04238839782056e-12 2.37321273743873e-12 1.15663034705449e-12 2.17004192393233e-12 7.18380910313954e-12 3.5704772471945e-13 3.45945494473199e-13 5.94524429686771e-13 4.0645264931527e-13 1 2.7122027734805e-08 3.45934392242953e-12 7.76811948099976e-12 1.15685239165941e-12
1 2.08866257622731e-12 1 6.93889390390723e-13 2.4980018054066e-14 2.52515786058893e-11 9.00279850668539e-13 3.62330043746084e-09 2.89768209427166e-14 2.34368080498371e-13 2.17603712826531e-14 9.30366894635881e-14 2.63122856836162e-14 2.63122856836162e-14 2.47912801398797e-13 1 2.6878499426175e-13 2.96429547574917e-14 3.41948691584548e-14 2.65343302885412e-14 1.24467103290726e-12 4.78506123613442e-14 5.49560397189452e-14 3.27515792264421e-14 2.1493917756743e-12 2.69007038866675e-13 1.26256782806422e-11 8.21333971945393e-08 3.24185123190546e-14 3.86357612569554e-14
1 4.24507262675178e-09 1 1 6.95224598001865e-07 2.68806243930442e-09 1.88234183795544e-09 1.85990289836013e-09 2.01658900689239e-09 2.344571037316e-08 1.22579215666718e-08 2.8070262936275e-07 4.81567715704401e-08 1.5942267728164e-08 2.54292114476584e-07 2.99234836909079e-09 3.22823319187648e-08 4.15565787337258e-08 1.99551297708211e-09 3.19013672811508e-07 1.37903796160188e-08 3.80679365807879e-09 4.33688063239401e-09 2.48634468569264e-08 4.73099659448195e-09 4.32473545863843e-09 2.28803853641324e-09 2.56238419371613e-09 2.81012213498855e-09 7.9193618152118e-07
1 1.38846037933682e-06 1 1 3.87122651490657e-07 1.34685008590374e-07 1.08106511964579e-07 8.29736109375645e-07 8.3106761549212e-06 0.000117656121040643 1 3.42807701780856e-07 9.2608302026953e-08 2.44948164085379e-07 6.47821846166963e-07 2.17314238271094e-07 1.57440938286513e-07 0.00155391920540315 1.41656788354982e-06 1 9.50865063353845e-08 1.37993472308917e-05 1.43979454739762e-05 2.12911000052607e-07 1.41730214342495e-06 1.03213455227014e-07 2.56053024894065e-07 1 5.57441924731172e-07 1.05334357569653e-07
9.61239169372519e-08 3.25286780733514e-07 1 3.66597956952264e-05 9.05169752485335e-08 1.11830341986696e-07 7.10932830365607e-05 1.1871585203771e-07 4.2989777626623e-07 9.04047267047403e-08 9.58796007033413e-08 1.66146993496596e-07 2.6880813164265e-07 9.4496689917456e-08 1.60010270144895e-07 1.19352385197224e-07 1.27983706188495e-07 3.59394230597943e-07 2.34000944399071e-07 2.81638417432006e-06 2.0191038827555e-06 1.43012663544884e-06 1.067979570335e-07 1.92435084755971e-07 1.25668660999612e-06 0.00012448397046716 2.65807408417196e-07 0.99999999999999 8.76434603780396e-08 2.02812915905959e-07
1 2.16107132189336e-11 1.48894074315509e-05 1 4.35540492560449e-13 1.6109336087311e-12 4.45865566689463e-13 1.18010066163521e-08 3.26849658449646e-13 3.71813690946965e-12 9.41239308716035e-11 2.02282635086704e-12 9.83740381202969e-05 1.53976831285263e-12 5.35904653986563e-13 6.52922160782055e-13 1.18405285576273e-12 1 3.45795503342572e-10 4.88276086230144e-13 3.55604434787438e-13 3.7203573555189e-13 5.33417754411403e-12 3.68505226333582e-12 3.32966987315331e-12 1 1 0.00118545471450804 1.70407021826691e-11 1.32572841593515e-11
0 3.12215808762062e-10 1 1.76747505520325e-13 1.0175982279037e-10 0 0 0 0 4.77395900588817e-15 0 1 1.4432899320127e-15 0 2.77555756156289e-15 0 0 1 0 0 0 1.77635683940025e-15 0 2.01838545876853e-13 0 2.22044604925031e-16 0 1 1.11022302462516e-16 0
8.79780491247484e-06 0.999999976050695 1 1 3.61813912164166e-10 3.18675974497751e-10 4.42048175841592e-10 3.01219160725452e-10 4.02901273455214e-08 1.53082864273735e-07 4.89453366725456e-10 2.0366307229569e-07 8.43582648180075e-10 6.24872042997993e-10 4.24112152064282e-08 5.79383396814848e-09 2.89245627449475e-10 1 5.369342748196e-10 1.00056296581386e-09 2.8421798248246e-10 3.35868444167886e-10 2.84125389882206e-10 1 4.47337056286301e-10 3.29619487260402e-09 5.55767547139041e-06 1.36729760846777e-09 4.61756455294449e-08 1.01300241528435e-08
0 0 4.66293670342566e-15 1 0 0 2.90489854393172e-12 0 0 0 0 1.11022302462516e-16 0 0 0 0 1.29152244454644e-12 0 0 0 0 0 0 0 0 0 0 1 0 0
2.12792721487887e-06 1.46933687439343e-10 1 1 3.87226695153231e-09 1.34372846183339e-10 5.58457724508798e-11 9.07726955967636e-06 1 1 2.13047002262101e-09 1.58071333800081e-10 7.22464310598525e-11 9.67604885104834e-11 5.24496961118448e-06 4.122879815327e-11 1.57119761645674e-10 5.96300786526172e-11 6.50636322596654e-10 8.1672123439791e-06 6.78732958725448e-10 3.86764920090599e-09 2.68302932671105e-06 9.89447412891309e-11 1.47948209239246e-10 4.00373225684092e-08 7.53349826965177e-10 9.08457753467928e-11 8.04074617999362e-09 1.15392271513581e-05
3.14356365382906e-08 1.01721929657295e-06 1.69118008264135e-07 1 2.14466903236676e-07 1.17527553689101e-07 5.36519769722688e-08 2.28816260383624e-08 0.999999999344451 1.18602789922484e-07 1 2.48096443389301e-08 2.90830015625687e-08 1.97846177218963e-08 1.46937549905246e-08 3.12816338388089e-08 1.53943241487653e-08 1.81328152493165e-08 1.99091023667108e-08 3.74856784279842e-07 2.56676959686786e-08 0.999999999999537 0.000910252557939861 2.00260560356824e-08 1.27603597799286e-07 1 5.70218063877803e-08 1.48760639362422e-08 1.60847205554759e-08 1.71433592933701e-05
0.00722584870366583 1.06810780260425e-05 1 1 8.07978100092477e-07 1.11977977357292e-06 7.8159506078368e-07 8.63956344909766e-07 2.92770675802689e-06 8.3219142577029e-07 0.999984640833744 4.32495318648529e-05 1.11372804643128e-05 1 1 7.52801588954632e-07 3.88555827690595e-06 4.23398770236227e-05 5.06489785163655e-05 8.04873019566443e-07 7.24195259094174e-07 1.52634121819428e-06 0.00118879958226337 1.17119491327422e-06 7.02896750359727e-06 2.28792010256162e-05 7.14642915711217e-05 1.16192755816868e-06 1.1198659177758e-06 5.98722388979178e-05
1.33435484883648e-11 6.24174378849318e-10 1 0.00462516614915442 7.53186402135952e-12 1.28225208229082e-10 4.91073848252199e-12 4.35095615092251e-08 3.12605497043705e-12 1.86308413141489e-10 4.6287418342672e-12 2.97029068008214e-12 6.51159589581951e-08 2.30580099458422e-09 1.14759313163404e-11 1.50990886460534e-10 9.39690547596683e-11 3.89888121787862e-12 2.91766610871491e-12 3.41104922085833e-12 5.75328673591002e-12 2.2286962275686e-09 3.24873461465813e-12 1.31543664849687e-11 5.28443955261082e-12 4.16677803372068e-12 9.31699162265431e-12 4.04121180963557e-12 8.95462881622677e-09 1.29881660981823e-11
0.999999999738746 7.79242049775419e-08 1 1 7.11910300446039e-05 5.03118902095423e-09 9.77113212563552e-09 5.44927669654527e-09 9.31991184227599e-08 1.02406393365229e-08 1.69826877449708e-07 7.12785108714087e-09 3.24121396388932e-09 2.49129933349579e-08 5.92028803758637e-09 0.000443793104024981 4.22638302133294e-09 1.34178440691635e-07 2.35035609863488e-08 3.57697192976403e-08 6.67770072571017e-09 2.80746071079641e-06 5.81943803146245e-08 1.17199497440268e-07 9.44033251570886e-09 1.20014634896748e-08 0.999999999999998 2.9318942829093e-09 1.0318781606955e-08 4.3329303837103e-06
0.999999997367498 1 1 1 0.000899293460292716 1.93893123778821e-10 5.47316636456685e-11 5.48953105194983e-11 8.31359425745859e-11 1.43623002379911e-10 3.53020945809135e-11 4.48512338380169e-11 0.999999380322135 2.23482821137821e-09 3.02597835677432e-10 3.38229133589607e-09 5.52100587469795e-11 6.94606317142021e-06 7.82536258014943e-11 0.994264236578809 3.76849662586665e-11 3.58597666350047e-06 5.03082020486545e-11 5.22438758920885e-11 4.28088675619165e-11 0.00484410545819525 7.32726102015135e-11 1.18626442002778e-10 1.04522057675638e-10 3.52958773319756e-11
1.23679955166267e-11 1.04365405206863e-11 0.000547481821443485 1 1.13818954261546e-11 6.76666500609713e-11 1.57813810353069e-07 1.10692788268807e-10 1.02214332065031e-06 1.61483049154754e-11 3.44344219804782e-10 7.88594745060323e-11 3.00633173910825e-09 7.62616636507119e-11 1.19103171769552e-10 2.45095055362299e-11 3.23795845691421e-09 2.7609909913906e-09 2.42498033875549e-07 1.38456501819206e-09 7.55630003013152e-11 1 2.72192268724325e-11 1.79599668470587e-11 1.55367940735118e-11 7.25581816851673e-11 8.92386164963455e-12 0.999999568193566 1.51411105875354e-11 1.4939383063961e-11
6.9240280176075e-11 2.89187553903503e-08 2.63201700101412e-07 1 1.95732319241415e-12 1.06161746060707e-11 1.223243728532e-12 0.999930084041928 1.62891922173003e-12 1.45639056370328e-12 1.74585335077637e-09 4.72000216689139e-12 2.10353956475728e-12 1.13420384195706e-12 1.87505566628943e-11 3.25903748432665e-11 1.94523286367598e-11 1.19471099679913e-12 1.15960463453746e-10 4.13435899293546e-07 1.37020395030163e-11 2.14595008429797e-12 1.31705757411282e-12 1.2990284128267e-05 2.21640483744068e-11 6.85540513245542e-12 1 1.22224452780983e-12 1.47110656989469e-10 3.41971895245763e-10
4.49773551736143e-12 2.58233434635713e-11 1 6.84734953182442e-08 6.39599484486553e-13 5.17363929475323e-13 2.85438339631128e-13 4.72066830070617e-13 6.49097098293083e-09 4.79838391242993e-13 1.16865406241118e-11 7.28690441320623e-11 2.95652391457679e-13 2.44582132324922e-13 8.59972093536499e-11 2.28181917805159e-11 2.41029418646121e-13 1.13931086787034e-12 8.52984349819508e-13 1.12654330308715e-12 1.79223302865239e-12 0.999831155283996 1 1.61337609938528e-11 6.42256704042055e-07 2.54352094941623e-13 7.41751104982313e-12 1 7.40540961885472e-12 2.90767410149328e-13
0 2.22044604925031e-16 0 0 4.44089209850063e-16 0 2.34257058195908e-14 0 0 0 0 1 0 1 0 0 0 0 8.61977156318972e-13 0 0 0 0 0 0 0 0 0 6.66133814775094e-16 0
0 8.54871728961371e-15 1 0 0 1.4432899320127e-15 1.02373665100686e-12 0 0 0 0 0 0 0 0 5.55111512312578e-16 5.32907051820075e-15 1.11022302462516e-16 3.88578058618805e-15 3.83975218287702e-09 0 1.11022302462516e-16 0 1 0 0 9.41958733235992e-11 1.06117309384146e-08 0 0
0 1.11022302462516e-16 2.86126677906395e-12 1 0 1.11022302462516e-16 0 1 1.66533453693773e-14 0 0 0 9.41469124882133e-14 3.33066907387547e-16 0 0 0.999999955302822 0 1 3.33066907387547e-16 0 0 1.11022302462516e-16 0 0 0 0 1.11022302462516e-16 0 0
1.34487976310993e-11 5.39679412270289e-13 1 1 3.38618022510673e-14 9.52443013346738e-10 3.06421554796543e-14 3.75255382323303e-14 2.4737078108128e-07 9.91984272502577e-13 3.1641356201817e-14 7.0832228971085e-14 0.999999994821581 3.47832873615062e-13 4.74065231514942e-14 2.53796983429311e-13 1.08733589699872e-05 6.88338275267597e-14 2.25830110167635e-09 6.66133814775094e-14 1.88482562890613e-12 1.49813494942919e-12 2.29261054585095e-13 0.999999999971982 8.07132138902489e-14 9.34807786734382e-14 5.68656233213005e-13 1.75526260193237e-13 4.34597569043405e-09 3.59379193071163e-13
0 0 1 1 0 0 6.66133814775094e-16 0 0 0 0 0 0 0 0 1.60185781306055e-08 0 0 0 0 0 0 0 0 0 0 0 0 0 0
0.000116080985142264 0.999999999999891 1 1 1.80796588259424e-05 9.57685484703763e-06 8.10865637601577e-06 3.81278134264917e-06 4.2049674423561e-06 5.45905810056535e-06 1.04667892857346e-05 5.56699319831377e-06 3.26248099524751e-06 2.36969812800192e-05 3.91637516983234e-06 5.28921182574305e-06 3.51180569579945e-06 3.78698599101668e-06 4.76561089557404e-06 4.15170680223564e-06 9.32687986399117e-06 1.88010554176277e-05 5.48267551375714e-05 3.23047036321356e-06 6.18898207671581e-06 3.24696334863539e-06 0.999999999999921 0.000342086554474985 1.64560380946366e-05 3.42878628689647e-06
4.90851803647274e-12 1 2.29816166097407e-14 1 5.38458166943201e-14 3.46389583683049e-14 3.22963877863458e-12 7.96029908656237e-14 1.2108092306562e-11 4.09672296086683e-14 1.0325074129014e-14 1.4210854715202e-14 1.50879309046559e-13 2.4017454691716e-12 1.99729122130066e-13 1.18793863634892e-14 1.0547118733939e-14 1.17683640610267e-14 0.999999999999978 4.65183447317941e-13 3.50497408874162e-13 6.72795152922845e-14 3.68959085506049e-10 1.21014309684142e-14 2.32036612146658e-14 2.14491360228664e-08 5.65436586441592e-13 2.33146835171283e-14 1.57651669496772e-14 9.64672786096799e-13
1 0.0064853448858091 1 1 0.0106560042051146 0.0175408070992621 0.0079059898667091 0.00612434936942508 0.179165916004162 0.14415970769526 0.0262522711477948 0.00849498398912674 0.0131563247215095 0.0888277619067087 0.0159878497262725 0.0101469864449895 0.0063610549866957 0.00617832030335597 0.0272260030683836 0.999931412818873 0.0441132215350357 0.0569958788137539 0.024349639600566 0.013646469532879 0.00647212003362374 0.0199885249355266 0.0079850760207697 0.00980289640261855 0.00699322228537247 0.0583493545583527
1.63825619736713e-10 1.97547744829052e-09 1 1 1.33259181467338e-10 1.91388460635267e-10 0.99999999986923 4.60107951738564e-10 1.58360169422167e-09 6.08047501238218e-10 0.999999999999897 1.46529344213775e-10 0.000383942587812935 1.40687572702802e-10 1.29633263012963e-08 2.08026929016114e-10 3.12246870581845e-08 9.8362296085952e-10 1.77140491164351e-09 1.42825884452691e-09 1.93127180914132e-10 7.92894845358383e-06 1.7659129714076e-10 1.32620914250481e-10 4.01136790451062e-10 2.7753078168935e-08 1.63630973215589e-08 1.38023037443702e-10 1.97949220348548e-08 1.66927027756003e-10
4.03477251609274e-12 5.13427929060839e-08 1 3.23348599340356e-07 0.000129871541536986 2.17670326208008e-12 1.33063499108133e-08 2.45403697363145e-12 2.0809888257034e-09 1.94583238410928e-11 9.48684464319172e-11 4.72562988740322e-10 3.14093195896703e-12 4.34952074357398e-12 9.63551460841927e-12 2.1094237467878e-12 4.57744953052952e-12 2.14561701739058e-12 1 3.39095418411262e-12 2.82773804372027e-12 8.1039898902624e-08 5.34472466284797e-12 9.03118690942506e-11 4.48585613099795e-12 2.0478063689211e-12 3.43408079750418e-10 2.60014232367212e-11 3.68150854246352e-09 1.49938950144701e-11
1.4432899320127e-15 1.11022302462516e-16 0 1 0 1 1.44106948596345e-13 1.25477406243135e-11 0 0 0 1.87938553608546e-12 0 7.34967642301854e-14 0 5.32907051820075e-15 0 1 5.82335091259267e-09 0 3.9409580043781e-09 0 1 1 5.3236626218478e-10 0 1.33271171876004e-12 0 0 0
5.55111512312578e-16 1.77635683940025e-15 5.6181614915829e-11 2.22044604925031e-15 6.66133814775094e-16 2.59496602539322e-07 6.66133814775094e-16 1.0813572259849e-13 9.99200722162641e-16 6.66133814775094e-16 6.66133814775094e-16 6.66133814775094e-16 2.26485497023532e-14 1 1.22124532708767e-15 2.46325182473583e-12 1.88737914186277e-15 9.99200722162641e-16 1.22124532708767e-15 2.81330514440015e-13 6.66133814775094e-16 3.33066907387547e-15 7.105427357601e-15 1.11022302462516e-15 1.60982338570648e-14 3.44169137633799e-15 4.74065231514942e-14 3.45279360658424e-14 1.58795199212136e-12 5.55111512312578e-16
3.32932978297507e-07 1 1 1 1.78755164693678e-05 3.09898307015999e-08 2.74352295326352e-08 1.88931070788101e-09 1.26747435880148e-08 1.83642345774615e-09 1.33492337073271e-07 7.27998417104914e-09 0.999868736898804 1.49704049157151e-09 9.91667940541952e-07 2.50208276320052e-09 5.78164326414665e-08 2.79169765082798e-09 2.77716183383347e-09 7.95130183917081e-09 6.16554141075198e-09 1.7677685759665e-08 8.45952397021676e-09 1.22563825755151e-09 1.73756775634359e-09 3.29350102745707e-09 1.4127584657686e-09 2.74200558925131e-08 9.48458900307259e-09 3.05601767336405e-07
7.5828330214911e-07 5.90849591475262e-11 1 1 0.999999999999999 1 1.03645980686906e-11 3.03695468772958e-09 3.895561651035e-11 0.999557656394895 1.97463156936806e-11 1.9585111310505e-11 9.09786690428405e-11 0.999999993747242 1.55448565131167e-09 2.42327269361908e-11 1.13019593683816e-11 8.52119486083325e-11 4.59341453762363e-11 1.08794084852093e-11 8.48511261253293e-11 1.84999238150851e-10 2.48492337817652e-11 0.999999999999957 6.29985619227114e-10 1.38646250036345e-09 1.02162722726007e-11 1.14778186954823e-11 2.32069858242534e-05 0.000814017778119736
2.03458616621077e-08 9.51113743319354e-09 9.23212467723866e-05 1 2.02787331260446e-07 8.34430524676577e-09 2.444310873706e-07 9.44190910456832e-07 8.1332236501197e-09 1.74412589926121e-08 1.21408623154906e-08 1.29133096438139e-08 1.8447397276411e-08 6.27641947303914e-08 0.000661830149067177 9.03514918437764e-09 3.2326158212248e-05 1 1.24437895543394e-08 0.999999999861309 2.50288807346344e-07 1.79252546317343e-06 2.21587442839066e-08 8.47972458917212e-09 7.67212262609007e-08 2.15208733056471e-08 1 3.25094360098532e-07 1 8.82989940054202e-08
0.0509463454024203 0.0589373829684682 1 1 0.00810271855869094 0.0110396732649853 0.00863050296464118 0.0155525021260914 0.01707278093819 0.0298490072702902 0.00810094171239961 0.00847914927041127 0.0212840902997662 0.0446866931073471 0.075488284765825 0.0145480595507351 0.0081739719820223 0.0168338787212147 0.01002489995082 0.00819800573238083 0.0144902549217435 0.00956852728948021 0.00838483790190925 0.00832274478869899 0.0124513013165249 0.0127678223339495 0.00831796828784859 0.0104069268989586 0.00891085895041832 0.0259391856085311
5.35238520171788e-12 3.88969967346497e-11 1 1.49367185287019e-11 3.9653624828162e-10 0.999999771436969 1.49121381909367e-10 2.29050112210416e-11 2.46308295981379e-09 2.97084579159446e-12 8.47328651687462e-10 5.98865401713056e-12 8.19611045699276e-12 1 2.57195376107688e-11 1 8.01750554835223e-10 5.66007631411791e-05 3.05411251844134e-12 1 6.49580389477933e-12 5.80691050799942e-12 2.9079405550192e-11 4.27417168324951e-09 3.14961035030592e-09 4.71526151457624e-11 3.87857523875823e-11 1 3.20009278631517e-07 5.79301948533395e-06
2.06746303410554e-08 2.31975786912919e-07 2.04901399136759e-06 1 1 4.02520239362048e-11 2.90163448823932e-11 2.72382338906141e-10 1.17773568675261e-10 2.58367105487878e-10 1.06888276008021e-10 2.83231216258173e-11 3.66597752154973e-10 2.87924128983263e-11 3.07247560726864e-11 4.57039961432315e-11 2.82684986530057e-11 1.10264908315116e-10 2.83953971447204e-11 1.4880009779894e-07 1 2.77807776782879e-11 1.51559098604537e-10 7.46765982384545e-11 2.06764971810713e-09 7.58640927855936e-11 3.14359649422613e-11 8.78307695018066e-07 4.78307393692035e-11 5.04083663699362e-10
4.96788944426285e-08 0.000103154435641906 1 1 4.88217087868392e-08 9.84483946586678e-08 9.84422326988366e-08 1.22338144392664e-07 3.10333378439331e-07 7.85035099148956e-08 1.12450980749301e-07 9.43798349473113e-08 1.07211212985181e-06 3.43870585006734e-07 5.02886375874922e-08 1.94452623758501e-06 2.167784933782e-07 0.999880620109928 0.999999999999888 5.25769182635472e-08 7.55817437525508e-08 1.45557474962033e-07 4.30850076615918e-07 6.82263646023529e-07 3.11675303077408e-06 4.98059933295991e-08 2.8065419099832e-07 6.43287118018421e-08 3.4473891292186e-05 0.999880314875353
7.1611086794876e-06 0.99999999999991 1 1 1.97375706790792e-05 1.48901069243479e-05 2.52116214833897e-05 8.14281338609169e-05 0.00152547400175451 1 6.48040431516783e-06 1.19296658276369e-05 5.04592637740053e-06 0.000118431297345567 2.65149404440335e-05 5.23887390657674e-06 0.00543318824316852 0.000173589516610173 1.94281451119105e-05 0.00152459671149563 6.14059382186838e-06 9.83169878898682e-06 6.90059601399229e-05 0.000176991758359502 6.05357665728334e-06 5.39573496327606e-06 7.51456406189455e-06 5.90163874369942e-06 0.000817550973788994 0.999999998221354
9.50237666330622e-11 5.30292065814564e-09 0.999999999374822 1 5.75989256290654e-11 6.00199889788655e-11 1.3441658897051e-10 6.18309070610223e-09 1 1.27520551562732e-07 5.94747584514721e-11 1.1877665517801e-10 1 1.72438441303768e-09 1.27613364320212e-10 4.38997060925317e-10 5.77686787295306e-11 1.20033871731096e-10 8.18434209293173e-11 1.44363410115034e-10 8.07353073284389e-11 7.70067165589694e-08 1.17918769193537e-08 7.18709647351545e-10 5.37155875335316e-10 5.80614290646153e-07 6.68193278485774e-11 0.999999999994776 5.71547253969129e-11 1.44358414111423e-10
2.31467134348406e-09 3.68826857943816e-10 1 1 2.62123656113999e-13 2.84772205816353e-13 3.58779672637866e-12 2.42572000264119e-08 2.6612045900265e-13 6.5403238380668e-13 9.14225362080856e-11 1.87294624254264e-12 5.35238520171788e-13 2.77756706523746e-10 8.67061977771755e-12 9.3887120300451e-12 1 2.38964403820319e-12 2.55240273361323e-13 1.32503874539225e-09 7.14553860525768e-10 1.91990867648428e-12 4.99785801633124e-09 1.48647760767062e-11 1 1.07296572515736e-07 6.22184526122282e-11 1 2.23571161583891e-11 9.34363697524532e-13
4.57014426302749e-11 4.57040072454618e-10 1 1 3.01570990401956e-11 2.98958635625013e-11 5.51688694727659e-11 3.68610697520921e-10 7.55325801904405e-11 1.71412527949499e-07 5.4240708258213e-08 1.26100907493765e-09 4.11456424487255e-11 4.03492794731619e-11 5.35005373336617e-11 4.10342659851182e-09 4.54315474129885e-11 2.97796565185138e-10 0.999999950838121 1.20166665507071e-09 1 4.92579310673591e-11 8.14435185958473e-11 3.50602676890688e-08 5.66022784198594e-11 1.15052967153417e-10 3.64724139778616e-10 7.5169759305993e-11 9.47850686827678e-11 8.20883494734304e-07
1 1 8.21237468029423e-08 1 1.24070742568705e-09 6.80559830712468e-10 2.38914449335326e-08 4.80294470861509e-10 3.59571433868888e-05 7.74392988944772e-06 1.40335119080959e-08 7.65426189097695e-09 2.14165816504464e-05 8.81416606368646e-10 4.78667472325611e-09 5.14093101422475e-10 1.75248404676864e-09 8.12236569810443e-05 5.2440651820973e-10 2.37405315517414e-07 2.80627243665066e-09 5.46392264766382e-10 4.899467498376e-10 1 1.00879093967166e-09 7.80034037362043e-10 2.53452603349302e-09 0.0170005735996406 4.59291196508449e-06 1.50691353839605e-08
5.83009627241893e-08 0.999999999999947 1 1 1.49913090830012e-08 6.88714585361794e-09 1.08600205384057e-07 2.19558643488327e-08 1.39430528234286e-08 1.11699259841558e-08 6.16538742281847e-09 9.37619593077699e-09 1.66361819875505e-08 8.60009685688112e-09 7.8730342245592e-09 6.02208372058044e-09 7.85607834341562e-09 1.05542536821268e-07 5.8852538398213e-09 0.999999973403596 7.47599471218052e-09 3.86826494169767e-08 8.37116487240053e-09 7.95873233983002e-09 3.96942871905281e-08 6.97645419212023e-09 9.89362569647767e-09 8.51661330347753e-09 6.7203027587226e-09 6.40667385809479e-09
1 0.999999999999969 1 1 3.44602076185474e-06 8.94810333407214e-06 2.91907060478991e-06 6.33804026173301e-06 9.7782053968265e-06 9.36661620554169e-06 1 3.75278003106327e-06 0.000373043179124899 0.999628072318944 2.34431658807654e-06 3.998808210115e-06 2.71216015512721e-06 6.56791076403263e-06 5.80374208636325e-06 4.1424934741241e-05 7.90459564314894e-06 0.000925585200771684 4.75290050951926e-05 2.41620782404084e-06 2.48428876969964e-06 4.65635602331371e-06 6.59344388429517e-05 1.18921583410758e-05 1 5.11590307340493e-05
1.44889655828706e-11 4.55577797708884e-11 1.46914439169699e-07 1 1.63204879777279e-05 1 2.31815677764757e-10 1 3.25588445093672e-11 1.52292622956907e-11 1.4518830582233e-11 2.31465180355883e-10 3.62285423882724e-09 1.45528034067866e-10 1.49268375437828e-11 1.65298663645785e-10 2.97636804091894e-10 1 8.75472110053455e-05 4.36726616870331e-07 1.53873580543973e-11 9.87491199921919e-10 1.48293599622207e-11 2.42786257764749e-09 1.84089410382171e-11 1.02336583651663e-10 1.5926564844726e-08 1.47137857453572e-11 2.00355287915954e-11 1
8.66835492274731e-11 3.51305873280694e-10 4.87826704128613e-05 1 1.78743740919529e-08 8.87158033036073e-07 7.22018000942626e-11 1.196166536932e-07 6.37847052953333e-09 1.52582169121729e-10 6.44114795944617e-08 2.15295004046823e-10 3.98942479051811e-09 1.66069260565394e-08 9.32108834561518e-11 2.36489272609219e-10 6.93098661130875e-07 4.63447946685847e-10 1.57206503370588e-08 2.44174813701648e-09 9.8563823769382e-11 3.33325922419192e-10 8.41764435932646e-11 9.53002996884056e-06 2.45094711193161e-09 9.67026458909004e-11 1 8.21787082827541e-11 2.05675809716865e-10 1.27472277178242e-09
3.83937946595303e-05 1 1 1 2.13025133557476e-05 7.01545171144513e-06 7.95033802847289e-06 7.19433090545785e-06 1.14833652256063e-05 6.85599033634077e-06 1.06064907615666e-05 7.10448156449051e-06 6.85572894154607e-06 7.11130853070507e-06 3.35337491765841e-05 9.17336979167072e-06 7.1246075664666e-06 0.000326590265155136 6.88101743007152e-06 6.89811160914378e-06 1.00198377034344e-05 0.999999764040572 6.84347531876295e-06 1.01182587076698e-05 1 1.86294656221442e-05 1.12999643814282e-05 7.0078772321791e-06 8.00673903567084e-06 2.78124493595655e-05
1.32158489207779e-06 1.42825435154315e-05 8.9886324746713e-06 1 1.88372409382076e-06 1.64086350717962e-06 1.16893072654722e-06 1 1.29197775189382e-06 2.27699910090307e-05 2.97318408815084e-05 2.54642432939711e-06 0.000813785147263379 9.92269130972723e-07 1.23664450690786e-06 1.0749591830006e-06 2.89987826651572e-06 2.06066561159179e-06 1.56566411293468e-05 1.20073261988818e-06 2.1966106724669e-06 2.30225559583186e-06 6.62966231124162e-06 1.44691631520644e-06 3.36501530018296e-06 1.01099434757224e-06 1.8434597972572e-06 1.95950408296008e-05 1.01854331668871e-06 1.82134032833403e-06
2.05280237253191e-13 0.99999999999961 1 1 2.44027020812609e-13 4.49640324973188e-14 9.65894031423886e-15 4.40758540776187e-14 2.58126853225349e-13 1.12132525487141e-14 9.10382880192628e-15 1.28785870856518e-14 1.58761892521397e-14 1.23234755733392e-14 9.2148511043888e-15 1.18793863634892e-14 1.21014309684142e-14 1.96065386148803e-13 3.2041036490682e-13 5.22026866178749e-13 1.83186799063151e-14 1.34336985979644e-14 1.54321000422897e-14 3.65309782424106e-09 8.77076189453874e-15 6.08402217494586e-14 3.33066907387547e-14 1.24344978758018e-14 1.33121291767679e-11 3.38618022510673e-14
0.000106056767828044 1 1 1 1 0.000133154018502668 0.000269775155287255 0.00940466215191937 0.999999999999999 8.86926362189122e-05 0.000134370382274263 7.97976501832887e-05 0.000118066577489584 0.00121005861768464 8.98235805787406e-05 0.00020048005888651 0.00017035978584945 1 0.000247671020413898 9.08999315223369e-05 0.00764778018561507 0.000102685260284119 0.000160706406690969 0.000644995584008989 0.001256801725246 1 0.00168974421231582 0.000350207705101635 8.08100521509925e-05 0.000176109879741038
9.05760553004953e-07 3.96804216651336e-05 1 1 0.998868026827017 8.82819731151674e-05 2.05152071997006e-06 1.1835177224917e-06 9.56910751193085e-07 2.03269071619161e-06 8.90570694189741e-07 1.46065735984191e-06 1.39406567034595e-06 1.0599976838499e-06 1 1.02295317183643e-06 9.30304670521132e-07 1.49901604085123e-06 3.676874632208e-06 0.999999999200955 1.42795964965803e-05 0.00142366906546521 1.49244743419263e-06 9.5555956558524e-07 0.000300776665742686 1.16701137986563e-06 6.71428218779191e-06 1.0562827028604e-06 1.01492305016881e-05 4.04348899994966e-05
8.81740571667677e-08 1 1 1 1.94852356472097e-10 0.00016380782468528 0.999999993001786 3.12798953405746e-09 1.38911964042698e-07 1.96098248750332e-10 1.05487951707062e-10 1.05611917944337e-06 1.95288444353459e-05 1.32986913448097e-06 1.36856304067123e-10 4.40622871522578e-10 7.79316366994465e-09 4.84442708170718e-10 2.22510787573071e-10 0.99999313569 7.3449724080632e-10 1.69449343445649e-10 0.999988553997303 1 2.08245867217016e-08 2.49686382680636e-10 2.84438583797453e-10 3.42769368444351e-10 8.56667234261366e-07 1.07733044707459e-10
1 8.92048267298051e-06 1 1 0.0013095639761761 3.98049036176573e-07 1 4.45117018099683e-06 9.08477830741106e-08 1.64757153109374e-06 8.6499900771031e-06 1.59400780352925e-07 9.65542822628507e-06 0.0268456261720689 8.63118223559667e-08 1 1.23069678448218e-07 1.92506031337913e-07 1.54076539859993e-07 1.05733738653413e-07 7.62088328554178e-07 1.85951929395634e-05 3.66086291825329e-06 9.40625998202549e-08 4.59750439829598e-06 3.18977355306949e-07 2.66781439162145e-07 6.47323976643577e-08 4.76108982794266e-07 7.73127071251878e-08
4.79497552774433e-11 6.06736882957648e-13 3.90486531998135e-10 1 1.13820064484571e-12 1.69325997667613e-10 3.83915121915379e-13 6.92990109740776e-12 1.38775657632095e-11 2.36699548850083e-13 6.88227252965135e-13 3.31140670439822e-11 1 2.05101985395473e-08 9.96647209206003e-13 9.1088248055371e-12 1.4326317909763e-12 2.92987856198579e-13 3.31956684362922e-13 5.63310842416342e-10 1.10589315482912e-12 5.26467758277249e-13 5.23415422115647e-10 4.88264983999898e-12 3.61377594515488e-13 2.77333711551364e-13 0.999999999820656 1 1.07980291375043e-12 3.36175531856497e-13
8.76467733834652e-07 1 1 1 7.36522208544255e-06 1.01851696965305e-07 1.18113771929718e-06 2.83931386180214e-08 3.63085757015824e-08 0.999999999876656 7.31894011174461e-07 3.33630761906178e-08 3.18975267310506e-08 7.91424490387271e-08 1.64200376406853e-07 5.86973880611907e-08 1.0016309159866e-07 3.80004443467641e-08 2.89894861449369e-08 3.2070101130266e-08 2.86156164319706e-08 2.63896440255706e-08 3.03829272851885e-08 2.64980067887777e-08 2.67619385541096e-08 2.9251449140677e-07 2.74398370692097e-08 2.68491500143853e-08 5.3109766429138e-07 0.999997100396565
1.25566224085105e-13 2.27221041981807e-09 1 1 6.92779167366098e-14 1.23234755733392e-14 2.85985457537663e-10 1.22124532708767e-14 3.41948691584548e-14 1.68753899743024e-14 1.97619698383278e-14 2.16493489801906e-14 5.2948756490423e-12 1.23234755733392e-13 9.13107455091655e-07 8.71974714655721e-11 4.14113188185183e-14 2.30312990900927e-10 1.08801856413265e-14 1.12081455228008e-11 1.24344978758018e-14 6.3726801613484e-14 7.71605002114484e-14 1 1.80966353013901e-14 2.52020626589911e-14 1.64090963039598e-13 9.50446388259252e-11 1.16184839527023e-12 5.75578485386696e-05
1.19571019752129e-13 2.77555756156289e-15 1 1 1.68975944347949e-13 3.11528580709819e-13 9.76996261670138e-15 0.999999999047665 3.21964677141295e-15 8.77076189453874e-15 3.0309998955147e-10 1.52100554373646e-14 1.15463194561016e-14 1.19548815291637e-12 2.99760216648792e-15 6.55031584528842e-15 4.82947015711943e-14 4.9960036108132e-15 2.32258656751583e-13 3.44169137633799e-15 8.295714115647e-10 1.64313007644523e-14 3.67483821150927e-14 3.66373598126302e-15 3.88578058618805e-15 5.75095526755831e-14 3.21964677141295e-15 2.77555756156289e-15 1.0769163338864e-14 1.72084568816899e-14
1 1 1 1 1.55431223447522e-15 2.59792187762287e-14 4.52526904837214e-13 5.32907051820075e-15 1.33226762955019e-15 4.66293670342566e-15 5.55111512312578e-16 2.87569967838408e-12 1 4.44089209850063e-16 7.7715611723761e-16 5.55111512312578e-16 3.33066907387547e-16 1 6.66133814775094e-16 1.4432899320127e-15 1.77635683940025e-15 1.66533453693773e-15 1.17683640610267e-14 1.39032287904683e-08 4.34896563206166e-12 1.22124532708767e-15 3.33066907387547e-16 4.32986979603811e-15 4.44089209850063e-16 1.99840144432528e-15
0 1 0 3.16337112060694e-09 6.42901544223307e-08 3.62114371155187e-07 8.88178419700125e-16 0 0 0 0 0 0.00110490245875683 1 0 1.4432899320127e-13 1.12687636999453e-13 0 0 0 0 0 0 3.33066907387547e-16 0 0 0 0 0 0
3.10862446895044e-15 7.7715611723761e-16 0.999999999990467 1 1.06692432666478e-13 1.86269633051239e-09 1.79825154766888e-09 4.44089209850063e-16 1.31856747742631e-11 3.21964677141295e-15 4.14185352681784e-11 1.22124532708767e-15 9.58788604066285e-13 1.77136083578944e-12 2.22044604925031e-16 3.88578058618805e-15 3.36175531856497e-13 6.65023591750469e-14 1 3.21964677141295e-15 6.21724893790088e-15 1.77635683940025e-15 3.72341824039779e-10 6.66133814775094e-16 1.18793863634892e-14 5.34410182773115e-09 1 3.33066907387547e-16 1 2.17306173055931e-10
0 0 1 1 0 0 0 0 0 0 0 0 0 0 0 0 0 0 0 0 0 0 0 0 0 0 0 0 0 0
3.88841613352398e-08 1.38641242930504e-09 6.76859820414322e-07 1 1.05834330188515e-09 1.75565573190539e-09 1.29557703454353e-08 2.39054154249629e-09 2.87211310290303e-09 8.82464989970799e-10 5.43644351758132e-10 6.82953804620468e-10 9.4611862788696e-10 2.78345135829028e-09 4.97227925499999e-10 6.23364360130552e-10 6.73301303599771e-10 9.78336411883163e-10 9.92400717159114e-10 9.75135305836261e-10 7.07602421101683e-10 3.49307027747159e-09 4.60164240045913e-10 3.62912244700198e-09 5.22181742290684e-10 1 3.59609139577444e-07 3.38070305538896e-06 1 1.055054377197e-09
1 1 1 1 2.24010825833343e-06 7.70811259265258e-09 4.95000823663716e-07 0.000241214172666648 1.18862485409821e-08 0.000486961769801231 7.54500928401569e-09 1.21078996828672e-08 6.68515209856224e-09 9.63739421599996e-08 1.97170497906463e-06 8.01175192854942e-09 1 6.06512980128038e-06 1 1.1499372742918e-07 0.999999999986788 1 1.11877166419916e-08 1 1.1676286104656e-07 4.662756381002e-08 5.89520002591826e-07 1.2758686551706e-08 1 7.68011665375212e-09
1 1.87760917924606e-12 1 1 6.49480469405717e-14 1.73331438091395e-09 2.44249065417534e-15 3.88578058618805e-15 2.66453525910038e-15 2.66453525910038e-15 3.33066907387547e-15 9.04754049457779e-12 7.43849426498855e-15 2.23121521258918e-12 6.88338275267597e-15 8.23563439666941e-13 9.76996261670138e-15 1 1.9240165016754e-12 2.77555756156289e-15 5.77315972805081e-15 2.88657986402541e-15 2.44249065417534e-15 9.99200722162641e-15 1.61648472385423e-13 1.70974345792274e-14 3.33066907387547e-15 2.66453525910038e-15 3.21964677141295e-15 2.44249065417534e-15
8.06365253458452e-08 4.76354339229434e-06 1 1 1.20127082481325e-06 2.412797317497e-08 8.28729602719847e-08 2.46802698278259e-08 1.53143712156023e-08 0.000926814225078232 8.72652072381186e-07 1.52599727520908e-07 0.999999999999657 7.40059102888324e-09 7.99405774909445e-09 1.18562968332014e-08 7.2642660775557e-09 9.62352997291305e-09 1.92890364791864e-08 3.49587534476115e-08 1.29773351509321e-07 0.00028480052962121 1.0765941249602e-08 1.07374825697448e-08 6.23955098699724e-09 2.63631786512342e-07 1.54536339591616e-06 5.05293004104956e-08 9.6225460388677e-07 9.50071077365777e-09
1 1.27525530579931e-07 4.10116947291428e-06 1 5.53425658633699e-08 9.37355431718245e-06 4.1041987603796e-05 0.998986401395052 1 0.000283666040073904 3.37797625038494e-06 7.0421968145773e-08 2.34236413709787e-07 8.58352792176831e-08 1.89485125368094e-07 5.30306194512775e-07 7.54123205883861e-05 3.59716077258376e-07 0.00189905883225405 9.96578492418188e-06 1 0.982590910838886 4.26984021473231e-08 4.24388495123829e-07 0.999999999999993 1.27171104757906e-07 1.91327134579922e-07 3.31703363110059e-07 3.90055674426293e-08 4.24770353335546e-08
0 0 0 1 2.54027399115841e-09 2.93209900803504e-13 0 0 0 0.999999966681073 9.99200722162641e-15 0 0 0 0 0 1.17683640610267e-14 0 0 0 0 0 0 1 0 0 0 0 3.33066907387547e-16 1
3.16910830910899e-10 2.80908629690657e-12 1 1.52496237859623e-10 7.70408181693938e-11 2.43327580307096e-12 3.87008092239682e-09 6.36501962247848e-12 9.32272037346138e-11 1 2.96729307791566e-12 1.48873136041061e-11 1.88238313825195e-12 5.12034858957122e-12 1 2.00883754075676e-12 2.12385664610792e-12 1.81110682007102e-12 4.85214890488805e-09 2.31918340087844e-09 1.95832239313631e-12 1.73661085511867e-12 2.09476880286275e-12 5.66424684933509e-12 1.98348004687432e-11 3.97679666974682e-11 2.61979327120798e-12 5.66813262992127e-12 1.96698213272839e-12 1.81676895749661e-12
1.57651669496772e-13 1 1 1 1.66089364483923e-13 1.62203583897735e-13 2.46802578374172e-13 6.2150639412728e-08 5.15809617240848e-13 2.52020626589911e-13 1.90292226420752e-13 8.11901657016278e-11 5.73881639986951e-07 4.08852622868494e-08 8.89621709632138e-13 2.06723527185204e-13 2.49666953777705e-12 2.29038430443751e-07 1.66089364483923e-13 2.56794585595799e-13 2.36978325851567e-10 1.79301018476963e-13 1.71196390397199e-13 3.89133170131117e-13 1.88737914186277e-13 3.03426173076105e-11 7.25884907737395e-11 5.41677813714614e-13 1.78412840057263e-13 1.98618899105441e-13
0.999999901307884 0.999999999999971 1 1 0.000760785255392138 0.000104672390488836 0.000140964388681386 0.00111380888108692 8.06415347716083e-05 0.00010627896645754 0.000311246298730361 9.48161438772965e-05 8.19981508806134e-05 9.84089139480782e-05 0.000288082174249027 7.88896200625278e-05 9.74938730949892e-05 0.000236474929089514 8.55270883060033e-05 0.000344810994794997 7.91145731540155e-05 8.24347534505998e-05 8.32710695153338e-05 7.96128079866287e-05 8.37235654380653e-05 7.954080871031e-05 0.999997944931836 7.91666350187237e-05 7.86393657832285e-05 0.000122611190632615
3.93393784214879e-09 5.00127150804275e-09 1 1 8.65064908595059e-10 1.03490433778219e-07 4.40330523154842e-08 1.11016595916169e-09 1.05180286702478e-09 1.42258083091207e-09 1.93190330399773e-09 6.41001807188957e-10 4.68964977962116e-10 0.999999993971786 1.66487257313719e-09 4.37188507618202e-10 3.98399757628454e-10 0.000401289736268851 7.38768831665126e-08 6.2225247177139e-10 1.59321789094946e-09 1.28005245958462e-07 3.14321102479198e-09 6.95613011636453e-10 6.78920919483517e-10 4.29835389503808e-10 3.87359710973811e-09 6.90104418055171e-10 4.74345007717147e-10 6.3679842876585e-07
1 0 1 2.66453525910038e-15 1.21014309684142e-14 0 0 0 2.89768209427166e-14 1 2.22044604925031e-16 1 0 0 3.33066907387547e-16 6.66133814775094e-16 5.87307980026708e-14 3.23074900165921e-14 1 1.11022302462516e-16 5.78426195829707e-12 0 1.11022302462516e-16 1.22124532708767e-15 2.22044604925031e-16 1.81299419921288e-12 0.00352193392691547 4.00790511889682e-14 1.11022302462516e-16 1.11022302462516e-16
3.84833509503579e-09 1.19294585321228e-09 6.03238197253164e-05 1 1 0.999999999376894 5.19670084742074e-10 5.50030798684986e-10 7.75117925400082e-09 0.999999999989932 1.65289304465688e-09 1 1.62065183495486e-09 0.99951531857205 5.12209052949686e-10 6.32915164722192e-10 5.57062174166845e-10 1.29495925094147e-09 4.57149984534055e-10 1 4.77041295354752e-10 1.11170561645224e-09 5.66415803149312e-10 2.564942491734e-07 1.27036381414314e-09 2.34378408903169e-08 7.56501083998273e-10 1.17495735363349e-08 1.84811654868611e-09 4.59389526419329e-10
0 7.57505169701744e-13 0 1 0.999999999978318 0 0 2.55386822800574e-11 4.30240287840888e-11 5.18144638306239e-10 0 0.0391904948453121 8.1403106477751e-11 1.94955163124177e-13 1.11022302462516e-16 0 0 0 7.54951656745106e-15 0 5.55111512312578e-16 0 1.11022302462516e-16 0 2.97539770599542e-14 6.23479932126969e-08 0 0 0.999999247032169 0
