[1] "Average PIPs: "
 [1] 0.16200250 0.32634218 0.71725146 0.84848913 0.13144792 0.08604563
 [7] 0.11119026 0.10115711 0.08190405 0.13728252 0.08604017 0.09125192
[13] 0.09118741 0.12691798 0.09139642 0.07589606 0.11128351 0.17691199
[19] 0.10126044 0.12130432 0.11145111 0.10138746 0.09110308 0.13146420
[25] 0.10623770 0.09111338 0.11129930 0.15173402 0.11127951 0.12680030
[1] "Percent of time PIP >= 0.1: "
 [1] 0.16161616 0.32828283 0.71717172 0.84848485 0.13131313 0.08585859
 [7] 0.11111111 0.10101010 0.08585859 0.14141414 0.08585859 0.09090909
[13] 0.09090909 0.12626263 0.09090909 0.07575758 0.11111111 0.17676768
[19] 0.10101010 0.12121212 0.11111111 0.10101010 0.09090909 0.13131313
[25] 0.10606061 0.09090909 0.11111111 0.15151515 0.11111111 0.12626263
[1] "Percent of time PIP >= 0.5: "
 [1] 0.16161616 0.32323232 0.71717172 0.84848485 0.13131313 0.08585859
 [7] 0.11111111 0.10101010 0.08080808 0.13636364 0.08585859 0.09090909
[13] 0.09090909 0.12626263 0.09090909 0.07575758 0.11111111 0.17676768
[19] 0.10101010 0.12121212 0.11111111 0.10101010 0.09090909 0.13131313
[25] 0.10606061 0.09090909 0.11111111 0.15151515 0.11111111 0.12626263
[1] "Percent of time PIP >= 0.9: "
 [1] 0.16161616 0.32323232 0.71717172 0.84848485 0.13131313 0.08585859
 [7] 0.11111111 0.10101010 0.08080808 0.13636364 0.08585859 0.09090909
[13] 0.09090909 0.12626263 0.09090909 0.07575758 0.11111111 0.17676768
[19] 0.10101010 0.12121212 0.11111111 0.10101010 0.09090909 0.13131313
[25] 0.10606061 0.09090909 0.11111111 0.15151515 0.11111111 0.12626263
