[1] "Average Estimates for Betas: "
 [1]  0.0478943277  0.0823868850  0.1915659515  0.2960800959  0.0013766156
 [6]  0.0141239743 -0.0088351040  0.0119483464  0.0121345059  0.0092478331
[11] -0.0059153353  0.0062808792  0.0100049449  0.0017279390 -0.0108692002
[16] -0.0030791625 -0.0159185169 -0.0084149588 -0.0240822506 -0.0005592678
[21]  0.0146706032 -0.0069339635  0.0098847163  0.0120650105  0.0117276822
[26]  0.0085909638 -0.0006542034 -0.0093089686  0.0020965397 -0.0090002021
[1] "Standard Deviations of Betas: "
 [1] 0.12965789 0.09925292 0.11397566 0.13965745 0.13366082 0.11629070
 [7] 0.11480105 0.11254982 0.12334407 0.14748401 0.12090359 0.11907528
[13] 0.11326813 0.13842988 0.14020223 0.12023768 0.11624392 0.12620023
[19] 0.12349769 0.11341554 0.10307950 0.13859376 0.11870425 0.11003196
[25] 0.10244706 0.10436956 0.12715368 0.13341138 0.12434595 0.13861563
[1] "Average StdErrors for Betas: "
 [1] 0.10012427 0.10432717 0.10006363 0.10417918 0.10728731 0.10221174
 [7] 0.09776412 0.09765603 0.10023920 0.10711652 0.09627214 0.10136723
[13] 0.09876458 0.10281960 0.10219306 0.10098791 0.09470492 0.09588533
[19] 0.09888780 0.09787085 0.09758039 0.09762746 0.09736405 0.10113347
[25] 0.10127274 0.09936001 0.09930068 0.10280764 0.09952079 0.10116846
[1] "Positive rate for exposures: "
 [1] 0.112 0.200 0.464 0.760 0.136 0.080 0.112 0.104 0.072 0.128 0.152 0.088
[13] 0.104 0.176 0.128 0.088 0.136 0.128 0.136 0.112 0.064 0.144 0.056 0.080
[25] 0.080 0.056 0.128 0.096 0.120 0.136
[1] "Bonferroni-corrected positive rate for exposures: "
 [1] 0.000 0.048 0.256 0.464 0.008 0.008 0.024 0.024 0.000 0.024 0.000 0.016
[13] 0.008 0.016 0.040 0.000 0.008 0.008 0.032 0.008 0.008 0.016 0.000 0.008
[25] 0.016 0.000 0.024 0.024 0.024 0.024
