[1] "Average Estimates for Betas: "
 [1]  0.0550597721  0.0912877524  0.1802662986  0.3139275208 -0.0036805306
 [6] -0.0022209779 -0.0079187347  0.0056943652  0.0078644257 -0.0115789765
[11] -0.0204524637  0.0006794527  0.0017990809  0.0041923143 -0.0011953807
[16]  0.0024488377 -0.0033775606  0.0108470147 -0.0252828138  0.0218648249
[21] -0.0014202339  0.0041103694  0.0116338697  0.0029725877  0.0026338789
[26]  0.0179644713 -0.0104214500 -0.0132328344  0.0051126187  0.0141387537
[1] "Standard Deviations of Betas: "
 [1] 0.1282376 0.1242140 0.1133119 0.1403127 0.1296860 0.1236539 0.1197718
 [8] 0.1156368 0.1199296 0.1346131 0.1285385 0.1222491 0.1335332 0.1269187
[15] 0.1218387 0.1315696 0.1140427 0.1199517 0.1215812 0.1097885 0.1286998
[22] 0.1197620 0.1255283 0.1115523 0.1197996 0.1205330 0.1406027 0.1226088
[29] 0.1121598 0.1313603
[1] "Average StdErrors for Betas: "
 [1] 0.09703560 0.10069227 0.09676631 0.09695498 0.10264575 0.09778713
 [7] 0.09759379 0.09897589 0.10125964 0.09717075 0.09232873 0.09843351
[13] 0.10089080 0.09581508 0.10076433 0.10266740 0.09795073 0.09776701
[19] 0.09668535 0.09405878 0.09824866 0.09735930 0.10078594 0.10465929
[25] 0.09899998 0.09620109 0.09853949 0.10036327 0.09443570 0.09882819
[1] "Positive rate for exposures: "
 [1] 0.19379845 0.31782946 0.47286822 0.80620155 0.12403101 0.13178295
 [7] 0.08527132 0.09302326 0.08527132 0.14728682 0.17054264 0.10852713
[13] 0.11627907 0.14728682 0.10852713 0.09302326 0.09302326 0.09302326
[19] 0.16279070 0.14728682 0.10852713 0.12403101 0.13953488 0.11627907
[25] 0.10077519 0.13178295 0.11627907 0.13178295 0.08527132 0.08527132
[1] "Bonferroni-corrected positive rate for exposures: "
 [1] 0.038759690 0.062015504 0.201550388 0.527131783 0.031007752 0.015503876
 [7] 0.007751938 0.007751938 0.000000000 0.031007752 0.031007752 0.023255814
[13] 0.015503876 0.054263566 0.007751938 0.007751938 0.015503876 0.038759690
[19] 0.031007752 0.023255814 0.031007752 0.007751938 0.007751938 0.015503876
[25] 0.015503876 0.015503876 0.054263566 0.015503876 0.038759690 0.031007752
