[1] "Average PIPs: "
 [1] 0.10015202 0.33177607 0.71257173 0.87879723 0.05581914 0.05585829
 [7] 0.05579813 0.03573389 0.05176127 0.06078371 0.04568038 0.08099850
[13] 0.07596984 0.05602472 0.05605115 0.02050826 0.04063080 0.06602925
[19] 0.04621321 0.08112642 0.06083612 0.05148547 0.05109495 0.06086158
[25] 0.06622932 0.04069433 0.06108222 0.07089308 0.08107796 0.04079890
[1] "Percent of time PIP >= 0.1: "
 [1] 0.10101010 0.33333333 0.71212121 0.87878788 0.05555556 0.05555556
 [7] 0.05555556 0.03535354 0.05555556 0.06060606 0.04545455 0.08080808
[13] 0.07575758 0.05555556 0.05555556 0.02020202 0.04040404 0.06565657
[19] 0.04545455 0.08080808 0.06060606 0.05555556 0.05050505 0.06060606
[25] 0.06565657 0.04040404 0.06060606 0.07070707 0.08080808 0.04040404
[1] "Percent of time PIP >= 0.5: "
 [1] 0.10101010 0.32828283 0.71212121 0.87878788 0.05555556 0.05555556
 [7] 0.05555556 0.03535354 0.05050505 0.06060606 0.04545455 0.08080808
[13] 0.07575758 0.05555556 0.05555556 0.02020202 0.04040404 0.06565657
[19] 0.04545455 0.08080808 0.06060606 0.05050505 0.05050505 0.06060606
[25] 0.06565657 0.04040404 0.06060606 0.07070707 0.08080808 0.04040404
[1] "Percent of time PIP >= 0.9: "
 [1] 0.09595960 0.32828283 0.71212121 0.87878788 0.05555556 0.05555556
 [7] 0.05555556 0.03535354 0.05050505 0.06060606 0.04545455 0.08080808
[13] 0.07575758 0.05555556 0.05555556 0.02020202 0.04040404 0.06565657
[19] 0.04545455 0.08080808 0.06060606 0.05050505 0.05050505 0.06060606
[25] 0.06565657 0.04040404 0.06060606 0.07070707 0.08080808 0.04040404
