[1] "Average Estimates for Betas: "
 [1]  0.0593700561  0.0996241910  0.2083545203  0.2874086228 -0.0042005941
 [6]  0.0015918999  0.0070537044 -0.0052714248  0.0074969993  0.0033170585
[11]  0.0037871493 -0.0077367231  0.0115373983 -0.0005256177  0.0030071730
[16]  0.0006607749 -0.0062888011 -0.0045894979  0.0098049735 -0.0018595815
[21] -0.0117302977 -0.0038808695  0.0021112376  0.0069968371 -0.0007171378
[26]  0.0031481295  0.0060288275  0.0061365158 -0.0097635197 -0.0058642149
[1] "Standard Deviations of Betas: "
 [1] 0.10606330 0.09407008 0.09536679 0.09635681 0.09898170 0.10875450
 [7] 0.09603938 0.10467135 0.09685201 0.10402110 0.09875156 0.08685087
[13] 0.09731944 0.10675437 0.10200650 0.08836239 0.10010144 0.10595011
[19] 0.09155206 0.09508602 0.09259494 0.11642214 0.11225240 0.11001120
[25] 0.09932397 0.11052875 0.09451949 0.09536630 0.09209819 0.07595631
[1] "Average StdErrors for Betas: "
 [1] 0.06828799 0.06659914 0.06725196 0.06606963 0.06756768 0.07096848
 [7] 0.06845488 0.06764907 0.06518665 0.07293803 0.06978276 0.06092296
[13] 0.06916412 0.06707903 0.06842971 0.06674654 0.06685954 0.06601832
[19] 0.06767650 0.06838743 0.06325662 0.06422417 0.06671952 0.06710445
[25] 0.06568377 0.07099298 0.06972601 0.06305913 0.06434069 0.06461413
[1] "Positive rate for exposures: "
 [1] 0.40331492 0.61325967 0.82320442 0.83977901 0.13259669 0.13259669
 [7] 0.11049724 0.13259669 0.10497238 0.09944751 0.10497238 0.11602210
[13] 0.10497238 0.13812155 0.11049724 0.08839779 0.07734807 0.13259669
[19] 0.11602210 0.13259669 0.08287293 0.11602210 0.14364641 0.13812155
[25] 0.13812155 0.07734807 0.14917127 0.13259669 0.13259669 0.08839779
[1] "Q-value positive rate for exposures: "
 [1] 0.20441989 0.43093923 0.69060773 0.77900552 0.06629834 0.04972376
 [7] 0.02209945 0.02209945 0.05524862 0.05524862 0.05524862 0.04972376
[13] 0.03867403 0.04972376 0.04419890 0.04419890 0.03314917 0.06629834
[19] 0.06077348 0.03314917 0.03314917 0.05524862 0.06077348 0.04972376
[25] 0.04419890 0.03314917 0.03867403 0.07182320 0.03314917 0.04419890
[1] "Precision/Recall/F1 based on p-values:"
[1] 0.4690522 0.6698895 0.5517634
[1] "Precision/Recall/F1 based on Q-values:"
[1] 0.6350000 0.5262431 0.5755287
