0 1 1 1 0 0 0 0 1 0 1 0 0 1 0 0 0.999999999995139 0 1.11022302462516e-16 0 0 0 0 0 0 0 0 0 0 0
2.23265850252119e-13 0 0.999999999999859 1 0 8.88178419700125e-14 0 0 0 0 0 0 0 0 0 0 2.59792187762287e-14 3.13663779316631e-06 0 0 0 0 0 3.46670181450293e-09 0 0 0 0 0 0
1.49648848868367e-10 0.0135100042972103 1 1 0 0 0 0 0 0 0 2.66453525910038e-15 0 0 0 0 1 0 0 0 0 0 0 0 3.33066907387547e-16 4.51627624187267e-12 0 7.02771174587724e-14 0 0
0 2.78168155176672e-10 1 1 0 5.63757118765551e-09 0 0 0 0 0.00031845453405499 6.16806605790998e-12 0 0 0 0 0 0 0.000101764581164621 0 1.2605472221594e-12 0 0 0 1 0 0 0 0 0
0 0 1 1.3560053080397e-10 0.998564751487073 0 0 0 1.33226762955019e-15 0 0 3.37842506192843e-08 0 0 0 0 2.77555756156289e-15 9.61453139325386e-14 0 0 1.22304943950269e-10 0 0 1 0 0 1.31077659837331e-09 0 0 1.30007116183606e-13
0 0 1 0.999999999720575 0 2.4535928844216e-14 0 0 0 2.14659320429966e-07 0 0 0.00015820637892261 2.66453525910038e-15 0 1 4.44089209850063e-16 0 1.63391855600992e-10 4.8583474132613e-08 1 0 1.11022302462516e-16 1.9642731885483e-11 5.62589019814652e-09 0 0 0 0 5.32907051820075e-15
0 0 0.999999999999996 1 2.4980018054066e-14 1.31195054819955e-12 6.28928753521052e-09 0 0 0 0 0 4.81760853432434e-10 6.60027588139656e-13 0 2.28214704689478e-07 0 0 0 0 0.999999999999981 7.20712378665667e-12 1.11022302462516e-16 1.22124532708767e-15 1 1.99142590195933e-08 0.0352555703815792 2.22044604925031e-16 0.99999999999999 0
0 0.978161466101256 1 1 0 0 0 0 0 0 0 1 0 0 0 0 0 0 0 1 0 0 0 0 0 0 0 1 0 0
0 1 1 1 0 0 0 0 0 1 0 0 0 0 0 0 0 0 0 0 0 0 0 0 0 0 0 0 0 0
7.7715611723761e-16 1 1 1 5.15609777096415e-12 0 6.08069150587198e-13 0 0 0 0 1 1 0 1.11022302462516e-14 0 2.22044604925031e-16 0 0 0 0 0 0 0 9.99200722162641e-16 1 4.44089209850063e-16 0 0.000297299508802862 0
0 0 0.999999999974737 1 5.33892915433043e-08 0 0.99999948947214 0 0 7.7715611723761e-16 0 0 0 0 0 0 0 0 1.33204558494526e-12 0 0 0 0 0 0 5.6621374255883e-15 0 2.55351295663786e-14 0 0
7.42184091961917e-13 2.46331199882377e-09 1 1 2.41648138021855e-05 0 8.32667268468867e-15 0 0 0 0 2.22044604925031e-16 0 7.19600379284202e-10 0.999975859141791 0 1.12316822509229e-10 0 1 0 0 0 0 0 0 0 2.22044604925031e-16 0 6.11621864265999e-13 0
0 0.92879356419375 1 1 0 0 0 0 0 0 0 0 0.999999999999998 0 0 0 0 0 0 3.44953954289906e-10 0 0 0 0 0 0 0 0 0 4.44089209850063e-16
0 0 1 9.89548344376701e-08 2.22044604925031e-16 0 0 0 0 0 0 1.27853283515833e-12 0 2.10820250146071e-12 1 1.4432899320127e-15 0.999996569305089 0 0 0 0 0 1.02849985195164e-08 0 3.33066907387547e-16 1.22124532708767e-15 3.01939584446131e-11 0 0 0
4.8194781498978e-12 0 1 1 2.30935917389097e-07 2.98983060531555e-13 1.77635683940025e-15 0 0 0 0 2.13806750082313e-12 0 0 0 0 2.22044604925031e-16 0 0 0 0 0 0 0 0 0 0 0 2.29682939334452e-12 0
0 1 1 1 1.11022302462516e-16 0 0 0 1.31372690503895e-12 1.66533453693773e-15 0 0 0 5.56221735337203e-14 0 0 2.22044604925031e-16 0 0 0 0 0 1.11022302462516e-16 1.11022302462516e-16 0 0 0 0 0 0
0 0 1 1 0 0 0 8.88178419700125e-16 0 2.83891798957825e-11 0 6.83897383169096e-14 0.999999992205102 2.54965049073519e-10 0 0 0 0 0 0 0 6.31955598962008e-08 0 0 0 0.999999936802145 0 1 0 1.92127779019557e-07
0 0 1 1 0 0 0 0 0 0 0 0 0 3.58636453867689e-11 0 0 0 1 0 0 0 0 0 2.88657986402541e-13 0 0 0 1 1 0
0 1 1 3.12283532366564e-12 0 0 0 4.72955008490317e-14 0 0 0 0 1.7696955012525e-13 0 0 0 0 0 0 0 1.16506425351659e-06 0 0 0 0 0 1.2503442725631e-11 0 0 0
0 1 0.999999999995515 1 8.01969601837982e-12 0 0.999999999999993 0 0 0 0 0 1 0 0 0 0 0 0 0 0 0 9.27702359376781e-12 1 0 0 0 4.89272091730442e-08 1.11022302462516e-16 0
0.999999999999168 0 1 1 0 0 0 0 4.55191440096314e-15 0 0 0 0 0 0 0 7.7715611723761e-16 1 0 0 0 0 1 0 0 1 5.75095526755831e-14 0 1 1
0.999999999999637 0 1 1 0 0 0 0 0 0 0 0 4.44089209850063e-16 8.72847549793221e-09 0 1.44106948596345e-13 0 0 0 4.44089209850063e-16 0 0 0 3.39679467542542e-06 3.91401300259275e-09 0 0 4.66293670342566e-15 0 2.24162066686517e-09
0 3.35287353436797e-14 1 1 0 0 0 0 0 0 0 0 0 0 0 0 0 0 0 2.57315280194348e-11 0 0 0 0 0 0 0 0 0 0
1.2906166735327e-07 0 1 1 0 0 0 0 1.11022302462516e-16 2.2009075895113e-08 0 0 0 2.56030530110252e-10 0 4.71844785465692e-14 0 2.22044604925031e-16 0.999999999875226 2.83644219223333e-11 0 0 0 0 0 0 2.96521751597112e-09 0 0 0
0 3.74367203903603e-13 0.569463300531758 1 0 0 0 7.7715611723761e-16 6.32827124036339e-15 3.96766998522757e-06 1.11022302462516e-16 0 0 4.44089209850063e-16 0 8.93507490218326e-13 0 1.72085144023448e-07 0 9.99200722162641e-16 0 0 5.17815790246345e-11 0 3.55035889576527e-10 0 0 0 2.3604340704253e-11 0
0 0 1 1 0 0 0 0 0 0 0 0 0 2.33146835171283e-15 0 0 1.05704964526998e-05 0 0 0 0 1 0 0 0 4.77395900588817e-15 0 7.88798494553156e-05 0 0
1.11022302462516e-16 0 1 1 0 8.69315730511744e-12 0.999905313193075 2.25175433854474e-12 1.47482026591206e-12 0 0 0 0 1 8.50324255452506e-11 0 7.78266340262235e-14 0 0 0 0 0 0 0 0 0 2.88657986402541e-15 0 0 9.99200722162641e-16
0 1 1 1 0 0 0 0 2.22044604925031e-16 8.59837242961348e-07 0 0 0 0 0 0 0 0 0 0 0 0 0 0 0 0 0 0 0 0
0 0 0.999999926052642 1 0 0.999999400544271 0 0 0 0 0 0 0 0 1 4.26704227507457e-10 0.999998125762449 0 0 0 0 0 0 0 0 0 0 0 1.87423755115823e-06 0
0 1 1 1 0 0 0 0 0 1.74715797385261e-12 0 0 5.26123589139615e-12 1 0 1 0 0 0 2.22044604925031e-16 0 0 0 0 0 0 0 0 0 0
0.999999999899923 0.00611841484993592 1 1 0 0.995032980677755 2.5206614573392e-11 0 0 0 0.999999999999998 0 0 0 0 0 0 0 0 0 0 0 0 0 0 1.11022302462516e-16 0 0 0 0
0 0 0.999775211794236 1 0 0 0 0 0 0 1.60161304028072e-05 0 0 0 1.83186799063151e-14 0 0 0 0 1 0 0 0 0 1.11022302462516e-16 0 1 0 0 0
0 1 1 1 0 0 0 0 0 0 0 0 0.999998218441628 0 0.999999902590666 3.33066907387547e-16 0 0 5.32907051820075e-15 0 0 9.74211504800593e-08 0 0 1 2.22044604925031e-16 0 0.999999999999999 1.77429599357293e-06 0
0.999999999614754 0.999999999999998 1 1 4.33986180325974e-13 0 0 0 0 0 0 1 0 0 3.66373598126302e-15 0 3.49720252756924e-14 0 0 0 0 0 1.77635683940025e-15 0.000140682535617054 0 0 0 0 0.000364727453543656 0
0.99999999999999 2.4624746686186e-13 1 1 0 0 3.33066907387547e-16 4.12536671490216e-12 0 0 1 2.4935609133081e-13 0 0 0 0 0 0 0 0 2.37125874491539e-11 1.33226762955019e-15 1 0 0 0 1 2.7982038575125e-08 0 0
0 1 0.99999999999995 1 0 0 0 0 0 0 0.99999999999852 0 0 0 0 0 0 0 0 0 0 0 0 1.47992729182533e-12 0 0 0 0 0 0
0 1 1 1 0 1.11022302462516e-16 0 0 0 0 1 0.999999999932473 0 0 0 0 0 0 0 0 0 1 0 0 0 0 0 0 0 0
0 1 1 0 0 0 0 9.3913765653042e-12 0 0.999989752382754 0 0 0 0 0 0 0 0 0 0 1.02150510272736e-11 0 0.999999999939642 0 0 0.999999999999594 0 0 0 0
0 4.29437294169333e-07 1 1 0 0 0 0 0 0 0 0 0 0 6.63580301818456e-13 0 0 0 0 0 0 0 0 0 1.33263309054499e-06 0 0 0.999999395913009 0 0
0 1 1 1 0 0 0 0 0 0 0 1 5.6621374255883e-15 1 0 2.88657986402541e-15 0 0 0 5.99520433297585e-15 0 0 0 0 1 2.22044604925031e-16 0 0 0 0
0 0 1 1 0 2.74225087082414e-14 0 4.44089209850063e-16 0 0 0 0 0 0 0 1 1 0 0 0 0 0 0 3.52917587820301e-07 0 0 0 0 0.00936657047473566 0
0.000705251712258548 5.77286591862958e-08 1 1 0 0 0 4.08784117666983e-13 0 0 0 0.013031010986237 0 1.99840144432528e-15 0 0 1 1.74360526017381e-12 0 0 0 0 0 0 1.06470388061553e-13 0 0 8.21565038222616e-15 0 1
0 1.55431223447522e-15 1 1 0 0 0 0 0 7.30504731361048e-06 1.26513192810762e-07 0 0 0 0 0 0 0 0 0 0 0 0 0 0 0 0 0 0 0
0 1.12361360149471e-06 1 0 0 0 1.30095934025576e-12 0 0 0 0 0 0 0 0 1 0.999999999999875 0 0 2.38223885062894e-11 0 2.94473163409137e-07 0 0 0 0 0 0 0 8.72314220856651e-09
2.76223488526739e-13 0 0 1 0 0 0 0 0.000642323844121884 0 0 0 0 0 3.33066907387547e-15 0 0 2.50008680757752e-07 0 0 2.33146835171283e-14 0 0.999999999667548 0 1 0 1.67421632113474e-13 2.9040944149461e-07 0 0
1 0 1 1 0 0 0 0 0 0 0 0 0 0 0 0 0 0 1 0 0 0 0 0 0 0 0 0 0 0
1.99840144432528e-15 1 1 1 0 0 0 0 0 0 0 0 0 0 9.99200722162641e-16 0 0 0 0 0 0 0 0 0 0 0 0 0 1 0
0 0.999999999999975 1 1 0 0 0 0 0 0 0 0 0 0 0 0 0 0 0 0 0 0 0 0 0 0 0 0 0 0
0 0 1 1 0 0 0 0 0 0 0 0 0 1 0 0 0 0 0 0 0 0 0 0 0 0 0 1 0 0
0 0.999999999997606 1 1 0 0 0 0 0 0 0 0 0 0 1.4432899320127e-15 0 0 0 0 0 0 0 1 0 1.99840144432528e-15 0 0 0 0 0
0 2.59934296309439e-11 1 1 0 0 0 1.33130173551876e-11 0 0 1 0 0 0 1.57285295898646e-12 0 0 4.1847859622024e-09 0 0 0 0 0 8.88178419700125e-16 2.8688162956314e-12 0 2.34273280663722e-07 0 0 5.01050645418388e-10
0.999999999998728 0.999996592645856 1 1 0 0 0 0 0 0 0 0 5.09259301395559e-13 2.31481500634345e-13 0 0 0 0 0 0 0 0 0 1 0 0 1.09759124011788e-09 0 0 0
1.89948057283118e-12 1 4.0911696808088e-08 1 0 0 0 0 0 0 0 0 0 0 0 0 0 0.999999999999998 0 0 0 0 0 0 0 0 1 0 0 0
0 0.999996009274245 1 1 0 0 0 1.59872115546023e-14 0 0 1 0 0 0 0 0 0 0 0 0 0.999999122077788 0 0 0 0 0 0 1 0 8.77906288221375e-07
0 0 1 1 0 0 0 0 0.999832486400755 0 0 0 0 0 0 0 9.20206355559117e-10 0 0 0 0 0 0 0 0 1 0 0 0 0
0 2.22044604925031e-16 1 1 0 0 0 0 0 0 0 0 0 0 0.00750062716201516 0 0 1 0 0 1 0 0 0 3.45279360658424e-13 0.999999999900237 0 0 0 0
0 0 1 1 0 0 0 0 0 0 7.7715611723761e-15 0 0 0 0 0 0 0 0 0 0 0 1 0 0 0 0 0 0 0
0 0.999999972300576 1 1 1.12032605414925e-12 4.44089209850063e-16 0 0 0.999999999999997 0 0 1 0 0 0 0 0 0 0 0 0 0 0 0 0 0 0 0 0 0
0 0 0 1 0 0 0 6.66133814775094e-16 5.88855630923035e-11 0 1 0.999999993955957 4.10782519111308e-14 0 0 0 2.38586927991946e-13 0 0 0 0 0 0 0 0 0 1 0 0 2.33146835171283e-15
0 0 1 1 0 0 0 0 0 0 0 0 0 0 2.99157587591026e-10 3.61272123328149e-11 0 0 0 4.9960036108132e-15 1.19904086659517e-14 2.33587440261473e-05 0 0 0 1.2999601395336e-12 0 0 0 0
0 1 1 1 0 0 0 0 0 0 0 0 3.33066907387547e-16 0 0 0 0 0 0 0 0 0 1 0 0 0 0 0 0 0
0 1.67080438373546e-09 1 1 0 1.66533453693773e-14 0 0 0 0 0 0 0 0 4.44089209850063e-16 0 0.999999999980275 2.22044604925031e-16 1.11022302462516e-16 2.06311034922635e-09 4.13928891163096e-11 0 9.99200722162641e-16 0 0 0 2.33146835171283e-15 0 4.35076075167018e-09 0
0 1.29444566177028e-10 0 1 0 0 0 0 0 0 4.29656310529936e-14 4.44089209850063e-16 0 0 0 0 0 0 0 1 0 2.09832151654155e-14 0 1.45888856550869e-11 0 1.11022302462516e-16 0 1 0 5.55111512312578e-16
0 1.03813513341322e-10 1 0.99999999999997 0 1.11022302462516e-16 0 0 0 0 0 0 0 0 1 0 0 0 0 0 0 0 0 0 0 0 1 0 0 0
0 0 5.03552000097329e-09 1 0 0 0 0 0 0.999999999999952 0 1.33226762955019e-15 1 0 4.17443857259059e-14 0 0 8.55252935139106e-09 2.29816166097407e-14 1 0 0 0 0 0 0 0 0 0 5.78203041001757e-10
9.93649607039515e-14 0 1 1 0 0 0 0 0 0 0 2.55351295663786e-15 0.999999999999844 3.33066907387547e-16 0 3.33066907387547e-16 0 0 0 0 1 0 1 0 0 0 0 8.67735390208679e-08 5.74164216171624e-09 0
0 0 1 1 0 0 0 2.66453525910038e-15 2.22044604925031e-16 0 0.999999999999988 7.01860791707531e-12 0 0 0 0 0 0 0 0 1.99840144432528e-15 0 1.11022302462516e-16 0 0 0 0 0 0 7.66053886991358e-15
0 2.22044604925031e-15 1 1 0 0 0 0 0 0 0 0.999999999999995 0 0 2.22044604925031e-16 4.77395900588817e-15 0 1 0 2.1094237467878e-15 1 0 0 0 5.55111512312578e-16 0 0 0 1 0
0 1 1 1 0 0 0 0 0 0 5.55111512312578e-16 0 0.999999999997963 0 0 0 0 0 0 0 0 0 0 0 0 0 0 3.40949490862386e-13 0 0
0 1 0 1 0 0 0 6.47815134868779e-13 1.37359983387597e-08 0 0 0 1.77635683940025e-14 1.01030295240889e-14 0 0 0 1 0 0 7.8159700933611e-14 0 0.999981268508535 0 0 0.999999999921314 0 2.55494181367055e-10 7.7715611723761e-16 4.78932560277201e-10
0 0 1 1 0 0 0 0 0 0 0 0 0 0 0 0 0 0 0 1 0 0 0 0 3.33066907387547e-16 0 0 0 0 0
0 1 1 1 0 0 0.999999999999998 0 0 0 1 0 0 0 0 0 0 0 1.98059346701029e-11 0 0 0 0 1 0 0 0 0 2.66766941869889e-10 6.21033668934956e-10
7.7715611723761e-16 0 0.999999999942667 1 0 0 1.11022302462516e-16 0 0 0 0 0 0.000809213793489305 0 0 0 0 0 0 0 0 3.44169137633799e-15 0 0 1.11022302462516e-16 0 0.999906023927803 0 1 0
4.84834394853806e-13 0 1 1 0 1.4432899320127e-15 0 0 0 0 1.99840144432528e-15 1.88737914186277e-15 0 1.13353659791926e-10 1.11022302462516e-16 2.38106201422283e-11 2.46915804469339e-08 0 1 0 0 0 1 0.99765266053145 9.10382880192628e-15 2.85327317328665e-14 1.66533453693773e-15 0 0 1.11022302462516e-15
0 0 1 1 0 0 0 0 0 0 2.22044604925031e-14 0 6.66133814775094e-15 0 0 0 0 0 0 1 1 0 0 0 0 0 0 0 0 0
0 2.47807185882465e-08 1 1 0 6.58362253602718e-13 0 0 0 0 0 0 2.22044604925031e-16 0 0.999998098985859 0 0 0 0 0 0 0 0 0 0 0 0 0 0 0
0 1 1 1 0 4.9960036108132e-15 0 0 3.00493929739076e-09 0 3.12363166110607e-07 0 0 2.66453525910038e-15 4.98490138056695e-14 0 3.48836107222361e-07 0 1.11022302462516e-16 4.44089209850063e-16 1.22124532708767e-15 0 0.00202084159647609 7.3292782953871e-10 0 0 0.999999397516876 0 9.0205620750794e-13 0
5.68444402659907e-10 0 0 1 0 0 0 0 0 0 0 1.32188937573829e-09 0 0 0 0 0 0 0 0 0 0 0 1 0 0 0 0 0 0
8.53761505936745e-14 1 1.5620837956476e-13 1 0 8.70414851306123e-14 1.11022302462516e-16 0 0 0 0 6.0063065632221e-14 1.22124532708767e-15 0 8.59232041072744e-09 2.56461518688411e-14 0 1.5798473640416e-13 0 0 3.22574700284406e-09 2.22044604925031e-16 0 0 1.82076576038526e-14 1.11022302462516e-16 0 0 0 0
0 0.999999999993082 1 1 2.29421259767548e-10 0 0 0 4.66293670342566e-15 3.21964677141295e-15 0 0 0 0 0 2.33363084820581e-05 0.999999999999965 0 0 0 0 0 0 0 0 0 0 0 2.22044604925031e-16 0
0 1 1 1 0.999999999654381 0 0 6.13953332617712e-13 0 0 0 3.66166128529244e-08 6.10622663543836e-15 1 2.19491091968393e-13 0 0 0 0 0 0 0 0 0.999999963383387 0 0.999999999714391 3.39728245535298e-13 0 0 0
0 0 1 1 0 0 0 0 7.81130715665768e-11 0 0 0 0 0 0 0.999999999921887 0 0 0 0 0 3.33066907387547e-16 0 0 0 0 0 0 0 0
0 1 5.85309578582383e-13 1 0.999999999999991 0 0 0 0 0 1 0 0 0 0 0 0 0 0 0 0 0 0 0 0 8.29375457200854e-10 0 1 0 0
0 0.999999999999693 0.999999999999995 1 0 0 0 0 0 0 0 0 1 0 1 0 0 0 0 1.11022302462516e-16 0 3.06865644006393e-13 0 0 0 0 0 0 5.26004795275981e-11 0
0 4.70724302870096e-08 1 1 0 0 4.46615004667805e-06 0 1.11022302462516e-16 0 0 0 4.10782519111308e-15 3.75258790707989e-09 3.33066907387547e-16 1.76747505520325e-13 0 0 0 0 0 0 5.78653791549755e-11 6.32827124036339e-15 4.55746551608627e-13 1 1.52100554373646e-14 0.999999999814473 0.999999999999404 1.88154047897626e-10
0 1 1 1 0.000257354972128643 0.999741747359202 0 0 0 0 0 0 0 0 0 0 6.16173778666962e-14 0 1.94433358302604e-12 0 0 0 0 0 8.88178419700125e-16 3.55113953132147e-07 5.46967693360045e-10 0 0 0
2.76223488526739e-13 6.66133814775094e-16 1 1 0 0 0 0 0 0 0 0 1 0 0 0 0 0 0 0 0 0 0 9.25926002537381e-14 0 0 0 0 0 0
5.01565455834907e-12 0 1 1 1 1.83586323920792e-07 0.00054408034436082 0 0 0 1.11022302462516e-16 0 2.22044604925031e-16 3.33066907387547e-16 0 0 0 0 0 0 0 8.54871728961371e-15 2.22044604925031e-16 1 0 0 3.33066907387547e-16 0 0 0
0.999999999999724 1.67301950071419e-10 1 1 1.11022302462516e-16 1.11022302462516e-16 8.21565038222616e-15 6.10178574333986e-13 1.00475183728577e-13 2.33146835171283e-15 1.11022302462516e-16 1.11022302462516e-16 1.11022302462516e-16 9.10382880192628e-15 1.0724754417879e-13 1.11022302462516e-16 1.11022302462516e-16 1.11022302462516e-16 6.03850303093623e-13 3.5527136788005e-15 2.99760216648792e-15 3.47499806707674e-14 1.11022302462516e-16 8.88178419700125e-16 1.11022302462516e-16 8.6808338295441e-13 5.55111512312578e-16 2.22044604925031e-16 1.11022302462516e-15 1.15463194561016e-14
0 0.999998781838224 1 1 0.999202524836494 0 0 0 1.11022302462516e-16 0 0 0 0 0 0 0 0 0 0 0 3.16209543993473e-07 0 0 0 0 0 0 0 0 0
0 1 8.54871728961371e-14 1 0.997060883412899 0 0 0 0 0 0 5.55111512312578e-16 0 0 0 0 0 0 0 0 0 0 0 0 0 0 0 0 0 0
0 0 1 1 0 0 0 0 0 0 0 0 0 0 0 0 1 0 0 0 0 0 0 0 0 0 0 0 0 0
1 0.999999999999985 1 1 0 0 0 0 4.44089209850063e-16 0 0 0 0 0 0 0 0 0 0 0 0 0 0 0 0 0 0 0 0 0
2.19824158875781e-14 1 1 1 0 8.10462807976364e-15 2.67677879861594e-10 5.21804821573824e-15 0 0 0 0 0 0 0.999810863857087 2.22044604925031e-16 9.88098491916389e-15 0 0 0 0 7.20645765284189e-13 1 0 0 0 1 0 0 0
0 1.03008677954097e-06 1 1 0 0 0 0 0 6.87339074545434e-12 0 0 0 0 3.19300141882195e-12 0 0 0 0 1.0769163338864e-14 0 0 0 0 0 0 0 0 0 0
0 0 1 1 2.1316282072803e-14 0 0 0 0 0 7.94936227954679e-10 0 0 0 0 0 0 0 0 0 0 0.999999576335037 0 1 0 0 0 0 0 0
0 9.64937141301192e-09 1 1 1.18284388173073e-07 0 0 0 0 0 0 1 0 0 0 0 0 6.24115914504841e-09 0 3.01043634465259e-11 0 0.000168946560701655 0 0 0 0 0 0 0 0
0 2.62456723021387e-13 1 1 0 0 1.28785870856518e-14 0 6.09290395914286e-13 0 0 0 0 0 8.88178419700125e-16 1 0 0 0 0 1 0 0 0 1.64208909247954e-07 0 0 4.44089209850063e-16 1.22124532708767e-15 0
0 0 1 1 0 0 0 2.22044604925031e-16 0 0 0 0 0 0 0 0 0 0 0 0 0 0 0 0 0 0 0 0 0 0
0.998067723185101 0 1 1 0 0 0 1.55542245749984e-13 4.44089209850063e-16 0 0 0 6.7168492989822e-14 0 0 0 5.55111512312578e-16 1.77924503019788e-07 0 0 0 0 0 0 0 1.97619698383278e-14 0 8.16424705618601e-12 0.999999820671431 0
0 0 1 1 0 3.9057646006313e-13 0 0 6.32827124036339e-15 0 1 0.000857424601402368 0 0 0 0 0 0 1.33226762955019e-15 0 0 0 0 0 0 0 0 0.999999999996298 0 0
1.21014309684142e-14 0 1.63380420303838e-12 1 0 0 0 0 1.11022302462516e-16 0 0 0 1.4432899320127e-13 0 0 1.33226762955019e-15 0 0 0 0 0 0 0 0 0.999999999997909 0 1 0 0 0
0 0.999999999999997 1 1 0 0 0 0 0 0 0 0 0 0 0 0 0 0 0 0 0 0 0 0 1.11022302462516e-14 0 0 0 0 0
0 1 1 1 0 0 0 0 0 0 0 0 1 0 0 0 0 0 0 0 0 0 0 0 0 0 1 0 0 0
0 3.79674069961311e-12 1 1 1.44716656436117e-08 0 0 3.35820260488617e-12 0 0 0 0 0 0 0 0 0 1.11022302462516e-16 0 0 0 0 0 0 1 0 1 1 0 9.08842273086297e-05
0 1 1 1 0 0 0 5.04634741734789e-05 0 0 0 1.5922818619174e-12 0 0 1 0 0 0 0 0 0 0 0 0 0 0 0 2.83567191949885e-09 0 0
0 0 1 1 0 0 0 0 0 0 0 0.999999999999954 0 0 1 4.27990975992998e-13 3.33066907387547e-16 0 3.28292948381659e-13 0 0 0 0 0 0 3.08058023534841e-11 0 0 0 0
2.82551759767102e-13 1 2.27595720048157e-14 1 0 7.28553162243628e-09 0 0 0 0 0 0 0 0 0 0 0 5.21804821573824e-15 0 1.11022302462516e-16 0 0 0 0 0 0 1 0 0 0
0 0 1 1 1.63577928979919e-10 0 0 0 1 0 0 0 0 0 0 0 0 0 0.999999999990492 0 0 0 0 0 0 1 1 0 0 0
0 1 1 1 1 0 0 0 0 0 0 1 0 0 0 0 0 0 1 0 0 0 0 0.999999970978856 0 0 0 0 0 0
0 3.11502323935287e-09 2.69340105774063e-13 1 0 2.58570942435199e-13 0 0.999999985811793 0 0 0.999949216709935 1.71999303688608e-10 0 0 0 0 0 1 0 0 0 1.55431223447522e-15 0 0 1 0 0 0 0 0
0 0 1 1 0 0 0 0 0 0 0 0 0 0 0 2.41272446466212e-10 0 0 0 1 0 0 0 0 0 0 0 0 0 0
0 0 1 1 1.16474130340549e-09 0 0 0 0 0 0 6.66133814775094e-16 0 0 0 0.999999876373353 0 0 0 0 0 0 3.21964677141295e-15 0 1 0 0 1 0.999999823729665 1
0.999996995088234 1 0.999999998425199 1 0 0 0.999971661214233 0 0 0 0 0 0 0 0 0 0 0 0 0 0 0 0 1 0 0 0 0 0 2.44249065417534e-15
0 0 1 1 0 0 0 0 0 1 0 0 0 0 0 0 0 0 0.999999667335734 0 0 0 0 0 1 0 0 0 0 0
0 4.09134563672531e-07 1 1 0 0 0 0 0 0 0 0 0 0 0 0 0 1 0 0 0 0 0 9.99200722162641e-16 0 0 0 0 1 0
0 1 1 1 0.99999996787325 0 0 0 0 0 0 0 0 0 0 0 0 0 0 0 0 0 0 0 0 0 0 0 0 0
0 0 1 1 0 0 0 0 0 0 6.10622663543836e-15 0 0 0 0 0 1 0 0 1 0 0 0 0 0 0 0 0.999999999999541 0 0
0 0 1 1 0 0 0 0 3.5527136788005e-15 0 3.22086801674004e-12 0 2.7334801089296e-12 0 0 0 0 8.88178419700125e-16 0.999999999999999 0 0 0 1.66533453693773e-15 0 0 9.93891756673193e-08 0 0 0 1.55431223447522e-15
0 1 1 1 0 0 0 0 0 0 0 0 3.33066907387547e-16 0 0 0 0 1 0 0 0 0 0 0 0 0 1.88737914186277e-15 0 0 0
0 0 1 1 0 0 0 0 0 0 0 0 0 0 0 0 0 9.22595333463505e-14 0 0 1.11022302462516e-16 0 1 0 0 8.36404834281268e-10 0 5.52746737270127e-12 0 6.66133814775094e-16
0 1 1 1 0 0 0 0 0 0 0 0 6.66133814775094e-16 4.83282202035085e-08 0 0 0 0 0 0 0 0 0 0 0 0 0 0 0 0
0.999999999999313 1 1 1 0 0 0 0 0 0 9.22062426411685e-12 3.33066907387547e-16 0 0 0 5.55111512312578e-16 0 0 1.66296313786063e-05 0 0 0 8.125473627274e-10 0 0 0 0 1.33226762955019e-15 1 1.11022302462516e-16
0 0 1 1 0 0 0 0 0 8.88178419700125e-16 0 0 2.64395958948782e-06 0 0 0 1.11022302462516e-16 0 0 0 0 0 0 0 0 0 0 0 0 0
0.999999795855687 0 9.15156839198517e-12 1 0 1.06576146796655e-08 2.75563749041474e-07 0 0 0 0 0 0 0 2.67000221931823e-09 0 1.13242748511766e-14 1.43607459257566e-10 0 0 0 0 1.70530256582424e-13 0 0 7.23532345148215e-13 0 0 0 0
0 0 1 1 0 0 0 0 0 0 1 0 0 1 1 1 1 0 0 0 0 0 0 0 0 0 0 0.999999999999942 0 0
8.88178419700125e-15 0 1 1 3.31623617455534e-13 0 0 8.88167317469879e-12 0 0 6.65356658657856e-13 0 0 0 0 1.44438749849485e-09 0 0 0 0 0 0 0 0 1.19682042054592e-13 0 0 0 0 4.45199432874688e-14
0 0 0 1 0 0 0 0 0 0 0 0 0 0 0 0 0 0 0 0 0 0 0 0 0 0 0 0 0 0
0 1 1 1 0 0 0 0 0.000135407857593695 0 0 0 0.999864317690912 0 8.88178419700125e-16 1 0 0 0 0 0 0 0 0 0 1.11022302462516e-16 0 1.49191770049129e-12 0 0
0 0 0 1 0 0 1.11022302462516e-16 0 0 0 0 0 9.99200722162641e-16 0 0 0 0 0 1 0 0 2.89768209427166e-14 0 5.55111512312578e-15 0 1.13787868016857e-11 1 1 0 0
0 0 1 1 0 1.34892097491957e-13 0.999999999995154 4.79616346638068e-14 0 0 0 0 0 0 6.66133814775094e-16 0 1 0 6.66133814775094e-16 0 0 2.22044604925031e-16 0 0 0 0 9.03289665288298e-11 6.14609397819876e-08 0 0
0 0 1 1 0 0.999999999999993 5.90638649100583e-14 0.024080488092454 0.999741039682227 0 0 0 2.81752399189372e-12 0.999999958901768 0 0 0 0 0 7.95026267041976e-11 0 0 1.22124532708767e-14 0.999999999999999 0 0 0 0 0 0
0 0.980345508135731 1 1 0.99626508465712 0 0 2.36017760890661e-10 0 0 0 1.60982338570648e-14 0 1.84914750178677e-10 0 0 0 0 0 0 0 0 0 0.999999999987312 0 1 0 5.55111512312578e-16 1.11022302462516e-16 1
0 7.61863002995966e-06 1 1 0 0 0 0 0 8.88178419700125e-16 0 0 0 0 0 0 0 0 0 0 0 0 0 0 0 0 0 1.37445610448594e-13 1.7874590696465e-14 0
1 0.999891687375782 1 1 1 0 0 0 3.5527136788005e-15 0 0 0 0 0 0 0 0 0 0 0 0.999997886250759 0 0 0 0 0 0 0 0 0
0 2.00624763468937e-08 1 1 0 0 0.999992902414782 0.999999999998563 0 0 0 0 0 0 0 0 0 0 0 7.7715611723761e-16 1 0 0 1 0 3.66373598126302e-15 0 0 0 0
0 0 1 1 0 0 0 0 0 0 0 0 0 0 0 0 0 0 0 0 0 0 1 0 0 1 0 0 0 0
1 1 1 1 0 0 0 0 0 0 0 0 0 0 0 0 0 0.999999897267935 0 0 0 0 0 0 0 0 0 0 0 0
0 1 1 1 0 0 0 0 0 0 0 0 8.35997937542743e-14 0 1.11022302462516e-16 4.32141322725954e-10 0 0 3.42484685611488e-07 0 0 1 0.999999780068924 0 0 1.50146561850306e-12 0 0 0 0
0 1.11022302462516e-16 1 6.8073950669878e-05 0 0 0 0 0 0 0 0 0.999999999999997 0 0 0 0.999999999999708 1.62481139653892e-12 0 1.11022302462516e-16 0 1.11022302462516e-16 1 0 2.1094237467878e-15 1.46882506157908e-13 5.86064530239128e-12 1.66533453693773e-15 0 0
0 0 1 1 0 0 0 0 0 0 0 0 1 0 0 0 0 0 0 0 0 0 0 0 0 0 0 0 0 0
0.997701219143686 0 1 1 0 0 0 0 0.999999999999987 0 0 0 0 0 0 0 0 0 0 0 0 0 0 0 0 0 0 0 0 1
0 1 1 1 0 0 0 0 7.00661750840936e-13 0 0 1 1.03020788344566e-07 0 7.9126260099649e-08 0 0.999999738923077 0 5.10702591327572e-15 2.60920406169873e-07 0 0 0 0 1.11022302462516e-16 0 0 0 2.22044604925031e-15 2.52083132146197e-10
0 1 1 1 0 0 0 0 0 0 1 0 0 0 0 0 0 0 0 0 0 0 0 0 0 0 0 0 0 0
0 0 1 1 0 0 0 0 0 0 0 0 0 0 0 0 0 0 0 0 0 0 0 0 0 0 0 0 0 0
0 1 1 1 0 0 0 0 0 0 0 0 0 0 0 0 1 0 0 2.82926093664315e-09 0 0 1.84265935843086e-10 0 0 0 0 0 0 0
0 1 1 1 0 0 7.7715611723761e-16 0 0 0 0 0 2.45259368369943e-12 0 1.4703948780781e-07 0.999999962682678 0 0 0 0 0 1 7.7715611723761e-16 0.000392167260117038 0 0 1.10406927156248e-07 0 0 0
1.55151846925605e-09 2.33146835171283e-15 1 1 0 0 0 0 6.43618491835696e-12 0 0 9.99200722162641e-16 5.51847678664785e-10 0 0 0 4.44089209850063e-16 0 0 0 0.999999626413831 0 0 4.44089209850063e-16 1.49225076739867e-12 7.52446581819832e-07 0 1.11022302462516e-16 0 1.74371628247627e-12
0 0.999999999999918 1 1 8.02008792710751e-09 0 0 0 0 0 1 0 0 0 0 0 0 0 1 0 0 0 4.51247705868241e-10 0 9.42579347906758e-14 1 0 0 1 0
0 2.26485497023532e-14 6.35319308273097e-09 1 0 0 9.01291470345456e-08 0 0 0 0 0 0 0.0480750738487059 0 0 0 0 0 0 0 0 0 0 0 0 0 0 0 0
0.999999894597998 1 1 1 0 0 0 2.87436741075453e-13 1.11022302462516e-16 0 0 1.00309760497908e-11 4.40758540776187e-14 0 0 0 0 0 0 0 0 0 0 0 0 0 0 1 0 0
0 3.7114755713219e-13 1 1 0 0 0 0 0 0 0.999999999874254 0 0 0 0 0 0 2.1094237467878e-15 0 0 2.1094237467878e-15 0 0 1 0 0 0 0 1.45761180903037e-12 0
1 1.11022302462516e-16 1 1 6.98330282489223e-14 1.96509475358653e-14 0 0 7.7715611723761e-16 5.60773649738167e-13 0 0 0 4.44089209850063e-16 0 0 0 0 0 0 0 0 4.64184246595778e-13 1.72999214953506e-09 0 0 1.06914477271403e-13 0 0 0
0 0.999997415584896 1 1 0 0 0 0 2.44249065417534e-15 0 5.76871883595231e-13 0 0 9.94121451824981e-10 0 0 0 0 0 0 0 0 0 0 0 0 2.87547763377916e-14 0 2.22044604925031e-16 0
0 0.999845682274655 3.91140897448850e-10 1 0 0 0 0 0 0 0 0 0 0 1 0 0 0 1.11022302462516e-16 0 0 0 0 0 0 0 0 0 1 0
1 0 1 1 0 0 0 0 0 0 0 0 0 0 0 0 1 0 0 0 0 0 0 0 0 0 0 0 0 0
0 0.00300952435191248 0 1 0 0 0.999999999994889 0 0 0.999999999996192 0 1.66533453693773e-15 0 0 0 0 0 0 0 0 0 0 1 0 0 1 0 0 0 0
0 0 0.9999999999572 1 0 0 0 0 0 0 1 0 0 0 0 0 0 0 0.999999969097879 1.13375975274721e-12 0 0 0 0 0 0 0 6.66133814775094e-16 0 0
0 0 1 1 5.55111512312578e-16 0 0 0 0 0.999999999999836 0 1 0 0 0 0 0 0 0 0.99999999999995 4.98490138056695e-14 0 0 0 0 0 0 1.4760392907931e-10 0 0
0 0.99999999990097 1 1 0 0 0 0 0 0 0 0 0 0 1 0 0 0 0 0 0 0 0 0 0 0 0 1.77635683940025e-15 0 0
0.996904685937479 0 1 1 2.51322999966774e-07 0 0 0 0 0 0 0 0 0 1.22563966084011e-05 0 0 0 1 0 0 0 0 0 0 0 7.99360577730113e-15 0 0 3.73356900951194e-11
0 0 1 1 0 0.00380143552114076 0 0 0 0 0 0 0 0 0 0 0 0 4.35207425653061e-14 7.0670693044228e-06 0 0 0 0 0 1.54432022725359e-13 7.7715611723761e-16 0 8.40083558273363e-11 0.999992549057604
0 0 1 1 0 0 0 0 0 0 0 0 0 0 0 0 0 0 0 0 0 0.999809121181421 0 1 0 0 0 0 0 0
0 1 1 1 0 0 0 2.77555756156289e-15 0 0 0 0 0 0 0 0 0 2.86770607260678e-13 0 0 0 0 0 0 0 1 0 0 0 0
0 0 1 1 0 0 2.60902410786912e-14 3.65263375101677e-14 0 0 3.72030184436767e-11 0 0 0 1 0 0 0 2.22044604925031e-16 0 0 1.33226762955019e-15 0 0 0 1.54676271790777e-12 1.11022302462516e-16 0 0 0
0 1 1 1 0 0 0 0.999985255577831 0 1.11022302462516e-16 0 0 1 0 0 1 0 0 0 2.99760216648792e-15 1 0 0 1.89404048001052e-13 0 0 0 0 0 1.26056326488211e-08
0 1.56863411149288e-11 2.36835808742342e-08 1 4.55191440096314e-15 0 0 0 0 0 0 0 0 0 1.21125331986605e-13 0 0 0 0 0 0 0 7.76557296244818e-09 0 5.80435699504278e-12 0 0 1.11022302462516e-15 0 2.03624683781101e-09
1.37929901944389e-08 4.73753816288003e-07 1 1 0 0 0 0 0 2.22044604925031e-16 1 1.72274194909505e-10 0 0 0.99999999999956 0 0 0 0 0 1.11022302462516e-16 1.11022302462516e-16 1 0 0 0 1.66533453693773e-15 2.46469511466785e-14 0 0
0 0 1 1 0 0.999999999779547 0 0 0 0 1 0 0 0 0 0 0 0 0 0 0 0 0 0 0 0 0 0 0 1
9.79722891703005e-09 1 0.999999944568719 1 0 0 3.61511931501468e-11 0 0 0 0 0 0 0 0 0 0 0 0 0 0 0 0 0 0 0 0 1.78449763854616e-08 0 0
0 0 1 1 5.6621374255883e-15 1.85573778566095e-12 0 0 3.5527136788005e-15 0 0 0 4.68163852129777e-09 0 0 0 0 1.11022302462516e-16 0 4.77395900588817e-15 0 0.000237531078216557 4.14113188185183e-14 0 0 1.02906572152506e-12 0 0 1.21724852419902e-12 0
0 1 1 1 0 0 0 9.01991148438697e-10 0 0 0 0 0 0 3.58794616239777e-08 0 2.3793155223828e-09 0 1.13797860024079e-13 0 1.88737914186277e-15 0 0 0 0 2.88268386605672e-07 3.11195513802431e-13 9.50405198985038e-10 4.17486024639757e-08 0
0 1.85296222809939e-13 1 1 0 0 0 0 0 0 5.22915044598449e-14 0 0 0 0 0 0 0 0 0 0 0.00054292964782976 0 0 1 0 0 0 0 0
0 0.999999118651187 1 1 0 0 0 0 0 0 0 0 0 1 1 0 0 0 0 0 1 5.16940934502941e-11 0 0 0 0 0 0 0 0.988714985215457
0 0.967430652746648 1 1 0 0 0 0 0 0 0 0 0 4.44089209850063e-16 0 0 0 0 0 0 0 1.88737914186277e-15 0 0 0 0 0 0 0 0
0 2.95319324550292e-14 1 1 0 0 0 0 0 0 0 0 0 0 0 0 0 0 0 0 0 0 0 1 1 0 2.16718865075904e-11 0 0 5.55111512312578e-16
0 1 1 1 0 0 0 0 0 0 1 0 0 0 0 0 3.66373598126302e-15 0 0 0 0 0 0 1 0 0 0 0 0 0
3.95683485976406e-13 0 0.999999972160701 2.80286904796867e-11 0 0 0 0 0 0 0 0 7.7715611723761e-16 0 0 0 0 0 0 6.66133814775094e-16 0 0 0 1.38777878078145e-14 0 0 0 0 0 0
2.22044604925031e-16 0 1 1 0 0 0 0 0 0.999659396390309 0 1.11022302462516e-16 0 0 0 7.77560203545358e-05 0 0 0 0 0 0 0 0 0 0 0 0 0 0
0 7.7715611723761e-16 1.10782494289197e-11 1 1.52100554373646e-14 0 0 9.99200722162641e-16 0 1.6877000633686e-05 2.34789965247728e-12 5.93280376992578e-05 1.02233543852748e-09 0 1.11022302462516e-16 0 0 3.88050702682108e-11 0 0 0.999999999999951 1.11022302462516e-16 0 1 0 0 0 0 0 0
1 1.0438060201734e-06 1 1 0 0 0 0 0 0 0 0 0 1 0 0 0 6.66133814775094e-16 0 0 0 0 0 0 0 0 0 0 0 0
1.54990464906746e-11 1 1 1 0 3.35351997793332e-06 3.64395142060658e-07 0 5.02147856629165e-09 7.52212070409541e-10 0 0 0 0 0 0 4.10205203138503e-12 0 8.29005997182719e-09 0 0 0 0 0 0 5.26245713672324e-14 0 0 0 0
0 5.30686605770825e-14 1 1 0 0 5.44009282066327e-15 0 0 0 0 0 0 1.55431223447522e-15 0 0 0.999999902856666 0 8.3080986534867e-11 0 0 0 1.55431223447522e-15 7.88258347483861e-15 0 0 0 0 0 0
0 1.08801856413265e-13 1 1 0 0 0 0 0 0 0 0 0 1 9.20707954321642e-13 0 1 0 0 1 6.36990460378684e-11 0 0 0 1.8475100106663e-05 0 0 0 0 0
0 1 1 1 0 0 0 0 0 0 0 0 1 0 0 2.22044604925031e-16 1 0 0 0 0 0 0 0 0 0 0 0 2.22044604925031e-15 0
0 0 1 1 0 0 0 0 1.19904086659517e-14 0 0 0 0 0 0 0 0 0 0 0 0 1 0 0 1 0 0 0 0 0
0 1 1.30444118540129e-06 1 0 0 0 0 0 0 0.99999999999967 1.11022302462516e-16 0 3.43354400467177e-09 0 0 0 0 0 0 0 0 0 0 0 0 1 0 0 7.1489025810223e-10
0.999999964740587 1.11022302462516e-15 1 1 0 0 0 0 0 0 0 0 5.55111512312578e-16 0 0 0 0 0 0 0 7.91589016557737e-14 1.65756297576536e-13 0 0 1 0 1.35957911595597e-12 0 0 0
0 1 1 1 0 0 0 0 0 0 0 0 0 2.22044604925031e-16 0 0 0 0 0 0 4.10782519111308e-15 0 0 0 0 0 0 8.73039418536337e-11 0 0
0 1 0.0154270869355259 1 4.9374200283836e-09 0 3.5527136788005e-15 0 0 6.92779167366098e-14 1.53943080505314e-10 0 1.11022302462516e-16 0 0 1.11022302462516e-16 0 0 0 0 1.77635683940025e-15 0 0 1.64313007644523e-14 1 0 0 0 0 0
0.999999999999999 1 1 1 0 1.40998324127395e-14 0 0 0 1 0 0 0 1 0 0 0 0 0 0 0 0 0 0 0 0 0 0 0 0
0.999999990863606 0 0.0099080833125712 1 0 0 0 1.69531055860261e-13 0 0 0 0 0 0 0 1.37112543541207e-13 0 0 0 0 0 0 0 0 0.999996239012957 0 0 0 0 0
0.00265040780100023 0.00877760191152366 1 1 0 8.83224327008492e-08 0 0 0 0 0 0 2.63167265757147e-12 0 0 0 0 0 7.40019157063898e-12 0 0 0 0 0 0 0 1 0 0 0
0 0 1 1 3.86923826312113e-12 0 0 0 0 9.2148511043888e-15 0 0 0 0 0.000212850244568186 0 0 1 0 0 1.54321000422897e-14 0 0 0 0 0 0 1 0 0
0 1 1 1 0 0 0 0 0 1.11022302462516e-16 0 0 0 0 0 0 0 0 0 0 0 1 0 0.999999999550066 0 0 0 0 0 0
0.999999999580275 1 0 1 0 2.66453525910038e-15 0 0 0 0 0 0 0 0 0 0 0 0 1 0 1.11022302462516e-15 1 0 0 0.999999999999993 7.15782988436331e-09 0 0 3.22297744048683e-13 0
0 0 1 1 0 0 0 0 0 0 0 0 0 0 0 0 5.76205749780456e-14 0 0 0 0 0 0 0.999846031711598 2.4685253841028e-11 0 0 0 0 0
0 0 1 1 0 0 0 0 0 0 0 0 0 0 0 0 0 2.22044604925031e-16 0 0 0 0 1.77635683940025e-15 0 0 1.11022302462516e-16 0 0 0 0
0.999999994966305 0 1 1 1.0991207943789e-14 0 0 0 3.33066907387547e-16 0 2.70738986785091e-11 0 0 0 0 0 0 0 1 0 2.45248266139697e-13 0 1 0 0 0 4.47419878923938e-14 0 0 0
1.00586206031039e-13 2.05391259555654e-14 1 1 0 0 0 0 0 0 1 0 0 1 1 0 0 0 0 0 0 0 0 5.20194998188117e-12 0 0 0 0 0 1
