[1] "Average Estimates for Betas: "
 [1]  4.620774e-02  1.053952e-01  1.996375e-01  2.961580e-01 -1.927067e-03
 [6] -2.811914e-03 -1.138136e-03  2.341201e-03 -9.229305e-04  4.936594e-03
[11]  4.108214e-04  2.967544e-03  5.865005e-03 -1.382230e-03  3.404059e-03
[16]  5.385233e-04  1.487124e-03 -4.328709e-03  4.468842e-03  2.382775e-03
[21] -4.310179e-03 -1.438760e-04 -2.284225e-03 -1.686012e-03  8.677583e-04
[26] -8.569056e-03 -3.808558e-04 -2.603859e-03 -1.562513e-03 -6.345308e-05
[1] "Standard Deviations of Betas: "
 [1] 0.05106414 0.05176712 0.04666737 0.04839424 0.05042404 0.04612543
 [7] 0.04939605 0.04582791 0.05109415 0.05359839 0.05210118 0.04702311
[13] 0.04502581 0.04444492 0.04963754 0.04472923 0.04892160 0.04561637
[19] 0.04435488 0.04647724 0.04731964 0.04335501 0.05271119 0.04890835
[25] 0.04781098 0.04844161 0.04962680 0.04439027 0.04877236 0.04814070
[1] "Average StdErrors for Betas: "
 [1] 0.01412502 0.01401887 0.01400838 0.01405647 0.01404902 0.01408424
 [7] 0.01407648 0.01406023 0.01404920 0.01403129 0.01403044 0.01408959
[13] 0.01413978 0.01411858 0.01401792 0.01409665 0.01410279 0.01402151
[19] 0.01409216 0.01418969 0.01406383 0.01407418 0.01413844 0.01413720
[25] 0.01395910 0.01404648 0.01402088 0.01412798 0.01421218 0.01400323
[1] "Positive rate for exposures: "
 [1] 0.740 0.955 1.000 1.000 0.590 0.570 0.555 0.505 0.635 0.595 0.570 0.525
[13] 0.560 0.485 0.620 0.535 0.595 0.520 0.555 0.520 0.565 0.510 0.535 0.585
[25] 0.545 0.515 0.555 0.570 0.560 0.520
[1] "Bonferroni-corrected positive rate for exposures: "
 [1] 0.505 0.890 1.000 1.000 0.395 0.320 0.345 0.320 0.415 0.390 0.345 0.305
[13] 0.370 0.280 0.385 0.320 0.335 0.290 0.290 0.330 0.380 0.300 0.340 0.355
[25] 0.330 0.375 0.370 0.325 0.340 0.310
