[1] "Average Estimates for Betas: "
 [1]  0.0499945558  0.1037005697  0.2006918468  0.2973716162 -0.0038008745
 [6] -0.0021950708 -0.0009094068  0.0046681573  0.0011764956  0.0050366903
[11]  0.0005550035  0.0009947914  0.0034010124  0.0002150971  0.0043455859
[16] -0.0004399205  0.0035652844 -0.0060106312  0.0010490903  0.0030338678
[21] -0.0046176254  0.0012760417 -0.0032970615 -0.0033081439 -0.0018173758
[26] -0.0037391195 -0.0014585600 -0.0032704684 -0.0007229039 -0.0001077469
[1] "Standard Deviations of Betas: "
 [1] 0.05312969 0.04888025 0.04279685 0.04532987 0.04931296 0.04521517
 [7] 0.04644288 0.04251888 0.04703816 0.05132402 0.05222323 0.04466535
[13] 0.04234021 0.04168778 0.04762342 0.04260355 0.04557816 0.04527991
[19] 0.04322336 0.04285862 0.04492966 0.04343400 0.04998996 0.04799382
[25] 0.04644520 0.04318018 0.04894770 0.04250482 0.04533525 0.04605935
[1] "Average StdErrors for Betas: "
 [1] 0.04201534 0.03064695 0.03060295 0.03077079 0.03073075 0.03076737
 [7] 0.03073951 0.03062011 0.03067385 0.03068729 0.03066018 0.03077915
[13] 0.03081514 0.03076516 0.03066750 0.03081655 0.03081609 0.03070328
[19] 0.03071075 0.03097458 0.03068894 0.03080706 0.03076435 0.03072857
[25] 0.03059870 0.03057675 0.03063579 0.03081478 0.03094115 0.03066953
[1] "Positive rate for exposures: "
 [1] 0.255 0.805 1.000 1.000 0.260 0.180 0.205 0.175 0.215 0.225 0.215 0.150
[13] 0.155 0.135 0.215 0.155 0.140 0.170 0.155 0.165 0.220 0.185 0.175 0.200
[25] 0.170 0.190 0.215 0.175 0.170 0.155
[1] "Bonferroni-corrected positive rate for exposures: "
 [1] 0.075 0.500 0.990 1.000 0.040 0.035 0.025 0.030 0.040 0.070 0.075 0.035
[13] 0.015 0.040 0.045 0.025 0.045 0.040 0.025 0.030 0.040 0.020 0.055 0.060
[25] 0.040 0.020 0.060 0.025 0.040 0.045
