[1] "Average PIPs: "
 [1] 0.12998013 0.38442942 0.87297287 0.96500034 0.04995688 0.02499290
 [7] 0.04000209 0.01512058 0.03000176 0.03999839 0.11500142 0.06506974
[13] 0.08000416 0.06524038 0.08503755 0.05500051 0.10000003 0.05500002
[19] 0.07000059 0.05000004 0.06999999 0.04500391 0.09001001 0.10499018
[25] 0.08500008 0.07500001 0.08017581 0.09000039 0.06505016 0.04494400
[1] "Percent of time PIP >= 0.1: "
 [1] 0.130 0.385 0.875 0.965 0.050 0.025 0.040 0.015 0.030 0.040 0.115 0.065
[13] 0.080 0.065 0.085 0.055 0.100 0.055 0.070 0.050 0.070 0.045 0.090 0.105
[25] 0.085 0.075 0.080 0.090 0.065 0.045
[1] "Percent of time PIP >= 0.5: "
 [1] 0.130 0.385 0.875 0.965 0.050 0.025 0.040 0.015 0.030 0.040 0.115 0.065
[13] 0.080 0.065 0.085 0.055 0.100 0.055 0.070 0.050 0.070 0.045 0.090 0.105
[25] 0.085 0.075 0.080 0.090 0.065 0.045
[1] "Percent of time PIP >= 0.9: "
 [1] 0.130 0.385 0.870 0.965 0.050 0.025 0.040 0.015 0.030 0.040 0.115 0.065
[13] 0.080 0.065 0.085 0.055 0.100 0.055 0.070 0.050 0.070 0.045 0.090 0.105
[25] 0.085 0.075 0.080 0.090 0.065 0.045
