[1] "Average Estimates for Betas: "
 [1]  5.023799e-02  1.024615e-01  1.993580e-01  2.995621e-01  1.991946e-04
 [6]  5.190379e-04 -2.665501e-04 -4.111510e-04 -5.370179e-04  6.260356e-05
[11]  1.466250e-04  2.100611e-04  4.008958e-04 -4.408084e-04  1.054667e-03
[16] -1.129728e-03 -7.619206e-05 -7.625871e-04 -2.589799e-04  7.336776e-04
[21] -4.061622e-04  1.687167e-04  1.283793e-04 -1.339348e-03 -3.589556e-04
[26] -6.481886e-04 -6.579632e-04 -2.072489e-04 -4.786152e-04 -7.514779e-04
[1] "Standard Deviations of Betas: "
 [1] 0.008964366 0.009561431 0.008723174 0.009025308 0.009727589 0.008938957
 [7] 0.008516011 0.009004476 0.009349124 0.009463322 0.009660861 0.009490935
[13] 0.009339414 0.008907144 0.009644003 0.009362022 0.008939646 0.009235951
[19] 0.009887538 0.008828150 0.009594148 0.009057077 0.009724077 0.009354425
[25] 0.009734674 0.009735057 0.010029721 0.008536621 0.009548328 0.009926401
[1] "Average StdErrors for Betas: "
 [1] 0.007587725 0.007595430 0.007582351 0.007607631 0.007620211 0.007603663
 [7] 0.007586746 0.007578858 0.007585209 0.007620373 0.007591238 0.007601383
[13] 0.007608999 0.007597579 0.007603324 0.007606265 0.007600791 0.007601950
[19] 0.007610757 0.007628899 0.007583869 0.007590856 0.007607591 0.007611934
[25] 0.007604719 0.007577497 0.007583494 0.007593806 0.007621807 0.007605766
[1] "Positive rate for exposures: "
 [1] 1.000 1.000 1.000 1.000 0.115 0.085 0.060 0.095 0.105 0.115 0.130 0.115
[13] 0.105 0.090 0.130 0.130 0.085 0.105 0.125 0.080 0.110 0.095 0.100 0.110
[25] 0.095 0.135 0.135 0.095 0.090 0.145
[1] "Bonferroni-corrected positive rate for exposures: "
 [1] 1.000 1.000 1.000 1.000 0.020 0.015 0.005 0.020 0.005 0.010 0.015 0.005
[13] 0.005 0.005 0.010 0.015 0.025 0.010 0.030 0.010 0.020 0.005 0.020 0.025
[25] 0.015 0.010 0.025 0.005 0.010 0.000
