[1] "Average Estimates for Betas: "
 [1]  0.0302418206  0.0757526338  0.1399934547  0.1962483442 -0.0050770087
 [6] -0.0032711064  0.0016615605  0.0004643310 -0.0008550472  0.0024632309
[11]  0.0020850738  0.0027518187  0.0026051977  0.0056811600  0.0026349285
[16]  0.0013878024  0.0011440255  0.0037388885 -0.0010173615 -0.0010572749
[21] -0.0050345779  0.0026476743 -0.0045123539  0.0034155090 -0.0006459067
[26] -0.0011079003  0.0011496681 -0.0050348733  0.0018923812  0.0024378392
[1] "Standard Deviations of Betas: "
 [1] 0.04942887 0.04798323 0.06200638 0.08477803 0.04637334 0.04203526
 [7] 0.04361945 0.04063200 0.04272590 0.04360767 0.04474314 0.04261027
[13] 0.04348759 0.04426041 0.04325643 0.04144729 0.04153443 0.04347436
[19] 0.04334986 0.04286943 0.04258723 0.04046319 0.04635319 0.04342870
[25] 0.04063028 0.04122046 0.04754239 0.03990694 0.04583072 0.04195742
[1] "Average StdErrors for Betas: "
 [1] 0.008619324 0.008513566 0.008514589 0.008634112 0.008615324 0.008589814
 [7] 0.008654761 0.008544210 0.008599537 0.008537777 0.008561534 0.008631564
[13] 0.008618981 0.008627553 0.008680092 0.008683047 0.008674534 0.008572259
[19] 0.008660665 0.008781193 0.008630815 0.008672364 0.008733353 0.008664344
[25] 0.008514097 0.008643109 0.008595875 0.008697065 0.008688316 0.008583167
[1] "Positive rate for exposures: "
 [1] 0.780 0.900 0.955 0.930 0.660 0.720 0.700 0.695 0.695 0.680 0.650 0.675
[13] 0.695 0.675 0.685 0.685 0.670 0.690 0.690 0.725 0.640 0.670 0.690 0.730
[25] 0.705 0.710 0.725 0.640 0.755 0.740
[1] "Bonferroni-corrected positive rate for exposures: "
 [1] 0.695 0.855 0.945 0.905 0.460 0.535 0.520 0.500 0.510 0.530 0.505 0.515
[13] 0.515 0.515 0.520 0.540 0.505 0.490 0.505 0.575 0.540 0.505 0.555 0.555
[25] 0.525 0.575 0.585 0.500 0.590 0.535
