[1] "Average Estimates for Betas: "
 [1]  4.765987e-02  1.036225e-01  2.005773e-01  2.974376e-01 -3.771098e-03
 [6] -2.199080e-03 -9.713772e-04  4.537680e-03  1.270609e-03  5.013474e-03
[11]  6.211424e-04  9.445053e-04  3.415256e-03  1.774692e-04  4.287081e-03
[16] -3.803819e-04  3.636845e-03 -6.035574e-03  1.072464e-03  2.931335e-03
[21] -4.613961e-03  1.280412e-03 -3.361004e-03 -3.274098e-03 -1.809641e-03
[26] -3.765120e-03 -1.515258e-03 -3.169187e-03 -7.331694e-04 -6.062714e-05
[1] "Standard Deviations of Betas: "
 [1] 0.04844186 0.04883380 0.04285298 0.04524827 0.04933783 0.04521079
 [7] 0.04636932 0.04246679 0.04691113 0.05117622 0.05216019 0.04471372
[13] 0.04235566 0.04181698 0.04775404 0.04265834 0.04551571 0.04533986
[19] 0.04326999 0.04284653 0.04496658 0.04340082 0.04996006 0.04805848
[25] 0.04642432 0.04330028 0.04899418 0.04251737 0.04549805 0.04603537
[1] "Average StdErrors for Betas: "
 [1] 0.03063942 0.03062920 0.03058890 0.03075240 0.03071594 0.03075129
 [7] 0.03072289 0.03060389 0.03066095 0.03067296 0.03064478 0.03076330
[13] 0.03079918 0.03075115 0.03065235 0.03080442 0.03080096 0.03068755
[19] 0.03069703 0.03095841 0.03067772 0.03079082 0.03074784 0.03071256
[25] 0.03058411 0.03055815 0.03062155 0.03079982 0.03092483 0.03065228
[1] "Positive rate for exposures: "
 [1] 0.360 0.815 1.000 1.000 0.245 0.185 0.200 0.170 0.210 0.225 0.210 0.155
[13] 0.155 0.140 0.225 0.150 0.140 0.170 0.150 0.165 0.210 0.190 0.175 0.200
[25] 0.160 0.195 0.210 0.175 0.175 0.150
[1] "Bonferroni-corrected positive rate for exposures: "
 [1] 0.155 0.500 0.990 1.000 0.040 0.025 0.025 0.025 0.040 0.070 0.070 0.040
[13] 0.020 0.040 0.045 0.025 0.045 0.040 0.030 0.030 0.040 0.020 0.060 0.060
[25] 0.040 0.020 0.060 0.025 0.040 0.045
