[1] "Average Estimates for Betas: "
 [1]  4.774148e-02  9.035389e-02  2.009934e-01  2.980744e-01 -9.373655e-03
 [6] -1.915827e-03 -1.385383e-02 -6.452529e-03  4.688118e-03 -3.971006e-03
[11]  2.025835e-02  8.336737e-03 -3.012641e-03 -6.630959e-03 -8.606046e-03
[16]  5.583123e-05 -9.524562e-03  1.016890e-02  1.693260e-03 -1.151179e-03
[21]  8.576730e-03 -9.889236e-03  1.941096e-02  5.536683e-03 -1.156958e-02
[26]  5.857936e-03 -3.105015e-02 -1.274916e-02  2.310458e-02  5.628614e-03
[1] "Standard Deviations of Betas: "
 [1] 0.10523504 0.15454671 0.13355471 0.13712029 0.10984077 0.11530299
 [7] 0.12175079 0.14264963 0.11677286 0.14187372 0.10986286 0.10830846
[13] 0.09668294 0.13731399 0.08972620 0.10601627 0.11828833 0.11504965
[19] 0.25528581 0.17202896 0.12668367 0.13881907 0.11785360 0.10983714
[25] 0.17605223 0.20640234 0.10534397 0.11568225 0.10393720 0.12464042
[1] "Average StdErrors for Betas: "
 [1] 0.09013175 0.09880231 0.10084300 0.10012594 0.09386865 0.09664028
 [7] 0.09254499 0.09864100 0.09712568 0.09444302 0.10851624 0.09406074
[13] 0.09195919 0.09391286 0.09210965 0.10387598 0.09829344 0.09064817
[19] 0.10701237 0.10808014 0.09559267 0.10237816 0.09623149 0.09307949
[25] 0.09676030 0.10325412 0.09143161 0.09752966 0.09360719 0.09967846
[1] "Positive rate for exposures: "
 [1] 0.15789474 0.20300752 0.60902256 0.79699248 0.06766917 0.12030075
 [7] 0.10526316 0.09022556 0.08270677 0.12030075 0.09774436 0.09022556
[13] 0.08270677 0.10526316 0.03759398 0.09022556 0.08270677 0.08270677
[19] 0.12781955 0.11278195 0.09774436 0.09022556 0.10526316 0.08270677
[25] 0.07518797 0.05263158 0.09774436 0.09774436 0.10526316 0.11278195
[1] "Bonferroni-corrected positive rate for exposures: "
 [1] 0.022556391 0.060150376 0.255639098 0.533834586 0.015037594 0.000000000
 [7] 0.015037594 0.000000000 0.007518797 0.022556391 0.030075188 0.030075188
[13] 0.000000000 0.015037594 0.000000000 0.007518797 0.007518797 0.007518797
[19] 0.022556391 0.000000000 0.022556391 0.022556391 0.030075188 0.000000000
[25] 0.015037594 0.000000000 0.022556391 0.007518797 0.007518797 0.000000000
