[1] "Average PIPs: "
 [1] 0.20933588 0.34190030 0.68377303 0.89900492 0.12805207 0.09651115
 [7] 0.06894730 0.09632889 0.13518944 0.07493845 0.08449195 0.10149974
[13] 0.08031654 0.09902556 0.10915287 0.09659718 0.12011224 0.07007316
[19] 0.11683101 0.13947075 0.10181152 0.08848955 0.12457640 0.08692717
[25] 0.08507289 0.10629385 0.11565304 0.07609339 0.11411414 0.13409952
[1] "Percent of time PIP >= 0.1: "
 [1] 0.21717172 0.37373737 0.71212121 0.89898990 0.13636364 0.10101010
 [7] 0.07070707 0.11111111 0.13636364 0.08585859 0.09090909 0.10101010
[13] 0.08585859 0.09595960 0.11111111 0.10606061 0.12626263 0.08080808
[19] 0.12626263 0.13636364 0.10101010 0.08585859 0.13131313 0.10101010
[25] 0.09090909 0.12121212 0.12626263 0.08080808 0.11616162 0.13131313
[1] "Percent of time PIP >= 0.5: "
 [1] 0.20202020 0.33333333 0.67171717 0.89898990 0.12121212 0.09090909
 [7] 0.06565657 0.09090909 0.13131313 0.07070707 0.08080808 0.10101010
[13] 0.07575758 0.09595960 0.10606061 0.09090909 0.11616162 0.06565657
[19] 0.11111111 0.13636364 0.09595960 0.08585859 0.12121212 0.08080808
[25] 0.08080808 0.10101010 0.11111111 0.07070707 0.11111111 0.13131313
[1] "Percent of time PIP >= 0.9: "
 [1] 0.20202020 0.33333333 0.67171717 0.89898990 0.12121212 0.09090909
 [7] 0.06565657 0.09090909 0.13131313 0.07070707 0.08080808 0.09595960
[13] 0.07575758 0.09595960 0.10606061 0.09090909 0.11616162 0.06565657
[19] 0.11111111 0.13636364 0.09595960 0.08585859 0.12121212 0.08080808
[25] 0.08080808 0.10101010 0.11111111 0.07070707 0.11111111 0.13131313
