[1] "Average Estimates for Betas: "
 [1]  0.040166611  0.085571965  0.196375293  0.313101105  0.008099384
 [6] -0.014603501 -0.003722665  0.001909881 -0.004276457 -0.003623597
[11]  0.012915168  0.016253131  0.010380035 -0.003068785 -0.017089151
[16]  0.012513353 -0.012568493 -0.007881785 -0.002304983 -0.011838402
[21] -0.001358883 -0.004876950  0.002065027  0.008235491 -0.001902924
[26] -0.007648715 -0.020391941  0.011074823  0.010814148  0.008509930
[1] "Standard Deviations of Betas: "
 [1] 0.1483656 0.1326800 0.1510152 0.1491761 0.1462244 0.1474716 0.1486405
 [8] 0.1447512 0.1603755 0.1578862 0.1305604 0.1587286 0.1377725 0.1435145
[15] 0.1398979 0.1570162 0.1481596 0.1469176 0.1407912 0.1499999 0.1446073
[22] 0.1505601 0.1473778 0.1452709 0.1581966 0.1513887 0.1528843 0.1418294
[29] 0.1509605 0.1378500
[1] "Average StdErrors for Betas: "
 [1] 0.1320973 0.1327742 0.1298899 0.1334375 0.1304495 0.1345414 0.1326929
 [8] 0.1330585 0.1317125 0.1347937 0.1346619 0.1334943 0.1326518 0.1334430
[15] 0.1325564 0.1340999 0.1335603 0.1335285 0.1340979 0.1340007 0.1330340
[22] 0.1315080 0.1341049 0.1333221 0.1334556 0.1323985 0.1314392 0.1333620
[29] 0.1310665 0.1318429
[1] "Positive rate for exposures: "
 [1] 0.08080808 0.08585859 0.33838384 0.63636364 0.08080808 0.06565657
 [7] 0.06565657 0.09090909 0.10101010 0.06060606 0.05050505 0.08080808
[13] 0.07070707 0.07070707 0.06060606 0.08585859 0.10101010 0.04545455
[19] 0.07070707 0.09595960 0.08080808 0.07070707 0.08585859 0.05555556
[25] 0.10606061 0.09090909 0.10606061 0.04545455 0.09595960 0.06565657
[1] "Bonferroni-corrected positive rate for exposures: "
 [1] 0.005050505 0.005050505 0.085858586 0.232323232 0.000000000 0.000000000
 [7] 0.000000000 0.005050505 0.010101010 0.005050505 0.000000000 0.005050505
[13] 0.010101010 0.015151515 0.005050505 0.010101010 0.000000000 0.000000000
[19] 0.000000000 0.005050505 0.005050505 0.010101010 0.000000000 0.010101010
[25] 0.005050505 0.005050505 0.005050505 0.000000000 0.005050505 0.000000000
