[1] "Average PIPs: "
 [1] 0.13030569 0.36045031 0.77295398 0.91206467 0.04241532 0.06616500
 [7] 0.04583677 0.05853463 0.04912281 0.03810820 0.02137972 0.03861752
[13] 0.04628849 0.03408531 0.05149545 0.04333420 0.04811208 0.03717512
[19] 0.04721851 0.04489858 0.06242490 0.06411836 0.07637612 0.04922032
[25] 0.06119528 0.07469030 0.06097743 0.05133930 0.04028242 0.03183856
[1] "Percent of time PIP >= 0.1: "
 [1] 0.14141414 0.39393939 0.78787879 0.91414141 0.04040404 0.07575758
 [7] 0.05555556 0.06565657 0.04545455 0.05555556 0.03535354 0.04040404
[13] 0.05050505 0.03535354 0.05050505 0.05050505 0.05555556 0.04545455
[19] 0.05555556 0.06060606 0.06060606 0.07070707 0.08585859 0.06060606
[25] 0.05555556 0.07575758 0.08585859 0.05050505 0.05050505 0.03030303
[1] "Percent of time PIP >= 0.5: "
 [1] 0.11616162 0.34343434 0.76767677 0.90909091 0.03535354 0.05555556
 [7] 0.03535354 0.05050505 0.04545455 0.03030303 0.01010101 0.03030303
[13] 0.04040404 0.02525253 0.04545455 0.03535354 0.04040404 0.03030303
[19] 0.04040404 0.03535354 0.05555556 0.05555556 0.06565657 0.04040404
[25] 0.05555556 0.06565657 0.05050505 0.04545455 0.03030303 0.02525253
[1] "Percent of time PIP >= 0.9: "
 [1] 0.11616162 0.33333333 0.76262626 0.90909091 0.03535354 0.05555556
 [7] 0.03535354 0.05050505 0.04040404 0.02525253 0.01010101 0.03030303
[13] 0.04040404 0.02525253 0.04545455 0.03535354 0.04040404 0.03030303
[19] 0.04040404 0.03535354 0.05555556 0.05555556 0.06565657 0.04040404
[25] 0.05555556 0.06565657 0.05050505 0.04545455 0.03030303 0.02525253
