[1] "Average Estimates for Betas: "
 [1]  0.0463421065  0.0836105805  0.1423100785  0.0443704510 -0.0065690847
 [6] -0.0023681455 -0.0232638067 -0.0026917409  0.0011970212 -0.0027929016
[11] -0.0010865008 -0.0224668380  0.0099462655  0.0032362972  0.0073408056
[16]  0.0119369125 -0.0090648105  0.0050157255 -0.0225400582 -0.0328468171
[21]  0.0027307867  0.0002487196 -0.0027240335  0.0217942732 -0.0089359597
[26]  0.0056524489  0.0034173474  0.0009361847  0.0070162172  0.0033463628
[1] "Standard Deviations of Betas: "
 [1] 0.1313881 0.1466400 0.1584884 1.7461902 0.1311151 0.1300737 0.1324434
 [8] 0.1417629 0.1310982 0.1301231 0.1204074 0.1271397 0.1307475 0.1303476
[15] 0.1337116 0.1375971 0.1285659 0.1177854 0.1386065 0.3280552 0.1355811
[22] 0.1316600 0.1317312 0.1318906 0.1288964 0.1182608 0.1446734 0.1162835
[29] 0.1323224 0.1325914
[1] "Average StdErrors for Betas: "
 [1] 0.02698057 0.02701841 0.02757708 0.14617661 0.02673167 0.02700154
 [7] 0.02757663 0.02752294 0.02715956 0.02684735 0.02633996 0.02650649
[13] 0.02717876 0.02619114 0.02686655 0.02698460 0.02736952 0.02712306
[19] 0.02792004 0.06102543 0.02673956 0.02681783 0.02689695 0.02736407
[25] 0.02780210 0.02675103 0.02690659 0.02684579 0.02764724 0.02673864
[1] "Positive rate for exposures: "
 [1] 0.760 0.765 0.855 0.935 0.720 0.675 0.740 0.745 0.705 0.690 0.655 0.675
[13] 0.650 0.680 0.720 0.705 0.720 0.620 0.720 0.660 0.720 0.685 0.645 0.705
[25] 0.675 0.680 0.730 0.675 0.755 0.725
[1] "Bonferroni-corrected positive rate for exposures: "
 [1] 0.615 0.645 0.795 0.890 0.530 0.530 0.585 0.600 0.520 0.585 0.510 0.525
[13] 0.510 0.545 0.535 0.540 0.550 0.500 0.590 0.495 0.555 0.565 0.505 0.575
[25] 0.510 0.520 0.570 0.525 0.590 0.585
