[1] "Average PIPs: "
 [1] 0.2045863 0.3545991 0.6634226 0.8169162 0.1764083 0.1727664 0.1991229
 [8] 0.1893261 0.1474784 0.1784714 0.1680954 0.1910840 0.1993587 0.1781892
[15] 0.1526574 0.1520286 0.1925346 0.1598687 0.1432017 0.1799057 0.1575988
[22] 0.1738475 0.1829972 0.1639248 0.1900378 0.1430796 0.1572310 0.1734266
[29] 0.1571484 0.1469624
[1] "Percent of time PIP >= 0.1: "
 [1] 0.490 0.645 0.860 0.915 0.460 0.440 0.470 0.470 0.420 0.465 0.505 0.460
[13] 0.460 0.465 0.455 0.440 0.465 0.420 0.400 0.450 0.455 0.450 0.450 0.415
[25] 0.490 0.405 0.380 0.475 0.410 0.455
[1] "Percent of time PIP >= 0.5: "
 [1] 0.110 0.285 0.625 0.800 0.085 0.070 0.100 0.095 0.055 0.095 0.065 0.095
[13] 0.110 0.065 0.060 0.050 0.110 0.075 0.045 0.095 0.060 0.090 0.080 0.070
[25] 0.100 0.060 0.070 0.080 0.065 0.045
[1] "Percent of time PIP >= 0.9: "
 [1] 0.075 0.190 0.560 0.770 0.055 0.060 0.085 0.090 0.045 0.060 0.055 0.080
[13] 0.100 0.065 0.045 0.030 0.085 0.055 0.030 0.070 0.045 0.060 0.080 0.055
[25] 0.070 0.030 0.055 0.060 0.050 0.035
