[1] "Average Estimates for Betas: "
 [1]  5.327523e-02  9.364621e-02  1.918813e-01  3.011222e-01  1.613743e-03
 [6] -1.364924e-03  3.729451e-03 -5.550496e-03 -1.787375e-03 -3.548600e-03
[11]  2.462938e-03  7.254495e-03 -1.052897e-02 -2.692095e-03  7.519448e-04
[16]  1.520214e-03 -3.013009e-03  6.772283e-03 -5.066186e-04 -2.696971e-03
[21]  1.772944e-04  1.352669e-03  5.223698e-03 -4.827891e-03 -3.853956e-04
[26] -3.193614e-05  1.022689e-03  4.250875e-03 -7.284411e-03  1.778855e-03
[1] "Standard Deviations of Betas: "
 [1] 0.04030254 0.07750159 0.08922880 0.06055772 0.05955739 0.04254682
 [7] 0.04341006 0.06013398 0.04412848 0.06470361 0.05036574 0.06484243
[13] 0.13253802 0.06262942 0.04538470 0.04939243 0.04702257 0.05561147
[19] 0.04771910 0.06338160 0.04408112 0.05415372 0.04452104 0.05127579
[25] 0.05151425 0.04684134 0.05551351 0.04580885 0.07106082 0.04786639
[1] "Average StdErrors for Betas: "
 [1] 0.03010809 0.03383244 0.03226879 0.03139734 0.03106955 0.03025300
 [7] 0.03121806 0.03194708 0.03197474 0.03127899 0.03220038 0.03243809
[13] 0.03229555 0.03156923 0.03103418 0.03162745 0.03092505 0.03108693
[19] 0.03292675 0.03225506 0.02888957 0.03244631 0.03207518 0.03140412
[25] 0.03073971 0.03175930 0.03238506 0.03137017 0.03236718 0.03157603
[1] "Positive rate for exposures: "
 [1] 0.48550725 0.80434783 0.97101449 0.99275362 0.17391304 0.13768116
 [7] 0.15942029 0.07246377 0.15942029 0.16666667 0.11594203 0.15942029
[13] 0.19565217 0.13043478 0.12318841 0.11594203 0.13768116 0.14492754
[19] 0.13043478 0.11594203 0.17391304 0.15942029 0.10869565 0.15942029
[25] 0.12318841 0.13043478 0.13768116 0.15217391 0.21014493 0.11594203
[1] "Bonferroni-corrected positive rate for exposures: "
 [1] 0.14492754 0.54347826 0.89855072 0.98550725 0.02173913 0.01449275
 [7] 0.02898551 0.01449275 0.02898551 0.02898551 0.02173913 0.02898551
[13] 0.03623188 0.05072464 0.01449275 0.02173913 0.02898551 0.01449275
[19] 0.02173913 0.04347826 0.01449275 0.04347826 0.01449275 0.01449275
[25] 0.02898551 0.01449275 0.02173913 0.03623188 0.05797101 0.02173913
