[1] "Average PIPs: "
 [1] 0.119027158 0.677916808 0.964530074 0.989840254 0.023509049 0.003677657
 [7] 0.018244613 0.008084844 0.012301627 0.023547713 0.005974891 0.022563823
[13] 0.008728351 0.005138836 0.010020315 0.022454104 0.019575984 0.014838110
[19] 0.017507260 0.018078636 0.003099823 0.009130575 0.017749079 0.008121359
[25] 0.013195888 0.033406804 0.015984251 0.008869988 0.015869610 0.006232599
[1] "Percent of time PIP >= 0.1: "
 [1] 0.180 0.740 0.965 0.990 0.020 0.000 0.015 0.005 0.010 0.020 0.010 0.035
[13] 0.010 0.010 0.015 0.020 0.025 0.020 0.015 0.015 0.000 0.010 0.020 0.010
[25] 0.015 0.035 0.015 0.010 0.025 0.015
[1] "Percent of time PIP >= 0.5: "
 [1] 0.095 0.655 0.965 0.990 0.020 0.000 0.015 0.005 0.010 0.020 0.000 0.015
[13] 0.005 0.000 0.005 0.020 0.015 0.010 0.015 0.015 0.000 0.005 0.015 0.005
[25] 0.010 0.030 0.010 0.005 0.010 0.000
[1] "Percent of time PIP >= 0.9: "
 [1] 0.080 0.655 0.960 0.990 0.020 0.000 0.015 0.005 0.005 0.020 0.000 0.015
[13] 0.000 0.000 0.005 0.020 0.010 0.010 0.015 0.015 0.000 0.005 0.010 0.005
[25] 0.005 0.030 0.010 0.005 0.010 0.000
