[1] "Average Estimates for Betas: "
 [1]  5.381911e-02  9.729095e-02  1.995915e-01  3.022627e-01 -2.818638e-03
 [6] -5.007271e-05  1.260627e-03  5.034392e-04 -1.143469e-03  4.186450e-04
[11] -5.008134e-04  5.435985e-03  1.877498e-03 -3.850151e-04 -1.601434e-03
[16]  1.105623e-03  1.262297e-03  1.012784e-03 -1.195751e-03  3.981282e-04
[21] -3.128446e-03  2.938465e-03  8.162813e-05 -1.243962e-04 -5.271198e-04
[26]  2.397493e-03 -2.035129e-03  2.172374e-03  3.148561e-04  2.743301e-03
[1] "Standard Deviations of Betas: "
 [1] 0.03210496 0.03613517 0.02962446 0.02818682 0.03344783 0.02523142
 [7] 0.02467833 0.02890812 0.02925418 0.02991702 0.03172063 0.03631597
[13] 0.03049569 0.03090693 0.03711043 0.03024638 0.02992851 0.05583585
[19] 0.04378923 0.02739057 0.03198800 0.03182624 0.02827560 0.02600288
[25] 0.03836136 0.02858393 0.04251949 0.03328243 0.02880326 0.03000496
[1] "Average StdErrors for Betas: "
 [1] 0.02459196 0.02578495 0.02486027 0.02503625 0.02491069 0.02349182
 [7] 0.02496753 0.02391386 0.02478625 0.02500735 0.02548594 0.02598631
[13] 0.02473172 0.02653991 0.02531295 0.02470281 0.02439259 0.02390033
[19] 0.02527568 0.02566080 0.02422149 0.02503073 0.02604072 0.02474542
[25] 0.02465528 0.02447389 0.02573716 0.02597905 0.02525116 0.02506685
[1] "Positive rate for exposures: "
 [1] 0.63978495 0.88709677 0.99462366 1.00000000 0.10752688 0.09677419
 [7] 0.04838710 0.09677419 0.06451613 0.11827957 0.10215054 0.09139785
[13] 0.08602151 0.08602151 0.06989247 0.08602151 0.08064516 0.08602151
[19] 0.11290323 0.07526882 0.10215054 0.11827957 0.07526882 0.06989247
[25] 0.07526882 0.11290323 0.09139785 0.09677419 0.08064516 0.11827957
[1] "Bonferroni-corrected positive rate for exposures: "
 [1] 0.231182796 0.736559140 0.962365591 1.000000000 0.016129032 0.005376344
 [7] 0.000000000 0.000000000 0.005376344 0.000000000 0.010752688 0.026881720
[13] 0.016129032 0.005376344 0.010752688 0.016129032 0.016129032 0.026881720
[19] 0.016129032 0.000000000 0.005376344 0.016129032 0.010752688 0.000000000
[25] 0.016129032 0.026881720 0.010752688 0.016129032 0.005376344 0.010752688
