[1] "Average Estimates for Betas: "
 [1]  0.0607765134  0.0946839617  0.2064478834  0.3055757513 -0.0042808350
 [6]  0.0107656790 -0.0059163706 -0.0003983344  0.0036367710 -0.0031292350
[11]  0.0020837211  0.0108448592 -0.0066679942  0.0031692215 -0.0045320401
[16] -0.0090630423 -0.0004568308  0.0041990892 -0.0013362490 -0.0082982366
[21] -0.0055447357  0.0073017411 -0.0001971972 -0.0020964919  0.0025076172
[26]  0.0117126443 -0.0007125210  0.0066833300 -0.0039464901  0.0025023592
[1] "Standard Deviations of Betas: "
 [1] 0.09406570 0.10349055 0.08338009 0.09365607 0.08240967 0.08618656
 [7] 0.09505611 0.08532044 0.08018604 0.09013120 0.08481631 0.10018681
[13] 0.08681831 0.09260981 0.09626725 0.09630670 0.09232728 0.08736777
[19] 0.09147320 0.09072090 0.09253860 0.08765938 0.08956501 0.08175837
[25] 0.08781081 0.08791522 0.08928560 0.08633104 0.09395732 0.09643847
[1] "Average StdErrors for Betas: "
 [1] 0.07374028 0.07271778 0.07144876 0.07089381 0.07149271 0.07191469
 [7] 0.07131420 0.07063467 0.07258094 0.07036644 0.07100993 0.07237369
[13] 0.07168134 0.07167119 0.07239412 0.07175441 0.07108716 0.07063699
[19] 0.07116137 0.07238596 0.07084041 0.07268321 0.07261385 0.07259075
[25] 0.07194122 0.07096842 0.07256935 0.07237313 0.07137946 0.07246872
[1] "Positive rate for exposures: "
 [1] 0.155 0.360 0.810 0.955 0.080 0.125 0.145 0.105 0.095 0.125 0.105 0.155
[13] 0.110 0.110 0.100 0.110 0.160 0.095 0.130 0.110 0.145 0.120 0.105 0.080
[25] 0.125 0.135 0.095 0.115 0.125 0.105
[1] "Bonferroni-corrected positive rate for exposures: "
 [1] 0.025 0.095 0.430 0.790 0.010 0.020 0.055 0.010 0.010 0.020 0.015 0.030
[13] 0.010 0.015 0.040 0.025 0.015 0.020 0.020 0.025 0.005 0.010 0.020 0.020
[25] 0.030 0.015 0.015 0.025 0.020 0.040
