[1] "Average Estimates for Betas: "
 [1]  5.670186e-02  9.988692e-02  2.029631e-01  3.058331e-01 -4.994418e-04
 [6]  8.579012e-03 -9.130711e-03  4.551130e-03  3.866905e-03 -7.848626e-03
[11] -2.788067e-03  7.329049e-03  6.517639e-05  3.530433e-03  1.414497e-03
[16] -1.549411e-03  1.383181e-04  2.002686e-03  4.243336e-03  2.595107e-03
[21] -1.103033e-03  2.778855e-03 -6.589988e-03  6.047271e-03 -1.090378e-03
[26]  8.909831e-03 -8.227631e-04  2.650417e-03  3.712929e-03  1.239310e-02
[1] "Standard Deviations of Betas: "
 [1] 0.07344311 0.07404016 0.07099911 0.06785172 0.06994449 0.07650747
 [7] 0.07128160 0.06521723 0.06645182 0.06952096 0.06364979 0.07998227
[13] 0.07371340 0.07189143 0.07766377 0.07186093 0.07378342 0.06166405
[19] 0.08669555 0.08420267 0.06718048 0.07551654 0.07858297 0.06268967
[25] 0.06999229 0.07180667 0.07326024 0.06936661 0.07567338 0.07581136
[1] "Average StdErrors for Betas: "
 [1] 0.06616380 0.06664657 0.06608865 0.06350113 0.06351538 0.06701274
 [7] 0.06288858 0.06436755 0.06474034 0.06220282 0.06446211 0.06511094
[13] 0.06657376 0.06377673 0.06576400 0.06511840 0.06568399 0.06169299
[19] 0.06425480 0.06371825 0.06161583 0.06619515 0.06573342 0.06387928
[25] 0.06460271 0.06340688 0.06652830 0.06460360 0.06519864 0.06544762
[1] "Positive rate for exposures: "
 [1] 0.160 0.350 0.880 0.980 0.040 0.080 0.095 0.080 0.065 0.090 0.055 0.125
[13] 0.075 0.070 0.085 0.065 0.080 0.065 0.090 0.080 0.085 0.110 0.060 0.055
[25] 0.080 0.080 0.065 0.070 0.075 0.050
[1] "Bonferroni-corrected positive rate for exposures: "
 [1] 0.025 0.095 0.545 0.890 0.010 0.020 0.010 0.000 0.005 0.000 0.005 0.025
[13] 0.005 0.010 0.010 0.010 0.000 0.010 0.020 0.010 0.005 0.010 0.020 0.005
[25] 0.005 0.010 0.000 0.010 0.015 0.005
