[1] "Average Estimates for Betas: "
 [1]  0.0599927148  0.0922570749  0.2008618701  0.3064470540 -0.0016460338
 [6]  0.0065495134 -0.0099305706  0.0034473217  0.0026967916 -0.0055965437
[11] -0.0037677067  0.0080202032 -0.0001148632  0.0038324241 -0.0002337538
[16] -0.0033216357  0.0038075749  0.0064974834  0.0019718578 -0.0024855355
[21] -0.0013112194  0.0040463621 -0.0061801167  0.0029688430  0.0011016103
[26]  0.0089846625  0.0020248863  0.0075837905  0.0005057536  0.0024632114
[1] "Standard Deviations of Betas: "
 [1] 0.07923677 0.07514891 0.06548524 0.06969650 0.06714432 0.07517507
 [7] 0.07477200 0.06301925 0.06528090 0.07260162 0.06998210 0.08196797
[13] 0.06479175 0.07234545 0.08029220 0.07073299 0.07303711 0.07475967
[19] 0.08230286 0.07474734 0.07113753 0.07332727 0.07290785 0.06249277
[25] 0.07249639 0.07121346 0.07011650 0.06566057 0.07365410 0.07787361
[1] "Average StdErrors for Betas: "
 [1] 0.06469988 0.06432448 0.06269103 0.06313377 0.06401031 0.06363218
 [7] 0.06312652 0.06298135 0.06413398 0.06341767 0.06330753 0.06472635
[13] 0.06371770 0.06403729 0.06441699 0.06486534 0.06314410 0.06247051
[19] 0.06296029 0.06364848 0.06244308 0.06431351 0.06372351 0.06388924
[25] 0.06372218 0.06298532 0.06482220 0.06339236 0.06391837 0.06399783
[1] "Positive rate for exposures: "
 [1] 0.145 0.350 0.880 0.985 0.055 0.075 0.095 0.070 0.065 0.085 0.085 0.145
[13] 0.055 0.065 0.085 0.065 0.110 0.085 0.110 0.080 0.100 0.090 0.080 0.075
[25] 0.105 0.095 0.075 0.065 0.090 0.090
[1] "Bonferroni-corrected positive rate for exposures: "
 [1] 0.045 0.090 0.535 0.910 0.010 0.025 0.020 0.000 0.010 0.010 0.010 0.035
[13] 0.005 0.015 0.015 0.015 0.010 0.020 0.035 0.010 0.010 0.015 0.020 0.005
[25] 0.005 0.005 0.020 0.010 0.015 0.020
