[1] "Average Estimates for Betas: "
 [1]  0.0526286659  0.1010571160  0.2000930966  0.3009215448 -0.0020950729
 [6]  0.0010785779  0.0016376260 -0.0033655423 -0.0010348756 -0.0013572336
[11]  0.0019881425  0.0037923225  0.0006607626 -0.0003062191  0.0001899092
[16]  0.0006102672  0.0002021628 -0.0012259870  0.0021036211  0.0012501433
[21] -0.0001495434  0.0023783550 -0.0008433405  0.0010600435 -0.0018470729
[26]  0.0019758196 -0.0022277867 -0.0006210959 -0.0000610299  0.0026013080
[1] "Standard Deviations of Betas: "
 [1] 0.03409610 0.03452827 0.03092950 0.03084601 0.02675181 0.03008744
 [7] 0.02318847 0.03033599 0.02801175 0.03151623 0.03259527 0.03069784
[13] 0.03751468 0.03034241 0.03203049 0.02879745 0.02744402 0.03021407
[19] 0.04109086 0.03083870 0.02452805 0.03135659 0.02846029 0.02405757
[25] 0.02745108 0.02572515 0.02792480 0.02936412 0.02800789 0.02826520
[1] "Average StdErrors for Betas: "
 [1] 0.02415891 0.02475927 0.02428165 0.02426583 0.02375849 0.02435954
 [7] 0.02352394 0.02436475 0.02425220 0.02390753 0.02597171 0.02451293
[13] 0.02458353 0.02423679 0.02490954 0.02420083 0.02472889 0.02294583
[19] 0.02493253 0.02461147 0.02200481 0.02549613 0.02515402 0.02455146
[25] 0.02391390 0.02344989 0.02650226 0.02528843 0.02493947 0.02449514
[1] "Positive rate for exposures: "
 [1] 0.60846561 0.92063492 0.99470899 0.98941799 0.08465608 0.07936508
 [7] 0.04761905 0.06878307 0.07936508 0.08994709 0.04761905 0.10052910
[13] 0.10052910 0.08994709 0.06349206 0.08465608 0.06878307 0.09523810
[19] 0.05820106 0.08465608 0.08465608 0.07936508 0.06349206 0.05291005
[25] 0.08465608 0.06878307 0.04232804 0.06878307 0.05291005 0.06878307
[1] "Bonferroni-corrected positive rate for exposures: "
 [1] 0.280423280 0.783068783 0.973544974 0.989417989 0.010582011 0.005291005
 [7] 0.000000000 0.000000000 0.005291005 0.000000000 0.005291005 0.010582011
[13] 0.015873016 0.000000000 0.000000000 0.005291005 0.005291005 0.005291005
[19] 0.010582011 0.010582011 0.005291005 0.005291005 0.010582011 0.015873016
[25] 0.005291005 0.010582011 0.000000000 0.005291005 0.005291005 0.010582011
