[1] "Average Estimates for Betas: "
 [1]  0.0485816157  0.1002486546  0.1979851654  0.3003943967  0.0005906437
 [6] -0.0006868663  0.0004720875  0.0001818719  0.0001268414 -0.0015096744
[11] -0.0001503983  0.0003756863  0.0017951983 -0.0009426862  0.0001324005
[16]  0.0004424078 -0.0007427512  0.0010875868 -0.0007593309 -0.0009065538
[21] -0.0008760150  0.0005554482  0.0006488062 -0.0009039173 -0.0008623964
[26]  0.0003629517 -0.0008018160 -0.0005925877  0.0014425494  0.0009894635
[1] "Standard Deviations of Betas: "
 [1] 0.01288733 0.01419968 0.01258806 0.01409554 0.01329411 0.01354364
 [7] 0.01256939 0.01340568 0.01468713 0.01257534 0.01305914 0.01403734
[13] 0.01277442 0.01192138 0.01353878 0.01301740 0.01148315 0.01294991
[19] 0.01263004 0.01106472 0.01286183 0.01346275 0.01328793 0.01228046
[25] 0.01281957 0.01352927 0.01270607 0.01305078 0.01295726 0.01360994
[1] "Average StdErrors for Betas: "
 [1] 0.01696172 0.01686500 0.01642783 0.01649180 0.01662392 0.01667198
 [7] 0.01648146 0.01642902 0.01679928 0.01643025 0.01661790 0.01687716
[13] 0.01661634 0.01665197 0.01684895 0.01673753 0.01644070 0.01635722
[19] 0.01644526 0.01670068 0.01626332 0.01680262 0.01678301 0.01665655
[25] 0.01664418 0.01644139 0.01664524 0.01657730 0.01657170 0.01672302
[1] "Positive rate for exposures: "
 [1] 0.880 1.000 1.000 1.000 0.020 0.020 0.005 0.015 0.035 0.020 0.020 0.030
[13] 0.035 0.020 0.025 0.010 0.025 0.015 0.010 0.005 0.010 0.005 0.020 0.005
[25] 0.025 0.015 0.005 0.010 0.020 0.020
[1] "Bonferroni-corrected positive rate for exposures: "
 [1] 0.465 0.980 1.000 1.000 0.000 0.000 0.000 0.005 0.005 0.000 0.000 0.000
[13] 0.000 0.000 0.000 0.000 0.000 0.005 0.000 0.000 0.000 0.000 0.000 0.000
[25] 0.000 0.000 0.000 0.000 0.005 0.000
