[1] "Average Estimates for Betas: "
 [1]  5.355181e-02  1.020133e-01  1.960213e-01  3.011799e-01 -4.278126e-03
 [6]  1.350214e-03  2.163487e-03 -7.129626e-03 -4.526952e-03 -3.598066e-04
[11]  1.369458e-03  4.086194e-03 -1.643111e-03 -2.672423e-03 -6.122151e-03
[16] -4.448199e-06 -8.777609e-04 -1.073880e-03 -5.274669e-04 -7.732658e-03
[21] -1.666826e-03  2.001477e-03  2.927852e-03  1.488274e-04  3.620420e-03
[26]  2.541790e-03 -5.778647e-04  6.269159e-03 -5.277486e-03  1.046403e-02
[1] "Standard Deviations of Betas: "
 [1] 0.04878377 0.07374077 0.08185643 0.05403871 0.05372184 0.05516332
 [7] 0.05107580 0.06223173 0.05175883 0.06327261 0.06993393 0.08203938
[13] 0.06552953 0.05961952 0.06109014 0.06001972 0.05550285 0.06443463
[19] 0.05772226 0.09397509 0.06150139 0.05048268 0.04681750 0.04988666
[25] 0.05879682 0.04834919 0.06496481 0.05484812 0.07146579 0.07147275
[1] "Average StdErrors for Betas: "
 [1] 0.02839436 0.02939925 0.02912981 0.02923238 0.02846876 0.02813413
 [7] 0.02815939 0.02806983 0.03017343 0.02787876 0.03125126 0.03112861
[13] 0.02886665 0.02925956 0.02890603 0.02962067 0.02880932 0.02839782
[19] 0.02915989 0.03084003 0.02724866 0.02948582 0.02916944 0.02894469
[25] 0.02825814 0.02834265 0.02993240 0.02917329 0.03002411 0.02973246
[1] "Positive rate for exposures: "
 [1] 0.5178571 0.8452381 0.9761905 0.9880952 0.2202381 0.2797619 0.1845238
 [8] 0.1666667 0.2202381 0.2857143 0.1726190 0.2916667 0.2559524 0.2202381
[15] 0.2797619 0.2619048 0.2380952 0.2380952 0.2202381 0.2023810 0.1964286
[22] 0.2142857 0.1785714 0.1845238 0.1964286 0.2142857 0.1726190 0.2023810
[29] 0.2619048 0.1607143
[1] "Bonferroni-corrected positive rate for exposures: "
 [1] 0.26190476 0.66666667 0.93452381 0.98214286 0.04761905 0.02976190
 [7] 0.04166667 0.04166667 0.01785714 0.06547619 0.03571429 0.07738095
[13] 0.04761905 0.04761905 0.04166667 0.04166667 0.05952381 0.04761905
[19] 0.04761905 0.02976190 0.05952381 0.02976190 0.02976190 0.02380952
[25] 0.05357143 0.05357143 0.05357143 0.03571429 0.07142857 0.05357143
