Average Estimates for Betas: 
0.02979042 0.265533 1.685806 3.854599 0.0140342
0.0227775 0.01406013 0.08723181 0.01093998 0.06403398
0.01155299 0.01571829 0.02052389 0.0187109 0.1081467
0.01174979 0.027466 0.004560785 0.0439209 0.06671523
0.01246351 0.1384909 0.07139844 0.141126 0.2295008
0.2194177 0.02261269 0.1684926 0.03251992 0.1718452
0.02762201 0.00776786 0.01094502 0.1041438 0.02924632
0.1907024 0.1147496 0.008891563 0.0298437 0.1417208
0.01189109 0.1134644 0.08827888 0.009628143 0.0766741
0.1736064 0.00951745 0.1004079 0.046042 0.1245415
0.1719531 0.01623069 0.1317164 0.01942346 0.1532539
0.01983628 0.0195815 0.01159676 0.06962543 0.01985349
0.06031724 0.1005394 0.06153863 0.01293177 0.06536474
0.01390483 0.02926042 0.01008642 0.07187454 0.01798342
0.01392908 0.02157874 0.1071703 0.07796786 0.09158717
0.0878293 0.007854088 0.02138326 0.0298588 0.02663985
0.008468769 0.1139158 0.01922566 0.02593327 0.1315469
0.06663938 0.01566053 0.023537 0.0679529 0.0108415
0.02055648 0.006556109 0.01684149 0.05974572 0.007983172
0.01496604 0.13238 0.01040842 0.009806884 0.09396553
Standard Deviations of Betas: 
0.1045771 0.934535 2.981044 4.291788 0.04211047
0.1065214 0.06793746 0.695386 0.04181443 0.4661987
0.04998398 0.04999373 0.0742878 0.09517536 0.8776665
0.05095663 0.1159237 0.01154722 0.2120252 0.3671489
0.06194389 0.9589485 0.5007163 1.339547 1.252161
1.106214 0.06919119 1.358716 0.1424313 1.117622
0.110204 0.02677141 0.03960158 0.8124613 0.145715
1.303617 1.037402 0.02502956 0.1381021 1.151118
0.03885335 0.7216982 0.7702895 0.04038171 0.6918908
1.10627 0.03772695 0.7086187 0.2169311 0.9738857
0.9543278 0.06727252 1.051887 0.09738099 1.041893
0.08520933 0.07564645 0.02839636 0.5872543 0.1204813
0.3791503 0.832737 0.5935632 0.04380292 0.4943342
0.0667028 0.1477948 0.06471383 0.6105145 0.06917652
0.07545235 0.1206387 0.8106815 0.5603781 0.7296729
0.7939056 0.02217392 0.0860033 0.149959 0.1139641
0.0290593 0.9730901 0.08767124 0.1001692 1.260639
0.3786161 0.06409295 0.1057331 0.6214867 0.04664117
0.1137423 0.03633789 0.08441223 0.3907502 0.02838171
0.06129068 0.8902749 0.02968596 0.04551213 0.6484263
Average StdErrors for Betas: 
9.054274 10.75901 13.07364 13.00412 8.399858
9.026203 8.436524 8.553734 8.385788 8.508566
8.891713 9.047904 8.646921 8.896947 8.612854
8.458929 8.651299 8.092807 8.689764 8.519861
8.484639 8.487131 8.407146 8.481361 8.559674
8.726838 8.430003 9.295139 8.559909 8.615176
8.769829 8.393062 8.64334 8.409173 8.967117
8.377948 8.140645 8.849788 8.815951 8.341671
8.532649 8.8135 8.936854 8.302123 8.13447
8.791407 8.254631 8.386515 8.711379 8.74046
8.324662 8.385992 8.59839 8.167458 7.99906
8.753234 8.5593 8.5469 8.769679 8.575942
8.823024 8.473018 8.234832 8.588559 8.526587
8.796493 8.608205 7.906949 8.70558 8.461814
8.437886 8.656564 8.914775 8.405544 9.109188
7.919385 8.325893 8.513067 8.425242 9.360433
8.584902 8.256276 8.720535 8.411725 8.32219
9.095953 8.633887 8.785301 8.398233 8.314539
8.315321 8.144876 8.217292 8.778186 7.970536
8.620585 8.328384 8.841654 8.062612 8.581553
Calibration results: 
Pct. correct for pips in bin from 0 to 0.1: 0.0259920847149428; n=9349
Pct. correct for pips in bin from 0.1 to 0.2: 0.133620689655172; n=232
Pct. correct for pips in bin from 0.2 to 0.3: 0.295918367346939; n=98
Pct. correct for pips in bin from 0.3 to 0.4: 0.444444444444444; n=45
Pct. correct for pips in bin from 0.4 to 0.5: 0.666666666666667; n=18
Pct. correct for pips in bin from 0.5 to 0.6: 0.333333333333333; n=3
Pct. correct for pips in bin from 0.6 to 0.7: 0; n=1
Pct. correct for pips in bin from 0.7 to 0.8: 0; n=3
Pct. correct for pips in bin from 0.8 to 0.9: 0.142857142857143; n=7
Pct. correct for pips in bin from 0.9 to 1: 0.409722222222222; n=144
Average PIPs: 
0.01633144 0.0678365 0.2813584 0.5316309 0.02138938
0.03104387 0.01426505 0.04416982 0.01555043 0.03398982
0.02890729 0.01894344 0.0366157 0.02590669 0.02510686
0.02636015 0.0197513 0.01124157 0.0194499 0.02393916
0.01264445 0.04522714 0.02731671 0.02155562 0.05620797
0.05036278 0.01677175 0.05118088 0.01716502 0.03228433
0.02678293 0.02123332 0.02334441 0.0275979 0.03326621
0.04283663 0.02172131 0.0153209 0.01972329 0.0271008
0.01388502 0.04017555 0.02683825 0.02348296 0.01951589
0.03703093 0.01479036 0.02759599 0.02070279 0.03106512
0.03867662 0.01725128 0.02736356 0.02289918 0.0404308
0.02614305 0.01723607 0.01189953 0.02385757 0.02702074
0.03585003 0.02360446 0.03101577 0.01651555 0.02228754
0.01713021 0.02017128 0.01506448 0.04422314 0.02472728
0.02479946 0.01553141 0.04026302 0.02492543 0.03857848
0.02279527 0.02594478 0.0182817 0.0178991 0.02859949
0.02271263 0.02249655 0.04511324 0.02453025 0.04072132
0.02917277 0.03667665 0.0320866 0.031258 0.01354376
0.01422252 0.01641701 0.01311813 0.02312235 0.0112513
0.01703108 0.04195692 0.01403843 0.01060857 0.02927009
Percent of time PIP >= 0.1: 
0.02020202 0.2020202 0.5656566 0.7575758 0.02020202
0.05050505 0.03030303 0.05050505 0.02020202 0.06060606
0.04040404 0.03030303 0.06060606 0.03030303 0.06060606
0.04040404 0.05050505 0.01010101 0.04040404 0.07070707
0.02020202 0.07070707 0.04040404 0.02020202 0.09090909
0.08080808 0.04040404 0.07070707 0.04040404 0.03030303
0.03030303 0.01010101 0.04040404 0.06060606 0.07070707
0.04040404 0.03030303 0.03030303 0.04040404 0.04040404
0.02020202 0.07070707 0.05050505 0.02020202 0.02020202
0.06060606 0.02020202 0.06060606 0.06060606 0.05050505
0.07070707 0.04040404 0.04040404 0.03030303 0.04040404
0.04040404 0.04040404 0.01010101 0.03030303 0.07070707
0.05050505 0.03030303 0.03030303 0.02020202 0.03030303
0.05050505 0.06060606 0.03030303 0.04040404 0.05050505
0.03030303 0.02020202 0.08080808 0.03030303 0.07070707
0.03030303 0.04040404 0.05050505 0.04040404 0.06060606
0.02020202 0.02020202 0.08080808 0.04040404 0.03030303
0.06060606 0.06060606 0.07070707 0.03030303 0.02020202
0.02020202 0.04040404 0.03030303 0.04040404 0.01010101
0.04040404 0.05050505 0.01010101 0.02020202 0.06060606
Percent of time PIP >= 0.5: 
0 0.02020202 0.1616162 0.4343434 0.01010101
0.01010101 0 0.03030303 0 0.02020202
0.01010101 0 0.02020202 0.01010101 0.01010101
0.01010101 0 0 0 0.01010101
0 0.03030303 0.01010101 0.01010101 0.04040404
0.03030303 0 0.03030303 0 0.02020202
0.01010101 0.01010101 0.01010101 0.01010101 0.01010101
0.03030303 0.01010101 0 0 0.01010101
0 0.02020202 0.01010101 0.01010101 0.01010101
0.02020202 0 0.01010101 0 0.01010101
0.02020202 0 0.01010101 0.01010101 0.03030303
0.01010101 0 0 0.01010101 0.01010101
0.02020202 0.01010101 0.02020202 0 0.01010101
0 0 0 0.03030303 0.01010101
0.01010101 0 0.02020202 0.01010101 0.02020202
0.01010101 0.01010101 0 0 0
0.01010101 0.01010101 0.02020202 0.01010101 0.03030303
0.01010101 0.02020202 0.01010101 0.02020202 0
0 0 0 0.01010101 0
0 0.03030303 0 0 0.01010101
Percent of time PIP >= 0.95: 
0 0.02020202 0.1616162 0.4141414 0.01010101
0 0 0.03030303 0 0
0.01010101 0 0.02020202 0.01010101 0.01010101
0.01010101 0 0 0 0
0 0.02020202 0 0.01010101 0.02020202
0.03030303 0 0.03030303 0 0.02020202
0.01010101 0.01010101 0 0.01010101 0.01010101
0.03030303 0.01010101 0 0 0.01010101
0 0.01010101 0.01010101 0.01010101 0.01010101
0.02020202 0 0.01010101 0 0.01010101
0.02020202 0 0.01010101 0.01010101 0.03030303
0.01010101 0 0 0.01010101 0
0.01010101 0.01010101 0.02020202 0 0
0 0 0 0.02020202 0.01010101
0.01010101 0 0.02020202 0.01010101 0.02020202
0.01010101 0.01010101 0 0 0
0.01010101 0.01010101 0.02020202 0.01010101 0.03030303
0 0.01010101 0.01010101 0.02020202 0
0 0 0 0 0
0 0.02020202 0 0 0.01010101
Power at FPR threshold of 0.05: 
0.02020202 0.2121212 0.5858586 0.7777778
