1 0.999997332879268 1 1 0.0946301929056177 0.11545436124997 0.17507852488673 0.127750887594547 0.160385704372531 0.135495898740189 0.137251047166273 0.123709227767504 0.251676085231042 0.0936864063345677 0.151744836204921 0.148325962189231 0.103213394688642 0.204927757930525 0.164842630671592 0.119761394322117 0.138336073847763 0.119851373621475 0.132396475296702 0.18840504281527 0.173742166474691 0.162705831264559 0.197391055851056 0.192398165102244 0.198042322755896 0.170558161212444
1 0.999997497239605 1 1 0.105474365461456 0.100206053601488 0.0922861867753324 0.0941626237606347 0.128033963357675 0.0932128608111102 0.105878334597087 0.0764144246513366 0.098271718489807 0.104509918260969 0.147886469192242 0.147700865828077 0.0757855181374008 0.118774600989438 0.102773232224514 0.109855691160543 0.0976055333748764 0.0758948433713358 0.102762572438425 0.096944854436854 0.0831047319166134 0.999999966995495 0.0969526542083903 0.135769209694591 0.0920113243210631 0.161663430918683
0.997161327419197 1 1 1 0.0903694592130923 0.155841008763059 0.209700561527281 0.171666230696037 0.0904800276462063 0.142703038404141 0.125662604172243 0.155578093686944 0.162053828742253 0.99630625189611 0.125513887574814 0.140562161218862 0.157211549468428 0.127511947841777 0.124343727214937 0.0677832954389657 0.157063458009835 0.119572330847895 0.148454722983837 0.0875775190049785 0.135848673019798 0.116754898676376 0.130926968306075 0.999978054419652 0.139018528435756 0.169868529306484
1 0.999999929176987 1 1 1 0.984095321533344 0.0912974107922053 0.137886548000406 0.148930086278427 0.0968415271280594 0.129958343781243 0.999999999999873 0.151336474739779 0.127451521097067 0.112000078612178 0.09578860282791 0.114193378131578 0.139565249351038 0.171445621176702 0.199145110731991 0.999325564305253 0.172101512963798 0.0938665598296117 0.151497960488345 0.113411858308416 0.11959807700459 0.999999878537513 1 0.126084969556527 0.128090576878025
0.116984184851538 1 1 1 0.126946686263664 0.0946850589495531 0.106199521213321 0.0433563708134931 0.15426059380626 0.114659388091288 0.119590299110207 0.115695241852362 0.14478626017739 0.123513361426673 0.124468033269009 0.091963636167862 0.0821629233457457 0.123959622799053 0.132290137351011 0.0726753423961662 0.0649985194895698 0.118028882567179 0.148491853777177 0.189772507219102 0.992906191961174 0.141999539735766 0.115688820499935 0.999999477545026 0.107706402300506 0.145054247555274
0.262038858116431 1 1 1 0.248001159569644 0.176370612993012 0.184026372934787 0.271151535033309 0.999996260981499 0.16638810179087 0.187372548385183 0.185215920293971 1 0.159758957587858 1 0.115535833172741 0.242553756570938 0.168446101020767 0.159154142597395 1 0.185043371961498 0.211243325905535 0.164851013503044 0.229886553702609 0.225151223768078 0.211316369689905 0.151735528063736 0.295193212503267 0.160885260731604 1
0.0983537517402964 1 1 1 0.968023652934304 0.999976521657549 0.99999987555618 0.0878432574528052 0.132405371757323 0.0950444388135853 0.0937254794902579 0.108986510808499 0.0822333449798538 0.142008213778109 0.999709088818282 0.0704489980092132 0.0886366252407593 0.0691531530544505 0.0717018943031047 0.116386680390955 0.0940157055056113 0.0993191483834814 0.105209266925273 0.0779592992846343 0.117688455148074 0.110132491755844 0.133259753201004 0.111649131054966 0.10742220768296 0.0737981012097695
0.240779980661197 1 1 1 0.156531467843511 0.252654952832431 0.194229149602641 0.232849343916101 0.223668718526385 0.181848555557687 1 0.123113448985627 0.2070143215038 1 0.148800041678925 0.254728968859691 0.999644652005702 0.999999999997424 0.232094263354234 0.173544694667741 0.240119980939002 0.150090916440425 0.200518558439705 0.23851366903559 0.234187056232609 0.255337158541606 0.142181580823459 0.210625098203479 0.210293040867523 0.260906368561471
0.160355183735643 0.999999999474553 1 1 0.134014547406182 0.124724748987956 0.135828867876745 0.184508889022541 0.180767211123579 0.15890204915209 0.999585284180253 0.101769207572725 0.999997232960146 0.204225174960499 0.139727073573613 0.0720910323938304 0.127391203100012 0.221718639328411 0.999999999443245 0.109630290515454 0.136847126893618 0.158291989078388 0.157431883862138 0.0855099037103759 0.228200413742795 0.103355588041049 0.146414041025658 0.114894513762448 0.0952201121567579 1
0.999999999982714 0.343817498914931 0.254442929315763 1 0.253276632749925 0.287553913224316 0.228196586697222 0.230281067378545 0.218677744593848 0.179404370721059 0.213715308846408 0.275061466350006 0.24493214520478 0.291591697632021 0.234780411127306 0.241303791676753 0.301322324614262 0.194189931882916 0.145983969469804 0.173498486740421 0.250681151722676 0.20872043521771 0.229879530826904 0.194597389044006 1 0.206749011369068 0.226517776835215 0.242383685332311 0.99987167292807 0.263852928964692
0.234453908407747 0.214773589845758 1 1 0.28378993788648 0.142917046993199 0.264533904285385 0.213115511994041 0.999999999996583 0.200193938760593 0.130867225108735 0.227132716220255 0.200220905569523 0.183572834620541 0.17125254985489 0.221421457670894 1 0.216986963232495 0.293080089623731 0.99994909509732 0.361894040426726 0.256262587978464 0.3046759998093 0.236529151716677 0.35634376284749 0.15140174867198 0.999935323545775 0.245558235623226 0.210745101648304 0.173537338856633
1 1 1 1 0.213775109338909 0.25036692261344 0.240445014163861 0.209566126544418 0.275585996910979 0.286075579149518 0.219230247698776 0.226701812342274 0.225501672639043 0.183863946440141 0.1427872162758 0.16354488934337 0.118126195422926 0.178698171120603 0.246111178128661 0.340633819689146 0.19213921438999 0.25295767599912 0.316081304849647 0.256603656071663 0.201585412972234 0.253704400101304 0.237283254043382 0.212868707226416 0.175464363613341 0.138518323094887
0.964079136798918 1 0.135826692982017 0.141599470169123 0.999999999999998 0.130944223901629 0.0840041595095151 0.0956125757778635 0.100848166420958 0.0701509835299329 0.999999999999999 0.104195439871129 0.124101725732653 0.134459689507911 0.108351559599526 1 0.0582899981905133 0.991586339528772 0.123318816386921 1 0.165022274331772 0.1266750323175 0.150385208334702 0.165239951693197 0.150269994071255 1 0.157035761763615 0.0881042213894425 0.999857426248885 1
0.238306583576126 1 1 1 0.241446491904431 0.224255210972013 0.195146001845646 0.211475310708328 0.250716106951852 0.191238387256626 0.245572850233713 0.221105860359341 0.201596154082042 0.880650015364749 0.200231095896087 0.169716561475735 0.232133507460058 0.191961848955028 0.202814179012316 1 0.256163283219845 0.17083826045211 0.244247528432938 0.201561643256548 0.999999999989927 0.232477446912044 0.224369430722148 0.237491938120344 0.222065148566789 0.220768440740383
1 0.0881403565190685 1 1 0.0736596974027486 0.080682426806497 0.0731763417732143 0.0610631747193802 0.0750244866526042 0.965557584145455 0.0662493468521442 0.0672835369107984 1 0.0699010229357544 0.0485786649292068 0.0903897987882998 0.0904290390278413 0.0774624163133626 0.0876220822643263 1 0.0533575902732778 0.0564673315811075 0.0789361964021927 0.067222624427583 0.955560109092485 0.0938059830750188 0.0672332357057764 0.0825681773078409 0.0568065613472408 0.102911167662607
0.156434783889717 1 1 1 0.999999999999631 0.154950004517978 0.132321800892212 0.12720681952501 0.104506922901256 0.183332536443122 0.160557177573146 0.104082502362817 0.192416786538079 0.999999426556048 0.112674783442913 0.179824193251979 0.116299750745254 0.103777125990565 0.112659805745221 0.166842023759178 0.171106690088556 0.150295656433732 0.155903735836239 0.0942690772327706 0.140159038295978 0.163613787264783 0.101896155288501 0.103135564502353 0.132647359996631 0.140439620985256
0.999979495281581 0.999908363191579 1 1 0.99992637206035 0.0902756194949966 0.136880514069176 0.105224773718021 0.094849750504866 0.106456103357604 0.168419340078631 0.0846367152587872 0.165035481881364 0.0917525129212384 0.0933400328444679 0.0717958635878089 0.0845994580464661 0.0709799799663335 0.0581826315797314 0.120918704516633 0.115262856536194 0.105920099401286 0.0956854308602028 0.127486529357271 0.0716517438888844 0.134254761636152 0.0930405831824586 0.200739981111827 0.999999999483169 0.0708188159997664
0.162732481192055 0.221298697976174 1 1 0.118619118592934 0.135311010564728 0.100318936317909 0.0609970776712192 0.142138104279448 0.100853954591201 0.196947297062858 0.179151744685958 0.114664722429836 0.125501037462272 0.132145773865544 0.154614775821898 0.162587107506459 0.132293165985631 0.0985223283161279 0.0828257614763174 0.99999999999619 0.198165568987394 1 0.129923765083284 0.999999843065423 1 0.138331577853926 0.0775368069026757 0.157743934184074 0.0911504634342195
1 0.141731577593183 1 1 0.145952933187826 0.141276014944753 0.999999999988665 0.999999907577729 0.15204767372449 0.127689176595764 0.0974842543801968 0.983267178898417 0.999999999176176 0.163902291087209 0.165490519869366 0.999992975843031 0.999999999223603 0.173236099617715 0.124185224166958 0.200984631656427 0.157169584501524 0.156876156197115 0.153717834229662 0.165244082463597 0.177499485444079 0.203057556917757 0.162242923717857 0.129275324978216 0.155295266661767 0.159689409012919
0.999999999837957 1 0.4094713903502 0.39520626093961 0.430002235036099 0.391924684944966 1 0.411510964353946 1 1 0.317448007391745 0.384000562513199 0.38217571601968 0.358117429499907 0.423301576080327 0.368521648847759 0.363861605234414 0.347677853657285 0.351961545959397 0.458533396590373 0.349072315440554 0.352632970855123 0.392968501470847 0.394990918575458 0.399919731361306 0.469562982353365 0.991530172863433 0.398314292123433 0.386417973921138 0.372614261773699
0.108624521582454 1 1 1 0.111696808491342 1 0.0932271236819951 1 0.114759464412404 0.113109798577001 1 0.0675405000050203 0.107272302957995 0.150047693665088 0.999720234523225 1 0.999999991229195 0.0923474435321818 0.133908517698867 0.1064723088054 0.109465979944851 0.99998076022551 0.117664135199219 0.111294052254838 0.101018783401354 0.138900940089779 0.993151000841288 0.0570307402157474 0.9952890101953 0.0946091103068606
1 1 1 1 0.135052897043614 1 0.0935809010476041 0.120161640286305 0.103157200584536 0.140945884119973 0.175874950936709 0.0908124666568033 0.090790562983486 0.118219347535881 0.132623687203435 0.193335833852373 0.123280875358837 0.138789850760676 0.120907669270233 0.971510415274413 0.0925868714379378 1 0.132374303634627 0.116399688769584 0.124427773875591 0.0946731224086271 1 0.999999445480164 1 0.157053766610523
1 0.214501205900423 1 0.999999999999999 0.153261735675209 1 0.284756158321088 0.25043115480445 0.22234127964072 0.999979049923485 0.223564569395136 0.202215217502691 0.257380995560615 0.198154157454918 0.166571480109364 0.252783197145518 1 0.184153462044518 0.999999479939215 1 0.220585722031392 0.264155008354667 0.99999999999964 0.179183384018309 0.220977706176389 0.148002644496865 0.185667948138624 0.288219161516638 0.18142764326414 0.26034413591604
0.343819659219797 1 0.991131362503772 1 1 0.296752224329205 0.999938601704774 0.306713177502632 0.331754110253665 0.639106481095801 0.556953521563858 0.38109567884526 0.331388495275953 0.999999984554231 0.309900239439698 0.386068784408817 0.341678988532249 0.338996061932385 0.33234216377937 0.999999999972593 0.353822811848705 0.373982493584087 0.297673434832699 0.398943684280276 0.617169406099125 0.315721028702718 0.301521474310346 1 0.311626111968115 0.46798821515091
1 1 0.999989892768563 0.999999999999967 0.264978873296175 0.241530243339314 0.302471508800903 0.217882904327554 0.214546229273944 0.990725825948487 0.260004885928901 0.208598132600477 0.237274166890627 0.999977309796542 0.213375203046756 0.999996458339173 0.212149951011075 0.129224372759869 0.16399666271916 0.234625807524637 0.223506904881255 0.179575916189285 0.191940397897432 0.168826538897998 0.19359054041416 0.196801117422191 0.25164463349911 0.130990248544019 0.212357331350938 0.27507265402038
1 1 1 1 0.212085790712983 0.128685683336316 0.183145983346458 0.212314966915274 0.230520644864498 0.176854328874166 0.999999999993155 0.163107721955101 0.145324050332698 0.223109392691451 0.170775806278991 0.167820355186249 0.115260268964719 0.134278366045679 0.146237847798412 0.223445926107512 0.128516673210501 0.174250756917582 0.215892243623392 0.185832578348213 0.231945397051994 1 0.208368978666703 0.999996375350745 0.209935721068812 0.202773925444388
0.180728297619168 1 1 1 0.205652032751811 0.222918188292426 0.213700536718158 0.224664000672178 0.146505703059946 0.223856003554732 0.26139389197974 0.170231468875441 0.214213865438152 0.221127697652023 0.268800753566175 0.206395495186628 0.235096913050253 0.986830264415107 0.999939238664327 0.242732336341748 0.230302946187271 0.183049145099497 0.259453526749723 0.162750212623025 0.193736553742327 0.220283922200091 0.199293503235922 0.226347352966025 0.213735277640484 0.271603640784455
1 1 1 1 0.107663882961584 0.134919476279956 0.155369470013157 0.999996757207239 1 0.0894151933903318 0.0954262339494227 0.097481083536007 0.117419865514829 0.134200559689267 0.121428512121924 0.160496112550881 1 0.0890342193074293 0.106918644805845 0.0899505090508085 0.0865776106868545 0.112674116387286 0.0704406859580078 0.135708297446982 0.999564704481289 0.14355878521767 0.161831699335343 0.130917830009944 0.106539247387629 0.0949481422862363
1 0.967879866853073 1 1 0.126935265061979 0.14137340543119 0.174212965194405 0.212701961705643 0.215868208049316 0.191634766656173 0.191500082693046 0.130508215834273 0.168767392683656 0.192675043157251 0.192686957573839 1 0.167344931111455 0.180770746009902 0.170490462221502 0.171945118760089 0.1846039705602 0.178906077419396 0.999990646023918 0.191478120319944 0.999999999999843 0.158533096696723 0.214404144961768 0.193585920127984 0.165551562575845 0.999999999790862
0.165948260783853 0.999999917648206 1 1 0.999999999999977 0.999999999999985 1 0.122442525911655 0.999989428132355 0.999998246679792 0.146260002738342 0.16871142424214 1 0.143708811286494 1 0.130453712812411 0.176501778246174 0.121511680021089 0.102370277894767 0.179296476644078 0.127222576525994 0.176486999289898 0.109313238568563 0.101479166509371 0.111046888882125 0.117934513696677 0.146887107114826 0.162137687246759 0.142099479637892 0.163710006591534
1 0.0995273262489098 1 1 1 0.0942111840980645 0.999999998351363 0.999904346899423 0.12045553266651 0.14515986743732 0.098453094155438 0.0802134782132624 1 0.999999999999491 0.0920659580971219 0.0765475554693579 0.0804651527750104 0.0836719335846756 0.999983491956021 0.0795823163550119 0.0860553783629971 0.101289025291187 0.103632735318073 1 0.999998511408093 0.0634768347107916 0.999783313783071 0.054727576734498 0.0934786199461488 0.101154554639495
1 1 1 1 0.0605132580578149 0.0793452487151017 0.0751589933654641 0.0825320085787139 0.0647197088952031 0.0685464297906984 0.0917148790137339 1 0.0669993675585789 0.0697011499037441 0.0518545235308329 0.115422967824727 0.0723046904985525 0.0644431186709624 0.0810720271084772 0.0577649770527943 0.057186537097161 0.0952941368095109 0.0950274214616638 0.0654838648534042 0.0709076402643788 0.0593581581498046 0.122751461846914 0.071553352320626 0.0676469282822258 0.0641939010371271
0.207203715044538 1 1 1 0.16769792775956 0.237207908476433 0.193543174210751 0.240549564410781 0.999878725508224 0.201590152403338 0.235414324311966 0.172820208060701 0.169503253662365 0.134602928528984 0.267308478880181 0.185494924086186 0.188442092533963 0.106986391936495 0.205864655505623 0.167141911463992 0.196892009741188 0.140510476634898 0.19389947453084 1 0.127133360296543 0.981761574221764 0.218491490979798 0.234055293353367 0.223024206055424 0.228002639937918
0.0832207992307518 0.999999999181065 1 1 0.170584381165306 0.111564676813213 0.159977537748958 0.122844180868515 0.999999999999991 0.0835485986835128 0.180160727365337 0.1259639964841 0.108623789812798 0.104546568087566 0.160646554741665 0.13796183268401 0.115900095918873 0.109194813017337 0.99999999999651 0.128078805876163 1 0.118424410892169 0.13547186494077 0.139610010548709 0.137513520836262 0.115581529245733 0.0812849638934579 0.996398035511793 0.096430806142401 0.126548351661058
0.999999835544349 1 1 1 0.0946744995222689 0.0890354003553347 0.106495586675861 0.0924930256286649 0.0772229571589576 0.100144447456773 0.999965607181442 0.072326544404269 0.10436898210927 0.0770515871915552 0.0653201366805345 0.999999999169759 0.0914927174280074 0.0756431766742167 0.0915670693548631 0.119592210808072 0.155917199898774 0.0955934589392218 0.0875801120108125 0.0614819618339103 0.109053162855999 0.0468273526544466 0.0801094568450917 0.0966385006568727 0.0699248160176439 0.0504003023118917
0.179157663624155 1 1 0.145762192560868 0.0793170948860681 0.124420183344275 0.121363930602428 0.999994830222751 0.134978802814207 0.0938291736775438 0.132782205802531 0.0919861045359386 0.99999994675997 0.0942299811365402 0.0950329344158041 0.101230642757934 0.219926562981217 0.128510185230879 0.111549445624551 0.245467866467185 0.110801881160314 0.143653961856819 0.135500857918879 0.138506980483214 0.0726912823920427 0.0825912770003648 0.155908673043601 0.157155591361963 0.169004234191143 0.0881386524492593
0.194156905071441 0.999999999999531 1 1 0.186368415589764 0.181920693401773 1 0.163276362834646 0.17386864448872 0.160422490221478 0.170272921455604 0.167168688122 0.999999999973058 0.192641117970025 0.194628534577267 0.165779142397465 0.202167536767898 1 0.184025222177872 0.115742093007431 0.199659997564632 0.13499973946981 0.344330858381619 0.242394628009124 0.311824089962822 0.234689893890262 0.153356774475374 0.143200484550624 0.208211251054473 0.148167026848518
0.999999996763521 1 1 1 0.152470506750012 0.217141207531203 0.194085424761064 0.148850260868463 0.996730247792126 0.168734115194758 0.146315177832161 0.19225649266568 0.203906453292898 0.169891956469589 0.147058131344117 0.186615107369163 0.130592535428717 0.158143263270638 0.203788049828002 0.112381632026081 0.115759939526212 0.189352971430717 0.124776393976757 0.999999936129519 0.187550122124856 0.237419000682414 0.111544881977029 0.999999999982401 0.220835876948609 0.172011512444762
1 1 1 1 0.12948085313939 0.212297940795994 0.114981019903033 0.150414670360854 1 0.166411467280219 0.135982354667598 0.114087375861353 0.192026554225906 0.185874526924524 0.18417878699284 0.104866604662016 0.169438714885208 0.127488772643811 0.110102279097429 0.108979836729406 0.122763668390509 0.136166742518336 0.18181536954938 0.114219056294772 0.195174556865212 0.128487783814185 0.999999977992494 0.141816489770821 0.131844915789617 0.119992033057255
1 0.999999950077168 1 1 0.140237244691499 0.135186418922767 0.119346286401172 0.169302687393877 0.111932243864374 0.10892446034065 0.110388550518493 0.999986334970997 0.133824911524274 0.147930449917331 0.104562650954298 0.151227026090278 0.186965538037561 0.132307011480543 0.163890865336334 0.110323402731909 0.129463518561645 1 0.143409884962849 0.147940892131088 0.0926640020678686 0.142903095521831 0.129762239884573 0.118224996843335 0.127679631904375 0.162597988097263
0.999999894132306 1 1 1 0.152491600347926 0.085037074621186 0.0938668449259369 0.187524890827326 0.13494347467307 0.0736511512701092 0.147863095626269 0.164030733886445 0.105635332136735 0.107524966279914 0.13347695039133 0.1574449143908 0.0757614261598996 0.11435670338999 0.167560794288783 0.163439376895398 0.133998626758225 0.174668446758709 0.0952924923920351 0.978797789479897 0.116018193118483 0.0759941997013899 0.157889438129907 0.0670060226353318 0.12427173602414 0.140129980727031
0.0357124035558177 0.999999999999773 1 1 0.0211406769292362 0.0526153479475266 0.053917124683588 0.0444511882531807 0.0395545397484075 0.0301584268486036 0.0735921882577466 0.0432924976909903 0.04052507241151 0.0227159101648016 0.0415958861423191 0.999989717610933 0.0488904832507887 0.0652592010054202 0.0519735877755744 0.0514163142537365 0.933643951195087 0.0504586186542044 0.0633580194422452 0.0317366321645066 0.0916455799929937 0.0521805149128595 0.0573550519382728 0.04027361735908 0.0727407300211239 0.999975027246596
0.338093245205359 1 1 1 0.260507489323071 0.354475086104471 1 0.168011322916527 0.181817892786604 0.196973465067229 0.27026563178876 0.244243508086674 0.225818141780199 0.206369775361999 1 0.205842532518075 0.192411997535304 0.256460834455859 0.218688097835519 0.999989515195237 0.252391360218525 0.189385379535747 0.253963152057637 0.229056240470091 0.185396831468029 0.204305594719849 0.219461469473491 0.205478783572441 0.233367059806064 0.999999920006904
0.999997190685948 0.999953325602105 1 0.104735521687676 1 0.13361531513912 0.135580359113602 0.149746006601622 0.155449324661019 0.182343258332192 0.986462268489078 0.185856700425358 0.0957512701838208 0.165442153844148 0.19363322348112 0.0944072793526604 0.132598084001384 0.999999999999947 0.974988343801061 0.127687597471512 1 0.116505412648065 0.167118285838557 0.118695181028169 0.134554689476703 0.0485730590471507 0.144499046569981 1 0.0803245673334216 0.080165930408276
0.0670307557175075 1 1 1 0.0763335183421042 1 0.0851755201943297 0.0699703418746058 0.12334155100015 0.999999879073024 0.0713874162189465 0.0681265693227379 1 0.999999999997276 0.0977682343693432 0.999934158120411 1 0.101247981847324 0.0799637901134083 0.0931193001644054 0.0759724040454859 0.999999559443178 0.106826571061979 0.11113502643589 0.0907408397572972 0.132579759279941 0.0683557185836565 0.0912197255810629 0.109757934823014 0.102772231835289
0.999999999999998 1 1 1 0.102728940503232 1 0.150239801317569 0.999999705099021 0.106003732251992 0.128615582907751 0.132902298908854 0.113590730590485 0.10992970319352 0.999999977915693 1 0.135119498063398 0.144192956747979 0.168764766932089 0.131942998148466 1 0.999999999815746 0.950144900489055 0.998885908423823 0.15873439318765 0.140712911972764 0.137979976530824 0.0826760170878563 0.0891783181927472 0.137871779482328 0.150316609651503
1 0.999999999999157 1 1 0.0923174178945863 0.0659373769869422 0.079719514832538 0.0626416319390146 0.999999999607739 0.113680595677277 0.102647361102022 0.102933287434167 0.0802152564606867 0.0602485551938547 0.0549269898596993 0.992449364018183 0.0847459073845572 0.105833343033081 0.144272244104683 0.0942718061498361 0.0628691354895446 0.999999997686006 0.0998471376493072 0.10637202813768 0.125859899834366 0.0995722939814631 0.0915962012549522 0.118353807618547 0.139680938900417 0.999999992405345
0.99999999664441 0.999999999999425 1 1 0.146656878280865 0.175373583863336 0.138428038406393 0.134375313146372 0.100611689064108 1 0.999988768687872 0.083799605654432 0.141836045020131 0.177809592224755 0.0782566359848018 0.14825707452596 0.154328016655365 0.112032119601009 0.127160123579182 0.194308222694435 0.132244223505933 0.0893387404829423 0.164639253956536 0.124836304916634 0.10896043724114 0.188607185854408 0.254038474472338 1 0.208253811280909 0.0845985844055469
0.0859126387693415 0.999999999999949 1 1 0.0705407080704432 0.125044060445879 0.0991171552182752 0.0992141125447515 0.0941967847855736 0.0913342352290883 0.126649208928346 0.104931019518374 0.191934962871406 0.999994480315729 1 0.0881463971404226 0.102238768870341 0.117716998926241 0.112644240864274 0.120956970147084 0.0742114409273256 0.155319439209263 0.0950913283137736 0.0657043927377821 0.133207832847043 0.0579902840960804 0.999999194630555 0.998502832036582 0.999991982310397 0.0624905623641693
1 1 0.147494266987755 0.206730096609879 1 0.207677302884001 1 0.126022828218786 0.190808842528111 0.130208957703962 0.15733752218943 0.144515807112782 0.202657568503325 0.224248309037708 0.276072455959417 0.999999999984712 0.161607782040502 0.20497751260709 0.140979942229755 1 0.123146898109178 0.277667697973551 0.249199268426584 0.246744900297424 0.245307457243471 0.130490683950377 0.999999999965327 0.170681518190029 1 1
0.999998923409274 1 1 1 0.992629095264174 0.108709127467814 0.999999965067857 0.109168822131883 0.99999999999997 0.125463350941424 0.999999999999986 0.0737261545642799 0.116912446336197 0.154592656156524 0.137165301115583 0.101718525586035 0.0968419876504165 0.0679235367689611 0.999999982706763 0.999882113943461 0.112379440320669 0.999999999999998 0.110024639044207 0.0979462376920942 0.0725985334298695 1 1 0.0997859242979624 0.122109457627166 0.148924703060894
0.999846532926709 0.151510299182271 1 1 0.13446926421529 0.142493234868774 0.0747415199405752 0.0990463137928466 0.103757625379287 0.0813357086447452 0.116346562226883 0.118481226063329 0.151163298765066 0.0903214419745598 0.107812268911692 0.0928727973000042 0.113538161286352 0.0922058428135676 0.123301204085911 0.164522067714764 0.10983755571547 0.0901276877062845 0.142071919212 0.103718583476606 0.099004013260364 0.999133561019677 0.996138604941739 0.157317238093588 0.0861242061330334 0.137303347092989
0.243804331170171 1 1 1 1 0.294093462769605 0.219882082409722 0.278586703095001 0.163666452768069 0.206612939347276 0.230680521107634 0.210115480908346 0.19657018723004 0.112502293342159 0.115606482230748 0.195460989917144 0.228112707577825 1 0.136152898182101 0.17783515636059 0.166969423432566 0.210858430905868 0.179887414516263 0.152860610025945 0.133426434723876 0.137736507561236 0.115941838222902 0.0978671454195222 0.149148225215108 0.148306311125196
0.999999999999984 1 1 1 0.109988523547294 0.134956284028924 0.151506646087692 0.102895026554561 0.1634264099792 0.906646945078438 0.127924223910472 0.14473002294751 0.0943915879175123 0.118812234398676 0.0932669735353689 0.13946189754135 0.999712370138246 0.0460878715913206 0.0884848411396915 0.184458389626575 0.122636733525797 0.112078725999655 0.181531440687741 0.177948793089497 0.100298250050896 0.0881003387693465 0.121557757862975 0.139237700078327 0.0887207991426783 0.104283820421395
0.211538648642623 1 1 1 0.164337894351091 0.199674716326075 0.144474685825091 0.193284888251271 0.148698882808314 0.104870557620909 0.170720891600212 0.166140876302927 0.125936096373018 0.148783894770039 0.134134505187973 0.999787141636639 0.181677665204803 0.305229977251372 0.141908622584001 0.160630840075002 0.228185101806527 0.141685627689994 0.137963290301758 0.161882838227341 0.117944057065826 0.121238142290221 1 0.17156080939321 0.0959617700413598 0.218116828878432
0.999999996724495 1 1 1 0.120715577989115 0.0793271854215553 0.121825672110761 0.133241486570329 0.107931022601145 0.126796241949697 0.13044773108702 1 0.990714222792604 0.123488702953233 0.0900025133005732 0.128241905580637 0.0946360689763865 0.104909981587536 0.105845729001992 0.116754293807583 0.113045213231505 0.126460399775881 0.146560807596023 0.111585557903042 0.114139817327184 0.116989904639221 1 0.0991729638789122 0.120958388541053 0.102589693532756
0.163680864349511 1 1 0.0843288893708909 0.139813896635597 0.995258114401458 0.237547627386855 0.163275395810185 0.128897191404891 0.16285754985886 0.219410907401401 0.116852647707423 0.157453222516552 0.135005398242361 0.147200808722895 0.999998059933616 0.109973206775061 0.998349964452619 1 0.0932669890168353 0.136903529083765 0.196748932772626 0.168703105580769 0.127486673168381 0.138446978749419 0.164009804478317 0.194412871234657 0.159245190088633 0.999999999697405 0.0771517581594426
1 0.999999999974771 1 1 0.139903971053134 0.321358218846208 0.107323352329508 0.125922067723309 0.183649459466667 0.0630943412069537 0.999999999999999 0.10052565643198 0.184919664420949 0.127102759634969 0.155401067074086 1 0.136474541315016 1 0.0800219411031103 0.0813137113304566 0.0922808521084137 0.118240539196619 0.127537566306303 0.0576903923575167 0.226046321230662 0.116258047631414 0.110744429345237 0.0886879547514561 0.0877351165981075 0.999999998215702
0.99873598740004 1 1 1 0.0607149786167346 0.0903164822964345 0.146702104459761 0.0667768720754575 0.0898486478384367 0.0783379278059637 0.0832960018834841 0.0563791792673191 0.0786635510085293 0.0732683254437867 0.134969642617354 0.0907579771598463 0.10284972575422 0.0780172058539305 0.139516228480075 0.999999996008043 0.108296847497672 0.107297088629421 0.0493108385843575 0.086351999828618 0.113361395928161 0.0819437134260893 0.073359670435331 0.0842457501751349 0.0912001691878805 0.175203273419328
0.200466351548037 1 1 1 0.189298328342042 0.151472195733271 0.168711315475833 1 0.995602308594372 0.127943966383152 0.133536984343051 0.123641124824678 0.153712308874618 0.126225002261164 0.987108493706623 1 0.125051744198446 0.0959035938449128 0.182294175927119 0.130042307497729 0.100036333523804 0.12086509036154 0.999301401742302 0.121946635384864 0.155822875012627 0.105469151242887 0.1155065981957 0.119359283585571 0.126463450084604 0.165277903593586
0.108690997171146 0.0947087168328484 1 1 0.10377991465054 0.0375645163201082 0.999999992278423 1 0.0730366309899811 0.0729989078991848 0.0508617320463547 0.101280382074768 0.100031890814997 0.999999867342727 0.146099163026289 0.0745963766081746 0.999999998806127 0.999827387893134 0.062818547408817 0.147587164773096 0.0756790670415457 0.103223368466567 0.0827509741205357 0.0620182853067933 0.0762049307965249 0.0709550359985406 0.999999999671407 0.084506386420146 0.0951588287968465 0.102156134054316
0.0797551311086444 0.123351383943325 1 1 0.111285742286281 0.0923746071612291 0.121030264346595 0.142366067237298 0.072895005404041 0.0928690848863466 0.0680463186191221 0.326905524560807 0.0736618059216471 0.999999809501158 1 0.0767290487282498 0.124244574501818 0.133376166902093 0.141498152354058 0.999999999968651 0.999997678099579 0.165346715690117 0.119528982676006 0.126935265216842 1 0.130607143049614 1 0.0894851905038525 0.171610849308963 1
1 0.999999999998485 1 1 0.0925620666278042 0.175478028048031 0.156611793482904 0.150168036516064 0.119387638130116 1 0.161341627107112 0.1201956257775 0.144264525586081 1 0.999975100645316 0.140317184025302 0.158843719049983 0.140223066123031 0.131706360112677 0.175605095116473 0.168859388787025 1 0.133157702810714 0.164226559988601 0.142887881634174 0.0884131294136369 0.0742896708650893 0.14310526173224 0.0915584219511149 0.162313503898597
1 1 1 1 0.152626706256665 0.134634266180466 0.153277173901977 0.101285808365799 0.139098705037613 0.991488210557 0.121774681478297 0.0938709608220173 0.148207898065466 0.152165155420962 0.15695992605179 0.719153938193146 0.163793845754061 0.155069924375438 0.171346922950074 0.120909268463718 0.0975379602384271 0.146568555351241 0.184728276413479 0.148813832778487 0.175206363877298 0.116062206294327 0.130361333560298 0.123220258954067 0.121483541552671 0.132307147114889
0.999999999996926 0.999999995970867 0.999999999998945 1 0.0748436849987529 0.0931344981210728 0.108426805951685 0.0800609217337627 0.0775194138398058 0.999796205842625 0.999996702440862 0.0682740476151059 0.0891196169231729 0.0848378250337712 0.106037013015426 0.0682147480970878 0.0467581331268158 0.0814241854188046 0.995793886745357 0.106533502674885 0.0905467043031659 0.0737975911276801 0.085005459525787 0.0593914160072909 0.0806767095225156 0.0786036226630804 0.0748849441386242 0.0742822424225409 0.0662867377632823 0.061392830755536
0.0990597104769925 0.99999999999955 1 1 0.0507486704840595 1 0.104718309303025 0.0748753987645613 0.0969722165940369 0.0510830541828914 0.0858494454905061 0.0726836863163818 0.0800217850893987 0.0515601740423131 0.0945589580211199 0.100140810795323 0.0592237314748745 0.128818698121734 0.0851225597397762 0.0865489076882762 0.0857006746543092 0.0631382286301542 0.0731831367818065 0.999999731556859 0.087274084372538 0.0729078242660686 0.0926470394665836 0.0684408730705988 0.943567903700362 0.992124440530405
1 1 1 0.183545470392259 0.188129270043456 0.171664260413369 0.238550885779834 0.164806732946049 0.236255412911941 0.201817085059215 0.220347792475224 0.999717535368466 0.159444707348558 0.176382169364976 0.223316179641277 0.186082708330203 0.1790844626651 0.245575688195138 0.146115314550174 0.182576735770898 1 0.200750405314287 0.141736225246153 0.123067488220263 0.221699457849306 0.999040935119359 0.225116318611987 0.219795530199484 0.230521731550763 0.213854837079304
0.99999997514191 1 1 1 0.199442215492246 0.236703312499316 0.215126863220505 0.172281401575748 0.103603426480948 0.250896822112439 1 0.167815820270782 0.179743345241578 0.175933916679863 0.091336544175364 1 0.156679842001989 0.156452343841941 0.162711051337415 0.132744774499787 0.16896252755797 0.192506010853117 0.144191752853749 0.21688606113911 0.14946990828948 0.152214333536861 0.231750502710218 0.181877676570292 0.131091524181333 0.204632515252239
0.210520526751303 0.999999999999666 0.999999999927971 1 0.143121391512572 1 0.991640927484313 0.21153691445184 0.131391026247277 0.10054973807039 1 0.0916808137658449 0.205375650122188 0.121795375311194 0.119749675921414 1 0.999999999999987 0.151320943091969 0.122782368296136 0.22327905610339 0.19283219982336 0.0918551723309774 0.211807638459825 0.081193068704085 0.206841673965264 0.169843326879819 0.212822230210433 0.0651288644200079 0.17030410753883 0.103002269972334
0.141273788058789 0.999999999999998 0.232108681097207 1 0.185091403893451 0.997586871892995 0.135873773706766 0.154736550946556 1 0.194694867565856 0.0907060283498732 0.301681220783472 0.149177617105962 0.143949190392898 0.14516257806591 1 0.15338628556545 0.158490009332833 0.171532669796764 1 0.142417551355639 0.158872264342764 0.353663527828724 0.123876039201487 0.124721213983629 0.130945196146807 0.186556067480108 0.133885324880307 0.15656362124394 0.155020926724749
0.0977799766719989 1 0.108655663716795 1 0.102005705986764 1 0.0868437673244956 0.0664343730959781 1 0.0704291572187355 0.182976628836316 0.999999849012531 0.119162464075424 0.0971187401304948 0.0787750095881727 0.999940745567641 0.0812242536133353 0.0948255328421952 0.0944563896908932 0.11776056753963 1 0.0777725193322445 0.0871581906952699 0.0798031515909116 0.122948786119465 0.0847149374881075 0.060020655123038 0.0867841007158049 0.0815350734608969 1
0.181642953488435 1 1 1 0.151923658956168 1 0.180345188578176 0.103870803699091 0.100224781337041 0.203584478525117 0.165168020873434 0.103299816129741 0.999999999813173 0.999999835671944 0.999999887361319 0.138257879075159 0.0850289131386865 0.164379354583002 0.161103703423558 0.163342535720789 0.172916139052192 0.140169244016979 0.134544968260672 0.13710578642502 0.129479192474141 0.159441175803795 0.975007914357183 0.090388686809072 0.186460124367441 0.114769880237161
0.153664573404818 0.179847149046099 1 1 0.247268590269081 1 0.1997252335476 0.198516948437335 1 0.249883811620847 0.208486266055955 0.144565395270462 0.184021647982341 0.190783803986852 0.189733592605365 1 0.228687526149565 0.232435661228509 0.237889195353797 0.99997673030241 0.999960358533578 0.146173078370895 0.20362762978364 0.149360995985018 0.25027300179293 0.2901565639921 0.211750449550595 0.189985785057504 0.209026731332332 0.189423104006401
1 1 1 1 0.271729926984 0.914048139628726 0.193028262755508 0.24760873704579 0.338161564897267 0.225798260386533 0.207633007831124 0.199124958780997 0.18237903506018 0.254930929374727 0.175931282796782 0.249749863418618 0.253537090115172 0.163678846489759 0.258572855935142 0.233482441568939 0.248627708455409 0.213479690786442 0.224803565833276 0.246538394366198 0.228162361957878 0.255773627761785 0.239429081274163 0.280179468760382 0.240061501086126 0.26234044118881
0.999976591751965 1 1 1 0.999994376950203 0.155563766920319 0.100391404840191 0.172910470628151 0.0627978773246876 0.757683895104399 0.125027906363701 0.0585247848592536 0.10728254701546 0.136752294302707 0.111510862222027 0.165765780599671 0.175597082608188 0.102728050493388 0.119530738084406 0.125141099684339 0.99950358845857 0.0948380171781166 0.13079601474432 0.146492707748709 0.11674656451399 0.133459487025765 0.074135678441237 0.999998305551848 0.107863531067757 0.151509928297776
1 1 1 1 0.0847831604834105 0.0997914726621614 0.0848268921785889 0.0510347920736971 0.0591854037178854 0.0527042064174122 0.0697800493550178 0.0707131445296704 0.0734293350403076 0.0641882983981452 0.999378718301363 0.999800011649775 0.0849455512395474 0.0818942744357666 0.0683712735797269 0.998033687515012 0.0552422611494884 0.0919375758503062 0.073642597611253 0.0484154817476047 0.0954495348310969 0.0679175023429588 0.0861499337203726 0.0648655687959028 0.0731547747361714 0.0659905565480036
0.121258045049661 1 1 1 1 0.999999999993548 0.102794334604113 0.107753072492439 0.0824113392258794 0.0732138193621045 0.0600660295129791 0.107568699988781 0.0847899809347437 0.097591415693756 0.0890087111672102 0.0578234229193363 0.0691657456656832 0.0944876300990847 0.0820343122306678 0.0743949835376557 0.0615599713933632 0.0802385047364705 0.121460213019123 0.120333970618889 0.824941714165414 0.999999960900457 0.0907033160575735 0.0851440555366181 0.0967974124494184 0.083915393805561
0.150881643575618 1 1 0.163033673677141 1 1 0.203345360675179 1 0.178901527451967 0.197126835347221 0.135458536689486 0.118796933710056 0.189173085288939 0.116632382742861 0.187574255432578 0.158422070395376 0.159023827803226 0.196814286919108 0.133449700815031 0.16937245001937 0.191709751314284 0.233519551595509 0.205164067870808 0.157588338500112 0.130801762154795 0.116521232618868 0.186997373966183 0.187498808017606 0.14185719479195 0.158974561168975
1 0.999071248346957 1 1 0.0589750910370609 1 0.0632863650738904 0.999999799045951 0.0702235520226276 0.999998287070064 0.0713645751974908 0.0652089335925949 0.0962518018210279 0.0753080758256913 0.0906334783269197 0.0920188151100367 0.0586907167987585 0.0672559239317062 0.0627493069846083 0.0773295382099809 0.093376121031017 0.142036785091387 0.0528224061512671 0.0763610455974969 0.112006695727266 1 0.0727314321897597 0.0898738114485197 0.0974815196937178 0.0857573477991999
0.999999019498246 1 1 1 0.999999999999633 0.994639010132082 0.113755588420963 0.0829408728050246 0.999999999947626 0.124836146124094 0.108663494281284 0.11456032868638 0.117477267489821 0.99999999957478 0.173370747016552 0.0906379968342542 0.999858761243079 0.126508803301336 0.10729482740101 0.133991677208002 0.124042914660517 0.0932800134984489 1 0.113320296416837 0.107750419572284 0.131551062135565 0.146966691536626 0.097932387837418 0.110743879421196 0.127494441389228
1 1 0.0902504923301958 1 1 0.101760253363016 0.848207439319236 0.124383200045965 1 0.999999999982867 0.105390122046426 0.150715397855867 0.148622304501214 0.138359502432156 0.0953082247405118 0.116202113242381 0.1486688094553 0.999999999952362 0.10433749437858 0.0880926051642404 0.125655762097575 1 0.108938069756951 0.0710768493300237 0.143006928933414 0.130546337837871 0.999999986020917 0.111892354259702 0.136094992371742 0.131040950591854
0.934007817142669 1 1 1 0.0478969534405678 0.077810180799516 0.0433237733688862 0.0554924134123396 0.0905897213595173 0.0437956032963333 0.0590977811442783 0.999999707949142 0.0403168026830085 0.0765496113241075 0.0618660969868275 0.0569451340091627 0.0424102268341704 0.0669498066891947 0.0699629774750501 0.0439481200457286 0.07638956399824 0.0357313511580336 0.0656929316319366 0.0571470041029508 0.050242082721923 0.0608313162327133 0.0433810869704992 0.0512110747609454 0.0297453785529621 0.0922751607740961
1 0.2222419745944 1 1 0.192776591965512 0.0874879093212025 0.980822639998435 0.113157293624227 0.130933407104153 0.162165010945117 0.0971873114654849 0.17293980966584 0.162282406869032 0.15224455767309 0.114774809738143 0.155523264005174 0.129663870169237 0.19052362718465 0.155169155452006 0.14523602238744 0.110654440562078 0.120846005185226 0.163619577530165 0.139023555778825 0.19369399186438 0.147256417174564 0.151691590650092 0.0838622180592884 0.115617353562432 0.114675134196071
1 0.999999988473475 1 0.208420776176597 0.270217335035647 0.135696678275007 0.999999999998676 0.104003071065355 0.113420720250056 0.184024256948427 0.181630638757651 0.156457548637202 0.145800932596902 0.103706539529192 0.13178470509514 0.175429920600444 0.165073980384033 0.999999978647634 0.250177003623936 0.205833659789107 0.999991701420739 0.112437044543322 0.164903761863518 0.119946399288604 0.0805582539182002 0.0875558301188977 0.236763733684358 0.190681371616914 0.286011549060567 0.226552009532849
1 1 1 1 0.9994280683855 0.15246712100192 0.999999999999996 0.12948702815109 0.0726427944162825 0.12738951544347 0.15257958565747 0.0972103301846674 0.126479058447783 0.0683933601175281 0.0908676822360209 0.0886461496021136 0.0757196180243834 0.0994710136808675 0.101502945938972 0.0884677056447303 0.0880700342083486 0.108341222815267 0.0982615016758431 0.999999999999719 0.999999872397627 0.123643675907879 0.13978412826085 0.999999379157255 0.0925686809913592 0.134158911057979
0.0841341189876601 1 1 1 0.0724431846505124 0.112386413193669 0.0617078368817767 1 0.102472994006773 0.0862281871005528 0.128297912675066 0.920648121346569 0.127848262362912 0.0845818378998916 0.0669534362876675 0.0898849406004378 0.0921788571761213 1 0.0992721814577071 1 0.0923134795434021 0.0999179823723816 1 0.0996465743381294 0.999999026046464 0.100576622206228 0.999961991215306 0.101609912448369 0.0735476633705452 0.115594198610112
1 0.999993595850689 1 1 0.162630852612114 0.149173125444771 0.17454447822827 0.117317849649882 0.128301529681463 0.155307933326574 0.115794641711322 0.126969973088178 0.15539198789663 0.999999999992636 0.147575148388607 0.134575366109322 0.139599029070021 0.156280458449625 0.193611077380274 0.13647382189789 0.122113457354022 0.181722040734148 0.172648157294062 0.192093121564628 0.999862911792637 0.999999999999998 0.162195490345056 0.161442127326991 0.188580464366808 0.999999989129661
1 1 1 1 0.0826641993131489 0.0711841618800306 1 0.100471736998233 0.195531041236333 0.148073900621322 0.0818430771267892 0.115273791429224 0.128475257986726 0.9999999999943 0.107035579769843 1 0.0664626157854284 0.0861046565644067 0.120121885194197 0.113389680560709 0.999999999999975 0.0753527680999616 0.0946522342012498 0.999999998030134 0.0915145167019268 0.0983139454091433 0.0553497065146561 0.0834794000694459 0.0801184137913101 0.105798830837578
1 1 1 1 0.0862008852143339 0.0909427760012683 0.081480261486568 0.0904174938520382 0.106888755635606 0.0818077934941814 0.0711015507216356 0.109240679031723 0.0505363548958028 0.121721919245355 0.084258881155919 0.144118652370076 0.0938737594389562 0.078983617533441 0.103973710709716 0.141303172663298 0.103008644264231 0.121355693042285 0.109453940259743 0.0871580188623204 0.999999999999553 0.0646858768657623 0.0675044815773105 0.11119175306911 0.097761382285823 1
0.999990696240266 1 1 1 0.113612805068065 1 0.157605391169647 1 0.11956383496678 0.146645319708467 0.990768700313631 0.0800819232104634 0.129117682993605 0.210293799134155 1 0.154793714462692 0.156790929516564 0.94233353249703 0.999999993892806 0.126813080808571 1 0.155026719447701 0.117381313424582 0.146801918901044 0.187116993142662 0.111411117579648 0.131237172590192 0.113363697272122 0.999999958589903 0.120390070410638
0.999841468773797 1 1 1 0.129191731980669 0.104549644004759 0.126494172950505 0.140274053603519 0.140562809375158 0.105703224691774 0.137318285831208 0.159239578496577 0.0962256177948333 0.130509583251533 0.121216205439876 0.103375493819739 0.14753612437057 0.999999988921846 0.999999953583158 0.963028279373314 1 0.158462633247581 0.106735927272311 0.999999184153447 0.0843396319763851 0.100662297953853 0.10927423448691 0.0955884429680932 0.0888972115532499 0.146852977353585
0.999999444327976 1 1 1 0.999992709566087 0.999999999960243 0.0882064353613011 0.999999999405852 0.11530547166936 0.0793771589075792 0.999999999999993 0.09662319419388 0.0908222360120979 0.0818727838726825 0.999977161841947 0.106772378460796 0.0944565682118585 0.0771851657682942 0.113276709734941 0.0891288725943381 0.0757702811649269 0.0704758000789997 0.110072871129174 0.0573299283938956 1 0.0675174298153137 0.109066702218566 0.995952983438393 0.0948112401212806 0.0990383797873032
0.129405776600476 0.993422435562878 1 1 0.999999793543948 0.998538701086041 0.0809718295310323 0.146068237738227 0.132207916629462 0.165231818626867 0.120399274836835 1 0.0941969210754006 0.129615781810816 0.999999999999915 0.0756306820564792 0.186686355741627 0.999999999997677 0.199707027059924 0.0999624168173194 0.0830238576267411 0.160905466009444 0.144437954784063 0.143080200423344 0.142999116847899 0.999999999999673 0.142194758911963 0.99999912353851 0.111120992317819 1
0.15240974455751 0.999999999156178 1 1 0.17114492723849 0.143054124004589 0.154115467323491 0.163314025617602 0.182614999924322 0.115770147881232 0.187687821954 0.140063308849329 0.999998250716058 0.165851793026129 0.154971718626768 1 0.179051130570312 0.136071334528032 0.223751363928626 0.14114766594971 0.242678258220697 1 0.142344804832952 0.149931326937337 0.201088029018524 0.128930279022405 0.0879191785988692 0.183595860172895 0.121729629776998 0.156028293562949
1 0.999208146996646 1 1 0.189306598348926 0.111376171854457 0.159943502743057 0.184653418102751 0.821898436231621 0.115140532910762 0.143654223860272 0.141546680219135 0.14920767644582 0.154871348760211 0.109285592773211 0.1562317806477 0.999999999999957 0.0926947341878651 0.160520511607367 0.188890609454061 0.116286520732737 0.145970325806124 0.114633240412457 0.117792504910684 0.122089202901648 0.162177820393651 0.0963006548515377 0.137540052191311 0.231961784220643 0.139052927258628
1 0.173403595070032 1 1 0.212119198455421 0.188441683569049 0.0696842086066531 1 0.13938167831143 0.177605997039503 0.165660160707351 0.166524054069841 1 1 0.298053079577346 0.151628872143085 0.216156338949321 0.216962007525086 0.111679121239293 0.178314732104655 0.173059540244976 0.162617407812598 0.242910296031358 0.167550923721416 0.13098407230351 0.138018533779621 0.169026397666297 1 0.190942901051461 0.15916450823098
1 1 1 1 0.0472032787087345 0.0632959066454561 0.0588246994765498 0.108316421785096 0.0519077370169051 0.05758072558322 0.0491821411140261 0.0661356450132221 0.0594029515169836 0.0916910872252018 0.0798079038665271 0.0448521990988219 0.0635002326577764 0.0335158806355512 0.0832802108666431 0.0693312260141503 0.0553107623671755 0.0696489412920337 0.0937656442791049 0.0622247486602948 0.105014663062736 0.999988974250665 0.0564390292441076 1 0.0608220298961717 0.0927946633545503
0.916246610378016 1 1 1 1 0.125085672876853 0.167484306856263 0.17207739874059 0.212779991952799 0.152734449691436 1 0.125635822019886 0.999999944887331 0.141840160789157 0.205515249319619 0.165495737754759 0.220879678957056 0.999953746698153 0.19887901310038 0.227243149246843 0.207943144491212 0.234936714083028 0.206705803890493 1 0.213837395991344 0.158551249222922 0.999999735477262 0.185818956001811 0.236821874046183 0.148561021382735
1 0.40316509157853 0.500427417045765 1 0.358098673684663 0.312525636661645 0.307476474054275 0.332970045137385 0.278623960822722 0.322628428234741 0.311151801685332 0.36454512012807 0.189949340284499 1 0.364519941559907 0.401621436865877 0.382647582789259 0.375065988455002 0.243742885961714 0.336857488453955 0.265942855668742 0.298328450114621 0.289326829278708 0.309331123241207 0.391885311829889 0.370368626666923 0.399172532264962 0.343233989267333 0.387998268406285 0.334192647223071
0.990829806641835 1 1 1 0.107422873221827 0.157305344080383 0.999658463216227 0.15554346516253 0.999999999949857 0.124959451561647 0.119551459135488 0.119684142896269 0.0786762926304019 0.154970444011665 0.157750103739505 0.0990021921414528 0.999998565931585 0.962358910966768 0.123619064139452 0.155770585445374 0.131855098697432 0.141867262215239 0.144835807668842 0.102811517665123 0.100452109119881 0.103089456480843 0.098779652693443 0.177756687310229 0.999998399532143 0.160127303986899
1 1 1 1 0.0923650183765313 0.087846842410612 0.106470359370726 0.0958340794974742 0.127448561253396 0.261988496229547 0.0967459364825654 0.999999999199332 0.0859312342307353 0.0737003846581321 0.136390336547154 0.0845423536598724 0.115837705423328 0.999747078001775 0.104076455567281 0.0930020051156358 0.0996822693908113 0.999999999999997 0.12110944555943 0.0798678416296198 0.0666015007552248 0.105085627769453 0.103269227195664 0.113536446797831 0.124482030506665 0.0624630207035629
1 0.999682964779695 1 0.937456375445313 0.158461964570024 0.186413706779588 0.138909521185511 0.998725576752401 0.222249052055768 0.999999999998192 0.176669141502188 0.999999580554753 0.999997885039953 0.169077172222455 0.205986518920445 0.219883279276236 0.999958703674184 0.124432231069027 0.199680203175709 0.178799501318665 0.184948273624695 0.192406846608451 0.19790104038581 0.186126704086428 0.197574762295194 0.187572398441784 0.18180156675819 0.162827881952948 0.16941058152924 0.185713203731641
0.99187474899204 1 1 1 0.113399967285807 0.10031283293028 1 0.134598649258761 0.0794946665926013 0.109492253735876 0.125752061015884 0.124996329870271 0.0748532357319499 0.125318488542652 0.140307874320115 0.999983513139299 0.149324556827643 0.0996552867806579 0.114643074863343 0.127149435801832 0.102561533818633 0.135490449296667 0.162718254429189 0.140798937531157 0.109371943498967 0.108749554181653 0.999999999026121 0.198597897677331 0.136033280677105 0.178922978074589
0.999999999986344 0.999997404281645 1 1 0.0954926193588447 0.0820137726506563 0.123575577572378 0.106095857819871 0.0901961432847247 0.105943884882626 0.0983128514747019 0.999999999966631 0.0846695962014948 0.115986239701694 0.118487572348415 0.999999517626503 0.104340022673361 1 0.140718090874767 0.160123590911527 0.173799419554312 0.999997335775873 0.131156103722583 0.112184248909953 0.101266036049416 0.17847590881552 0.0909046370926834 0.144174538101106 0.138636931053021 0.097991905809561
0.107860032747389 0.999058890725956 1 1 0.0835200082274279 0.132145581552926 0.111023495404055 0.0585231321064582 0.0977477611138966 0.0819409586922863 0.082371682025676 0.0756842123640122 0.0951333601318164 0.0801941988363469 0.0707996052295452 0.152633818060489 0.0897015215387309 0.10004719363046 0.0619560316249899 0.0640857945294838 0.0932114684223085 0.103968796193031 0.0914686242590937 0.086711733906196 0.0883775402170275 0.0622645223228493 0.837718350477424 0.0882295611617858 0.108836889559668 0.0936338514534309
1 1 0.189662352421326 0.183283415122389 1 0.171877270567331 0.153865857028402 0.131016879609078 0.183080313751427 0.14940050305134 0.105970804579093 0.110083465296132 1 1 0.126669785161808 0.0918997979968929 0.999988854423721 0.149307556290368 0.208378211187545 0.094498327947984 0.194999902624568 0.0907972980203006 0.148174947144612 0.99999205600777 0.129813080747243 0.182107224666972 0.123157960231958 0.137565365887483 0.275907419408737 0.162252285224274
0.999999999185624 1 0.924179286035729 1 1 1 0.220629704838616 0.187572131460638 0.265328756419775 0.244400867540547 0.241155053594352 0.999997804840855 0.999956287549666 0.215535792593639 0.999999999899939 0.266417707771433 0.204449998986348 0.22334982289762 0.230210603477683 1 0.207733798796112 0.185920727085002 0.225100501281059 0.190731934091815 0.157805171503221 0.179681744048294 0.149919649028657 0.262168772086746 0.201428442135216 0.175500116247489
1 0.999999908063069 0.999999999999999 0.101341088358166 0.999900827704882 0.126286937521117 0.162330267544116 0.172545073773197 0.173687409202323 0.15347973574975 0.157678974866248 0.965808048860798 0.233182291198561 1 0.109349120055714 0.133150348815942 0.146616727963501 0.169311214320003 0.233992988086122 0.0741735017676975 0.165471776593363 0.176721642909045 0.999939775912291 0.219638102364177 0.10343587762226 0.134310153197834 0.183905409428325 0.137254690438247 0.990567889590332 0.215247665876838
0.141153225820369 0.120254344130975 0.99999999993223 1 0.103173961187183 0.0758642328019137 0.0994905682888402 0.133785449255629 0.247051079800737 0.123559738007864 0.125169098209047 0.12413416245862 0.103237825358031 0.169035779059786 0.100062554116873 0.188514965436062 0.134682502885665 0.0875576593753248 0.153796091090731 0.147530976300322 0.135833420063577 0.12994246078624 0.11156380554876 0.134480775709664 0.121887451845203 0.130086273418924 0.107904822784968 0.111198680255531 0.184613510146904 0.110360123515703
0.99997191989869 1 1 1 1 0.124682104201262 0.999999982361454 0.0898099397933352 0.0846176159139062 0.999999999999863 0.146654152494639 0.108419576912362 0.167401756337154 0.0612981143053256 0.103872683584596 0.0510726201357453 0.121591225561369 0.112020286119518 0.132349915057817 0.0756374000384897 0.110605810901696 0.999999448808212 0.999999997842843 0.0645197050425292 0.105844882477248 0.999999999999993 0.0694944141281788 0.105823853034298 0.131906129579201 0.0659733830167608
0.999999997973588 1 1 1 0.11686287414165 0.0490217045362766 0.0845472042776034 0.0946581083644061 0.0741154550520647 0.0672640986886518 0.119361512733766 0.0921504333595842 0.0443503147314976 0.0711227043529697 1 0.0644105154814993 0.0686179338723317 0.881490179831226 0.089311341841067 0.0544992184407379 0.0970022127221497 1 0.0777795801409384 0.0837492783326688 0.0768189010195228 0.0577393232151734 0.1230700237765 0.0589574705372478 0.111016542063672 0.117466985631598
0.121019935581395 1 1 1 0.262709979252446 0.0621712820801835 0.130843253612163 0.0986920777498738 0.144955490397576 1 0.165783540330111 1 0.141660764004472 0.0895864356095931 1 0.12684656124198 0.142484985303734 0.106778818822557 0.111479568615996 0.137215923366235 0.142116847447039 0.0946197401438095 0.11681799224993 0.169344141397251 0.121856937928199 0.0892272002106869 0.143829369920547 0.134594582349616 0.181149776593375 0.176139776106451
0.138234396402484 1 1 0.999999999999999 0.140266365575003 0.0904917535280068 0.108042833521706 0.114898102121244 0.121279441791714 0.0647123743734396 0.780462875315806 0.0677776705785076 0.0958457471080465 0.070077701461013 0.0767535233627883 0.0662610517191075 0.0507980797319363 0.0806978200244475 0.0625305596885177 0.0476041244322334 0.949775339360554 1 0.0615427799894002 0.0602554825431675 0.0807615667993279 0.0857090514145424 0.0822101130827392 0.0861013420469295 0.0985219361320167 0.114650434481002
1 0.125520522619144 1 1 0.107735671905294 0.104600690304334 0.0791919402678897 0.0837484212103774 0.111995072863305 0.105802323805074 0.0882355544455101 1 0.127442610270604 0.0966569476517316 0.110358375950333 0.0845534576865348 1 0.125272112951928 0.999999999994431 0.0979990280704294 0.1409912151186 0.103991029761909 1 0.107029157118372 0.0864325246726997 0.110579936349467 0.123112731444222 0.102248146961979 0.0848390112074738 0.102498826214779
0.999999962067398 0.151353101557527 1 1 0.0764017518042331 0.108648969586922 0.0402958172741898 0.0721397322052479 0.999999945502009 0.0823243570292469 0.0794221911591161 0.0590043794909724 0.0436134570814698 0.0658194500996916 0.0700177936521457 0.0900263105944106 0.0955077528592974 0.0872902326787289 0.0960724088285131 0.110069834841325 0.0677125090527895 0.0536208804725442 0.0418462813022129 0.999970738314195 0.0854806184205678 0.081992221559958 0.108827475292897 0.0909764053121027 0.0609697698183124 0.0814587180282845
1 0.228325109691441 1 1 0.999998884925667 0.17849668489052 0.248719505335191 0.18107817565659 0.124727971766982 0.999999999999935 1 0.212326669791431 0.176586699660066 0.202607378587508 1 0.161575016154651 0.121298815899936 0.216783714172815 0.250892275200578 0.20007489559832 0.207288145946368 0.181291787507107 1 0.158803918001189 0.124309773689636 0.259178841739324 0.262438909973641 0.203157158978552 0.154162791609876 0.196235658202066
1 1 1 0.146396164447904 0.161336108612665 0.230449691248915 0.149088765187761 0.175640020772107 0.167282332408253 0.182714623122588 0.0986275946605385 0.145375892131867 0.179789613363559 0.091916914338369 0.134078239357408 0.133046027656403 0.162016241573784 0.183590786522457 1 0.167655620063964 0.132271396800756 0.347046019796481 0.994888092760389 0.999993245300518 0.244049515222228 0.170402523512948 0.149224591859826 0.981811707301993 0.120176286749905 0.153156822865893
0.963247831869945 0.177595612963308 1 1 0.99999998589219 1 0.999962285421639 0.999999999999998 0.999999999988386 0.109612660797594 0.278250711772054 0.183164241883627 0.198975545057913 0.147113393496907 0.155083057589394 0.18330251207974 0.135393679971386 0.154679349894288 0.11412673374296 0.133326688478438 0.146341412557796 0.163493838171434 0.152132796225712 0.178121130050897 0.150965537965514 0.0862375799114818 0.187010255836292 0.172803558878506 0.112451241824379 0.130040998520875
0.160760183617428 0.999999999625903 1 1 0.0885297201959415 0.0749581015955819 0.102069329717014 0.105282023722182 0.106911122032703 0.995882083292014 0.125133339900451 0.108182229696736 0.101546733716318 0.0948974135953902 0.0939766584322138 0.117957076080882 0.164341992697049 0.120436335244396 0.0910281455489976 0.137380887291535 0.0828427767987087 0.0739189079152518 0.0700152443786933 0.185877600432246 0.119336069696322 0.122186693639492 0.0991997602539935 0.10431147417066 0.117165121739279 0.0779121987446302
1 1 1 1 0.145564550138783 0.169832220685776 0.155276475722433 0.192357408985343 0.190441175602966 0.188560921804931 0.15911747003099 0.986481585851706 1 0.162468171301537 0.175274541054296 0.152080834137453 0.173592345776819 0.227637655276543 0.187997160083504 0.207516433604085 0.239868996307434 0.208162656718225 0.140015808991391 0.260650700045936 0.188874503430354 0.152207991310519 0.215702332251421 0.137181645588713 0.207271967448143 0.185419849448325
1 1 1 1 0.0732858331245365 0.119839494261501 0.060372834202735 0.060392863384816 0.0967263056212936 0.0730232127510776 1 0.999999969693655 0.10432608135862 0.0835066081539521 0.0812971146298092 0.0820603298516152 0.112402941700286 0.130338351927525 0.0946319025408682 0.0649612168066551 0.0713761539778003 0.0821124649111965 0.0822768381959507 0.0829942470841688 0.999909620170049 0.108409969548924 0.0750692462868914 0.0694793613137678 0.1113682265042 0.0933452796510965
1 1 1 0.999999315092745 0.999992869012931 0.168024842779766 0.187829363354987 0.180107466430907 0.183134414700519 1 0.179684479032653 0.999999999999873 0.194047830613322 0.171693999604432 0.186318741309998 0.137290906612201 1 0.119543124812174 0.996857483888672 0.997932375358259 0.118266380558388 1 0.126892378301679 0.113393993365614 0.99755584016838 0.118971670453184 0.203066921011729 0.221746384636435 0.226335889841028 0.999999714161509
0.132950404991549 0.197287282933687 1 1 0.163598879975909 0.137957003351372 0.203093974116383 0.100271138610667 1 0.246754996671438 0.0902141474378819 1 0.130983638155204 0.146792049501001 0.101572091878256 0.163443643350485 0.16103716280471 0.222378729733549 0.098023110797729 0.999999999983993 0.183124801647484 0.122314732363356 0.141239856809936 0.197667575227279 0.0816823338805289 0.175199154040447 0.147621228577727 0.999974591892066 0.999999981093373 0.184703207358208
1 1 1 1 0.142823398318297 0.121735478007992 0.168022567540198 0.114236291656416 1 0.0617408207715918 0.999999999989191 0.138110742865104 0.160504117035859 0.114799657544536 0.196375541573727 0.130425831968817 0.131718388166238 0.169197655192451 0.131840403888492 0.999999822680378 0.192710360944559 0.146496451646608 0.122040719952634 0.181570437943917 0.138163457625584 0.109511133531509 0.130875257122688 0.0927762673286967 0.169652763134048 0.123887820724356
0.196298529604579 1 1 1 1 0.111416314374683 0.189831115952931 0.999999999988585 0.185561901326522 0.0878226928720657 0.206000224661458 0.1736314417862 0.161237936717141 0.18559983079277 0.133501624358025 0.208220744227086 0.999970406185779 0.266997680060353 0.203286061655619 0.178272248987343 0.190501684494875 0.999999999999959 0.161648284091388 0.151075555120254 0.251629673530686 0.184127376299457 0.154978099571346 0.260819067511563 0.10829299456617 0.209417127985346
1 0.999999770713777 1 0.0519873291440905 0.99999999998787 0.112045621912413 0.0694842508860887 0.999806295601704 0.0900080568063495 0.041374444581006 0.0764231557688583 1 0.0827466520677821 0.072825077138497 0.103476294849673 0.136399029557579 0.0682117881338629 0.999998568961268 0.0768191455314922 1 0.18628631111503 0.108070523495719 0.096587372060477 0.999694085222386 0.0565598621893001 1 0.0867820612218823 0.0892076836375799 0.0920464285841661 0.999999985049011
1 1 1 1 0.0943502241432645 0.125265956348719 0.103296366934726 0.110485053231786 0.154545462704069 1 0.117611846214214 1 0.991947212237617 0.127377280269902 0.128174892160216 0.0767311900351465 0.123715093364897 0.148836021847108 0.119463296971049 1 0.152774579513457 0.998320091824901 0.0878058052602662 0.208932191350871 0.857151790049833 0.0892648426625166 0.122868816951663 0.115530402825092 0.146428848332289 0.995971763046125
0.0792888289972292 0.102665643356873 0.229453146592447 1 0.197290958677005 0.0925889500536022 0.168886876277982 0.270320484491313 0.0809084620724986 0.159057330882662 0.193716899833953 0.105246360932312 0.0791896950794744 0.133669056116811 0.0986473148395878 0.0693564649460089 0.999972642781304 0.132148060994064 0.091197934819778 0.124082659313582 0.0878882885980918 0.142337200306445 0.110364645616133 0.0539079863305819 0.0867359893297229 0.124605667900953 0.136520183225023 0.118008300379084 0.108142432067175 0.0685108149484632
0.0966469794719917 1 1 1 0.084722510593246 0.054948710316334 0.0524837549396613 0.0785766450054789 0.116464636137594 0.106479725079048 1 0.096504372051808 0.0990599998529834 0.123805249472277 0.0806213322228255 0.0888323987337509 0.0933657395722419 0.133481895849931 0.124103304178029 0.999994909650286 0.124781294476697 0.0983700215856808 0.0971588789366248 0.0639926892101335 0.132236781195141 0.0982779656062981 0.0883254249350673 0.0989580224801019 0.0940148869054179 0.0993764792976558
1 0.999999964197595 1 1 0.202699032453547 0.199183850244988 0.174202027288417 0.204404225936634 1 0.987733072242483 0.21956723647408 0.254501983659074 0.238307733937749 1 0.239770714522708 0.198246475906773 1 0.253920845440082 0.999785753764578 0.999999998615953 0.193368649385321 0.973643366285339 0.233658412521252 0.184275394381256 0.175479726091036 0.999969523909455 0.232027012014115 0.253405047967636 0.201778113676763 0.999999997074233
0.99958881142521 0.0926563419486596 0.999999999999986 1 0.117581902986842 0.0771307383152446 0.127750773581688 0.0754615601032526 0.133474049675466 0.106163063968533 0.0857802519565612 0.111362939156387 0.0902291514553006 0.0975171492811111 0.999999998260065 0.0963374075253872 0.997532934228715 0.11794473833191 0.999996356170789 0.0938351494936116 0.106856243317597 0.0796103657188002 0.0870454866945828 0.998159347163157 0.115417187359745 0.111223536393582 0.999999074767568 0.0938300533413159 0.12278613868908 0.141155708565449
0.0661115273537313 1 1 1 0.0462006726795081 0.0930867076972927 0.094457620453146 0.0929248446061219 0.999998522400813 0.0734134082000246 0.999999999984263 0.114888331645763 0.0957844973333519 0.0678647622955295 0.999999769410914 1 0.0718080091640068 0.0958717552087441 1 0.0676934439222853 0.0535175966015935 0.106928021467639 0.109960108896545 0.070659100369068 0.0497828176617807 0.996775988282169 1 0.071241384595093 0.0646268246327015 0.0635349929492084
0.27286457125233 1 1 1 0.127199517864878 0.22989528163193 0.228787829504462 0.179947457784569 1 0.152966558903506 1 0.158308993494578 0.202283661572708 1 0.210148941319756 0.209440735151333 0.0926448540985327 0.183029264214966 0.318351455640155 0.251351400077737 0.148420165112129 0.242790818004129 0.225133705361783 0.313952795588982 0.212942689280661 0.123422097266398 0.215733149513509 0.173596992217384 0.304880604587421 0.139597057948382
0.999998711966043 0.293477634591267 0.194342570237279 0.188867798121785 0.999999997111239 0.183962906476924 1 0.151693415479985 0.208822427902156 0.176336609460392 0.128574409611756 0.21347034371246 0.212062065158326 0.20880301195512 0.214095264805975 0.225893199848654 0.218092309623974 1 0.173740209054602 0.196042895741773 0.204706511093393 0.207210186260049 0.174315915814112 0.167158620088937 0.293762204151432 0.189855624625489 0.136426845197868 0.156505323137716 0.158965495801277 0.185359695427762
0.121162614574472 0.193483089082591 1 1 0.181224503123957 1 0.195310162908732 0.206363651768861 0.133877840985334 0.07257652939784 0.137923329618874 0.149328118590223 0.135904397515807 0.198474261103881 0.110594626276149 0.225827761708972 0.10867947006173 0.204879521577698 0.171904287257963 0.0855061664886355 0.161907779960721 0.193488100742974 0.226895608813453 0.101665191909925 0.17281142100296 0.133005210632751 0.178049874881917 0.124509087770941 0.150864621010429 0.11958116471233
1 1 1 1 0.175911196237326 0.158760403136748 0.130953518078133 0.144111382900249 0.999999998374544 0.15211358782145 0.147543189818525 1 0.16265327334922 0.219770373640495 0.999081533297342 0.169948414751063 0.172998065500468 0.11160383309756 0.135781561042429 0.17768832805042 0.134301037412861 0.179230600624966 0.214018143046331 0.191028504478629 0.161152406242048 0.138334533098977 0.153530600019495 0.154581646845095 0.129806178967177 0.153017285520181
1 0.99999922421776 1 1 0.269701224846707 1 1 0.214717922814838 0.229833826314549 0.291050671471718 0.144715416045163 0.160056732892191 0.193435630173087 0.232374271405743 1 0.207064450454688 0.203000368526193 0.182189628681325 0.99999999999801 0.339847389763757 0.281712496354474 0.243669763522487 0.177101252664266 0.161176479121715 0.162526764683005 0.266201008396053 0.322361272111677 0.207320387275267 0.187926869891507 1
0.123498994695759 0.11890069902891 1 1 1 0.110117854838674 0.10444571741244 0.130509553007843 0.12340164155055 0.0849828957347302 0.124485871533969 1 0.123700147293518 0.121158042908108 0.141768395730273 0.0984481545489878 0.0870479304904712 0.106434480399774 0.0976085182649115 0.0782231969543712 0.109814984256331 0.0940653499481223 0.113434402049802 0.143093433182278 0.0948190005073136 0.107173233466522 0.139732698275138 0.118834941719021 0.0949827792525842 0.99999999966065
1 0.193401031956819 1 0.195440907334391 1 0.209333330276174 0.167235544098219 0.110243280648394 0.195848206239452 0.137843731659752 0.141843882620677 0.18991272254341 0.110684622916734 0.166577309277714 0.106413615636545 0.161474548927687 0.0885463166560885 0.191398341715499 0.181327477113082 0.153747060444683 0.137804690263377 0.130229062889755 0.999999999999995 0.148446496387498 0.133010548667321 0.128922472404642 0.203084768221829 1 0.13950830959161 0.153098519469638
1 0.313910240647779 1 0.182054786540272 1 0.270879754833038 0.224436139373066 0.147610353315689 0.999999999999991 0.189163664642856 1 0.206220330157694 0.21332605104052 0.246654197450286 1 0.251971134131898 0.999999999999999 0.126907972474762 0.999999999999967 0.256519945683941 0.178624648412387 0.205329092626347 0.177474697253696 0.167015596952113 0.152078715924921 0.247061755684789 1 0.229575493690396 0.266901853385353 0.997540545940297
1 0.421269480244022 0.319611169312201 1 0.510357828984936 0.300437976588827 0.191914922607955 1 0.221826774369436 0.242200207012494 0.224737819485772 0.186563517402372 0.25651655715972 0.221317156580629 0.210150452473805 0.259514932496893 0.284867345248862 0.366337228798905 0.267730621898613 0.239018512766532 0.318839550402177 0.260028164194051 0.31504354244193 0.229191458555977 0.264065285339075 0.193552488775891 0.253358514140421 0.249933533207254 0.275927342477383 0.272424987941456
0.999970921551779 1 1 1 1 0.211084593258327 0.999999999999997 0.247983070534541 0.17744063372388 1 0.2354827066791 1 0.269588529020139 0.242821959998596 0.173630370561303 0.269833038278184 0.999999999950381 0.205415498218898 0.226480078558993 0.231060852545828 0.247022231688532 0.183529769867775 0.212349725096954 0.290536649154067 0.238183358014369 0.229752324806993 0.210528214820486 0.203047806543412 0.998827704309392 0.225446484361701
0.999969010362405 1 1 1 0.0635796418277514 0.0985110371329603 0.122983951438173 0.99995440552519 0.0905847173556319 0.0601279870693411 0.0820357478302853 0.0594013695565965 0.106424904841951 0.998662250204267 0.0464866776464364 0.081813049099505 0.0822284029204917 0.998932713051265 0.0355118086955482 0.0598015483746991 0.0669598877322146 0.0836542084876096 0.0720387052276933 0.0775428140722941 0.0861671725674796 0.0500056160346197 0.068695562859872 0.0779090585038164 0.0705092552407458 0.0762707394029654
1 0.180129360494745 1 1 0.151405189828935 0.999999969098694 0.999999999960782 0.199703690603602 0.153763057083566 0.18408587301313 0.14651816269538 0.132131905086569 0.147175210680657 0.198321429626744 0.172082238581686 0.139496467503459 0.167738744431052 0.128156698700342 0.999994212078116 0.193131950519264 0.167016973145366 0.947577891500146 0.149838780168487 0.112990712352343 0.100698321065463 0.112358674351066 0.999999999999759 0.194565442601943 0.181938879845702 0.173157130573565
0.999826462649937 1 0.147775654457787 1 0.130409618385363 1 0.136658356024607 0.999999510284915 0.150875960309277 0.999999983307084 0.143292932466954 0.133485238911941 0.165359758966707 0.131308000528111 0.157883969750595 0.109531962469899 0.141175138837927 0.999999940252659 0.191913972044102 1 0.102034543212091 1 0.191242630783026 0.117629146695912 0.104160869737078 0.101722248825944 0.13563548584808 0.0922756793425185 0.0820023262306788 0.128947051777592
0.999813707107397 0.9999999999977 1 1 0.0863306405594867 0.089196568789887 0.127839517659665 0.103810634734311 0.0739139040011392 0.0696064381371814 0.0888481921933463 0.0892006685372191 0.0710943393899058 0.0749985384869986 0.119533586617957 0.157770642118715 1 0.0935986231116228 0.0854563653765785 0.110561905639064 0.104150057333604 0.0585060791394586 0.996860945467064 0.0685106868919089 0.0796868259085316 0.999999992464853 0.0818998400710188 0.0620450689944183 0.108921989295174 0.0990199667081341
1 1 0.99999999999953 1 0.109337229712948 0.0871846199235778 0.0789612888691059 0.0693283781964762 0.0634086351847665 0.0921829268926017 0.117932509617225 0.0869208457272417 0.0371225425489009 0.0854932628152257 0.0389422191034507 0.100263035035462 0.0779217614740738 0.109240996510428 0.0443994626244865 0.0736926415562452 0.123923632383698 0.0749937617659139 0.0828158065608142 0.0896477754994554 0.079874818123995 0.113605714302323 0.0842489179173065 0.102521077543898 0.999520109011191 0.0947663199849984
0.142854072043821 0.150519796940142 1 1 0.0876029715501035 0.999396651414587 0.146126124066633 0.13419905396184 0.14541365179615 0.118295731887335 0.163138370087218 0.11079573276387 0.999603913556854 0.0994423896476844 0.999999999888077 1 0.115558983852007 0.994876795800305 0.999999997848778 0.10890757211546 0.0833017455917237 0.130374795833389 0.110425141658599 0.133737816578954 0.0906064604909316 0.089439358077428 0.11616352246138 0.0787201458752416 0.0881825102852795 0.146725837444199
0.997119819273698 1 1 1 0.954249834852959 0.993852743574723 0.0704723855315291 0.0766003918077577 0.116014297486967 0.096158145143868 0.120281466975891 0.117862239247681 0.096758492878774 0.0937226834457516 0.0888703305023349 0.0782015162566432 0.083661726111277 0.0756266628402018 0.0694233226146421 0.0769805988603567 0.0852640167446254 0.130365519638997 0.105971340082573 0.112310820514105 0.999999999999149 0.108936627172176 0.0744443752233225 0.0780576162117932 1 0.999999999970291
0.166891067591764 1 1 1 1 0.100267859137396 0.139997571485162 0.105643316032152 1 0.165246564010148 0.184466109912797 0.220696438379091 0.160387036966224 0.15426107948035 0.178616061838017 0.145355107937496 0.169378377860003 0.177145084781263 0.172781165692547 0.14000985833199 0.210324421193844 0.173318054605325 0.158186620027929 0.999999589146835 0.129778378024063 0.172836261052865 0.164105273480748 0.0656010079574627 0.0673365068797487 0.179490988562746
0.0744286931736083 0.999999999982701 1 1 0.0985821335308039 0.0733638964053008 0.999999999712461 0.105143377300652 0.0657509739943088 0.0751275782725782 0.0755058594674831 0.0925181852332887 0.0847013621967712 0.101425020970276 1 0.0827751948829193 0.0774898098099327 0.0963534572204799 0.0651664834022433 0.0583615594586286 0.0827740765029304 0.0783372377975853 0.0874085723584815 0.0691787677081374 0.0823996434845214 0.135189938630917 0.0900171842760148 0.0753967596626162 0.0949617056746066 0.096324594943087
0.999999999963957 0.999999758934026 1 1 1 0.126977414287013 0.20460013236733 0.122337611059043 0.130503458236468 0.106270234668567 0.243884461939763 0.176455084721155 0.173788505477181 0.143061260299153 0.146898712763918 0.167523139075738 0.999999999963151 0.185009723091864 1 0.164020759283484 0.168786803580131 0.104060480629701 0.125233221428151 0.0965935120420784 0.147557490623338 0.16040343338999 0.139269704496489 0.121353186960758 0.114638979491144 0.180695994750074
0.981721902838194 0.129830420995111 1 1 0.147671322255535 1 0.115787093615335 0.999999999622625 0.999260659007107 0.114090928277889 1 0.162834832818037 0.0788214632566627 0.140095903692425 0.107209029547352 0.207677760106703 0.135769087935786 0.146135525087028 0.168700420701261 0.134349764586742 0.157644351029573 0.10518544467631 0.119380806991954 0.208331970506322 0.179173074525458 0.13904831255495 0.115280473414094 0.157400858388691 0.176559543838956 0.154924953276179
0.104298794796054 0.0889525859970689 1 1 1 0.999972491649233 0.133556545155242 1 0.0887346693818186 0.0917162563722252 0.101131678110241 0.101777227966159 0.0870376301468887 1 0.107913692294238 0.047929317914714 0.0934941385692227 0.781576997223741 0.159167127254474 0.0843020635845061 0.0786119624389523 0.0759597819444616 0.111602229850991 0.999999999932945 0.0965168641974432 1 0.0563570658261369 1 0.0878780199239194 0.143650164192459
0.203949109474773 1 1 1 0.165632421111055 0.178327891013151 0.176673910722419 0.191462760628502 0.119560489201997 0.119590292679992 0.183852085606667 0.148743519075544 0.145138203646775 1 0.179314769204393 0.17425803186216 0.225600442502057 0.99999999998605 1 0.143479231409494 1 0.196412174544361 0.163321598828994 0.127440974351231 0.999999999999559 0.0893509528210313 0.111177890108318 0.999994628621908 0.178735880496229 0.109118503964006
1 0.225985633432856 1 1 0.156283700530976 0.108797930644809 0.999971396882769 0.20949425312166 0.219840809999263 0.331648209654247 0.139638983439261 0.122554606551272 0.999999999520033 0.194040423725835 0.216950902740655 0.140099991126464 0.195599472328197 0.203841589477146 0.120700686670945 0.269333659187586 0.148782042149076 0.196305436474002 0.187614770134333 0.169720196829042 0.221308209292269 1 0.166991589617959 0.223492819222239 0.184329988243417 0.194973259201015
1 0.216752961039667 1 1 0.264883597280619 0.388334736780559 0.313143658447688 0.114885261958124 0.35047253086476 0.312931578438116 0.249091725852696 0.190933646676406 0.295005408981173 0.164334192332507 0.282368141091137 0.278848593329812 0.262632283370636 0.239370370098998 0.242658555391686 0.342252966850758 1 0.310160505388037 0.213341211265613 0.224941502383975 0.330830460056098 0.311930673177475 0.330656354733518 0.993967582845036 0.378454183078694 0.226195070051336
1 1 1 0.22296909387445 0.122757784491281 0.999670890486789 0.214450229231234 1 0.181207374367753 1 1 0.217527811144996 1 0.177615372199161 0.19289218487435 0.173246473015932 0.235158796551047 0.245580956952221 0.289484230779398 0.227906165738733 0.999659968051374 0.227313108616353 0.99998557069298 0.166747095586269 0.192382496667226 0.26284977935037 0.21110960822753 0.181474363359291 0.226344944355722 0.181600928441559
0.161126827279542 1 1 1 0.19212504018174 0.132736193123313 0.182856928607775 0.17934171424704 0.114465194570031 0.187582217542711 0.195716701757644 0.159507207388525 0.131329433153107 0.999999999999996 0.133564887371898 0.124945364836108 1 0.161566397722813 0.10410322141 0.117236205981111 0.204569079338461 0.100645830427128 0.112408257348172 0.176904025691125 0.173503237099458 0.161021682037412 0.177588685004937 1 0.229374572201601 0.141915416086818
0.084176631712242 1 0.0926792612417001 1 0.134426419089784 0.999999998488047 0.0928513081711458 0.176084859590734 0.114943381905542 1 1 0.154917685975798 0.120234262723017 0.0989960975600073 0.122606060000298 0.100307538532684 0.999458392727972 1 0.120883569307467 0.0985452087817519 0.0952008679068278 0.119276215941735 0.157669214213598 0.126741976710253 0.11227321914121 0.999999999941589 0.0831427638131257 0.214448266955904 1 0.117526891181172
1 1 0.999999999996394 1 0.0373255920006256 0.0807416355448172 0.0671869147049849 0.06453617406197 0.999999999600616 0.0806535515357824 0.0754441054014073 0.0556692610326852 0.964550673181418 0.0643619649030103 0.0557623684544072 0.032190850878969 0.0865413715020226 0.0838630585834382 0.993776079813306 0.0627041237483076 0.0682316511248929 0.999522426739383 0.0600067608717335 0.0765608885646718 0.0624557394992284 0.999999999999626 0.0819731473616859 0.0708062905146017 0.0565650361287905 0.0498989197108385
1 1 1 1 0.312486710672424 0.992278699387886 0.999999998295353 0.101439907624598 0.0544143500903947 0.0611471762696245 0.0828129230191326 0.124130998522911 0.0307746683408641 0.115225543308541 0.122465418793582 0.157742774715115 0.11287514752893 0.9999999945603 0.119130503218405 0.0879937772545771 0.2315872915214 0.080910033565941 0.095047285319065 0.108054408107943 0.0891321698004971 0.125543518307175 0.0735561354068776 0.0841871758843765 1 0.0600610235414746
1 0.999999999999989 1 1 0.0713413137519753 0.0580482551783742 1 0.0775466565863894 0.069464921939274 0.0575268276362094 0.119667731214311 0.0957667266295981 0.0955410067154581 0.119734564629973 0.111607176142749 0.999999999999074 0.0684959194663216 0.0778404859719281 0.0766588328997352 0.109024173703653 0.0886682942382188 0.0878387179673631 0.110886393771027 0.0925526951505585 0.106990776100515 0.0707952049788343 0.0603780013728415 0.0967202104101553 0.114540315040384 1
0.999972715546216 0.18589910749714 0.99999998506191 1 0.192121477843592 1 0.140494048282482 0.186438132382059 0.192699824616597 1 0.187735694029715 0.237799309448576 0.129374745116252 0.14226943808644 0.174885510571751 0.154500795673448 0.199758664919638 0.186172475463695 0.125000690741781 0.164094863896495 0.17614237947669 0.15462809639492 0.163512578461643 0.151481424305799 0.137575230386921 0.22775950530865 0.197512321650956 0.189769479887111 0.187463081484918 0.185635081037847
0.999999999999947 1 1 1 0.197016251758593 0.124478279681511 0.177452970154006 0.182177296134136 0.145132471228263 0.144577383780352 0.157476822348544 0.131810518944472 0.119723577775996 0.135549098303707 0.155444098331374 0.999999998485974 0.123370751976273 0.146984897296466 0.133311098006626 0.30501123481555 0.171574788275306 0.115942356710957 0.16112697755774 0.172466819621479 0.115085531384074 0.158680729583903 0.128466725028238 0.0936811804252116 0.109597349521345 0.999999999999926
1 1 0.99999999999964 1 0.18160174474419 0.162799609296786 0.15222257006323 0.999999999999988 0.148928313652499 0.999989066606953 0.169674495967679 0.166133829288645 0.147165670115254 1 0.185899922736108 1 0.174088085012298 0.17526516805475 0.214652213989328 0.196132701296802 0.139786856635915 0.175333289352428 0.213389672212644 0.181520752159876 0.22157634680939 0.190744544739287 0.100702557513825 0.17952854104567 0.204758184202633 0.164463555845174
1 0.999905630203889 1 1 0.167574002022115 0.117052934572297 0.999999630124012 0.161236155129532 0.164505420377238 0.143034071582667 0.152085059257904 0.168628751839314 0.129230050795267 0.182935237783289 0.150462140730702 0.138322689555068 0.143087204836178 0.136270621507113 0.184341365442062 0.201103282214136 0.999996548116607 0.999996520875256 0.147759466321777 0.127530346151981 0.145533313347679 0.151308742541123 0.156982150894068 0.208061835928289 0.0870381785996508 0.999999999907698
1 1 1 1 0.206904581164812 0.148158074042039 1 0.999827171760388 0.191576812148382 0.177981837011431 0.118659237563058 0.126004424411162 1 0.160162116825373 0.20143405391349 0.147969207426292 0.124429157908807 0.194851030764597 0.116283075271872 0.999607618860186 0.188755444926119 0.149413202444743 0.0891323270765766 0.126937720212802 0.190694300768005 0.142009105582692 0.159813905236598 0.143848167558236 1 0.123657067762275
0.0975371984888854 0.150410002858815 1 0.998138905122015 0.133358903802682 0.999997092709487 0.927370349964248 0.999999999924876 0.166564572475721 0.196237287700149 0.126559777643014 0.144526354843991 0.131749867020077 0.130562467960147 0.159931065594085 0.18319806242408 0.141058807316386 0.101927344456355 0.132512541095041 1 0.223124789528458 0.135367608873815 0.131465722315153 0.195380926541142 0.122081383999961 0.132105422118605 0.152112634548489 0.218722809925487 0.18170226446037 0.157725774793385
0.139889734975698 0.999999881097367 1 1 0.1002158706467 1 0.106255647883399 0.0880163318189447 0.0546799926231326 0.0638525778518951 0.0947291805428853 0.065888021739399 0.063718612350091 0.0756062864043339 0.083499783830789 0.0734415972964666 0.106683893134076 0.100979472643228 0.0765949205497263 0.107508945619546 0.0727526710720504 0.0599253416972129 0.0714492257287219 0.0919204279823762 0.0779982694294872 0.0950642711028612 1 0.0414098675154491 0.0909428910435097 0.0461386599801786
1 0.999326168384107 0.999999999999884 1 0.140701639949354 1 0.177638085256892 0.207299908814374 0.104907002610303 0.906060138019855 1 0.999998796929324 0.143263254272848 0.117905645067536 0.10043346671833 0.127322710964866 0.140579949398622 0.127069163136048 1 0.159985630744897 0.241665365323611 0.200475057996736 0.158429620688415 0.12400538899402 0.127999781971686 0.251673114675271 0.163834783640854 0.154773274787697 0.147547813934942 0.136245779288325
1 0.999999999997823 0.999999999998299 1 0.160508723312123 1 1 0.185681678503748 0.164447137252527 0.156687552032213 0.156059170445533 0.211109574805777 0.09807895885113 0.147167229428944 0.107628654926319 0.182634268055183 0.146112014085887 0.173610625225092 0.978282041147935 0.223723965178162 0.204605243757292 0.1992864634437 0.176329098680075 0.999049596426068 0.192890652562995 0.998650363715518 0.180806668912557 0.175361357513673 0.998181457343265 0.999915413320236
1 1 1 1 0.12203573948124 0.125420745577237 0.135888540793453 0.150044268515321 0.110270939477442 0.111254461742327 0.0924720970878549 0.999456332763766 0.160084510499707 1 0.999997871453128 0.121346355658106 0.0941353470825179 0.109259978430578 0.123434165105881 0.106666490765736 0.140020625113408 0.0873524844327738 0.100827545403661 0.138328882437142 1 0.115327242784546 0.125459595604771 1 0.0963511471597545 0.105551715929197
0.123670780564677 1 1 1 0.134565264327522 1 0.128719692827384 0.102980125771324 0.124225162470409 0.125572092934461 0.197928953291786 0.114237599030455 0.0893258707960238 0.194977099722221 0.112144771591522 0.0706208176789126 0.995628680687988 0.0938638100134418 0.103818658612542 0.132548466529242 0.099243031241751 0.144501301556895 0.123497509493741 0.999242968796101 0.0919798267594448 0.101914660939565 0.126368188996672 0.0777699388260533 0.102658817595894 0.134773477943774
0.996654621825841 1 0.173678414963315 1 1 0.226137834827164 0.207462024184152 0.181943135715603 0.992306868306055 0.219927489363744 0.196389064814347 0.162632105793854 0.214049704296537 0.156639260971485 0.206408150321525 0.158256593462454 0.212517547670694 0.21256197416766 0.135244052839431 0.194959341522071 0.256319338208178 0.25385818803954 0.241970890286709 0.221559015108984 0.213680272198294 1 0.19553638538537 0.210633810185695 0.176433917748484 0.99999999989262
0.999999999986574 1 1 1 0.998859902645088 1 0.171601374594637 0.126956589419634 0.0998920801301676 0.164476331915639 0.14607034352942 0.0905030177895562 0.152816634922548 1 0.999999963067235 0.0999584063639667 0.0980383630472113 0.11341997114585 0.99999999990781 0.0896637218805876 0.122241820601785 0.090399533613015 0.163886293936192 0.189408613647072 0.103810316611895 0.126683038100859 0.109049803040273 0.133781288825961 0.160628064570893 0.106238148552513
1 0.224789133806881 1 1 0.196791963936242 0.181114165307824 0.163934750568872 0.205489664272191 0.172701134463949 1 0.214286642675243 0.203923133094318 1 0.196867681719309 0.998458837523725 1 0.139474711875365 0.178456584648176 0.163361648135248 0.180634143528754 0.181465127425381 0.178086401594593 0.30925712560778 0.158288865306303 1 0.289050349360063 0.157408646992252 0.175146260229415 0.242346207532072 0.182655958752565
0.34836835213593 0.404914108571206 0.283503896217151 1 0.234259623607242 0.346491070079955 1 0.301823206427278 0.299342867492539 0.289874480997156 0.229883247206581 0.241270432856619 0.249201668099777 1 1 1 0.225743112309313 0.14657983432107 0.344163415542361 1 0.999753736745278 0.280324493272788 0.198638317303926 0.257909564604534 0.250660376426676 0.242623874303763 0.227240138002177 0.308900311849828 0.318712715111412 0.294476504169109
0.999999975428974 0.999999999956704 1 1 0.147675338758165 0.0996003324329645 0.120443427358066 0.999894849638392 0.151668762005412 0.177202232523854 0.0796680582974439 1 0.169263834494861 0.1413585128329 0.138854795299512 0.176491003628597 0.999995699125497 0.161841044750945 0.127533439024763 0.144866209034027 0.999982252981971 0.967385732518577 1 0.997989440954306 0.172046919080706 0.123428856270828 1 0.168500286654684 0.154449866933676 0.129015378690366
0.999994726327541 0.999999936149356 1 1 0.158688749814046 0.20453653728107 0.154183832439869 0.186180901084591 0.192241047081761 0.206125432976814 0.999999999999999 0.201176002659736 0.128824084298706 0.999999998787664 0.183138102042892 1 0.163052382053877 0.952701679007825 0.151282340292925 0.998019733621109 0.180003237566953 0.12390475065169 0.999999977219543 0.239937285908335 0.142512638289524 0.151939720065785 0.153800806944614 0.163840455920606 0.175988441396992 0.156560181104254
0.999999991501867 0.999999999993538 1 1 1 0.997319804815673 0.116573287294383 0.100907509347825 0.12614977339373 0.123964872126274 0.125032506118122 0.999559212595093 0.138867038858891 0.983199662992509 0.131451313821375 0.135614029438311 0.0904471041727537 0.999999999529502 0.0966566277149812 0.0686066983226835 0.177759880775725 0.999999999999989 0.132734364732981 0.150778104507376 0.178880092087959 0.123140707510182 0.0999534579913633 0.998837201581067 0.150148888656275 0.999999999999811
1 0.232549747890681 0.257286111561453 1 0.179489175614287 1 0.331407209855044 0.306848095074733 0.242564359270222 0.245279648742259 1 0.191920980175318 0.274283032173838 0.195290767388829 1 0.223625754175508 0.183873852933199 0.337287239121815 0.234278040995003 0.237169456904228 0.182494710791617 0.233959428773438 0.247840977455078 0.264348746586828 1 0.206738185829103 0.241362725376181 0.236361083460203 0.216912177119639 0.193336847395673
0.998623649942235 0.997062062546235 0.999959944717267 1 0.122458935889117 0.150188186633804 1 0.0914535859015543 0.172473588841253 0.126600458972699 0.0629872305991013 0.121159176136691 0.130106323643664 0.162923852849838 0.134066432935145 0.169327151602804 0.112652160723325 0.123746250585829 0.0966767760996936 0.0903037611921215 0.156569436396269 0.162231222284256 0.181590775290343 0.123961829433289 0.130929386125772 0.125780687339914 0.985289326043617 0.149833945279486 0.166171273929314 0.144360220599208
1 0.99999974565316 1 1 0.158609172770591 0.17338434384117 0.158084127929525 0.170135049602577 0.197686095624415 0.171034969144478 0.154340991082191 0.190224304745058 0.999021309057527 0.130928838125217 1 0.130996001661467 0.110424947356515 0.117825086090551 0.253207843717602 0.178428243685014 0.148612917516933 0.16468042597278 0.138532491199376 0.199209815322856 0.169033593166613 0.99999999999967 0.152595408308438 0.15585052000142 0.120380394141993 0.149513984930559
1 1 1 1 0.138215855998023 0.12546753177853 0.123114231485058 0.999999999934156 0.15049712367575 0.280980061292292 1 0.112957332948011 0.122034888301273 0.164735196451553 0.106157351130815 0.999776232828872 0.0990459989151774 0.114976388280277 0.122837787518605 0.0851054612257113 0.0897769204557096 0.99960079480034 0.0924442600354194 0.999970113113152 0.114252558738477 0.0953633584595638 0.0889773482875225 1 0.136449914254022 0.139723598986765
0.160810423408284 0.999140550023667 1 1 1 0.157034169705992 0.123799762906884 0.0954893854979991 0.126332390359704 0.169354284150872 0.0975148532034031 0.14864947421942 0.11344394285052 0.186132613018937 0.139282428903288 0.0964170036116373 0.0794853552172649 0.996905505313624 0.117604241407925 0.11559674823084 0.159226262292977 0.119303474758082 0.1262982664336 0.167410674664021 0.958213571836566 0.128432021036208 0.0941920883958763 0.119920348677998 0.161511080955137 0.0966953982739808
0.107089274255707 1 1 1 0.105110824262561 0.0973412229655131 0.080729892778287 0.100628526111477 0.110345008933003 0.0701690972868187 0.0939044842798941 0.075263542462941 0.0783648488727858 1 0.0597467212503845 0.106803699635054 0.0599822564936696 1 0.0575958043708736 0.123387642572165 0.114772330432677 0.0594845845705301 0.148702485546336 0.999999999338541 0.0696437908301308 1 0.0740882408889526 0.0914329009570277 0.0757061449616133 0.100667600540673
1 1 1 1 0.378078497761033 0.326503632254344 0.348673048094747 1 0.331428331144336 0.272871653409163 0.356472192291423 0.985912191878202 0.320117758433864 0.245316265593732 0.309590709495224 0.301220292695128 0.339366847018694 0.313609083539905 0.312409887187581 1 0.379448723943636 1 0.911913718230568 0.231243025467277 0.305161475328901 0.253544036073508 0.313290714831545 0.358033517847421 0.284340972535583 0.318242853790302
0.135194640349326 0.999999961171476 1 1 0.103683104549917 0.083535439910587 0.100921811278684 0.999999654305145 0.10285936064265 0.0835545406956224 0.102149200297103 0.994212750244111 0.0943118393438358 0.991290263562319 0.999999999886354 0.999999999999995 0.0674402084795958 0.999999934658635 0.999999999999611 0.0908085029808045 1 0.0615769234021279 0.0607809829526874 0.0715824163099037 0.0979065098782793 0.0884101032511668 0.102636623464758 0.100597972152981 0.105156808591282 0.099105995952158
1 0.136697146747556 1 1 0.156385414570507 0.134115557548923 0.0932731338801425 0.1038145210427 0.169175126191402 0.954570498718236 0.183786672228175 0.140309274650633 0.0944503230047866 0.161686561630482 0.112860812744761 0.136238814639634 0.101784833064843 0.152243724728177 0.999999999986772 0.0912681577380915 0.078359834260045 0.0965330632539984 0.184398970569084 0.0994779945026276 0.0992044870332055 0.133548668296346 0.115436502645672 0.137776599377903 0.0873630874413086 0.154959737164571
0.108705199575651 0.088237732482885 0.0933274646196846 1 1 0.0753530333370594 0.106069290668092 0.0784659842906897 0.0674750462522336 0.0715905246942392 0.0869425572941298 0.999999999106757 0.0551538566595661 0.104430099431678 0.0994003170983181 0.099139946600967 0.0728145952266618 0.0962863715178457 0.108941177414233 0.103321183426652 0.0805397916930397 0.0990125558339281 0.11963897785505 0.0439027045811408 0.105296301251699 0.106833805290081 0.065236865350443 0.0807947520881317 0.0982300326200259 0.0807863070398029
0.96197063010398 0.999999999999641 1 1 0.999882330968434 0.0523026591019565 0.0408492762772172 0.0727376687125221 0.0520671687383543 0.958928276035773 0.064698133280548 0.999999995436188 0.0410477830476945 0.76401619606602 0.999850217055021 0.109859867700043 0.0533067089058966 0.999996638812514 0.0674194666267918 0.0840922760198081 0.060347267990442 0.0550671602156829 0.0424904963554671 0.689296311886576 0.0807722014769811 1 0.0865102070851747 0.0636058153371224 0.0520148643808357 0.0516690169812469
0.254713376502945 0.14918785907448 1 1 0.138434082377713 0.143040167143361 0.995774469761918 0.088062870278424 0.999998842207961 0.125089502754001 0.136532561376663 0.119275561648311 0.147673951957931 0.105423199712811 0.301515755843935 1 0.132008309016468 0.223346002550012 0.108742465025235 0.189589137348065 0.136136190131804 0.179185980968387 0.174578466619695 0.117859259630111 0.142820289350466 0.1667357780346 0.16997356403523 0.147286934191094 0.148515906549451 0.212063238206426
1 1 1 1 0.999999986716286 0.107563248455955 0.0693720141555086 0.0886715833354479 0.0518430700010092 0.0749763606513085 0.0955624578912291 0.0990896222170975 0.0710879023794088 0.0861817553252019 0.0814802511305903 0.0921619700151498 0.998961538557808 0.0913022153345172 0.0685717854711465 0.0602187825789797 0.0821151458175262 0.0625807163939588 0.0764340167069706 0.0698432911391393 0.0585149592765073 0.999993940795246 0.0641449152363331 0.0572998909154135 0.0656480940267444 0.999999953799776
1 1 1 0.999999999999973 1 0.156357061891886 0.135058548009409 0.845203673950206 0.150306014937558 0.0807649801490334 0.0955209799383999 0.119918579017435 0.103907062326894 0.136215869423118 0.114293208306063 0.115519859501695 0.104476800072757 0.999999999834844 0.110036216445405 0.178979097969031 0.133370132052706 1 0.178258211668218 0.156496617917274 0.131876529168151 0.150038499790797 0.133676258512932 0.147244332341322 0.9999973826704 0.0909738022157141
1 0.0969026582296192 0.999999999995691 1 0.99996245906417 0.109899924695538 0.10292556111446 0.0758017728928044 0.0966285258491359 0.124182765610438 0.142414575496758 0.109553200745389 0.144136414837209 0.147458325658933 0.112785053071193 0.0946769823871966 0.108406856324759 0.124622071114496 0.107907206212004 0.106960719205534 0.184478287829288 0.101166284938243 0.138051577162769 0.126655769640154 0.115289682315185 1 0.155827354795448 0.99999999999976 0.0846085292753779 0.0810200373896834
1 0.999718485122242 0.265140849605115 1 0.999999999999997 0.203442233285772 0.200390698113684 0.171337224200719 0.267822100851057 0.170340895912245 0.146060027536522 0.247011544857716 0.203722724424928 0.184191278204363 0.190412695784537 0.226051486814879 0.199017248280034 0.999996592689845 0.999939080235757 0.141155477228101 0.223029327930368 0.165260409799165 0.260460154175964 0.16326780133162 0.12553158212016 0.188471917495586 0.172957506246502 0.256775524557797 0.189434494083664 0.185322358954982
1 0.213901677292108 1 1 0.20293012922304 0.234718382115999 0.179979480881084 0.234137442851294 0.170901089059836 0.215917600231508 0.173483371101718 0.999999998556594 1 0.215877385080793 0.162375142742412 1 0.99998067314932 0.145070395215262 0.172412386275641 0.139738265570343 0.216383370925438 0.999999999999999 0.18918518413066 0.273217202711238 0.198477252087916 0.188174511867639 0.137813994287558 0.192634251109469 0.13863636695421 0.161806271400882
1 0.135346099281017 1 1 0.153360474881058 0.182063897276462 0.18729833735248 0.20442556344976 0.197220287116375 0.135574383098703 0.161549106812054 0.180160157737734 0.171615869351854 0.178179687915686 0.145950208055958 0.186391619702817 0.155689476033628 0.123573130640222 0.214591326140613 0.0798720824257876 0.124407031749425 0.226378826281517 0.141688420450494 0.203122911164682 0.999999997984706 0.188650073379483 0.242289747573623 0.152492869718225 0.168394942274129 0.137918418275589
1 1 0.120723327758635 1 0.129725127368664 0.99885973117083 0.171183524811202 1 0.999999999999192 0.151113182402084 0.168970918003846 1 0.181873617024996 0.148539485520692 0.113666640356298 1 0.107883425060837 0.257346690999416 0.156155590917241 0.12983644698733 0.101518792606564 0.18496940145109 0.149592580421491 0.15034714963864 0.999987769188178 1 0.211559995878582 0.160090492410322 0.12233315043397 0.999967844502501
