[1] "Average PIPs: "
 [1] 0.09246446 0.18561916 0.54335351 0.78060743 0.07682740 0.08218990
 [7] 0.02715156 0.04869215 0.07269422 0.07683784 0.07365153 0.07710674
[13] 0.07231181 0.06338702 0.05797833 0.08311532 0.04319575 0.02776454
[19] 0.04312518 0.09764187 0.09214394 0.03745472 0.08295385 0.06746221
[25] 0.06251282 0.08277892 0.09196065 0.05218013 0.11248535 0.08232297
[1] "Percent of time PIP >= 0.1: "
 [1] 0.100 0.190 0.545 0.780 0.075 0.080 0.025 0.050 0.075 0.075 0.075 0.085
[13] 0.070 0.065 0.055 0.090 0.050 0.035 0.045 0.100 0.090 0.035 0.080 0.070
[25] 0.065 0.085 0.090 0.050 0.110 0.080
[1] "Percent of time PIP >= 0.5: "
 [1] 0.085 0.180 0.540 0.780 0.075 0.080 0.025 0.045 0.070 0.075 0.070 0.075
[13] 0.070 0.060 0.055 0.080 0.040 0.025 0.040 0.095 0.090 0.035 0.080 0.065
[25] 0.060 0.080 0.090 0.050 0.110 0.080
[1] "Percent of time PIP >= 0.9: "
 [1] 0.085 0.180 0.540 0.780 0.075 0.080 0.025 0.045 0.070 0.075 0.070 0.070
[13] 0.070 0.060 0.055 0.080 0.040 0.025 0.040 0.095 0.090 0.035 0.080 0.060
[25] 0.060 0.080 0.085 0.050 0.110 0.080
