[1] "Average PIPs: "
 [1] 0.30769511 0.61583103 0.88769467 0.97001894 0.15612283 0.10661379
 [7] 0.15677484 0.14042522 0.15927275 0.14994914 0.13350390 0.11811778
[13] 0.13101125 0.13920349 0.17410442 0.16040238 0.15002173 0.16070180
[19] 0.11609939 0.15347428 0.13681885 0.09853882 0.14896017 0.11172234
[25] 0.13728698 0.15858838 0.11104609 0.12389363 0.12202149 0.12400152
[1] "Percent of time PIP >= 0.1: "
 [1] 0.325 0.640 0.895 0.970 0.180 0.110 0.165 0.165 0.165 0.170 0.145 0.140
[13] 0.140 0.170 0.180 0.175 0.160 0.170 0.150 0.160 0.160 0.100 0.165 0.125
[25] 0.155 0.175 0.120 0.135 0.135 0.150
[1] "Percent of time PIP >= 0.5: "
 [1] 0.295 0.605 0.885 0.970 0.150 0.100 0.150 0.130 0.150 0.140 0.125 0.105
[13] 0.125 0.125 0.170 0.155 0.140 0.155 0.105 0.150 0.130 0.095 0.140 0.105
[25] 0.130 0.150 0.100 0.115 0.115 0.115
[1] "Percent of time PIP >= 0.9: "
 [1] 0.295 0.595 0.885 0.970 0.140 0.100 0.150 0.130 0.150 0.140 0.120 0.105
[13] 0.125 0.125 0.165 0.155 0.140 0.150 0.105 0.145 0.125 0.090 0.135 0.100
[25] 0.130 0.150 0.100 0.115 0.110 0.115
