[1] "Average PIPs: "
 [1] 1.191650e-01 7.923372e-01 9.953752e-01 1.000000e+00 5.218673e-04
 [6] 9.023181e-05 1.961105e-04 1.939896e-04 1.360852e-04 3.522478e-04
[11] 7.886841e-04 6.263413e-04 5.093781e-03 1.009371e-02 5.210178e-03
[16] 6.475307e-04 5.567571e-03 2.750131e-04 8.147296e-03 5.090331e-03
[21] 5.172482e-04 1.523434e-02 1.329909e-04 1.026479e-02 1.703477e-04
[26] 5.359098e-03 3.850261e-04 5.374799e-03 9.634860e-05 1.684720e-03
[1] "Percent of time PIP >= 0.1: "
 [1] 0.135 0.795 0.995 1.000 0.000 0.000 0.000 0.000 0.000 0.000 0.005 0.000
[13] 0.005 0.010 0.005 0.000 0.005 0.000 0.010 0.005 0.000 0.015 0.000 0.010
[25] 0.000 0.005 0.000 0.005 0.000 0.010
[1] "Percent of time PIP >= 0.5: "
 [1] 0.125 0.795 0.995 1.000 0.000 0.000 0.000 0.000 0.000 0.000 0.000 0.000
[13] 0.005 0.010 0.005 0.000 0.005 0.000 0.010 0.005 0.000 0.015 0.000 0.010
[25] 0.000 0.005 0.000 0.005 0.000 0.000
[1] "Percent of time PIP >= 0.9: "
 [1] 0.090 0.790 0.995 1.000 0.000 0.000 0.000 0.000 0.000 0.000 0.000 0.000
[13] 0.005 0.010 0.005 0.000 0.005 0.000 0.000 0.005 0.000 0.015 0.000 0.010
[25] 0.000 0.005 0.000 0.005 0.000 0.000
