[1] "Average Estimates for Betas: "
 [1]  0.0413632497  0.0934101213  0.2075317990  0.3049883132 -0.0032429250
 [6] -0.0047699844 -0.0016291325 -0.0004688971 -0.0063375611 -0.0013402485
[11] -0.0141869414 -0.0052821055  0.0067455710 -0.0061580974  0.0062855315
[16]  0.0075467592  0.0021320152 -0.0032007764  0.0017276170 -0.0019989435
[21] -0.0003256365  0.0100477679  0.0033960377 -0.0033355266  0.0112209035
[26]  0.0022205149 -0.0037292799  0.0007299360  0.0063929059  0.0068439239
[1] "Standard Deviations of Betas: "
 [1] 0.09002843 0.09502644 0.09318002 0.08245190 0.09021724 0.07889638
 [7] 0.08293643 0.09727971 0.08478542 0.09172074 0.08763187 0.08626334
[13] 0.07926292 0.08709092 0.09819608 0.08079564 0.07862749 0.09738828
[19] 0.08309278 0.07823759 0.09035737 0.09635786 0.09071995 0.09370482
[25] 0.07853207 0.08300396 0.08691578 0.08954256 0.08737249 0.09011152
[1] "Average StdErrors for Betas: "
 [1] 0.01775301 0.01763722 0.01772946 0.01761282 0.01766800 0.01743230
 [7] 0.01771925 0.01793992 0.01745028 0.01773237 0.01715964 0.01764971
[13] 0.01769450 0.01785455 0.01785229 0.01796234 0.01773955 0.01783455
[19] 0.01782963 0.01733041 0.01760793 0.01736059 0.01740888 0.01772491
[25] 0.01793774 0.01761838 0.01782281 0.01760523 0.01813158 0.01774188
[1] "Positive rate for exposures: "
 [1] 0.730 0.860 0.980 0.995 0.625 0.615 0.550 0.655 0.665 0.665 0.645 0.655
[13] 0.595 0.610 0.640 0.555 0.585 0.670 0.665 0.600 0.650 0.650 0.660 0.665
[25] 0.600 0.670 0.640 0.630 0.680 0.635
[1] "Bonferroni-corrected positive rate for exposures: "
 [1] 0.620 0.730 0.955 0.990 0.465 0.410 0.385 0.480 0.470 0.480 0.450 0.510
[13] 0.445 0.460 0.455 0.410 0.395 0.500 0.505 0.445 0.450 0.450 0.480 0.475
[25] 0.390 0.535 0.435 0.465 0.490 0.460
