[1] "Average Estimates for Betas: "
 [1]  0.0412875799  0.0934049317  0.2079681868  0.3054588578 -0.0033815235
 [6] -0.0047419165 -0.0017024909 -0.0005158571 -0.0063357547 -0.0012432597
[11] -0.0142002162 -0.0052442408  0.0067356564 -0.0063548671  0.0064065972
[16]  0.0076737847  0.0021326267 -0.0031561637  0.0017621609 -0.0021568809
[21] -0.0003478833  0.0101398250  0.0035320362 -0.0033119011  0.0113983351
[26]  0.0023538228 -0.0036494786  0.0006468629  0.0066967556  0.0068450237
[1] "Standard Deviations of Betas: "
 [1] 0.09096653 0.09588291 0.09395838 0.08351248 0.09130025 0.07948258
 [7] 0.08364249 0.09836140 0.08559017 0.09258963 0.08853298 0.08707457
[13] 0.08001959 0.08825734 0.09891939 0.08137576 0.07966704 0.09854833
[19] 0.08383951 0.07885647 0.09139752 0.09720854 0.09163801 0.09468356
[25] 0.07940207 0.08386885 0.08774942 0.09051113 0.08827567 0.09084307
[1] "Average StdErrors for Betas: "
 [1] 0.06316591 0.06279764 0.06309426 0.06268324 0.06288562 0.06200035
 [7] 0.06314644 0.06382439 0.06211025 0.06316546 0.06114463 0.06287274
[13] 0.06295629 0.06353101 0.06356545 0.06395249 0.06307688 0.06347280
[19] 0.06346203 0.06160632 0.06267517 0.06185649 0.06195564 0.06318036
[25] 0.06386030 0.06267817 0.06352869 0.06265793 0.06448644 0.06313216
[1] "Positive rate for exposures: "
 [1] 0.210 0.470 0.820 0.970 0.180 0.105 0.140 0.155 0.160 0.140 0.170 0.155
[13] 0.110 0.150 0.175 0.110 0.095 0.140 0.130 0.135 0.140 0.145 0.150 0.140
[25] 0.125 0.135 0.145 0.160 0.150 0.140
[1] "Bonferroni-corrected positive rate for exposures: "
 [1] 0.060 0.120 0.565 0.895 0.025 0.020 0.045 0.055 0.025 0.045 0.035 0.030
[13] 0.030 0.045 0.070 0.020 0.030 0.035 0.010 0.025 0.045 0.035 0.030 0.020
[25] 0.020 0.015 0.030 0.035 0.015 0.040
