[1] "Average Estimates for Betas: "
 [1]  5.004928e-02  9.844381e-02  2.009725e-01  2.990431e-01  6.800097e-04
 [6]  2.631908e-04  1.226669e-03 -5.597928e-04  3.894588e-04 -2.375456e-03
[11] -1.496773e-03 -5.636305e-04 -1.912351e-03  7.454956e-04  5.933762e-05
[16]  2.588601e-04 -4.207186e-04 -3.081798e-04  7.004187e-05  2.428659e-04
[21] -1.270046e-04  1.165115e-03 -8.089311e-04  1.009366e-03  7.217466e-04
[26] -4.033508e-04 -2.751218e-04 -5.830398e-05 -6.089679e-04  2.061876e-04
[1] "Standard Deviations of Betas: "
 [1] 0.01330862 0.01260057 0.01273508 0.01272641 0.01378739 0.01308263
 [7] 0.01332739 0.01350933 0.01480922 0.01252811 0.01235747 0.01293449
[13] 0.01440867 0.01427451 0.01220297 0.01247267 0.01202354 0.01407987
[19] 0.01330526 0.01336016 0.01297174 0.01172275 0.01289556 0.01332348
[25] 0.01293585 0.01284738 0.01286425 0.01209345 0.01248419 0.01379390
[1] "Average StdErrors for Betas: "
 [1] 0.01642965 0.01643099 0.01646551 0.01625607 0.01642728 0.01614761
 [7] 0.01632345 0.01660172 0.01611649 0.01641913 0.01585853 0.01622676
[13] 0.01629639 0.01661205 0.01658317 0.01676072 0.01639795 0.01656355
[19] 0.01653917 0.01602910 0.01622932 0.01602143 0.01610493 0.01628309
[25] 0.01662967 0.01633859 0.01643303 0.01623105 0.01675074 0.01642532
[1] "Positive rate for exposures: "
 [1] 0.890 1.000 1.000 1.000 0.030 0.020 0.005 0.025 0.040 0.015 0.035 0.020
[13] 0.035 0.020 0.010 0.020 0.010 0.025 0.015 0.005 0.005 0.010 0.035 0.020
[25] 0.015 0.010 0.015 0.010 0.015 0.035
[1] "Bonferroni-corrected positive rate for exposures: "
 [1] 0.515 0.995 1.000 1.000 0.000 0.000 0.000 0.005 0.000 0.000 0.000 0.000
[13] 0.005 0.000 0.000 0.000 0.000 0.000 0.000 0.000 0.000 0.000 0.000 0.000
[25] 0.000 0.000 0.000 0.000 0.000 0.000
