[1] "Average Estimates for Betas: "
 [1] 0.080835742 0.142357192 0.223045026 0.316073656 0.031997939 0.042451213
 [7] 0.053055755 0.028966848 0.028675951 0.024651314 0.012003084 0.048742937
[13] 0.036723573 0.057385066 0.020141450 0.044626724 0.033832594 0.033580137
[19] 0.032460139 0.042742805 0.027085063 0.025525264 0.027640835 0.034802439
[25] 0.023696547 0.005235195 0.032267939 0.018783036 0.049587171 0.025056330
[1] "Standard Deviations of Betas: "
 [1] 0.1622742 0.1650630 0.1774093 0.1783120 0.1628398 0.1549931 0.1700412
 [8] 0.1708978 0.1589584 0.1738592 0.1761010 0.1705718 0.1792459 0.1647154
[15] 0.1623138 0.1670503 0.1852802 0.1749367 0.1665680 0.1760964 0.1716686
[22] 0.1714665 0.1732429 0.1844161 0.1714907 0.1792850 0.1621555 0.1584961
[29] 0.1596933 0.1596010
[1] "Average StdErrors for Betas: "
 [1] 0.09936184 0.09991838 0.10044913 0.09935404 0.10006632 0.09935768
 [7] 0.09921905 0.09990976 0.09944552 0.10011205 0.09995829 0.09962167
[13] 0.09881451 0.09982185 0.09953821 0.10060001 0.09922853 0.10009297
[19] 0.09988790 0.09929215 0.09900423 0.09961009 0.10008645 0.09986796
[25] 0.10088986 0.09907265 0.09910193 0.09955903 0.09898293 0.09963890
[1] "Positive rate for exposures: "
 [1] 0.320 0.380 0.570 0.755 0.250 0.245 0.285 0.260 0.230 0.255 0.255 0.260
[13] 0.275 0.285 0.220 0.245 0.295 0.250 0.245 0.275 0.260 0.295 0.290 0.260
[25] 0.260 0.250 0.265 0.195 0.270 0.215
[1] "Bonferroni-corrected positive rate for exposures: "
 [1] 0.080 0.145 0.305 0.490 0.060 0.030 0.070 0.075 0.045 0.060 0.080 0.065
[13] 0.095 0.050 0.045 0.070 0.090 0.085 0.070 0.075 0.060 0.060 0.060 0.070
[25] 0.070 0.070 0.040 0.035 0.050 0.045
