[1] "Average Estimates for Betas: "
 [1]  0.0246551800  0.0752296756  0.1454186539  0.2351500704 -0.0181839766
 [6] -0.0070755511 -0.0007947775 -0.0211759524 -0.0255601562 -0.0210496842
[11] -0.0371749367 -0.0041005828 -0.0137854944  0.0043184629 -0.0335660367
[16] -0.0044689494 -0.0144562529 -0.0159306861 -0.0183306673 -0.0155159704
[21] -0.0235942380 -0.0273552099 -0.0188155336 -0.0141071914 -0.0216255725
[26] -0.0396416410 -0.0216790432 -0.0359545444 -0.0046761908 -0.0233435207
[1] "Standard Deviations of Betas: "
 [1] 0.1204020 0.1215103 0.1271566 0.1367640 0.1161835 0.1190754 0.1341783
 [8] 0.1227549 0.1158719 0.1164427 0.1267113 0.1269344 0.1268501 0.1218688
[15] 0.1178615 0.1259804 0.1273513 0.1201756 0.1230920 0.1242159 0.1286892
[22] 0.1287830 0.1200039 0.1279908 0.1179082 0.1343262 0.1144167 0.1247707
[29] 0.1169373 0.1180081
[1] "Average StdErrors for Betas: "
 [1] 0.01271276 0.01273467 0.01279666 0.01271231 0.01280730 0.01267276
 [7] 0.01274024 0.01282379 0.01280495 0.01283842 0.01273921 0.01277530
[13] 0.01266633 0.01286468 0.01276888 0.01275173 0.01260179 0.01271155
[19] 0.01271887 0.01268133 0.01268890 0.01280784 0.01268820 0.01270249
[25] 0.01286076 0.01272544 0.01270174 0.01272706 0.01278914 0.01283002
[1] "Positive rate for exposures: "
 [1] 0.865 0.885 0.910 0.970 0.870 0.880 0.850 0.875 0.860 0.845 0.850 0.855
[13] 0.840 0.875 0.850 0.850 0.890 0.845 0.815 0.780 0.860 0.865 0.850 0.870
[25] 0.865 0.835 0.805 0.840 0.870 0.835
[1] "Bonferroni-corrected positive rate for exposures: "
 [1] 0.755 0.830 0.890 0.950 0.760 0.760 0.775 0.780 0.770 0.725 0.785 0.745
[13] 0.735 0.795 0.780 0.790 0.775 0.730 0.735 0.730 0.790 0.765 0.730 0.765
[25] 0.790 0.730 0.740 0.765 0.750 0.765
