[1] "Average Estimates for Betas: "
 [1] 0.077655217 0.140960193 0.222148493 0.324224355 0.034138375 0.042238680
 [7] 0.046807288 0.031728616 0.026385912 0.029800370 0.011392200 0.047949043
[13] 0.034601484 0.058210834 0.018778804 0.049377655 0.038493630 0.034355718
[19] 0.034148419 0.039067836 0.025180455 0.021308042 0.030580168 0.038624766
[25] 0.029029663 0.009938927 0.026114548 0.015118194 0.051916703 0.028196625
[1] "Standard Deviations of Betas: "
 [1] 0.1306598 0.1284935 0.1288188 0.1298945 0.1257314 0.1234577 0.1385826
 [8] 0.1255387 0.1264024 0.1196149 0.1315796 0.1281787 0.1297695 0.1282606
[15] 0.1173125 0.1309913 0.1327141 0.1277042 0.1305197 0.1334178 0.1344035
[22] 0.1343910 0.1260977 0.1357153 0.1240153 0.1378457 0.1180960 0.1289412
[29] 0.1186004 0.1281931
[1] "Average StdErrors for Betas: "
 [1] 0.1224212 0.1221454 0.1221170 0.1215817 0.1218925 0.1210917 0.1210585
 [8] 0.1219471 0.1213876 0.1224301 0.1216643 0.1210381 0.1204533 0.1219355
[15] 0.1212180 0.1220246 0.1207047 0.1216534 0.1212053 0.1209416 0.1211242
[22] 0.1209658 0.1215476 0.1212221 0.1222744 0.1210479 0.1202302 0.1208467
[29] 0.1212259 0.1215015
[1] "Positive rate for exposures: "
 [1] 0.095 0.205 0.420 0.730 0.070 0.060 0.110 0.055 0.065 0.040 0.055 0.075
[13] 0.085 0.085 0.065 0.080 0.070 0.070 0.085 0.070 0.085 0.085 0.080 0.105
[25] 0.060 0.080 0.035 0.070 0.060 0.070
[1] "Bonferroni-corrected positive rate for exposures: "
 [1] 0.000 0.015 0.095 0.340 0.010 0.000 0.010 0.005 0.005 0.000 0.000 0.005
[13] 0.000 0.005 0.000 0.000 0.000 0.000 0.000 0.015 0.005 0.000 0.000 0.015
[25] 0.000 0.010 0.000 0.010 0.000 0.005
