[1] "Average Estimates for Betas: "
 [1] 0.081664970 0.135365310 0.207743655 0.320685232 0.036421596 0.040607424
 [7] 0.054796847 0.036820279 0.034656755 0.018581114 0.013934434 0.054297179
[13] 0.035490057 0.052693766 0.026703488 0.046668999 0.034512140 0.030239641
[19] 0.029861555 0.045480649 0.028252578 0.018385864 0.030516871 0.049641371
[25] 0.015766839 0.007318596 0.034799787 0.016200805 0.042316404 0.027116686
[1] "Standard Deviations of Betas: "
 [1] 0.1662612 0.1804859 0.1794328 0.1755683 0.1620079 0.1622121 0.1849478
 [8] 0.1705510 0.1658528 0.1657689 0.1691847 0.1825000 0.1783359 0.1639619
[15] 0.1621654 0.1637724 0.1729108 0.1746179 0.1710610 0.1847701 0.1667739
[22] 0.1673719 0.1711786 0.1776341 0.1665723 0.1870694 0.1613077 0.1714924
[29] 0.1664167 0.1764748
[1] "Average StdErrors for Betas: "
 [1] 0.1446500 0.1459457 0.1461831 0.1443621 0.1459613 0.1446419 0.1447003
 [8] 0.1456088 0.1452434 0.1460139 0.1453841 0.1448115 0.1439503 0.1458701
[15] 0.1449156 0.1463415 0.1443585 0.1451134 0.1451335 0.1446739 0.1443181
[22] 0.1448148 0.1454797 0.1454882 0.1461444 0.1445288 0.1444584 0.1445493
[29] 0.1450131 0.1456726
[1] "Positive rate for exposures: "
 [1] 0.130 0.200 0.325 0.565 0.115 0.095 0.145 0.115 0.095 0.070 0.085 0.190
[13] 0.115 0.095 0.075 0.060 0.115 0.105 0.130 0.105 0.120 0.100 0.105 0.105
[25] 0.085 0.120 0.060 0.080 0.085 0.100
[1] "Bonferroni-corrected positive rate for exposures: "
 [1] 0.010 0.020 0.050 0.225 0.005 0.000 0.005 0.015 0.000 0.005 0.000 0.000
[13] 0.010 0.000 0.000 0.005 0.000 0.020 0.005 0.010 0.000 0.000 0.005 0.015
[25] 0.000 0.015 0.000 0.005 0.000 0.000
