[1] "Average Estimates for Betas: "
 [1] 0.080463412 0.139889345 0.223414775 0.322838580 0.034935543 0.042076020
 [7] 0.045643892 0.032582544 0.026983076 0.030404518 0.012540225 0.048867953
[13] 0.035125582 0.057168445 0.018306321 0.047856206 0.039423999 0.032548762
[19] 0.031664981 0.038990074 0.024575185 0.023092279 0.030932310 0.039151430
[25] 0.030887179 0.009784094 0.027163615 0.014525926 0.050758198 0.025245404
[1] "Standard Deviations of Betas: "
 [1] 0.1271171 0.1274948 0.1277498 0.1271503 0.1204891 0.1223310 0.1374301
 [8] 0.1250089 0.1222851 0.1183758 0.1279607 0.1283130 0.1293438 0.1261649
[15] 0.1178095 0.1290722 0.1318467 0.1264448 0.1288460 0.1298549 0.1361294
[22] 0.1357623 0.1262274 0.1324264 0.1206393 0.1370474 0.1159829 0.1263877
[29] 0.1190543 0.1260404
[1] "Average StdErrors for Betas: "
 [1] 0.01233417 0.01238552 0.01243816 0.01234468 0.01237898 0.01231698
 [7] 0.01231646 0.01236579 0.01235019 0.01245098 0.01235096 0.01230281
[13] 0.01226203 0.01238770 0.01234487 0.01241112 0.01226794 0.01235781
[19] 0.01233809 0.01227923 0.01232347 0.01229509 0.01234577 0.01233746
[25] 0.01243598 0.01229674 0.01223362 0.01227011 0.01230196 0.01237002
[1] "Positive rate for exposures: "
 [1] 0.885 0.920 0.960 0.995 0.865 0.860 0.880 0.865 0.860 0.850 0.830 0.850
[13] 0.855 0.860 0.800 0.860 0.880 0.830 0.830 0.875 0.800 0.845 0.860 0.815
[25] 0.810 0.860 0.820 0.830 0.865 0.885
[1] "Bonferroni-corrected positive rate for exposures: "
 [1] 0.820 0.860 0.950 0.990 0.770 0.780 0.820 0.770 0.750 0.770 0.770 0.775
[13] 0.725 0.790 0.685 0.805 0.825 0.750 0.775 0.785 0.705 0.755 0.735 0.750
[25] 0.735 0.755 0.720 0.730 0.780 0.800
