[1] "Average Estimates for Betas: "
 [1] 0.080118010 0.139449451 0.223032989 0.323724361 0.034586486 0.042143090
 [7] 0.046455321 0.031979014 0.027414187 0.030185203 0.012401248 0.048087925
[13] 0.034412183 0.057908619 0.017331979 0.048363849 0.039154520 0.033315249
[19] 0.031918011 0.038796664 0.025173379 0.023070848 0.031083644 0.039364573
[25] 0.030050757 0.009999884 0.027292288 0.014985346 0.051011142 0.025246395
[1] "Standard Deviations of Betas: "
 [1] 0.1271909 0.1278386 0.1291627 0.1283811 0.1218254 0.1230753 0.1381407
 [8] 0.1257227 0.1224957 0.1193487 0.1290565 0.1283770 0.1293497 0.1265888
[15] 0.1180809 0.1304547 0.1321930 0.1271076 0.1287062 0.1307391 0.1362096
[22] 0.1361269 0.1267428 0.1335691 0.1218787 0.1382077 0.1162187 0.1271189
[29] 0.1195869 0.1273306
[1] "Average StdErrors for Betas: "
 [1] 0.1205237 0.1210769 0.1213613 0.1205735 0.1208713 0.1202860 0.1203406
 [8] 0.1207801 0.1206268 0.1215136 0.1206403 0.1202246 0.1196833 0.1210073
[15] 0.1205896 0.1211894 0.1198550 0.1207806 0.1204694 0.1200709 0.1202665
[22] 0.1200611 0.1206662 0.1205447 0.1214419 0.1201487 0.1195241 0.1198629
[29] 0.1202927 0.1207972
[1] "Positive rate for exposures: "
 [1] 0.090 0.200 0.445 0.720 0.080 0.090 0.110 0.060 0.065 0.040 0.060 0.085
[13] 0.085 0.070 0.065 0.095 0.085 0.070 0.085 0.065 0.100 0.090 0.085 0.110
[25] 0.065 0.080 0.040 0.055 0.065 0.070
[1] "Bonferroni-corrected positive rate for exposures: "
 [1] 0.005 0.025 0.100 0.330 0.005 0.000 0.000 0.005 0.005 0.000 0.000 0.005
[13] 0.000 0.005 0.000 0.000 0.000 0.000 0.000 0.005 0.010 0.000 0.000 0.015
[25] 0.000 0.010 0.000 0.010 0.000 0.005
