[1] "Average Estimates for Betas: "
 [1]  0.0502723477  0.1009521536  0.2001717754  0.3009823233  0.0012677223
 [6]  0.0010965914  0.0005225242 -0.0002673802 -0.0004659368  0.0007682416
[11]  0.0006091285 -0.0003260963  0.0009661810  0.0019694970  0.0009282775
[16]  0.0003507683  0.0005952261  0.0015668629 -0.0007605228  0.0002795714
[21]  0.0015721895  0.0016496033  0.0008909921  0.0003095529  0.0020066095
[26]  0.0003761915  0.0018142359  0.0009180964  0.0009937209  0.0013034440
[1] "Standard Deviations of Betas: "
 [1] 0.01316374 0.01275330 0.01238548 0.01207584 0.01194683 0.01255078
 [7] 0.01147544 0.01248949 0.01285010 0.01216705 0.01290975 0.01266935
[13] 0.01239157 0.01177584 0.01286356 0.01207523 0.01201817 0.01332357
[19] 0.01242741 0.01237057 0.01235810 0.01177209 0.01302852 0.01251738
[25] 0.01203604 0.01204819 0.01210619 0.01250919 0.01201536 0.01369373
[1] "Average StdErrors for Betas: "
 [1] 0.01229585 0.01232448 0.01236028 0.01233310 0.01234973 0.01232932
 [7] 0.01233268 0.01237380 0.01233573 0.01236818 0.01231233 0.01227769
[13] 0.01225081 0.01231495 0.01233258 0.01236734 0.01219552 0.01229988
[19] 0.01235219 0.01227295 0.01230509 0.01234269 0.01229800 0.01228318
[25] 0.01238084 0.01227264 0.01226005 0.01223854 0.01225484 0.01233897
[1] "Positive rate for exposures: "
 [1] 0.965 1.000 1.000 1.000 0.045 0.055 0.025 0.055 0.055 0.030 0.065 0.065
[13] 0.050 0.020 0.065 0.055 0.035 0.065 0.040 0.065 0.045 0.020 0.095 0.050
[25] 0.040 0.045 0.050 0.045 0.060 0.075
[1] "Bonferroni-corrected positive rate for exposures: "
 [1] 0.800 1.000 1.000 1.000 0.000 0.000 0.000 0.005 0.005 0.000 0.005 0.005
[13] 0.010 0.005 0.005 0.000 0.000 0.005 0.000 0.000 0.010 0.000 0.005 0.000
[25] 0.000 0.000 0.000 0.000 0.000 0.005
