[1] "Average Estimates for Betas: "
 [1]  5.017019e-02  9.840971e-02  1.999941e-01  2.998751e-01  6.556853e-04
 [6]  2.145016e-03  8.619023e-04  7.368385e-04  9.614741e-04 -1.659373e-03
[11] -3.252273e-04 -1.674973e-03  5.664585e-04 -1.490765e-03 -1.406433e-03
[16] -4.697326e-04  7.653031e-04 -1.599913e-03 -8.358422e-04  1.181743e-06
[21]  5.866328e-05 -2.741229e-04  4.364694e-04 -1.545749e-03  3.400150e-04
[26] -5.849813e-04  5.358207e-04  4.766842e-04 -5.113741e-04  6.568400e-05
[1] "Standard Deviations of Betas: "
 [1] 0.01433583 0.01396359 0.01565083 0.01510691 0.01609697 0.01407458
 [7] 0.01673218 0.01497576 0.01574363 0.01490665 0.01577398 0.01562661
[13] 0.01488854 0.01467586 0.01514216 0.01776120 0.01386046 0.01531492
[19] 0.01467777 0.01565318 0.01519467 0.01540431 0.01735038 0.01574746
[25] 0.01679677 0.01457854 0.01376145 0.01433880 0.01595649 0.01439914
[1] "Average StdErrors for Betas: "
 [1] 0.02056788 0.02071571 0.02069888 0.02038321 0.02071290 0.02050160
 [7] 0.02056560 0.02088690 0.02085488 0.02059888 0.02091079 0.02053508
[13] 0.02049093 0.02087057 0.02072664 0.02089174 0.02078258 0.02067403
[19] 0.02078098 0.02064117 0.02058702 0.02060527 0.02080846 0.02078335
[25] 0.02087236 0.02073140 0.02056064 0.02046624 0.02065181 0.02059464
[1] "Positive rate for exposures: "
 [1] 0.750 1.000 1.000 1.000 0.010 0.010 0.005 0.005 0.015 0.020 0.015 0.020
[13] 0.015 0.000 0.000 0.015 0.010 0.015 0.015 0.010 0.015 0.005 0.020 0.010
[25] 0.010 0.005 0.010 0.000 0.010 0.010
[1] "Bonferroni-corrected positive rate for exposures: "
 [1] 0.180 0.935 1.000 1.000 0.000 0.000 0.000 0.000 0.000 0.000 0.000 0.000
[13] 0.000 0.000 0.000 0.000 0.000 0.000 0.000 0.000 0.000 0.000 0.000 0.000
[25] 0.000 0.000 0.000 0.000 0.000 0.000
