[1] "Average Estimates for Betas: "
 [1]  0.0509326147  0.1016957017  0.1998681039  0.3007800360  0.0028373698
 [6]  0.0011565945  0.0001210194  0.0006522499  0.0007710547 -0.0013805212
[11] -0.0018139978 -0.0003350524  0.0010388752 -0.0017246815 -0.0008474868
[16] -0.0001762178  0.0019448457  0.0017562713 -0.0015804749 -0.0003983302
[21] -0.0009074905  0.0002633177 -0.0006209911 -0.0015693184  0.0008112591
[26] -0.0001355861  0.0007381542  0.0013868784  0.0008686954  0.0006565979
[1] "Standard Deviations of Betas: "
 [1] 0.01592495 0.02917609 0.01618877 0.01682908 0.02642344 0.01780660
 [7] 0.01763815 0.01699769 0.01767478 0.01529520 0.03350871 0.01556978
[13] 0.01766201 0.01789817 0.01542684 0.01900557 0.01567561 0.01813316
[19] 0.01552022 0.01647566 0.01593720 0.01763192 0.01938021 0.01590654
[25] 0.01862610 0.01543271 0.01450009 0.01550413 0.01719252 0.01742379
[1] "Average StdErrors for Betas: "
 [1] 0.02473915 0.02680701 0.02491062 0.02598583 0.02804369 0.02636433
 [7] 0.02540221 0.02634066 0.02560205 0.02475655 0.02669058 0.02444098
[13] 0.02498318 0.02491303 0.02572887 0.02503243 0.02491604 0.02588485
[19] 0.02479236 0.02649434 0.02482152 0.02504903 0.02484034 0.02536061
[25] 0.02595368 0.02547922 0.02613106 0.02475857 0.02512204 0.02550968
[1] "Positive rate for exposures: "
 [1] 0.522292994 0.942675159 1.000000000 1.000000000 0.019108280 0.006369427
 [7] 0.012738854 0.012738854 0.012738854 0.006369427 0.019108280 0.006369427
[13] 0.012738854 0.006369427 0.006369427 0.031847134 0.019108280 0.025477707
[19] 0.000000000 0.006369427 0.038216561 0.012738854 0.006369427 0.006369427
[25] 0.025477707 0.000000000 0.006369427 0.000000000 0.012738854 0.006369427
[1] "Bonferroni-corrected positive rate for exposures: "
 [1] 0.165605096 0.719745223 0.993630573 1.000000000 0.000000000 0.000000000
 [7] 0.000000000 0.000000000 0.000000000 0.000000000 0.000000000 0.000000000
[13] 0.000000000 0.000000000 0.000000000 0.000000000 0.000000000 0.006369427
[19] 0.000000000 0.000000000 0.000000000 0.000000000 0.000000000 0.000000000
[25] 0.000000000 0.000000000 0.000000000 0.000000000 0.000000000 0.000000000
