Average Estimates for Betas: 
0.1323457 0.9599977 4.477128 8.564529 0.02665735
0.01742549 0.01638467 0.02241086 0.01577302 0.01319749
0.01463611 0.02591989 0.017003 0.0354848 0.05956997
0.01761855 0.03526488 0.01056551 0.01777764 0.01011275
0.01517995 0.01250298 0.02093755 0.02677761 0.01078336
0.01274948 0.0224649 0.007530103 0.0150228 0.01036142
0.01328278 0.01705787 0.007192254 0.01703897 0.01058873
0.01243584 0.0124642 0.02334139 0.009577052 0.0200413
0.05128835 0.009299851 0.01640644 0.01237 0.007189739
0.007343829 0.007735851 0.005446517 0.01605624 0.01899783
0.009099737 0.02376007 0.01898048 0.01310195 0.02233266
0.05671303 0.009639442 0.01296312 0.005455398 0.00981954
0.009617058 0.01020679 0.01601987 0.01405906 0.01568938
0.02776266 0.01052943 0.0243921 0.02163168 0.004394625
0.01591408 0.009881672 0.02146411 0.01134259 0.007482262
0.0226531 0.007316316 0.01251494 0.01613111 0.01001268
0.01573258 0.0159491 0.04048719 0.01940121 0.03115779
0.01014903 0.006443286 0.01730604 0.0136286 0.008389662
0.06004397 0.01170889 0.006217489 0.008876537 0.01401421
0.03223545 0.00791482 0.01144771 0.02998556 0.01343739
Standard Deviations of Betas: 
0.2947269 1.81831 2.933331 3.223526 0.1108145
0.0856255 0.05963363 0.1568906 0.05469195 0.02968032
0.05461513 0.09498072 0.0575868 0.2007251 0.5148485
0.091602 0.115314 0.03956368 0.106233 0.04291555
0.05505965 0.0377959 0.06834408 0.1460954 0.04572621
0.05828754 0.07436262 0.02156127 0.06796898 0.03432216
0.04172839 0.1026128 0.02497156 0.08464395 0.03373452
0.04754411 0.03816902 0.0828463 0.035827 0.08687977
0.4046539 0.05496014 0.09635994 0.0523531 0.01898821
0.01827681 0.02183577 0.01251564 0.05901682 0.09373753
0.03640907 0.1167494 0.07969503 0.07275428 0.1037458
0.5015296 0.03686554 0.06787879 0.01329857 0.03186915
0.02952676 0.03895887 0.04787104 0.06142587 0.05121866
0.1182397 0.02917235 0.09047605 0.09893142 0.01379452
0.1151927 0.03936222 0.08811503 0.0271359 0.01636404
0.0888223 0.03914509 0.04885353 0.0622023 0.03557682
0.09400568 0.0587484 0.1447344 0.09647333 0.1288635
0.03407135 0.02854327 0.06748787 0.04674773 0.03657822
0.4212285 0.03843593 0.01449319 0.02232385 0.06383085
0.1365422 0.02731946 0.06657869 0.1046696 0.062664
Average StdErrors for Betas: 
10.22383 12.80471 11.69552 11.70561 8.233026
7.914126 8.051446 8.633706 8.694426 8.607127
8.342586 8.706242 8.748747 7.975123 7.93778
8.237179 8.586759 8.28339 8.588414 8.080981
7.837624 8.171074 8.190708 8.109939 8.106985
8.091771 8.085626 7.980913 8.219755 8.255705
8.252751 8.390512 8.101357 8.0872 8.17015
8.008408 8.49838 8.39799 8.400898 8.433848
8.118408 7.880188 8.053706 8.360674 8.439027
7.758149 7.465694 8.120827 8.52047 8.075501
8.221272 7.782763 8.356673 8.053978 7.873478
7.869571 8.073301 8.312027 7.69302 8.08187
7.968066 8.018096 8.168211 8.41394 8.174698
8.092692 8.079138 8.249827 8.171852 8.469774
7.60006 8.123057 8.666203 8.331003 8.368906
8.630543 7.995475 8.087389 8.072345 8.251589
7.996732 8.770255 8.422352 8.151134 8.03715
8.09505 7.613316 8.221574 7.913041 7.922862
8.38713 8.053089 8.012949 7.92498 8.063254
8.089256 8.001289 8.0388 8.22087 8.181976
Calibration results: 
Pct. correct for pips in bin from 0 to 0.1: 0.0155674765961923; n=9507
Pct. correct for pips in bin from 0.1 to 0.2: 0.138121546961326; n=181
Pct. correct for pips in bin from 0.2 to 0.3: 0.337209302325581; n=86
Pct. correct for pips in bin from 0.3 to 0.4: 0.6; n=30
Pct. correct for pips in bin from 0.4 to 0.5: 0.714285714285714; n=21
Pct. correct for pips in bin from 0.5 to 0.6: 1; n=2
Pct. correct for pips in bin from 0.6 to 0.7: 1; n=1
No pips in bin from 0.7 to 0.8
Pct. correct for pips in bin from 0.8 to 0.9: 0.333333333333333; n=3
Pct. correct for pips in bin from 0.9 to 1: 0.952662721893491; n=169
Average PIPs: 
0.04819112 0.2068116 0.7168866 0.9335935 0.02192117
0.01397913 0.0149651 0.01877015 0.0330415 0.01882855
0.01400226 0.01927754 0.02094606 0.01822005 0.02298258
0.01561694 0.02310172 0.01544497 0.01703486 0.01403427
0.01348584 0.01673534 0.01640531 0.01688745 0.01673552
0.01537774 0.01533436 0.01681774 0.01480218 0.01367849
0.01689485 0.0188506 0.01369586 0.01525212 0.014785
0.01463324 0.01860818 0.01806591 0.02523572 0.01705873
0.02083805 0.01177566 0.01475693 0.01631101 0.01726955
0.009738536 0.00996101 0.01224349 0.01622994 0.01811613
0.01718245 0.01534437 0.0213396 0.01810015 0.01751638
0.02286116 0.01498882 0.01738491 0.009029386 0.01702214
0.01344248 0.01333972 0.01414228 0.01500312 0.01635537
0.01761183 0.01168161 0.02910095 0.01772736 0.01377208
0.01317534 0.01162478 0.02372689 0.01449927 0.01341914
0.0188262 0.01552571 0.01245715 0.01614796 0.01550033
0.01433793 0.02111407 0.02471555 0.01564028 0.01722155
0.01361815 0.01036619 0.01410242 0.01280575 0.02198414
0.02584602 0.01245316 0.01189092 0.02224028 0.02532432
0.01829093 0.01349711 0.012875 0.01951274 0.01325451
Percent of time PIP >= 0.1: 
0.15 0.47 0.92 0.98 0.06
0.02 0.02 0.02 0.07 0.02
0.02 0.03 0.05 0.02 0.01
0.01 0.05 0.02 0.03 0.02
0.02 0.02 0.03 0.03 0.03
0.04 0.04 0.02 0.02 0
0.03 0.03 0.01 0.02 0.02
0.03 0.03 0.05 0.03 0.02
0.01 0.02 0.02 0.04 0.02
0 0 0.01 0.03 0.03
0.05 0.03 0.05 0.03 0.03
0.03 0.03 0.02 0 0.02
0.01 0.02 0.01 0.03 0.03
0.03 0 0.05 0.02 0.02
0.01 0.01 0.06 0.02 0.02
0.04 0.02 0.02 0.04 0.03
0.01 0.05 0.05 0.03 0.03
0.01 0.01 0.01 0.02 0.03
0.04 0 0.01 0.02 0.03
0.04 0.01 0.02 0.03 0.01
Percent of time PIP >= 0.5: 
0 0.1 0.64 0.91 0
0 0 0 0.01 0
0 0 0 0 0.01
0 0 0 0 0
0 0 0 0 0
0 0 0 0 0
0 0 0 0 0
0 0 0 0.01 0
0.01 0 0 0 0
0 0 0 0 0
0 0 0 0 0
0.01 0 0 0 0
0 0 0 0 0
0 0 0.01 0 0
0 0 0 0 0
0 0 0 0 0
0 0 0 0 0
0 0 0 0 0.01
0.01 0 0 0.01 0.01
0 0 0 0 0
Percent of time PIP >= 0.95: 
0 0.09 0.6 0.91 0
0 0 0 0.01 0
0 0 0 0 0.01
0 0 0 0 0
0 0 0 0 0
0 0 0 0 0
0 0 0 0 0
0 0 0 0.01 0
0 0 0 0 0
0 0 0 0 0
0 0 0 0 0
0.01 0 0 0 0
0 0 0 0 0
0 0 0.01 0 0
0 0 0 0 0
0 0 0 0 0
0 0 0 0 0
0 0 0 0 0.01
0 0 0 0.01 0.01
0 0 0 0 0
Power at FPR threshold of 0.05: 
0.23 0.61 0.94 0.98
