[1] "Average Estimates for Betas: "
 [1]  4.905648e-02  1.008934e-01  2.000464e-01  3.001131e-01  1.815997e-03
 [6]  3.844140e-04  6.549826e-05 -4.328290e-04  8.892254e-04  1.147392e-03
[11] -4.923420e-04 -1.249095e-03 -1.342392e-04 -5.200595e-04 -7.840934e-05
[16]  2.577404e-04  9.760479e-04 -1.261396e-03 -3.770174e-04 -5.854264e-04
[21]  1.756125e-03  3.269822e-04 -6.132173e-05  2.207742e-04  7.561867e-05
[26]  7.228842e-04 -7.253435e-04 -1.925981e-03 -1.059207e-03 -6.036122e-04
[1] "Standard Deviations of Betas: "
 [1] 0.01303054 0.01232332 0.01262521 0.01228320 0.01308554 0.01198291
 [7] 0.01294946 0.01275495 0.01295769 0.01239902 0.01336950 0.01205779
[13] 0.01151217 0.01285625 0.01299397 0.01282354 0.01288533 0.01220084
[19] 0.01316084 0.01294969 0.01315295 0.01291015 0.01297319 0.01171378
[25] 0.01212889 0.01303188 0.01345240 0.01399345 0.01306729 0.01166354
[1] "Average StdErrors for Betas: "
 [1] 0.01668515 0.01705801 0.01670411 0.01680832 0.01683749 0.01690169
 [7] 0.01715983 0.01712572 0.01684057 0.01644109 0.01691353 0.01668525
[13] 0.01652856 0.01709862 0.01735446 0.01700028 0.01713216 0.01685000
[19] 0.01694308 0.01706088 0.01713329 0.01696795 0.01684298 0.01735880
[25] 0.01717548 0.01687546 0.01706007 0.01673343 0.01703033 0.01682034
[1] "Positive rate for exposures: "
 [1] 0.870 1.000 1.000 1.000 0.010 0.010 0.015 0.000 0.010 0.010 0.025 0.015
[13] 0.005 0.010 0.005 0.020 0.005 0.005 0.015 0.000 0.015 0.005 0.020 0.005
[25] 0.005 0.005 0.015 0.025 0.015 0.000
[1] "Bonferroni-corrected positive rate for exposures: "
 [1] 0.415 0.975 1.000 1.000 0.000 0.000 0.000 0.000 0.000 0.000 0.000 0.000
[13] 0.000 0.000 0.000 0.000 0.000 0.000 0.000 0.000 0.000 0.000 0.000 0.000
[25] 0.000 0.000 0.000 0.000 0.000 0.000
