[1] "Average Estimates for Betas: "
 [1]  4.882184e-02  1.003491e-01  1.997278e-01  3.003991e-01  2.511191e-03
 [6]  6.090499e-04  1.107185e-03 -1.258351e-03 -1.824273e-04  1.684454e-03
[11] -9.941297e-05 -2.005172e-03 -3.703159e-04  1.216618e-04 -2.575509e-04
[16]  9.132647e-04  2.905476e-03 -1.631836e-03 -6.904786e-04  1.659503e-04
[21]  1.397464e-03  7.371615e-04  1.204357e-04  4.375847e-04 -1.769716e-04
[26]  9.278039e-04 -1.187106e-03 -2.101469e-03 -1.194714e-03 -4.170396e-04
[1] "Standard Deviations of Betas: "
 [1] 0.01367641 0.01394499 0.01355162 0.01425395 0.01365916 0.01271637
 [7] 0.01284896 0.01326514 0.01532611 0.01305411 0.01462554 0.01349596
[13] 0.01291613 0.01489502 0.01351416 0.01331466 0.01886651 0.01266820
[19] 0.01331712 0.02121938 0.01392609 0.01439494 0.01270073 0.01224259
[25] 0.01374465 0.01331625 0.01515765 0.01490122 0.01364829 0.01351955
[1] "Average StdErrors for Betas: "
 [1] 0.01799311 0.01884602 0.01763452 0.01914394 0.01774114 0.01798258
 [7] 0.01883889 0.01813081 0.01830893 0.01826057 0.01799976 0.01791895
[13] 0.01740078 0.01898341 0.01837510 0.01853303 0.01960983 0.01824844
[19] 0.01754716 0.01975841 0.01907148 0.01952482 0.01810909 0.01912491
[25] 0.01859438 0.01828940 0.01768612 0.01844155 0.01791698 0.01939350
[1] "Positive rate for exposures: "
 [1] 0.791666667 0.994791667 1.000000000 1.000000000 0.026041667 0.031250000
 [7] 0.020833333 0.031250000 0.026041667 0.010416667 0.041666667 0.015625000
[13] 0.020833333 0.026041667 0.020833333 0.031250000 0.020833333 0.005208333
[19] 0.031250000 0.015625000 0.020833333 0.015625000 0.010416667 0.005208333
[25] 0.015625000 0.005208333 0.026041667 0.031250000 0.026041667 0.005208333
[1] "Bonferroni-corrected positive rate for exposures: "
 [1] 0.406250000 0.932291667 1.000000000 0.994791667 0.000000000 0.000000000
 [7] 0.005208333 0.000000000 0.000000000 0.000000000 0.000000000 0.000000000
[13] 0.000000000 0.000000000 0.000000000 0.000000000 0.000000000 0.000000000
[19] 0.015625000 0.000000000 0.000000000 0.000000000 0.000000000 0.000000000
[25] 0.000000000 0.000000000 0.000000000 0.010416667 0.005208333 0.000000000
