[1] "Average Estimates for Betas: "
 [1]  4.891869e-02  1.011024e-01  2.000923e-01  3.001223e-01  1.540111e-03
 [6]  3.326196e-04  3.035095e-05 -4.660157e-04  5.932182e-04  8.095042e-04
[11] -6.504514e-04 -1.515058e-03 -2.640009e-04 -7.409335e-04  1.824961e-05
[16]  4.202925e-04  1.357017e-03 -1.002429e-03 -4.940097e-04  1.512881e-05
[21]  1.528935e-03  5.301203e-04  1.245904e-04  4.485635e-05 -3.771943e-04
[26]  8.851525e-04 -9.066289e-04 -1.743992e-03 -1.110933e-03 -6.203524e-04
[1] "Standard Deviations of Betas: "
 [1] 0.01305668 0.01243983 0.01263250 0.01255518 0.01358612 0.01168558
 [7] 0.01286596 0.01291967 0.01332167 0.01303155 0.01358062 0.01210948
[13] 0.01177426 0.01268425 0.01291823 0.01288450 0.01313033 0.01307799
[19] 0.01350966 0.01292294 0.01312136 0.01305839 0.01300910 0.01201496
[25] 0.01254650 0.01326132 0.01355799 0.01441937 0.01327625 0.01211203
[1] "Average StdErrors for Betas: "
 [1] 0.01563549 0.01599256 0.01566023 0.01581733 0.01578134 0.01587352
 [7] 0.01607762 0.01605664 0.01579076 0.01543303 0.01590105 0.01565048
[13] 0.01547965 0.01605385 0.01625401 0.01594832 0.01605917 0.01579058
[19] 0.01587911 0.01603830 0.01606207 0.01594226 0.01578073 0.01628599
[25] 0.01613251 0.01586624 0.01599955 0.01565530 0.01604015 0.01579414
[1] "Positive rate for exposures: "
 [1] 0.885 1.000 1.000 1.000 0.020 0.015 0.010 0.005 0.035 0.025 0.030 0.020
[13] 0.015 0.010 0.005 0.030 0.015 0.005 0.030 0.005 0.030 0.010 0.020 0.005
[25] 0.025 0.030 0.035 0.025 0.030 0.000
[1] "Bonferroni-corrected positive rate for exposures: "
 [1] 0.505 0.980 1.000 1.000 0.000 0.000 0.000 0.000 0.000 0.005 0.000 0.000
[13] 0.000 0.000 0.000 0.000 0.000 0.000 0.000 0.000 0.000 0.000 0.000 0.000
[25] 0.000 0.000 0.000 0.000 0.000 0.000
