[1] "Average Estimates for Betas: "
 [1]  4.896651e-02  1.010671e-01  2.001190e-01  3.001338e-01  1.524312e-03
 [6]  3.467694e-04  2.946590e-05 -4.374699e-04  5.917090e-04  7.641005e-04
[11] -6.348251e-04 -1.538394e-03 -2.615855e-04 -7.213327e-04  2.034301e-06
[16]  4.821984e-04  1.359045e-03 -1.040406e-03 -4.539403e-04 -3.647869e-05
[21]  1.583406e-03  4.795657e-04  8.712896e-05  3.646567e-05 -3.689777e-04
[26]  8.340196e-04 -8.850445e-04 -1.721894e-03 -1.096979e-03 -5.824420e-04
[1] "Standard Deviations of Betas: "
 [1] 0.01303432 0.01242046 0.01263733 0.01247326 0.01358930 0.01167338
 [7] 0.01275876 0.01289796 0.01327565 0.01300877 0.01354941 0.01206201
[13] 0.01175506 0.01265965 0.01285008 0.01289376 0.01309159 0.01298042
[19] 0.01348174 0.01280778 0.01313057 0.01301203 0.01296238 0.01190114
[25] 0.01253690 0.01319682 0.01353579 0.01436053 0.01321476 0.01202596
[1] "Average StdErrors for Betas: "
 [1] 0.01699163 0.01738825 0.01702870 0.01715922 0.01715414 0.01724703
 [7] 0.01748198 0.01746569 0.01716126 0.01677781 0.01727140 0.01701100
[13] 0.01682409 0.01744095 0.01768166 0.01732355 0.01745324 0.01716670
[19] 0.01725778 0.01739986 0.01747072 0.01732215 0.01716430 0.01771146
[25] 0.01753284 0.01722714 0.01738274 0.01702078 0.01740252 0.01714693
[1] "Positive rate for exposures: "
 [1] 0.860 1.000 1.000 1.000 0.015 0.005 0.010 0.000 0.030 0.010 0.025 0.010
[13] 0.005 0.010 0.005 0.025 0.005 0.005 0.010 0.000 0.010 0.005 0.010 0.005
[25] 0.010 0.020 0.005 0.020 0.015 0.000
[1] "Bonferroni-corrected positive rate for exposures: "
 [1] 0.40 0.98 1.00 1.00 0.00 0.00 0.00 0.00 0.00 0.00 0.00 0.00 0.00 0.00 0.00
[16] 0.00 0.00 0.00 0.00 0.00 0.00 0.00 0.00 0.00 0.00 0.00 0.00 0.00 0.00 0.00
