[1] "Average Estimates for Betas: "
 [1]  4.876832e-02  1.009426e-01  2.001445e-01  3.002455e-01  2.065779e-03
 [6]  5.558425e-04  2.406701e-04 -9.352415e-04  6.106610e-04  7.275907e-04
[11] -2.525723e-04 -1.958816e-03  1.237184e-05  1.011799e-05 -3.166546e-04
[16]  6.061127e-04  1.061754e-03 -1.295074e-03 -9.002267e-04  4.096821e-04
[21]  1.445824e-03  5.076048e-04  2.131954e-04  3.196353e-04 -2.677945e-04
[26]  1.048255e-03 -3.370182e-04 -1.868731e-03 -1.235380e-03 -1.894432e-04
[1] "Standard Deviations of Betas: "
 [1] 0.01315256 0.01291617 0.01432088 0.01325173 0.01399587 0.01240542
 [7] 0.01309199 0.01348579 0.01384429 0.01337639 0.01397439 0.01318510
[13] 0.01225266 0.01352145 0.01313729 0.01350495 0.01369734 0.01369816
[19] 0.01382886 0.01295794 0.01364256 0.01332266 0.01316958 0.01181891
[25] 0.01292636 0.01280954 0.01451623 0.01487230 0.01362388 0.01204016
[1] "Average StdErrors for Betas: "
 [1] 0.01783173 0.01889512 0.01768062 0.01822495 0.01779860 0.01792923
 [7] 0.01834277 0.01803855 0.01759615 0.01823232 0.01811705 0.01807614
[13] 0.01758264 0.01787161 0.01831193 0.01814414 0.01863788 0.01815307
[19] 0.01754789 0.01855919 0.01876218 0.01892738 0.01785935 0.01897680
[25] 0.01839880 0.01803502 0.01786035 0.01829729 0.01799149 0.01783059
[1] "Positive rate for exposures: "
 [1] 0.798969072 1.000000000 1.000000000 1.000000000 0.025773196 0.030927835
 [7] 0.020618557 0.030927835 0.051546392 0.020618557 0.030927835 0.020618557
[13] 0.015463918 0.020618557 0.020618557 0.020618557 0.015463918 0.005154639
[19] 0.030927835 0.000000000 0.025773196 0.005154639 0.015463918 0.005154639
[25] 0.015463918 0.005154639 0.025773196 0.025773196 0.020618557 0.010309278
[1] "Bonferroni-corrected positive rate for exposures: "
 [1] 0.402061856 0.943298969 1.000000000 1.000000000 0.000000000 0.000000000
 [7] 0.005154639 0.000000000 0.010309278 0.000000000 0.000000000 0.000000000
[13] 0.000000000 0.000000000 0.000000000 0.000000000 0.000000000 0.000000000
[19] 0.010309278 0.000000000 0.000000000 0.005154639 0.000000000 0.000000000
[25] 0.000000000 0.000000000 0.000000000 0.005154639 0.005154639 0.000000000
