[1] "Average PIPs: "
 [1] 1.226464e-01 9.104587e-01 9.999970e-01 1.000000e+00 2.335075e-05
 [6] 2.472866e-05 2.684860e-05 3.631249e-05 3.185720e-05 2.531940e-05
[11] 1.507714e-04 3.111169e-05 2.371598e-05 3.687477e-05 2.721596e-05
[16] 3.373009e-05 2.429468e-05 2.619116e-05 7.285870e-05 2.273465e-05
[21] 2.825005e-05 1.831322e-04 2.457486e-05 8.629053e-05 2.619070e-05
[26] 2.237945e-05 2.929298e-05 2.510137e-05 2.526217e-05 2.574755e-05
[1] "Percent of time PIP >= 0.1: "
 [1] 0.14 0.92 1.00 1.00 0.00 0.00 0.00 0.00 0.00 0.00 0.00 0.00 0.00 0.00 0.00
[16] 0.00 0.00 0.00 0.00 0.00 0.00 0.00 0.00 0.00 0.00 0.00 0.00 0.00 0.00 0.00
[1] "Percent of time PIP >= 0.5: "
 [1] 0.120 0.915 1.000 1.000 0.000 0.000 0.000 0.000 0.000 0.000 0.000 0.000
[13] 0.000 0.000 0.000 0.000 0.000 0.000 0.000 0.000 0.000 0.000 0.000 0.000
[25] 0.000 0.000 0.000 0.000 0.000 0.000
[1] "Percent of time PIP >= 0.9: "
 [1] 0.115 0.900 1.000 1.000 0.000 0.000 0.000 0.000 0.000 0.000 0.000 0.000
[13] 0.000 0.000 0.000 0.000 0.000 0.000 0.000 0.000 0.000 0.000 0.000 0.000
[25] 0.000 0.000 0.000 0.000 0.000 0.000
