[1] "Average Estimates for Betas: "
 [1]  4.876089e-02  1.008387e-01  1.992770e-01  3.006831e-01  1.774302e-03
 [6]  2.426690e-04  7.842286e-04 -8.098562e-04  2.179975e-04  1.513803e-03
[11] -5.626364e-04 -1.627945e-03 -8.783609e-04 -7.900892e-04  1.897409e-05
[16]  8.582555e-04  2.535004e-03 -1.255620e-03 -5.242129e-04 -4.368214e-04
[21]  1.655987e-03  4.429917e-04  3.975561e-05  2.305952e-04 -3.495684e-04
[26]  8.859891e-04 -1.232267e-03 -2.346029e-03 -4.671392e-04  8.824174e-05
[1] "Standard Deviations of Betas: "
 [1] 0.01313860 0.01335030 0.01249818 0.01431463 0.01311201 0.01205074
 [7] 0.01269685 0.01299932 0.01430439 0.01312465 0.01395870 0.01255312
[13] 0.01229582 0.01464245 0.01316577 0.01283717 0.01913560 0.01212054
[19] 0.01333449 0.01890486 0.01389846 0.01385516 0.01241700 0.01208467
[25] 0.01316666 0.01361776 0.01414632 0.01414943 0.01337145 0.01302711
[1] "Average StdErrors for Betas: "
 [1] 0.01737942 0.01768243 0.01727781 0.01814339 0.01739611 0.01754803
 [7] 0.01781612 0.01766388 0.01809274 0.01703212 0.01749851 0.01727663
[13] 0.01712898 0.01857286 0.01798372 0.01760341 0.01821615 0.01735145
[19] 0.01745505 0.01873307 0.01782854 0.01823275 0.01747176 0.01792502
[25] 0.01800912 0.01744907 0.01757545 0.01733272 0.01760522 0.01853986
[1] "Positive rate for exposures: "
 [1] 0.815 1.000 1.000 1.000 0.010 0.005 0.005 0.005 0.005 0.010 0.015 0.000
[13] 0.010 0.015 0.005 0.025 0.005 0.000 0.015 0.000 0.030 0.015 0.005 0.005
[25] 0.000 0.015 0.010 0.025 0.015 0.000
[1] "Bonferroni-corrected positive rate for exposures: "
 [1] 0.395 0.970 1.000 0.995 0.000 0.000 0.000 0.000 0.000 0.000 0.000 0.000
[13] 0.000 0.000 0.000 0.000 0.000 0.000 0.000 0.000 0.000 0.000 0.000 0.000
[25] 0.000 0.000 0.000 0.000 0.000 0.000
