Average Estimates for Betas: 
0.02111474 0.04971517 0.09051953 0.1240135 -6.058502e-05
0.00172057 0.001978891 0.0007605525 -0.0006664746 -0.0004410243
0.00231356 -0.0003758319 -0.001495556 -0.0001791657 0.002183986
-0.006819798 0.00529667 -0.001938619 -0.002158197 -0.003564154
-0.002023098 0.005557968 0.001119395 0.002749285 -0.0006562759
0.003194479 0.006833719 -0.001574498 0.001117535 0.00149964
Positive rate for exposures: 
0.3 0.56 0.87 0.92 0.1
0.14 0.09 0.14 0.12 0.11
0.14 0.08 0.15 0.13 0.16
0.22 0.15 0.11 0.11 0.1
0.11 0.17 0.09 0.13 0.11
0.07 0.15 0.09 0.11 0.09
Standard Deviations of Betas: 
0.03204427 0.02842773 0.04149383 0.05253774 0.02802473
0.03000764 0.02761582 0.03383923 0.02956473 0.02954601
0.03522178 0.02680299 0.03272827 0.03226944 0.03197062
0.04069688 0.0372317 0.03310496 0.02615141 0.028453
0.02544561 0.04007917 0.02504686 0.0289285 0.03187207
0.03598382 0.03393425 0.02501031 0.02875961 0.02660269
Average StdErrors for Betas: 
0.02127355 0.0209639 0.02138499 0.02151735 0.02162302
0.02125563 0.0211046 0.02121223 0.02128647 0.0213288
0.02089326 0.02141063 0.02141294 0.02127057 0.02137389
0.02121708 0.02131548 0.02128173 0.02147833 0.02122506
0.02120122 0.02152497 0.02103817 0.0209563 0.02163096
0.02143174 0.02118906 0.02109065 0.02114392 0.02135079
Q-value positive rate for exposures: 
0.14 0.44 0.74 0.87 0.04
0.05 0.04 0.06 0.06 0.06
0.08 0.02 0.03 0.05 0.05
0.12 0.08 0.02 0.04 0.03
0.05 0.07 0.02 0.04 0.04
0.04 0.04 0.04 0.08 0.05
Precision/Recall/F1 based on p-values:
0.4553265 0.6625 0.5397149
Precision/Recall/F1 based on Q-values:
0.6275072 0.5475 0.5847797
Power at FPR threshold of 0.05: 
0.14 0.43 0.77 0.89
