[1] "Average Estimates for Betas: "
 [1]  5.359220e-02  9.516739e-02  2.034403e-01  2.921704e-01 -9.293715e-03
 [6]  3.234133e-03  7.636305e-03  3.021958e-03  4.995850e-03 -1.186088e-03
[11] -1.382041e-03 -6.215975e-03  1.644857e-02 -5.810520e-03 -7.675738e-03
[16] -2.334977e-03  1.728015e-03 -1.085075e-02 -8.951261e-03  2.229625e-03
[21]  3.683013e-06  7.991787e-03 -1.083147e-04  9.238144e-04 -1.035267e-02
[26] -3.029044e-03  4.366289e-03 -6.716681e-03 -2.546863e-03 -1.023712e-02
[1] "Standard Deviations of Betas: "
 [1] 0.06685193 0.07558932 0.07682957 0.06935504 0.08669398 0.06817086
 [7] 0.06278380 0.07287418 0.07358905 0.07235620 0.07321296 0.06897303
[13] 0.07350930 0.07597421 0.07480659 0.06185936 0.06826504 0.12329025
[19] 0.11034341 0.07567101 0.08035777 0.22540533 0.08224189 0.07891660
[25] 0.23760201 0.08950276 0.07163611 0.06542701 0.06870070 0.06024317
[1] "Average StdErrors for Betas: "
 [1] 0.01603753 0.02243991 0.01632183 0.01636614 0.01597834 0.01612006
 [7] 0.01607087 0.01606745 0.01628470 0.01630591 0.01640439 0.01626541
[13] 0.01581952 0.01628524 0.01651692 0.01628428 0.01615958 0.02493010
[19] 0.02240491 0.02059901 0.01631414 0.02761308 0.01616437 0.01625124
[25] 0.02369059 0.01643538 0.01618127 0.01644937 0.01611692 0.01631788
[1] "Positive rate for exposures: "
 [1] 0.7346939 0.8877551 0.9846939 0.9948980 0.5969388 0.5204082 0.5357143
 [8] 0.5663265 0.6071429 0.6224490 0.5357143 0.5510204 0.6224490 0.5663265
[15] 0.6071429 0.6683673 0.5357143 0.5765306 0.5459184 0.5867347 0.6683673
[22] 0.5714286 0.5867347 0.6581633 0.6377551 0.6275510 0.5663265 0.5714286
[29] 0.5561224 0.5102041
[1] "Bonferroni-corrected positive rate for exposures: "
 [1] 0.5765306 0.8214286 0.9795918 0.9948980 0.4438776 0.3571429 0.3928571
 [8] 0.3877551 0.4234694 0.4081633 0.3622449 0.3775510 0.4285714 0.4081633
[15] 0.4183673 0.4642857 0.3418367 0.3979592 0.4132653 0.4285714 0.4795918
[22] 0.4030612 0.4132653 0.4744898 0.4336735 0.4744898 0.3928571 0.3928571
[29] 0.4081633 0.3367347
