[1] "Average Estimates for Betas: "
 [1]  0.0546064096  0.0997067738  0.2051589683  0.2913712087 -0.0095644842
 [6]  0.0043312880  0.0081996312  0.0030739565  0.0054175040 -0.0006760071
[11] -0.0021624961 -0.0075123131  0.0171296509 -0.0041485231 -0.0101800940
[16] -0.0040265630  0.0008880206 -0.0030902511 -0.0001452719  0.0011694796
[21]  0.0032397932 -0.0065121597 -0.0010491138  0.0001470501  0.0074875245
[26] -0.0039828497  0.0040211619 -0.0074686978 -0.0028057544 -0.0111304211
[1] "Standard Deviations of Betas: "
 [1] 0.06694784 0.09513613 0.07761894 0.06892261 0.08751632 0.06849450
 [7] 0.06335836 0.07217422 0.07266797 0.07366523 0.07471743 0.07078750
[13] 0.07282392 0.07615710 0.07530070 0.06096581 0.06997149 0.07428245
[19] 0.08797838 0.07225022 0.08092742 0.07195653 0.08305340 0.08028193
[25] 0.07162774 0.08842369 0.07122387 0.06719010 0.07136811 0.06159058
[1] "Average StdErrors for Betas: "
 [1] 0.06402518 0.06660943 0.06477045 0.06436303 0.06309425 0.06427810
 [7] 0.06428058 0.06393062 0.06432594 0.06485111 0.06506641 0.06432333
[13] 0.06250804 0.06420363 0.06548016 0.06422379 0.06427534 0.06561967
[19] 0.06398619 0.06647912 0.06437710 0.06557346 0.06426089 0.06432634
[25] 0.06431243 0.06513392 0.06392890 0.06473361 0.06355562 0.06468405
[1] "Positive rate for exposures: "
 [1] 0.15816327 0.35714286 0.84693878 0.98469388 0.11224490 0.08163265
 [7] 0.06632653 0.08673469 0.11734694 0.08163265 0.07653061 0.07142857
[13] 0.11224490 0.06632653 0.08673469 0.03061224 0.10204082 0.08673469
[19] 0.07142857 0.05612245 0.10204082 0.07142857 0.12755102 0.09183673
[25] 0.06632653 0.08163265 0.07653061 0.04591837 0.08163265 0.05612245
[1] "Bonferroni-corrected positive rate for exposures: "
 [1] 0.015306122 0.061224490 0.535714286 0.846938776 0.035714286 0.025510204
 [7] 0.005102041 0.020408163 0.010204082 0.015306122 0.010204082 0.005102041
[13] 0.040816327 0.020408163 0.020408163 0.005102041 0.005102041 0.015306122
[19] 0.010204082 0.005102041 0.020408163 0.015306122 0.010204082 0.015306122
[25] 0.000000000 0.010204082 0.015306122 0.000000000 0.020408163 0.010204082
