[1] "Average Estimates for Betas: "
 [1]  5.102472e-02  9.988684e-02  2.005513e-01  2.993982e-01  1.164041e-04
 [6]  1.162679e-03  5.831187e-05  9.568195e-04 -1.369409e-03 -8.199482e-04
[11]  6.129274e-04 -1.594852e-03 -2.056161e-05  4.229628e-04 -3.642476e-04
[16] -7.350377e-04 -7.825889e-04  8.874720e-04  4.836937e-04 -2.231320e-04
[21]  9.815201e-04  4.414755e-04 -2.105894e-04 -4.716189e-04  7.251907e-04
[26]  3.926219e-04 -4.180076e-04  2.281343e-04 -5.564706e-04  2.871260e-04
[1] "Standard Deviations of Betas: "
 [1] 0.009898419 0.010032845 0.009376731 0.009319765 0.009031559 0.010067557
 [7] 0.009604625 0.009801988 0.008689944 0.010387126 0.009802225 0.010786107
[13] 0.009286292 0.008732677 0.010633747 0.010238547 0.009677481 0.009189001
[19] 0.009183582 0.009796910 0.009909704 0.008828074 0.009842807 0.009368795
[25] 0.009375656 0.010730882 0.009788747 0.010020821 0.009866201 0.010179954
[1] "Average StdErrors for Betas: "
 [1] 0.01191253 0.01184885 0.01204301 0.01189305 0.01175150 0.01187741
 [7] 0.01193917 0.01185654 0.01182103 0.01197890 0.01206122 0.01190129
[13] 0.01156566 0.01188406 0.01213935 0.01190072 0.01193543 0.01192260
[19] 0.01164004 0.01186597 0.01197438 0.01206621 0.01194758 0.01192684
[25] 0.01174218 0.01197835 0.01182465 0.01211072 0.01177015 0.01201485
[1] "Positive rate for exposures: "
 [1] 0.989795918 1.000000000 1.000000000 1.000000000 0.025510204 0.015306122
 [7] 0.015306122 0.020408163 0.005102041 0.030612245 0.015306122 0.030612245
[13] 0.005102041 0.010204082 0.025510204 0.020408163 0.010204082 0.015306122
[19] 0.025510204 0.005102041 0.056122449 0.010204082 0.010204082 0.015306122
[25] 0.015306122 0.035714286 0.025510204 0.010204082 0.035714286 0.025510204
[1] "Bonferroni-corrected positive rate for exposures: "
 [1] 0.8469388 1.0000000 1.0000000 1.0000000 0.0000000 0.0000000 0.0000000
 [8] 0.0000000 0.0000000 0.0000000 0.0000000 0.0000000 0.0000000 0.0000000
[15] 0.0000000 0.0000000 0.0000000 0.0000000 0.0000000 0.0000000 0.0000000
[22] 0.0000000 0.0000000 0.0000000 0.0000000 0.0000000 0.0000000 0.0000000
[29] 0.0000000 0.0000000
