[1] "Average Estimates for Betas: "
 [1]  0.0542077907  0.0963159140  0.2057830087  0.2945066927 -0.0011517710
 [6]  0.0069229161  0.0063458906  0.0052441594 -0.0028931553  0.0057273257
[11] -0.0027795381 -0.0143051483  0.0154588217 -0.0019717358 -0.0182564435
[16] -0.0073796177 -0.0016266792  0.0032567315 -0.0036341082 -0.0035985568
[21]  0.0051086583 -0.0001821641 -0.0064735549  0.0004527444  0.0078211098
[26] -0.0029590133  0.0037717657  0.0029719366  0.0013185120 -0.0076821941
[1] "Standard Deviations of Betas: "
 [1] 0.07876429 0.09069110 0.09045769 0.08165558 0.10048415 0.09590917
 [7] 0.07716159 0.08004298 0.08787589 0.08340237 0.08921935 0.09055828
[13] 0.08218396 0.08887391 0.09643076 0.07413507 0.08230127 0.08206286
[19] 0.07727481 0.06950399 0.09160515 0.08750854 0.08715112 0.09389698
[25] 0.07969313 0.09700714 0.08518885 0.07998977 0.07371395 0.07711669
[1] "Average StdErrors for Betas: "
 [1] 0.01332860 0.01315049 0.01342062 0.01326310 0.01302265 0.01326695
 [7] 0.01326481 0.01317436 0.01318365 0.01335464 0.01337365 0.01319117
[13] 0.01284495 0.01319070 0.01351802 0.01332982 0.01330655 0.01322927
[19] 0.01298095 0.01319919 0.01327999 0.01335100 0.01344022 0.01321620
[25] 0.01308293 0.01332861 0.01314664 0.01336477 0.01313094 0.01332977
[1] "Positive rate for exposures: "
 [1] 0.7602041 0.9081633 0.9897959 0.9948980 0.7193878 0.7091837 0.7091837
 [8] 0.7244898 0.7346939 0.6938776 0.6785714 0.6989796 0.8112245 0.7193878
[15] 0.7500000 0.7500000 0.6683673 0.6938776 0.6989796 0.6989796 0.7959184
[22] 0.7244898 0.7244898 0.7040816 0.6887755 0.7857143 0.7040816 0.6734694
[29] 0.6938776 0.7142857
[1] "Bonferroni-corrected positive rate for exposures: "
 [1] 0.6326531 0.8367347 0.9897959 0.9948980 0.5765306 0.5714286 0.5561224
 [8] 0.5969388 0.5510204 0.5408163 0.5357143 0.5255102 0.6428571 0.5561224
[15] 0.5816327 0.5612245 0.5204082 0.5663265 0.5561224 0.5306122 0.6122449
[22] 0.5612245 0.5357143 0.5714286 0.5612245 0.5969388 0.5561224 0.5204082
[29] 0.5306122 0.5408163
