[1] "Average Estimates for Betas: "
 [1]  4.914305e-02  1.012969e-01  1.999851e-01  3.004598e-01 -7.236905e-04
 [6]  2.892927e-03  1.033171e-03  3.928964e-04 -8.058539e-05 -2.011030e-03
[11]  5.188898e-04 -6.818609e-04  1.139797e-03  7.966441e-04 -6.533834e-04
[16]  8.197079e-04 -1.968133e-03  1.307110e-03  2.491811e-03 -9.010237e-04
[21]  2.231997e-03 -4.739083e-04 -6.299939e-04 -1.169524e-03 -2.215399e-03
[26] -5.384576e-03  2.460829e-03 -1.406552e-03  2.416389e-03  1.180577e-03
[1] "Standard Deviations of Betas: "
 [1] 0.02176339 0.03912001 0.02071509 0.02087049 0.03347919 0.01893356
 [7] 0.02018059 0.01896521 0.01962982 0.02398811 0.02007396 0.02001190
[13] 0.02595920 0.02009148 0.02215050 0.02074196 0.02343603 0.02827419
[19] 0.03150757 0.02333828 0.02259093 0.02274016 0.02264233 0.02110387
[25] 0.02289380 0.06242051 0.05259882 0.02479851 0.03547287 0.01800400
[1] "Average StdErrors for Betas: "
 [1] 0.01835905 0.01908723 0.01854030 0.01825827 0.01891674 0.01775394
 [7] 0.01803439 0.01737466 0.01709937 0.01882948 0.01887864 0.01811826
[13] 0.01832555 0.01792281 0.01892262 0.01741750 0.01834243 0.01785251
[19] 0.01751300 0.01910337 0.01728845 0.01949191 0.01800340 0.01799317
[25] 0.01777157 0.01929914 0.01835808 0.01768729 0.01778477 0.01807942
[1] "Positive rate for exposures: "
 [1] 0.75806452 0.97849462 1.00000000 1.00000000 0.10215054 0.06989247
 [7] 0.05913978 0.08602151 0.07526882 0.10752688 0.04838710 0.06989247
[13] 0.11827957 0.09677419 0.09139785 0.12365591 0.12903226 0.08602151
[19] 0.07526882 0.08064516 0.14516129 0.09139785 0.09677419 0.08064516
[25] 0.08064516 0.09677419 0.08064516 0.14516129 0.08064516 0.08602151
[1] "Bonferroni-corrected positive rate for exposures: "
 [1] 0.456989247 0.897849462 0.994623656 1.000000000 0.016129032 0.000000000
 [7] 0.000000000 0.021505376 0.005376344 0.016129032 0.000000000 0.016129032
[13] 0.010752688 0.016129032 0.010752688 0.016129032 0.016129032 0.016129032
[19] 0.016129032 0.005376344 0.026881720 0.005376344 0.000000000 0.005376344
[25] 0.010752688 0.016129032 0.016129032 0.026881720 0.021505376 0.005376344
