[1] "Average Estimates for Betas: "
 [1]  0.0485348302  0.0940534717  0.1952439813  0.3003069159  0.0142541640
 [6]  0.0116698460  0.0024521504  0.0011486230 -0.0062911215  0.0077139360
[11] -0.0004043127 -0.0012004288 -0.0079287175  0.0053309905  0.0026253656
[16] -0.0065856594 -0.0070273540  0.0036060269  0.0046431111 -0.0046834686
[21]  0.0048426381  0.0004552466 -0.0075520248  0.0015455497  0.0010421762
[26]  0.0096452687  0.0082771745  0.0009587009  0.0006652173  0.0003343557
[1] "Standard Deviations of Betas: "
 [1] 0.04137932 0.05439992 0.03807180 0.04506458 0.09982297 0.09685883
 [7] 0.05873073 0.03603523 0.07330571 0.09621073 0.05934614 0.05700725
[13] 0.07934538 0.05933431 0.07862527 0.05308379 0.05864041 0.05524973
[19] 0.06261019 0.06317315 0.05888563 0.07085705 0.03731081 0.06868363
[25] 0.04497928 0.10884447 0.09484371 0.04533824 0.04115726 0.05060017
[1] "Average StdErrors for Betas: "
 [1] 0.02328102 0.02344858 0.02137394 0.02367430 0.02381866 0.02278682
 [7] 0.02187067 0.02011424 0.02172834 0.02313386 0.02322779 0.02353279
[13] 0.02297838 0.02225102 0.02327808 0.02244480 0.02298776 0.02231704
[19] 0.02186235 0.02197659 0.02245632 0.02334764 0.02138159 0.02436212
[25] 0.02129101 0.02279671 0.02402058 0.02317406 0.02125666 0.02238281
[1] "Positive rate for exposures: "
 [1] 0.6111111 0.9074074 0.9814815 0.9938272 0.2222222 0.1481481 0.2222222
 [8] 0.1666667 0.1543210 0.1975309 0.1975309 0.2222222 0.2098765 0.1296296
[15] 0.2345679 0.2407407 0.2345679 0.2222222 0.1666667 0.2037037 0.1666667
[22] 0.2407407 0.2160494 0.2098765 0.1728395 0.2407407 0.1851852 0.2592593
[29] 0.1975309 0.1790123
[1] "Bonferroni-corrected positive rate for exposures: "
 [1] 0.35185185 0.77777778 0.96913580 0.98765432 0.06790123 0.02469136
 [7] 0.04320988 0.03703704 0.06790123 0.06172840 0.03703704 0.04938272
[13] 0.08024691 0.04320988 0.04938272 0.06790123 0.06790123 0.08024691
[19] 0.04320988 0.05555556 0.04320988 0.06790123 0.03703704 0.06790123
[25] 0.04320988 0.06790123 0.06790123 0.04938272 0.03086420 0.05555556
