[1] "Average Estimates for Betas: "
 [1]  0.0543289593  0.0964770309  0.2059408854  0.2946651460 -0.0011400665
 [6]  0.0068213776  0.0064964922  0.0053860085 -0.0024275587  0.0059905264
[11] -0.0030060112 -0.0141354958  0.0160216152 -0.0015845638 -0.0184925881
[16] -0.0076218066 -0.0012448168  0.0031050716 -0.0036923780 -0.0034856603
[21]  0.0054155350 -0.0005803843 -0.0062084564  0.0007595080  0.0082971155
[26] -0.0029886062  0.0042192548  0.0027641126  0.0012687969 -0.0082494678
[1] "Standard Deviations of Betas: "
 [1] 0.07925074 0.09223765 0.09050341 0.08234771 0.10123131 0.09588775
 [7] 0.07766720 0.07996028 0.08833859 0.08328051 0.08975884 0.09063459
[13] 0.08308027 0.08972442 0.09703739 0.07421769 0.08266376 0.08306707
[19] 0.07808293 0.06983752 0.09220175 0.08824259 0.08825515 0.09470901
[25] 0.08061647 0.09716079 0.08506310 0.08020496 0.07415988 0.07721195
[1] "Average StdErrors for Betas: "
 [1] 0.06461436 0.06365590 0.06506843 0.06432814 0.06303245 0.06443290
 [7] 0.06432746 0.06396329 0.06392738 0.06486433 0.06489331 0.06402325
[13] 0.06236388 0.06403796 0.06555638 0.06462669 0.06456333 0.06419193
[19] 0.06297459 0.06404347 0.06434013 0.06475558 0.06522444 0.06402082
[25] 0.06353868 0.06471000 0.06375870 0.06472004 0.06372232 0.06458663
[1] "Positive rate for exposures: "
 [1] 0.17857143 0.43877551 0.82142857 0.97448980 0.15306122 0.11734694
 [7] 0.08673469 0.11734694 0.14285714 0.10714286 0.14285714 0.16326531
[13] 0.12755102 0.11734694 0.15816327 0.08163265 0.10204082 0.10204082
[19] 0.09693878 0.08163265 0.14795918 0.12755102 0.14285714 0.17346939
[25] 0.10714286 0.11224490 0.11734694 0.10714286 0.09183673 0.08163265
[1] "Bonferroni-corrected positive rate for exposures: "
 [1] 0.030612245 0.112244898 0.505102041 0.852040816 0.061224490 0.045918367
 [7] 0.010204082 0.020408163 0.035714286 0.030612245 0.035714286 0.035714286
[13] 0.020408163 0.030612245 0.051020408 0.010204082 0.045918367 0.030612245
[19] 0.015306122 0.005102041 0.040816327 0.030612245 0.030612245 0.035714286
[25] 0.005102041 0.056122449 0.020408163 0.010204082 0.020408163 0.020408163
