[1] "Average PIPs: "
 [1] 0.22216253 0.63782740 0.91838435 0.97449007 0.12268712 0.08214942
 [7] 0.05862865 0.06735963 0.07779008 0.09925735 0.10238705 0.11955183
[13] 0.09845516 0.09218118 0.07278015 0.08570625 0.08779312 0.06294411
[19] 0.08344141 0.08845554 0.07190163 0.12339216 0.06217300 0.08680228
[25] 0.07263020 0.12519663 0.08689752 0.07225029 0.08894138 0.06760106
[1] "Percent of time PIP >= 0.1: "
 [1] 0.22959184 0.63775510 0.91836735 0.97448980 0.12244898 0.08163265
 [7] 0.07142857 0.06632653 0.08163265 0.10204082 0.10204082 0.13265306
[13] 0.10204082 0.09183673 0.07653061 0.08673469 0.08673469 0.06632653
[19] 0.08673469 0.09183673 0.07142857 0.12755102 0.06632653 0.08673469
[25] 0.07142857 0.12755102 0.08673469 0.07142857 0.09183673 0.07142857
[1] "Percent of time PIP >= 0.5: "
 [1] 0.21938776 0.63775510 0.91836735 0.97448980 0.12244898 0.08163265
 [7] 0.05612245 0.06632653 0.07653061 0.09693878 0.10204082 0.11734694
[13] 0.09693878 0.09183673 0.07142857 0.08673469 0.08673469 0.06122449
[19] 0.08163265 0.08673469 0.07142857 0.12244898 0.06122449 0.08673469
[25] 0.07142857 0.12244898 0.08673469 0.07142857 0.08673469 0.06632653
[1] "Percent of time PIP >= 0.9: "
 [1] 0.21938776 0.63775510 0.91836735 0.97448980 0.12244898 0.08163265
 [7] 0.05612245 0.06632653 0.07653061 0.09693878 0.10204082 0.11734694
[13] 0.09693878 0.09183673 0.07142857 0.08163265 0.08673469 0.06122449
[19] 0.08163265 0.08673469 0.07142857 0.12244898 0.06122449 0.08673469
[25] 0.07142857 0.12244898 0.08673469 0.07142857 0.08673469 0.06632653
