[1] "Average Estimates for Betas: "
 [1]  4.617809e-02  9.815434e-02  2.002615e-01  3.002324e-01  2.338022e-04
 [6]  2.158886e-03  3.793694e-03  8.580277e-04 -2.547788e-03 -8.218814e-03
[11]  2.876859e-03 -3.103450e-03  1.628976e-03  1.151372e-03 -2.306491e-03
[16] -4.421276e-05 -1.787570e-03  2.851936e-03  6.627142e-03 -1.710439e-03
[21]  3.509329e-04 -3.842131e-04 -5.136595e-03 -3.515236e-03  4.188055e-03
[26]  1.103745e-02  1.335158e-03 -6.223850e-04 -1.576769e-03  1.299393e-03
[1] "Standard Deviations of Betas: "
 [1] 0.03836092 0.03485093 0.03344860 0.03828604 0.03292658 0.03071365
 [7] 0.05202073 0.03747684 0.03092777 0.06033463 0.04114086 0.05060078
[13] 0.04176212 0.02887934 0.02906910 0.06722783 0.02945931 0.03523523
[19] 0.04750926 0.03612177 0.02738163 0.05946214 0.03155774 0.05092131
[25] 0.06324288 0.08786231 0.06503160 0.04113398 0.03278773 0.04504807
[1] "Average StdErrors for Betas: "
 [1] 0.02213975 0.02145248 0.02065378 0.02095728 0.02100955 0.02069620
 [7] 0.02172928 0.02056034 0.02075747 0.02158943 0.02267154 0.02181065
[13] 0.02074837 0.02062849 0.02179388 0.02143856 0.02120124 0.02159748
[19] 0.02005732 0.02051291 0.02079335 0.02218050 0.02145194 0.02118336
[25] 0.02127625 0.02106604 0.02250289 0.02151200 0.02034737 0.02205680
[1] "Positive rate for exposures: "
 [1] 0.63750 0.92500 0.98750 0.99375 0.19375 0.09375 0.13750 0.15625 0.07500
[10] 0.15625 0.17500 0.16250 0.17500 0.11250 0.10625 0.18750 0.14375 0.15000
[19] 0.14375 0.16875 0.10625 0.18125 0.13750 0.15625 0.13750 0.16875 0.10625
[28] 0.16875 0.12500 0.13125
[1] "Bonferroni-corrected positive rate for exposures: "
 [1] 0.35625 0.83125 0.98750 0.99375 0.01875 0.00625 0.04375 0.03125 0.02500
[10] 0.05000 0.01875 0.03750 0.03750 0.01875 0.01875 0.02500 0.05000 0.03125
[19] 0.02500 0.03125 0.03125 0.03750 0.02500 0.01875 0.05000 0.01250 0.02500
[28] 0.03125 0.02500 0.03750
