[1] "Average Estimates for Betas: "
 [1]  0.059892215  0.096418477  0.189147444  0.277981561 -0.023233731
 [6] -0.010234103  0.018105798  0.011866640 -0.006225020  0.021263928
[11] -0.020636517  0.017467918  0.008786083  0.003663068  0.021859669
[16]  0.008308752  0.011722038 -0.001918340 -0.016290136  0.012440443
[21]  0.002583540  0.003528301  0.018575936  0.004372857 -0.004075575
[26] -0.028485575  0.006092897  0.005766849 -0.026684428  0.010812060
[1] "Standard Deviations of Betas: "
 [1] 0.1973719 0.1976188 0.1877400 0.1897071 0.1925481 0.2048719 0.2045914
 [8] 0.1851234 0.2024040 0.1810997 0.1885088 0.2019711 0.1863260 0.1815126
[15] 0.2039501 0.1885894 0.1853016 0.2137641 0.1887714 0.1999612 0.1752343
[22] 0.2041399 0.1887766 0.1765801 0.1917478 0.1977793 0.1869290 0.1806850
[29] 0.1865951 0.1736641
[1] "Average StdErrors for Betas: "
 [1] 0.04722212 0.04754583 0.04771694 0.04596881 0.04762047 0.04751626
 [7] 0.04873109 0.04911936 0.04710124 0.04757110 0.04779099 0.04753869
[13] 0.04722152 0.04743955 0.04739761 0.04854289 0.04814119 0.04622641
[19] 0.04809069 0.04728039 0.04815923 0.04821738 0.04787549 0.04714024
[25] 0.04757952 0.04675946 0.04795890 0.04778415 0.04766690 0.04815257
[1] "Positive rate for exposures: "
 [1] 0.570 0.670 0.765 0.845 0.570 0.560 0.540 0.550 0.570 0.540 0.615 0.595
[13] 0.510 0.550 0.570 0.530 0.600 0.615 0.630 0.575 0.540 0.530 0.605 0.535
[25] 0.540 0.605 0.585 0.515 0.605 0.525
[1] "Bonferroni-corrected positive rate for exposures: "
 [1] 0.395 0.445 0.585 0.740 0.305 0.380 0.350 0.320 0.360 0.355 0.325 0.330
[13] 0.310 0.280 0.365 0.290 0.335 0.410 0.330 0.300 0.260 0.325 0.335 0.315
[25] 0.335 0.385 0.305 0.275 0.350 0.315
