[1] "Average Estimates for Betas: "
 [1]  0.050676352  0.077609243  0.158354754  0.233006234 -0.010261816
 [6]  0.004608201  0.007495075  0.003702347 -0.015860574  0.007932414
[11] -0.012646215  0.012927967  0.005333546  0.004980149  0.021257159
[16]  0.023991738  0.008333691 -0.005596698 -0.008191985  0.010777716
[21] -0.004869121 -0.009005672  0.018879554  0.017082760  0.011608910
[26] -0.018173218  0.003602364  0.008780462 -0.028892353  0.005550721
[1] "Standard Deviations of Betas: "
 [1] 0.1583283 0.1661271 0.1505413 0.1602041 0.1590469 0.1614530 0.1578173
 [8] 0.1484480 0.1585105 0.1567645 0.1405134 0.1583834 0.1591184 0.1426425
[15] 0.1582948 0.1582138 0.1455473 0.1562180 0.1497055 0.1570450 0.1657199
[22] 0.1490678 0.1535691 0.1367266 0.1476853 0.1633847 0.1576246 0.1465000
[29] 0.1492395 0.1390630
[1] "Average StdErrors for Betas: "
 [1] 0.02363374 0.02385133 0.02350549 0.02354437 0.02388611 0.02365234
 [7] 0.02381694 0.02407673 0.02375615 0.02396637 0.02413070 0.02367080
[13] 0.02380365 0.02397968 0.02378291 0.02405794 0.02383301 0.02343726
[19] 0.02391364 0.02365232 0.02421810 0.02364729 0.02388541 0.02386389
[25] 0.02383589 0.02352942 0.02387109 0.02415401 0.02374548 0.02384743
[1] "Positive rate for exposures: "
 [1] 0.790 0.805 0.825 0.915 0.775 0.745 0.730 0.770 0.740 0.750 0.760 0.770
[13] 0.770 0.700 0.770 0.785 0.800 0.745 0.785 0.740 0.780 0.750 0.725 0.725
[25] 0.795 0.790 0.740 0.760 0.725 0.725
[1] "Bonferroni-corrected positive rate for exposures: "
 [1] 0.675 0.675 0.695 0.855 0.635 0.655 0.630 0.600 0.585 0.600 0.580 0.630
[13] 0.655 0.555 0.680 0.645 0.640 0.615 0.675 0.620 0.625 0.580 0.625 0.585
[25] 0.605 0.645 0.630 0.625 0.555 0.580
