[1] "Average Estimates for Betas: "
 [1]  0.063155575  0.099084116  0.191084922  0.283269021 -0.021354827
 [6] -0.005606800  0.017305943  0.014429673 -0.010428217  0.015769611
[11] -0.020743725  0.014695470  0.006550554  0.001733825  0.022915669
[16]  0.007942378  0.008985307  0.004462928 -0.009451986  0.015004464
[21]  0.004623239  0.003239753  0.018468811  0.005922114 -0.004856547
[26] -0.027384491  0.003087552  0.005347592 -0.024806010  0.009256784
[1] "Standard Deviations of Betas: "
 [1] 0.1981115 0.1879274 0.1895950 0.1923149 0.1894832 0.1986999 0.2034210
 [8] 0.1813846 0.1933900 0.1855922 0.1875036 0.1972414 0.1883297 0.1829808
[15] 0.1979100 0.1835795 0.1852002 0.2100692 0.1929449 0.1954156 0.1743347
[22] 0.1979102 0.1808129 0.1693642 0.1768263 0.1963403 0.1775076 0.1824042
[29] 0.1905704 0.1724774
[1] "Average StdErrors for Betas: "
 [1] 0.08067093 0.08183975 0.08192670 0.07954482 0.08140537 0.08188260
 [7] 0.08164986 0.08301413 0.08043647 0.08108135 0.08184559 0.08041006
[13] 0.08087839 0.08128893 0.08136113 0.08243428 0.08169352 0.07985868
[19] 0.08245645 0.08114587 0.08311055 0.08204281 0.08149228 0.08085414
[25] 0.08105997 0.08046902 0.08164140 0.08234085 0.08119589 0.08122676
[1] "Positive rate for exposures: "
 [1] 0.435 0.455 0.620 0.780 0.335 0.365 0.355 0.335 0.360 0.370 0.370 0.360
[13] 0.355 0.305 0.380 0.345 0.380 0.425 0.375 0.335 0.310 0.365 0.380 0.330
[25] 0.310 0.415 0.330 0.345 0.385 0.325
[1] "Bonferroni-corrected positive rate for exposures: "
 [1] 0.175 0.210 0.360 0.580 0.130 0.155 0.165 0.110 0.155 0.120 0.130 0.185
[13] 0.135 0.145 0.155 0.170 0.110 0.200 0.185 0.095 0.080 0.155 0.120 0.110
[25] 0.120 0.155 0.120 0.150 0.140 0.105
