[1] "Average Estimates for Betas: "
 [1]  0.066112868  0.097064657  0.187235376  0.279067197 -0.016223879
 [6]  0.002523859  0.018171683  0.009609810 -0.009110193  0.007620979
[11] -0.020769666  0.015875067  0.006529376  0.004230517  0.022193548
[16]  0.023258766  0.007663403 -0.005977456 -0.010555966  0.016142226
[21]  0.001132564 -0.006695882  0.019889249  0.018738503  0.010556040
[26] -0.020152662  0.002528623  0.005221457 -0.032088079  0.012633466
[1] "Standard Deviations of Betas: "
 [1] 0.2117497 0.1898155 0.1883120 0.1908377 0.1830916 0.1936396 0.1851719
 [8] 0.1726674 0.1882958 0.1789998 0.1756233 0.1940396 0.1871080 0.1683599
[15] 0.1814441 0.1855415 0.1685014 0.1861934 0.1800708 0.1767547 0.1850126
[22] 0.1794658 0.1863558 0.1621429 0.1738375 0.1895420 0.1880323 0.1711263
[29] 0.1797391 0.1682029
[1] "Average StdErrors for Betas: "
 [1] 0.1740834 0.1368136 0.1347106 0.1348842 0.1371362 0.1360542 0.1366327
 [8] 0.1381852 0.1361238 0.1375317 0.1382219 0.1356896 0.1366303 0.1376135
[15] 0.1363007 0.1381105 0.1367614 0.1346545 0.1374389 0.1355631 0.1393235
[22] 0.1360860 0.1368807 0.1372083 0.1367908 0.1350160 0.1368296 0.1390306
[29] 0.1362968 0.1364467
[1] "Positive rate for exposures: "
 [1] 0.110 0.195 0.380 0.565 0.115 0.155 0.135 0.120 0.145 0.130 0.145 0.160
[13] 0.155 0.115 0.120 0.160 0.100 0.125 0.135 0.105 0.115 0.120 0.125 0.105
[25] 0.135 0.145 0.150 0.115 0.125 0.100
[1] "Bonferroni-corrected positive rate for exposures: "
 [1] 0.010 0.035 0.140 0.235 0.025 0.025 0.005 0.010 0.025 0.010 0.010 0.020
[13] 0.010 0.005 0.005 0.015 0.000 0.025 0.010 0.025 0.015 0.020 0.020 0.005
[25] 0.005 0.015 0.020 0.010 0.000 0.010
