[1] "Average PIPs: "
 [1] 0.10497270 0.32261652 0.73467820 0.83341064 0.07794392 0.06199277
 [7] 0.11588777 0.05509080 0.05815636 0.04604144 0.05586444 0.06515328
[13] 0.05780021 0.07181692 0.04041900 0.03649321 0.02490094 0.06606704
[19] 0.03458883 0.02694110 0.03638867 0.03588074 0.04451638 0.06449054
[25] 0.04487420 0.04689293 0.05499189 0.03916510 0.06062376 0.05280979
[1] "Percent of time PIP >= 0.1: "
 [1] 0.120 0.355 0.760 0.850 0.085 0.065 0.145 0.055 0.070 0.055 0.065 0.075
[13] 0.075 0.075 0.040 0.040 0.025 0.070 0.050 0.035 0.050 0.040 0.040 0.065
[25] 0.040 0.045 0.055 0.035 0.070 0.060
[1] "Percent of time PIP >= 0.5: "
 [1] 0.090 0.305 0.725 0.830 0.070 0.055 0.105 0.050 0.050 0.040 0.050 0.060
[13] 0.050 0.065 0.035 0.030 0.020 0.060 0.025 0.020 0.030 0.030 0.040 0.060
[25] 0.040 0.040 0.050 0.035 0.055 0.050
[1] "Percent of time PIP >= 0.9: "
 [1] 0.090 0.305 0.725 0.825 0.070 0.055 0.105 0.050 0.050 0.040 0.045 0.060
[13] 0.050 0.065 0.035 0.030 0.020 0.060 0.025 0.020 0.030 0.030 0.040 0.055
[25] 0.040 0.040 0.050 0.035 0.055 0.045
