[1] "Average Estimates for Betas: "
 [1]  0.0502557905  0.1004272083  0.1993447666  0.3010847979  0.0008252192
 [6]  0.0007005321  0.0011485487  0.0001452104 -0.0013873326  0.0002468829
[11]  0.0002403919 -0.0006707801  0.0003824164  0.0013691958  0.0012548424
[16]  0.0012049473 -0.0013797186  0.0006499315 -0.0017485885 -0.0008469077
[21]  0.0009853269 -0.0010063793 -0.0002273616  0.0001633410  0.0002422222
[26]  0.0004350649 -0.0002127835  0.0006456416  0.0012322111 -0.0012292158
[1] "Standard Deviations of Betas: "
 [1] 0.01431591 0.01451503 0.01452026 0.01474667 0.01504108 0.01671602
 [7] 0.01473638 0.01515558 0.01484497 0.01510921 0.01602262 0.01557642
[13] 0.01466273 0.01583736 0.01489808 0.01555381 0.01574475 0.01571038
[19] 0.01594869 0.01593399 0.01615116 0.01571895 0.01474549 0.01630315
[25] 0.01510994 0.01467684 0.01542420 0.01635547 0.01410141 0.01588138
[1] "Average StdErrors for Betas: "
 [1] 0.01913457 0.01951590 0.01909885 0.01939128 0.01918416 0.01934839
 [7] 0.01893701 0.01918524 0.01915542 0.01904060 0.01904413 0.01953817
[13] 0.01934129 0.01937341 0.01934253 0.01930073 0.01921858 0.01965204
[19] 0.01915814 0.01932656 0.01943681 0.01928268 0.01909973 0.01942219
[25] 0.01921877 0.01902418 0.01915679 0.01901940 0.01907885 0.01933972
[1] "Positive rate for exposures: "
 [1] 0.800 1.000 1.000 1.000 0.010 0.030 0.025 0.010 0.005 0.010 0.020 0.020
[13] 0.015 0.010 0.010 0.030 0.015 0.015 0.030 0.015 0.020 0.015 0.005 0.025
[25] 0.010 0.020 0.015 0.025 0.015 0.020
[1] "Bonferroni-corrected positive rate for exposures: "
 [1] 0.315 0.975 1.000 1.000 0.000 0.000 0.000 0.000 0.000 0.000 0.000 0.000
[13] 0.000 0.000 0.000 0.000 0.000 0.000 0.000 0.000 0.000 0.000 0.000 0.000
[25] 0.000 0.000 0.000 0.000 0.000 0.000
