[1] "Average Estimates for Betas: "
 [1]  0.013255784  0.088476466  0.199220514  0.290313862 -0.001214575
 [6]  0.012372828  0.022915419 -0.001880432 -0.002363071  0.008058281
[11]  0.024567276  0.007157062 -0.004387457  0.004604848  0.002930038
[16]  0.001220348  0.010636930 -0.010908730 -0.005259789 -0.008983687
[21]  0.007299607  0.002920867  0.005725676 -0.005030204  0.011913686
[26]  0.007146329  0.010924593 -0.013409124  0.019086497  0.011565509
[1] "Standard Deviations of Betas: "
 [1] 0.1753612 0.1485107 0.1407060 0.1341684 0.1406570 0.1825815 0.1828012
 [8] 0.1399152 0.1253244 0.1500881 0.1324658 0.1303267 0.1265369 0.1257435
[15] 0.1410765 0.1422717 0.2425449 0.1529937 0.1328075 0.1431801 0.1405926
[22] 0.1530970 0.1306590 0.1532315 0.1167497 0.1264879 0.1339717 0.2679199
[29] 0.1276483 0.1592164
[1] "Average StdErrors for Betas: "
 [1] 0.03164640 0.02908707 0.03007560 0.02991488 0.02934732 0.03017690
 [7] 0.03031312 0.02929372 0.02863112 0.02950346 0.02950494 0.02956942
[13] 0.02981085 0.03097789 0.03001459 0.03037602 0.03165059 0.03138400
[19] 0.02896394 0.02882489 0.02905929 0.03034390 0.02900360 0.03128653
[25] 0.02864571 0.02888830 0.02986922 0.03539466 0.02944312 0.03064571
[1] "Positive rate for exposures: "
 [1] 0.725 0.790 0.895 0.965 0.675 0.680 0.690 0.655 0.675 0.690 0.675 0.690
[13] 0.660 0.615 0.620 0.665 0.670 0.640 0.640 0.680 0.620 0.645 0.675 0.705
[25] 0.575 0.640 0.655 0.635 0.645 0.710
[1] "Bonferroni-corrected positive rate for exposures: "
 [1] 0.540 0.625 0.845 0.920 0.480 0.510 0.530 0.470 0.505 0.560 0.490 0.470
[13] 0.500 0.425 0.455 0.510 0.505 0.485 0.480 0.465 0.445 0.480 0.500 0.490
[25] 0.380 0.495 0.475 0.470 0.470 0.475
