[1] "Average Estimates for Betas: "
 [1]  0.013630391  0.089690897  0.201777004  0.285176684 -0.002723298
 [6]  0.009023739  0.015668899 -0.002159544 -0.002454582  0.006050254
[11]  0.022318444  0.009475620 -0.007850040 -0.004326712  0.002909317
[16]  0.009942862  0.009775655 -0.004271591 -0.004403606 -0.008852083
[21]  0.007007538  0.001481085  0.003560714 -0.007645252  0.013815797
[26]  0.004146806  0.011671737  0.004868447  0.015841479  0.008187454
[1] "Standard Deviations of Betas: "
 [1] 0.1792941 0.1470287 0.1388821 0.1319854 0.1481613 0.1732242 0.1349785
 [8] 0.1364203 0.1262253 0.1401482 0.1350908 0.1292646 0.1287874 0.1942938
[15] 0.1383432 0.1417933 0.2182491 0.1904855 0.1345692 0.1413977 0.1398139
[22] 0.1750696 0.1424433 0.1482352 0.1166954 0.1261213 0.1368374 0.2138145
[29] 0.1303631 0.1441017
[1] "Average StdErrors for Betas: "
 [1] 0.1435024 0.1312951 0.1365938 0.1352385 0.1339183 0.1350472 0.1362843
 [8] 0.1324437 0.1290835 0.1343346 0.1332706 0.1336303 0.1345933 0.1410491
[15] 0.1367438 0.1381865 0.1389378 0.1418561 0.1304515 0.1298713 0.1317970
[22] 0.1363651 0.1310463 0.1414630 0.1291962 0.1303928 0.1346072 0.1520683
[29] 0.1310533 0.1378787
[1] "Positive rate for exposures: "
 [1] 0.060 0.135 0.310 0.605 0.060 0.060 0.060 0.060 0.030 0.040 0.040 0.035
[13] 0.015 0.045 0.070 0.030 0.030 0.040 0.055 0.075 0.075 0.060 0.055 0.035
[25] 0.045 0.030 0.055 0.060 0.035 0.035
[1] "Bonferroni-corrected positive rate for exposures: "
 [1] 0.000 0.020 0.080 0.190 0.005 0.000 0.000 0.005 0.000 0.005 0.005 0.000
[13] 0.000 0.000 0.000 0.000 0.000 0.005 0.000 0.000 0.005 0.000 0.005 0.000
[25] 0.000 0.000 0.005 0.010 0.000 0.000
