Average Estimates for Betas: 
0.03798254 0.06498558 0.1148173 0.1531556 0.01161869
0.003059523 -0.001140007 -0.002899408 0.01088389 0.007431341
-0.005183833 -0.0006950061 0.005593246 0.00639523 -0.03083028
0.01153664 0.004276906 -0.006494545 0.009240428 0.02305524
-0.01668494 -0.004577809 -0.001959598 0.01488842 0.004302664
-0.01089093 0.0208057 0.02761682 -0.005858047 0.004185428
Positive rate for exposures: 
0.1875 0.4375 0.59375 0.703125 0.1875
0.1875 0.15625 0.125 0.09375 0.09375
0.15625 0.1875 0.171875 0.09375 0.234375
0.21875 0.203125 0.09375 0.1875 0.15625
0.15625 0.171875 0.15625 0.234375 0.28125
0.171875 0.171875 0.15625 0.125 0.203125
Standard Deviations of Betas: 
0.05944864 0.08558509 0.1155625 0.1382698 0.08902688
0.1009484 0.06989739 0.07921757 0.1097328 0.07148873
0.108828 0.1135682 0.08526776 0.07029126 0.1132378
0.07451389 0.1491475 0.07314195 0.06344743 0.09696142
0.08666357 0.08841862 0.06536197 0.1606538 0.08659779
0.07135481 0.1029741 0.09851783 0.100692 0.1033948
Average StdErrors for Betas: 
0.05018504 0.04937495 0.05588187 0.06105778 0.04764159
0.05286216 0.05150884 0.04967713 0.05159897 0.04981828
0.04934797 0.05583839 0.05074159 0.04762022 0.05080835
0.05178612 0.05499856 0.05134326 0.04717691 0.05161772
0.05290707 0.0511091 0.04533198 0.05074742 0.0497995
0.04885892 0.05083885 0.05303519 0.05321762 0.05608537
Q-value positive rate for exposures: 
0.0625 0.234375 0.46875 0.609375 0.125
0.078125 0.0625 0.0625 0.03125 0.046875
0.09375 0.09375 0.078125 0.046875 0.09375
0.078125 0.109375 0.0625 0.046875 0.09375
0.0625 0 0.046875 0.09375 0.078125
0.046875 0.078125 0.0625 0.03125 0.09375
Precision/Recall/F1 based on p-values:
0.3052109 0.4804688 0.3732929
Precision/Recall/F1 based on Q-values:
0.4334975 0.34375 0.3834423
Power at FPR threshold of 0.05: 
0.03125 0.1875 0.40625 0.5625
