Average Estimates for Betas: 
0.03302661 0.08504221 0.1485964 0.2721647 0.0182642
-0.001995548 0.007954801 -0.01265432 0.01286492 -0.008719237
-0.02428558 0.0006823447 0.0003703287 0.007882263 0.01414943
0.00596479 -0.02021247 -0.004658367 -0.002812195 0.01147682
0.01214297 -0.002737335 -0.01219398 0.0211394 0.00417308
0.0010229 -0.005072144 0.001171286 -0.004484266 -0.00453644
Positive rate for exposures: 
0.15 0.27 0.56 0.87 0.09
0.08 0.08 0.06 0.13 0.06
0.1 0.13 0.08 0.09 0.11
0.06 0.15 0.09 0.06 0.08
0.08 0.1 0.09 0.12 0.07
0.11 0.08 0.13 0.13 0.1
Standard Deviations of Betas: 
0.09674842 0.09019143 0.0928756 0.09028796 0.09601324
0.104932 0.09133303 0.09487289 0.1123413 0.08132233
0.1032479 0.1106387 0.1255395 0.08932826 0.1041895
0.08774652 0.1092545 0.0884306 0.09041443 0.09027705
0.1054273 0.09058386 0.08502502 0.115378 0.09420207
0.09165338 0.1015892 0.09703438 0.09798981 0.09216108
Average StdErrors for Betas: 
0.07559958 0.07784884 0.0758306 0.07409568 0.07346762
0.0771854 0.07700521 0.07515184 0.07956461 0.07362282
0.07581689 0.07616241 0.07559107 0.07407556 0.07478091
0.07849651 0.07622617 0.07521066 0.0735245 0.07876492
0.07752238 0.07615787 0.07328775 0.07557478 0.07724164
0.07392921 0.07490007 0.07812164 0.07849019 0.07643338
Q-value positive rate for exposures: 
0.01 0.11 0.34 0.71 0.04
0.05 0.03 0.01 0.04 0.01
0.04 0.05 0.03 0.02 0.01
0 0.07 0.02 0.03 0.02
0.02 0.04 0.02 0.06 0.02
0.05 0.03 0.01 0.02 0.02
Precision/Recall/F1 based on p-values:
0.4292343 0.4625 0.4452467
Precision/Recall/F1 based on Q-values:
0.6062176 0.2925 0.3946037
Power at FPR threshold of 0.05: 
0.04 0.17 0.43 0.83
