0.739657366390002 1 1 1 0.0487816566765779 0.0576410587588044 0.0650780663135008 0.0651442391884631 0.0859724263036025 0.0656570176436875 0.150626375068539 0.0649298101020546 0.0919205174399572 0.991179618710202 0.0296142282188699 0.987454292451498 0.105624913190882 0.0997405629658903 0.0724729007738051 0.0885568498556762 0.98867224650994 0.0595023223486616 0.0492796515651431 0.0710887175261576 0.0458000043347694 0.092491961937611 0.203331210607334 0.0902388794880875 0.0661144011813608 0.413450099330538
0.00261913886086285 0.999999984615102 1 1 0.00327827795178481 0.00207362956328849 0.00295330723295173 0.00622639869134101 0.00111798095130122 0.00147235981832861 0.00247737824521288 0.00241623426000626 0.0057536668580157 0.0012158183491997 0.00337201495212613 0.00112180019275576 0.00118952483608048 0.00153945879333828 0.00160572752109611 0.00238621456957477 0.00161043654908699 0.00191123590562503 0.00405700127988473 0.00198890063383939 0.00251591918723282 0.00216913998070611 0.00208834586270501 0.00244715679788932 0.00257521984792508 0.00130831955152777
0.0927139051861473 1 1 1 0.0326556016353432 0.0435922177395375 0.999999999424547 0.030101730839008 0.0370986970843175 0.999995839738736 0.042800769358821 0.0392094908724825 0.0599383235027355 0.0334063019120479 0.0361379975505968 0.0816708623632001 0.0433989474725039 0.0333327307378372 0.0673859937777411 0.036022164029137 0.0430982935039503 0.117190564995421 0.0520527419471158 0.0597774015580694 0.0971246983388587 0.0278412077520582 0.144611193876297 0.0445181361353297 0.0577101114725106 0.079875097440734
1 1 1 1 0.103401142651349 0.100052837772656 0.138993399923805 0.134430215891285 0.998134725745902 0.117677858709764 0.120710960134232 0.999999507779935 0.999983310029942 0.115437020589518 0.12995622764261 0.119543879489473 0.123285910853327 0.129160907388147 0.131447349736482 0.111906279725716 0.153032060536698 0.10994741168743 0.0971165243514049 1 0.142394200890324 0.119877158715786 0.141361773829727 0.127044447120132 0.135696532213674 0.129322387575367
0.999999907079207 1 1 1 1 0.026545608666647 0.0214051684153161 0.0189150327137173 0.0451329213537788 0.0330962918009082 0.0181566914730181 0.025532986287442 0.10054098425855 0.0932068322685251 0.0264517530819894 0.0604290687099156 0.0213791297755214 1 0.0352787115115807 0.0296313069709184 0.0214826317554787 0.0394286926700456 0.0245202613381856 0.0288062045059948 0.044179549236845 0.0197334986525215 0.0271070102298657 0.0261202036490427 0.046335042494793 0.0309504572805497
0.00648656643270995 1 1 1 0.0136727803261369 0.00556106894838271 0.00339713114468954 0.00330650520284137 0.00700299957881678 0.00499515660778105 0.00314516131928699 0.00544794451443331 0.00470983301971362 0.0222751723117608 0.00328834115504639 0.00247867281678371 0.00209519597944641 0.00373353334589044 0.999995680670088 0.999999887663584 0.00475110024546854 0.00514642979424229 0.00636182245400574 0.00338069788786843 0.00375233407755149 0.0040061588377075 0.00386079053413435 0.00370389743413002 0.00382915697270647 0.00471088776179862
0.0183291496678452 0.999999999999999 1 1 0.00929788131171561 0.00290283653407297 0.00281413677438236 0.00219034705995502 0.00226849478227131 0.00565150538985637 0.00283031307822368 0.00722955184744944 0.0026705509044046 0.00305514520051264 0.00290481846187018 0.00492687338567099 0.00244521235329953 0.00244847613088539 0.00372504060642198 0.00188993718350627 0.00219072954308686 0.00216446831937156 0.0027780085797342 0.00795644388560102 0.00226015347480135 0.00412215197342403 0.00214438775887005 0.00229559848068495 0.00825394516848998 0.00354601612778105
1 1 1 1 0.068211002477444 0.999999996253237 0.0644445920548303 0.0458021097009584 0.0725662529703751 0.0655137273617571 1 0.0591581466368368 0.0528505787397066 0.0822505201317095 0.0773856982489283 0.0524144891019223 0.0471819319179717 0.0453343930353538 0.12499792887633 0.999998672846353 0.0392282545827428 0.0864219751918092 0.0490650270464518 0.0816434250070464 0.0596602260304421 0.0473544617242023 0.0702309174777241 0.0553446146692038 0.0688868004229037 0.0432270433411815
0.999999999941357 0.99999996791053 0.999999999999997 1 0.0459921215980595 0.0377428182955724 0.0955682050411358 0.0544198205528541 0.0467657102056178 0.0368308656679462 0.0197086022450235 0.0130349691224037 0.0261142206958438 0.0840984122059911 0.0811206181716304 0.0458643473762776 0.0379895590244184 0.0179370280794166 0.0393111893573745 0.0956495008084686 0.0208740784483888 0.0488469126953257 0.0419690732024186 0.122548063765807 0.202014982821707 0.0327394501717909 0.0390353134044761 0.0717947831564797 0.0149870915827086 0.110363073144936
0.005822583667071 1 1 1 0.00110207970209142 0.00207244825820596 0.00174638225690837 0.00266881784650919 0.00176060861183103 0.0016237195271771 0.00193315583053077 0.00249447718989837 0.0018372503229005 0.0015608173693572 0.00272506845882392 0.00232288931542612 0.00165369823343264 0.00448004043318462 0.00234659242180091 0.00201408281756499 0.00588924386370127 0.00321388941048328 0.0151055215863286 0.00189846543497352 0.00167802366115433 0.00712544924362457 0.00159260052554655 0.0391139317476868 0.0043305222235801 0.00165234953890414
0.0174221346706677 1 0.999999999999961 1 0.00714758715154595 0.999999999959254 0.999999999999883 0.00950052915265853 0.00907999257213199 0.00644933934510794 0.00815403091846412 0.00969674071621462 0.0104352301057145 0.010468526893938 0.00350190717818921 0.00670843246703623 0.0257973521369483 0.0053680106688212 0.0146304974183631 0.00895893428641659 0.0121510974136738 0.999999999982446 0.00582149072771421 0.0519644993329866 0.00677699103263696 0.00532432544121697 0.00817424194778271 0.0172401175658102 0.0255537757375371 0.0214011352484522
0.126534954595788 1 1 1 0.0655796215084105 0.999999972435724 0.236509377980545 0.0493392306782301 0.0345072902545418 1 1 1 0.0538619288374247 0.999999997214173 0.0906370131424374 0.246593847375869 0.086185324006235 0.0323611578024013 0.0413264981413987 1 0.0289267964909357 0.999999999999957 0.0407766762123898 0.102701728881783 0.0706622582757768 1 0.0443539734366355 0.0456661170519118 0.0400430818683456 0.999999999999911
0.0827518938581673 1 1 1 0.856951418457726 1 0.116710110127316 0.0957225620305611 0.139020963384432 0.0691837761740569 0.999994610743403 0.999999999999674 0.0673051170735905 0.103717763061198 0.999999999999832 0.0780654695533384 0.0585007354981956 0.999844738947104 0.138366167090187 0.068698981870164 0.612248713539804 0.130110901382917 0.0559504151720815 0.0816343764857291 0.99973269072278 0.115205247098142 0.110584693705852 0.108800041374723 0.0451365216882573 0.0714901851645019
0.999999999999685 1 1 1 0.00632696386847131 0.00700203183320591 0.00519461813739919 0.00499965736492247 0.00579346776333489 0.00779380844793465 0.999999993073535 1 0.00639155720334539 0.00620515680652667 0.0059219263395538 0.00622936369099758 0.0127778734169385 0.00996014646521726 0.00463288341139168 0.00949773820988309 0.00845141367933278 0.00796169851135653 0.0453011335304868 0.00602708657323558 0.0113760217621509 0.00662700063931476 0.00808942160876747 0.010823568177789 0.0136967539666559 0.00558827380117399
0.104771908971663 1 1 1 0.0439893343273795 0.0357640291742188 0.999999998113437 0.0481012569780064 0.0686672802527258 0.0432171572007075 0.0690414515822421 0.0425916968892348 0.0436618766387739 0.0500131827941055 0.0348198679987252 0.0525799868715182 0.0537424016887799 0.0402017183367608 0.0545682778323879 0.0410893542679126 0.0463040970451428 0.0465027166489019 0.0739350533885877 0.0784666712805403 0.057135115402883 0.079946968223915 0.0620190277804546 0.0876927174609466 0.051089272609265 0.0436989827280478
0.999999999630132 0.999999999875711 1 1 0.00314975249897553 0.00646475228261478 0.00199436930099461 0.00268921479157569 0.00358884757740008 0.00240911596708371 0.00327998932806517 0.00829201215354913 0.0028334893737112 0.0049330847389577 0.00196495022979781 0.00354546359298735 0.00273155666287128 0.00753268818468689 0.00311477170225238 0.00211192043456732 0.00712873541643821 0.00435649092151158 0.00237173355378351 0.00228923165921702 0.00779877309813115 0.00416736204272827 0.00470591167536383 0.00494289935964742 0.00219246305471232 0.00424184291828611
0.106414081049084 0.999999999990199 1 1 0.0768820048742778 0.0896080787012608 0.133047541920854 0.0686987315138738 1 0.0871183017281237 0.0749931138467476 0.217160936742176 1 0.110335529934718 0.0815261874437768 0.0866699151806438 0.999997768530377 0.132933858481878 0.0889709562847742 0.11562503535475 0.0995895667196238 0.108740493082516 0.106027834564073 0.283007316823046 0.113215326577107 0.138709798611993 1 0.0841453147142265 0.0599375924880055 0.107874976314716
1 1 1 1 0.0691413467887027 0.0952801933476879 0.0912667755169358 1 0.0857432895304259 0.0883227201481402 0.0869861315568662 0.0922568834055256 0.10578221841964 0.0996763491286088 0.103393841841026 0.10140419212941 0.100057958565975 0.074903697944844 0.087151670483043 1 0.103919448609493 0.1380728049914 0.0962211113868471 0.102778693445073 0.137134031051338 0.102738225801058 0.1184338184343 0.158245104862828 0.110387270572524 0.0788647660261803
1 0.999998945148283 1 1 0.0988431710906795 0.0839072172827622 0.191626940992319 0.060924884132542 0.096130695322276 0.0924236768578807 1 0.161529672226861 0.0549229477090472 0.091681532428218 0.0839330779573858 0.0642757781956168 0.118370580373358 0.0597425174389947 0.0988870421500164 0.115945848490511 0.0743306735406329 0.110540079325594 0.050458237667485 0.133098663132524 0.102957016231883 0.0513351142594695 0.0925495227334729 0.26802169382462 0.173874763987175 1
0.999999999999551 0.952498529765999 1 1 0.999999999951405 1 0.0832248406268196 0.0634231421731493 0.0586731198031292 0.0605920953822866 0.0904190152167698 0.999999999999814 1 0.0784468092472914 0.0845229199880699 0.0784140722966591 0.0724202420144324 0.99999999937661 0.0674734297511621 0.999999949446366 0.0875190153239785 0.108794652110001 0.0622156340509793 0.149515617843356 0.0904210500083509 0.999999995373333 0.100129809703062 0.0982639909367016 0.999999999999737 0.0931509451800422
0.999999481343061 0.999979029538743 1 1 1 0.0282820398266326 0.0544846313917247 0.0248970741690431 0.0219399132281324 0.0235306186484654 0.0367621516488574 0.0272250429705936 0.999999980329994 0.984040137519518 0.0211438581690379 0.0184139175437515 0.0160293268366797 0.0309432663428014 0.0226376927925293 1 0.0205701972986296 0.0186032766108105 0.022249948543083 0.0302520792537488 0.0239250871068807 0.0266146154780448 0.999999999959634 0.0199443558815092 0.0299417227601432 0.0202437229641109
0.999999995577484 0.999999995065792 1 1 0.00591017067420185 0.0118808875777968 0.0037621525778424 0.00380628142248607 0.00423310629862228 0.00774659679117429 0.00363232249041356 0.0214678755423714 0.00930868113220995 0.0062587806659653 0.063467756966854 0.00265559560666717 0.004325708843816 0.0148712590629488 0.00316634604274579 0.0037961438952514 0.00478975228616785 0.00474609991775232 0.00400261495717846 0.00398901793543682 0.00465971104893148 0.00886800470865379 0.00387865677811006 0.00520202663169023 0.00607420812650028 0.0114516529986602
0.113280065808831 1 1 1 0.99997868492213 0.0836289143306286 0.0625077885672534 0.982077906483093 0.0526772238556734 0.0888974349788694 0.0812102094143466 0.155380180757994 0.0830523406285338 0.0616783525408467 0.055321924039193 0.998903902795072 0.126094023323696 0.0616900222694726 0.0827918506342242 0.0820259458157288 0.0848097960478268 0.069109469911384 0.113679038551376 0.0759177867644142 0.127099831538626 0.999999999627669 0.0626360068068494 0.0950740093401991 0.120125576685059 0.061855573787567
0.0460997688439354 0.999999707486828 1 1 0.007661104329305 0.0063750965210122 0.999999999999978 1 0.0272618342735403 0.00660686342969641 0.00624232696544424 0.0336259407923034 0.00867737629709409 0.0414641143418298 0.0102757619338004 0.00797005404392903 0.0206822287367323 0.00549091555153636 0.00617342654153075 1 0.0120751958439129 0.0152984019771911 0.00558506351341603 0.0126947728891589 0.00774278086909996 0.0145496510526715 0.0312236373242487 0.00821545041686733 0.00480743320734478 0.00756877772396602
0.999999999990503 0.999995176418477 1 1 0.00337750221158606 0.0280638842677178 0.00426611671055488 0.989024413713486 0.00472120711675794 0.00335354510712182 0.00508146716352587 0.00471720082146621 0.0200916770803031 0.00340109831392243 0.00934069673090798 0.0126356795559315 0.0128676303866512 0.00268565909044094 0.00646744376881558 0.00291914501773771 0.00352135948189847 0.00703652359385776 0.00422701736853037 0.00357851299650092 0.00467197357514493 0.00385315931236163 0.00535696071975922 0.00688567447010979 0.00396498250725019 0.00376503232294279
1 1 1 1 0.0853506010294532 0.999011749931689 0.999989476713067 0.1037219627203 1 0.086108644235789 0.988454456363657 0.0929103329157966 0.0769612925678318 0.171542270030626 0.10073949666203 0.0924875735684164 0.101089156998792 0.0769455313602599 0.060302437603811 0.0582972290436931 0.0728940593620064 0.998416224130605 0.0624553424331153 0.0697729763032977 0.0743049867805904 0.999999984068455 0.100850096645186 0.085740143534885 0.0933403478664278 0.0768628778860326
0.00823180608764706 1 1 1 0.0122630985029182 0.00901909283663649 0.00540332620197126 0.0137136493595367 0.00608177358929707 0.0191256874642484 0.0178110514379221 0.00814200724514247 0.0249580461823928 0.0157376143780722 0.027189936764865 0.0476343256497263 0.0155690102536424 0.0051448582145055 0.00416551472486792 0.00712521882807671 0.00529203099184128 0.0362100237749654 0.00396244277872693 0.0430420944895684 0.00452739502476873 0.0158419616838988 0.00621277472361315 0.0366460104995004 0.0314940512127484 0.00341000688386561
0.00554279013466985 0.999999999999999 1 1 0.0270684595202074 1 0.00550702772350475 0.00528868532698301 0.00783549516893012 0.0114161904813452 0.00923040160878152 0.0356772440975591 0.0071146808650302 0.00470661326823185 0.00572821376738442 0.00646004505961495 0.0070551494039307 0.0216065536337054 0.0155726180074931 0.00906936580114914 0.0418456233620113 0.00652235030365855 0.0093391840574818 0.0285561901908854 0.00921983245292546 0.00743498651105456 0.00665956855796168 1 0.00970427233224336 0.00710192571027835
0.999999999999863 0.999999999806157 1 0.999999977329963 0.0116197785760795 0.999991445338514 0.0139869378564005 0.0157313522548957 0.0211666841072891 1 0.025105079212312 0.0215514851501464 0.0879071154049815 0.14230294271738 0.0211682551980565 0.0283251186684274 0.0225772477541248 0.0145862299800441 0.0531664236253264 0.0239874825337212 0.0160149906893934 0.0106959102222266 0.0274337293307192 0.99999999538183 0.0185355139009861 0.0204082800351373 1 0.999999999999999 0.0137869557624146 1
0.999999999809867 0.236004764668535 1 1 0.164884569217826 0.113446121553983 0.142028691485019 0.346493292262723 0.155158074392446 0.134111960889358 1 0.123241583218967 0.134009470305613 0.149779062907379 0.232653885697387 0.999999999999986 0.156121501541222 1 0.103280829872844 0.999999954571925 0.211022500120756 0.10677711803483 0.104608552025034 0.116327015383465 0.144225871409678 0.173189490287537 0.126057224691458 0.995900344425114 0.131694893759188 0.112341657076337
0.0176516308781486 1 0.999999997166903 1 0.0281077285330968 1 0.999954786595093 0.998634908123857 0.0356414101670292 0.0247371180491724 0.0455750962314043 0.0142914629800008 0.997799112441387 0.0177400358667836 1 0.0142202495361564 0.037634753648924 1 0.0241860582024842 0.0209972371761025 0.0109569681504676 0.0142760419754396 0.0288369843258934 0.023634256063927 0.0273443383506876 0.0259238785549278 0.0289047323547934 0.0357868204850004 0.0274232458196728 0.0129617242947401
0.287878084609259 0.999815211488652 1 1 0.128962066607176 0.146399428159694 0.167292443997215 0.173235268991098 0.161791275275914 0.138932955475771 0.17051679374279 0.108894290656421 0.999998468054421 0.201199295878723 1 0.250905704164675 0.13407416295774 0.178569297098355 0.141756009873637 1 0.28181325629535 0.142094015695291 0.2141323761487 0.172614046479355 0.178136038894847 1 0.219886210275231 0.1460025767193 0.217895038015393 0.157558411540995
0.999999999405105 0.999999998601057 1 1 0.00334025654104664 0.00305185268958319 0.00223713090115962 0.00520078202558871 0.999999999999963 0.00307191638680748 0.0180327245179477 0.00790714662821801 0.00304365149998875 0.00224188691909588 0.00821230830265574 0.00431900693783027 0.0064383050290856 0.00654054118389746 0.00387991598055404 0.00876226695918614 0.00457626804727995 0.00494220761787045 0.00986501600716105 0.0176278080085518 0.00349634249025199 0.0064802581355502 0.00416647254780977 0.0127208672258623 0.0102783696843923 0.00352934111721592
0.116394635270847 1 1 1 0.100011426903854 0.999976886532358 0.256394442842938 0.0991897531077955 0.105695027140431 1 0.123656813130372 0.252867360020428 0.141062853802209 0.207698400045874 1 0.152647084207274 0.125630891459186 0.117912115546829 0.195690994374912 1 0.130943131838062 0.206692120198784 0.130588932381621 0.140659468067765 0.149300991458406 0.102344013268204 0.999992200580669 0.144287037483224 0.120454872603391 0.178597013986719
1 1 1 1 0.313655791935345 0.238725907692481 0.100538195164525 0.0714186151548416 0.0990799343295825 0.173421395917058 0.986504363807626 1 1 0.0844937567987241 0.146565515657921 0.0857570795817495 0.0709784316597682 0.113804204087168 0.156967962644526 0.0944264976780991 0.0841857654868368 0.0858307753934234 0.0861651532747133 0.106771151985366 0.0759687017690517 0.139924338719752 0.0873204803464391 0.999999982159248 0.0925222808611063 0.220306854237431
0.0646238747777189 1 1 1 0.0101735561975802 0.00429666775756576 0.0062590489610892 0.00479015144195094 0.00381197630294727 0.00403711280104546 0.00370410827484768 0.0119585922262677 0.00986235592660289 0.00615088496115168 0.00388227787369244 0.00506766127314895 0.00709904354846835 0.0207988747646498 0.00414205587956551 0.0162656791245956 0.00640834691283065 0.00249294526907007 0.00319302375121466 0.0036814539431006 0.00436113502340352 0.00491286944394775 0.00583318118335407 0.00887466025253225 0.00556758282817449 0.00310085779572622
0.0145583015692623 0.996327845682651 1 1 0.0129170120583048 0.999999995934726 0.0139822473465783 0.0335769851704766 0.0106034368215541 0.0159075866157725 0.0135305146418577 0.0160196348274981 0.999999751599478 1 1 0.0179252387082101 0.0690976956356717 0.0179928983276524 0.999999974194362 0.0707041818437181 0.0134653560962619 0.0125603196994606 0.0106087148454294 0.0172294302918776 0.0884888693579854 0.0116358639024048 0.0325547351079956 0.0122756263199038 0.013923746274738 0.0233530245780029
1 0.999899111576735 1 1 0.0757756883511698 1 0.104271106146139 0.0799667080463997 0.143075447610903 0.11988309254076 0.0814990194922479 1 0.211743195680675 0.0746837077157175 0.238922513145664 0.107837449709414 0.082891611623523 0.155946760685995 0.0690123191581095 0.0865463229736083 0.153425602666466 0.200776602307916 0.0856439840081487 0.0838472045380454 0.132442350479918 0.103586220462401 0.19725970352096 0.109510396941629 0.999999837429148 0.0882260850836909
1 0.999999999698492 1 1 0.0111544945707573 0.0127291846247608 0.0149093134643133 0.0348187223050643 0.999998967103405 0.0434095056422944 1 0.0349991631154781 0.00968811009375226 0.0168766189437048 0.0191573759185411 0.0157399080018203 0.0129917374487426 0.0134924065766006 0.0107744144465549 0.00944439608214354 0.0140716340791271 0.00970397941185308 0.0147732267281309 0.0137374716487494 0.0145057648673471 0.952744468601653 0.0361582107672286 0.0271371619318145 0.0151857410155259 0.0131808495006118
0.999999999999913 1 1 1 0.198773217825884 0.999662307779808 1 0.274692660692057 0.132988364933404 0.126234367848074 0.12374177788757 0.0992117422894369 0.132326265196766 0.151332788370012 0.111760077216587 0.251341237349482 0.119789696719294 0.154051940192745 0.108525428770319 0.995887458028793 0.12086496971795 0.173646493579261 0.150185738020466 0.133690963624648 0.142434552756139 0.119347371868427 0.103201831279917 0.121023397297364 0.999999999999879 0.139477830267479
1 1 1 1 0.0880944035542791 0.999999998108274 0.141013741995263 0.098573025559207 0.267315026229631 0.130597717328786 0.0972676855046829 0.153258039328403 0.123016526708684 0.109743517162874 1 0.168437833861654 0.186108477299946 0.0869828316484232 0.256652072339808 0.124254966567673 0.161821573720697 0.166340432078903 0.0930806097512028 0.138147183524391 0.125563670098586 0.131677002128469 0.109095754302932 1 0.13460453306203 0.155146790042276
0.111749688820583 1 0.999999995032058 1 1 1 0.0520375221827976 0.0294439923082487 0.618957558762127 0.0297275040477838 0.242209059198434 0.137814227881121 0.034975496024393 1 0.0410471115298033 0.0769454665407757 1 0.0315625878074594 0.14605028184247 0.147989863731831 0.0403244324774734 0.0728015315943104 0.028211966938244 0.0597850644955916 0.125932308989501 0.0308646148732292 0.0298325451877085 0.0379877487380502 0.527262261516167 0.0968555976117148
1 0.17256377373791 1 1 0.0512835141315092 0.999999999999999 0.0605295617674859 0.0884346223624303 0.157969304541219 0.159340025383376 0.0752525107672306 0.0645605251052515 1 0.225028969886715 0.150808432346217 0.0863697300671279 0.0827872949631457 0.142254660910944 0.142049939401833 1 0.0786954240160888 0.0590090512663199 0.16093509198711 0.0485873646171137 0.0948566285677692 0.270172240155122 0.152174621245474 0.216624360709519 0.110586270907885 1
1 0.167812973338427 1 0.478038608612822 0.127523778320257 0.219360689486962 0.130209865294314 0.0889543543702004 0.101693843367062 0.10127518562946 0.0735729053950086 0.24449871468518 0.167030119856206 0.205272518918882 0.17228517249673 0.119469585412516 0.0896328915462281 0.145739625932907 1 0.0919484809346132 0.100402023110345 0.134710604565019 0.134871435141713 1 0.120151194803417 0.212294094733055 0.991531727957234 0.123118229020609 1 1
0.999992389479789 1 1 1 0.00740596334459331 0.0108671044419423 0.0361075550629751 0.00531844045913821 0.00774304742478105 0.00968161422015534 1 0.0104874102523871 0.0118291106825907 0.0142810714877705 0.00748356101597891 0.00792380959080452 0.0188076491923512 1 0.0197464696121985 0.0803613434043171 0.0089170195528856 0.0815603423167957 0.0327571245365892 0.0141061491659301 0.00985518314871603 0.0358975444152115 0.00525486685189069 0.0056321046289376 0.0487626075121453 0.0157447507571812
0.911487665626783 1 1 1 1 0.999998898622061 0.0960222921613323 0.149565738760629 0.0433851255947254 0.167432201490436 1 0.147554211243757 0.109072165420703 0.0840367338013226 0.0951912801856648 0.999999999975466 0.0634773159383702 0.200604496308699 0.0981005485591763 0.09948927240827 0.117064161503885 0.122097777139281 0.0871426630236831 0.143483321006426 0.100592524029114 0.0564980410428745 0.0787230142632712 0.22073913646326 0.174276174251741 0.204286234448128
0.0191441735422661 0.999992232792162 1 1 0.00213726238516765 0.00228379369620524 0.00450965949784377 0.00363514435911938 0.00414723971704278 0.00474229037941087 0.00437703705592352 0.00361675732812716 0.00364901677359342 0.0053516961539104 0.00456240769465521 0.00238981141364636 0.00311856701459567 0.999990662963674 0.00558059062258598 0.0037942679172499 0.00505063906255721 0.00404406709760075 0.00756194646416231 0.00335781215277853 0.00290502611463428 0.999971754252589 0.00286350699822824 0.00536271079688166 0.00464690236117682 0.0031282948647211
0.999655380816851 0.999999999999952 1 1 0.0524147744716452 0.110152664486245 0.076482027775325 0.0800600190464259 0.065187961153571 0.0553397477570465 0.0891522169852355 0.0333567467531102 0.0814055122130947 0.0466835935281912 0.0864177775835999 0.0660405800519637 0.0639240542581381 0.0432912667225895 0.0624597597445253 0.066763351397652 0.0923276068282218 0.0471225736818477 1 0.0480396637922217 0.0530418665040492 0.0612526843280333 0.0530065430634991 0.0597163199507841 0.066149458822286 0.0621694276716039
0.999999999999995 1 1 1 1 1 0.0675017881203892 1 0.049143103402889 0.0565923744513575 0.03216621813373 0.999999999352221 0.33883204639989 0.0654890650923476 0.0941764067461281 0.211714820694528 0.0308670826393959 0.0257845979321127 0.0292957489089474 1 0.0341656089357488 0.0534485058099838 0.0484213805281266 0.0383943655622565 0.174575767144033 0.0344902609282486 0.0404597904802115 0.10435110902946 0.130041441904163 0.109788620402415
0.97881927010157 0.98723728390913 1 1 0.119062158820385 0.999766648175829 0.190922117070726 0.186117849396888 0.150872473962483 0.0747601828692327 0.186354163972796 0.119243570964111 0.116295425832261 0.113081747245551 0.10515076789694 0.999126904447233 0.0919911443721215 0.181565860622069 0.135859214592541 1 0.0925422236496123 0.108718100842158 0.110312468838066 0.105370183325248 0.0824027280061437 0.991970789791687 0.165670775346131 0.0970985748545276 1 0.100825415740629
0.999999999999999 0.0923085926389873 1 1 0.999999999999999 0.119443951902919 0.0559144502984514 0.0552841648030175 0.109094114654466 0.0488027807883192 1 0.081853207714271 1 0.0304893330997926 0.0578952716018462 0.0702384076137771 0.0566434468905407 0.99999999999988 0.999668217316116 1 0.0693288443571329 0.0606253642448888 0.0938149887432466 1 0.0545765059076573 0.0465118382713342 0.0595056388337896 1 0.0520554610858072 0.999999999974776
1 1 1 1 1 0.073486623323013 0.29575225194629 0.152793498182776 0.0672810381622483 0.112696762131887 1 0.0811199441789902 1 0.0943045249843251 0.0656493021582258 1 0.0811128036768166 0.211336230630873 0.999999999997886 1 0.0855257813963999 0.0709104406692677 0.297953603559224 0.0814437186071749 0.0984597344130634 0.144268442654411 0.0736519986844866 0.99999999999993 0.0446577263181809 0.0943006348730097
0.0235661530485493 0.999999999999518 1 1 0.0112588276912224 0.0103861302187024 0.00500486744276263 0.00342022589239732 0.00352421602864528 0.00481853872614546 0.00258275694375998 0.0035276535255464 0.00307523471823512 0.0053353769838197 0.00336185166214564 0.00591744536809402 0.00795405589191278 0.0032138653076017 0.00646944831664786 0.00439859307831669 0.999650731551738 0.0063515774777505 0.00304849133089857 0.00243957924998883 1 0.00930107150848647 0.00403214818561171 0.00481839730672295 0.00285570760868292 0.00526069490136782
0.999999999999981 1 1 1 0.0155225760691673 0.0139212944760077 0.999999752455915 0.0181895841239773 0.0281893291869738 0.0477747279394702 0.0322261433312035 0.0232529020593616 0.0133350214348773 0.0171190342405882 0.0287898069489109 0.0254110570843259 0.0181672866771529 1 0.01820656308311 0.0248689111537949 0.0406430727888707 0.018266727482401 0.0237768743171061 0.018963393953666 0.194143309266725 0.0257284817876154 0.0192157493039001 0.999999997159125 0.0254045461504653 0.0737959210208183
0.16000374354107 0.975597191685281 1 1 0.00286302546444961 0.00321310064163383 0.00669825281318415 0.00565934782942834 0.00302712335823907 0.00258601966378857 0.00253584927779249 0.00521144314854249 0.00244098160430439 0.0632137377092367 0.00211779063885309 0.00297525013645505 0.00241673662305353 0.00303966126526856 0.00187316473618637 0.00284289489101619 0.00226406770206899 0.00198075319469271 0.00980221857713648 0.00228427971859735 0.00455750513315711 0.00472012377030784 0.00344526265711109 0.00599391597936605 0.00165573390375939 0.00411247745335652
0.349891364254272 1 1 1 0.0173691844858122 0.00593628185497974 0.00617027850948049 0.00322504483211172 0.00474442075421078 0.0197211048663553 0.0232746390586739 0.0111836750910084 0.0437729821451307 0.00406519188165233 0.00908444985479973 0.00667193325937065 0.00606030379066191 0.0789486174831276 0.107399592590216 0.0109274365669556 0.0144099532921238 0.00827512276300235 0.0155828811333734 0.00412349345311114 0.00425076782770895 0.010842482603064 0.022676190556404 0.0151219217405966 0.0156275779008397 0.0477220408532769
0.191866333848982 1 1 1 0.286966616095725 0.122105607784035 1 1 0.172882838123826 0.135007073740403 0.0765024319069756 0.0896029832384392 0.0873852851264544 0.0944332942154448 0.0711380745622171 0.749214420540067 0.0910685777921628 0.0927389564624223 0.145044642274638 0.111711235879155 0.0717611511195984 0.0943892897576765 0.0996333142329875 1 0.0641277502053067 0.0906339505140162 0.102058587598994 0.100726906743339 0.140977992615002 0.102562411043647
1 0.999999997228622 1 1 0.0635783405178052 0.0872615716181593 0.999999999997779 0.0725258011806494 0.0593715830952671 0.124131520818206 0.05352931461553 0.0615112142027892 0.106088204359284 1 0.106654834996841 0.123438668130691 0.0810223554145074 0.0958957216797286 0.128635930462102 0.0490659695811378 0.0605316601593011 0.0607783807315315 0.11634038524518 0.157935659978516 0.0790072532584939 0.0423052567804713 0.183889477188554 0.0819917194638495 0.0894496466155448 0.0744019028990297
0.00169036130667277 0.99999999997105 1 1 0.00289872088541532 0.0019529746164052 0.00277734417466025 0.00273570087684372 0.00470006772663967 0.0018653739427682 0.00262093647445782 0.00298009320565495 0.00224222610973956 0.0015405481070514 0.00204869169428556 0.00220907119258895 0.00127460815451941 0.00164851190996118 0.00163069258708515 0.00308245241415384 0.00276600252160686 0.00281820718400905 0.00163133721214181 0.00187283849245279 0.0015704448733489 0.0016240162569926 0.00242508222684745 0.00235183813383266 0.00128356515443229 0.0028508094151023
0.999999981938052 1 1 1 0.999999999999926 0.0186412137298293 0.0126457029905744 0.0179902251394861 0.0266698273516579 1 1 0.0369330504540549 0.0126652653940341 0.0231730361072434 0.010954393823546 0.0170465273484439 0.0122508570058899 0.145816891086498 0.014552442129805 0.00864600865911447 0.034073868284146 0.0283934512023017 0.0101721498845652 0.014495137963356 0.0222850395804559 0.0182599496070488 0.996125341324787 0.0149677570022638 0.076558656636797 0.0114543597388098
0.00590045935251904 1 1 1 1 0.00499968844401788 0.998047371378908 0.0053589613220365 0.00339450691874321 0.00497618303658065 0.00627544556799331 0.00339245717537817 0.00911186220009308 0.999999665857163 0.0299717321720919 0.00347814466701113 0.0043721772345312 0.00437600676900274 0.00480066566159032 0.00441519366827503 0.00444075840008473 0.00567424035164676 0.00918893697328726 0.00287745863772904 0.00754580774225821 0.00595348444448662 0.00409352563265386 0.00360056947038256 0.00559698134864095 0.00484142798436438
0.00323776345297278 0.999999999999996 0.0402317307356531 1 0.00507218811422616 0.00421604895111505 0.00328006972846318 0.0159948936243838 0.00440327996521628 0.00425922099905307 0.00309703598409861 0.0045735026413366 0.00541635444968902 0.00398165094534519 0.0305962276181602 0.00366642299331221 0.00652779613232657 0.00522902303967032 0.00405002149055678 0.00410527217949408 0.00667823298102188 0.00518585933810289 0.00866675735313882 0.00510586508067346 0.0130470341289558 0.0559221338213359 0.00593299830827698 0.0150690806928522 0.0038605166713751 0.0317052127532057
0.999999999843816 1 1 1 0.157469625522203 0.162430946140827 0.142160070727429 0.13547541096885 0.140707851895439 0.114264253548035 0.137180155200217 1 0.142350114331878 0.0946889102560979 0.12785632967016 0.135069031805584 0.107539516816408 0.146638159167043 0.188426643260076 0.198850297057919 0.161448740980311 0.0777588909848772 0.964075528016014 0.145738319542395 0.133283552882312 0.100538670705028 0.999992703312314 0.128771724671138 0.124951060408515 0.122991308406884
0.019737878029206 1 1 1 0.0134471706417904 0.0137678444734906 0.999940547084773 0.0652735773609801 0.015826716390443 0.0192820482420843 0.0199501410292007 0.0138696309995402 0.0147870440997079 0.0224974163065129 0.0518385037391117 0.0149180155702114 0.0167127528851753 0.0222924743203748 0.99999743723511 0.0383096408900311 0.0277431329625767 0.0323282176728079 0.0253864836867267 0.0682303144529899 0.0275010190995474 0.999999999999999 0.0183522552603499 0.0247448902361361 0.0556145252871414 0.0353057263150455
0.0782337821676058 1 1 1 0.0475611499296731 0.0753516128459515 0.0626431078888805 0.999929369950149 0.0956029918716301 0.999999999999987 0.999999997027599 0.0913551782301082 0.0577213932373538 0.0625802854684588 0.0679325336564282 0.997429110107828 0.268947910986794 0.0599217431586734 0.0886269079873421 0.0766085846487149 0.93126020530681 0.999999067716538 0.0670783962196422 0.0828396730770201 0.0673325057085695 0.997079866146222 0.999999370106268 0.0522910361313444 0.074778342047626 0.0847829379943474
0.00121415590399443 0.00695094045239497 0.999999996595576 1 0.0011298936948021 0.00128583689940875 0.00272346382546296 0.00133290161590882 0.00153139804030455 0.00206404446320008 0.00212209084860693 0.00174053023515508 0.0014162033180819 0.00312890773581509 0.00176714268837697 0.0028571530565551 0.00143696201300592 0.00120007761081964 0.00236882654936188 0.00135335203277398 0.00335583127175565 0.00155452627370156 0.00107422521158207 0.00523682240162837 0.00173577407359582 0.00178417095724737 0.00145725274458386 0.00234736772886501 0.00123518950291324 0.0023502513337188
1 1 1 1 1 0.0146978907138329 0.01198833842297 0.0213676010948487 0.00818010052092732 0.00491113964488787 0.00461034482247991 0.00639609968983201 0.00376702302132437 0.0154006195673196 0.00627484429231584 0.00822866291132018 0.010423960668956 0.00517921503895968 0.0178333108825317 0.0287121555817039 0.00853669122735723 0.0150433379358749 0.00596764138507411 0.0115763085692557 0.00655522366945815 0.00590690895676227 0.982999780984964 0.0548232209371925 0.00646618070972049 0.00609479060225815
1 1 1 1 0.0130398382658853 0.0577608966474001 1 0.0111371455868929 0.0122434721114977 0.0574048792531572 0.0105872741562867 0.0117980605387725 0.00822928589268579 0.010938708911201 0.00967501950521021 0.999999998609653 0.0119442963818529 0.0121812523060111 0.0273317828378669 0.0306700792715232 0.0239031783298337 0.0107084111028635 0.0226214066830933 1 0.00712109223618462 0.00975892928361011 0.0767597024284845 0.00735579639321848 0.0109877126089211 0.99999999995849
0.00420642839140173 0.99999999913585 1 1 0.019693696237735 0.0122561654601218 0.024736189005484 0.00756821665269491 0.0165280527752646 0.0289760110741506 0.014928840961684 0.0233630080163902 0.00923731813709039 0.0264786146923865 0.0207819498908424 0.00942575511012622 0.0405436978892443 0.0191655265893882 0.00769090454221688 0.0363057707974398 0.00896053017045706 0.0609548444535628 0.0253121136633211 0.00395815140726752 0.00463204449133159 0.0217737108192992 0.0267606550326395 0.00765407634543613 0.00460603647472579 0.0310523435130693
0.73685321616534 1 1 1 0.0118696743262378 0.0104445747668582 0.00911348423508551 0.0116215618507878 0.018421145931579 1 0.0153119962907804 0.0103696609033345 0.0286188849754295 0.0122480695213999 0.999994316766729 0.017150569019339 0.013416083268764 0.0138120441223495 0.0157975081258922 0.0153338300467203 0.010183218969236 0.0116812344602472 0.0123184198156162 0.0180411692478597 0.0115287536833687 0.999999931644809 0.01356483559969 0.0146262499970836 0.0287025261017005 0.00703869881973074
0.972149424860566 0.999999999999947 1 1 0.0323122472139938 0.0163535713348455 0.00975066352812226 0.0144008113025059 0.00849217179921558 0.014647052163525 0.011015399271926 0.0132934072852978 0.00989632838770971 0.0177404263623046 0.0137854821082085 0.00829052997187252 0.0356772291410348 0.0105504342671737 0.0101222204092474 0.0153543323760387 0.0107599485992063 0.0112656206658884 0.0153398316467908 0.996265364272355 0.0119759519533438 0.00886015476210722 0.0316240362499361 0.00961588598272989 0.0112350433170104 0.0117019791765479
0.0705454440374074 1 1 1 0.01290809714053 0.00839882377391199 0.999999999999991 0.0277324204616346 0.0126724265668436 0.0148175611033116 1 0.0878376764343933 1 0.00714879615551423 0.0127383535430079 0.0389831467269495 0.999999999385654 0.0109883395031899 0.00815350606800358 0.0113426221085255 0.0114951893647561 0.0131169189533713 0.0311974720594567 0.0119852089495289 0.00809869039036637 0.0101033796195873 0.00922916879372659 0.0182883455315327 0.00987548337187938 0.0141531518277009
1 1 1 1 1 0.190500202506617 0.163347471772022 0.12186171242813 0.046100385352414 0.152843677763584 0.091742769807695 0.0642520791540453 0.092214510263592 0.232723465714357 1 0.0763108682756429 0.999999993234405 0.0344201333749415 0.0810949193757411 0.0598258195416137 0.0634242567598521 0.0584830695192573 0.0656319710565291 0.0589284123956682 0.0432694940204887 0.052504531447723 0.239780757547753 0.0582389352847821 0.0589419328326435 0.0450607182459727
0.999999999998549 1 1 1 0.0138351740019199 0.0170219280831611 0.00409049375243997 0.00742338109976526 0.0195484901122749 0.00753911090041348 0.00476320824341758 0.00394283773941984 0.0129058950661648 0.00886225721986555 0.00770847195907942 0.00662547288469217 0.0219763023039178 0.00582575160948362 0.00385175294746631 0.0139706440882494 0.004801239610013 0.0118071199612717 0.00896923765218738 0.010698163470886 0.00626623113974911 0.0194124258429987 0.00568413289770042 0.0123481484738859 0.0426113109756854 0.00303008731459797
1 0.999999999999998 1 1 0.999999200196944 0.0182534279926503 0.0271272334298744 0.999999999999941 0.0247597028010196 0.0304835595177924 0.141539640467397 0.169623562129117 0.0291487756162551 0.0165293082038919 0.0108806294198125 0.0132442588074382 0.0167225409080288 0.0193800044385889 0.0223782873285857 0.069425117553086 0.0194743661280588 0.0189621470989666 0.0178416203347749 0.0311403140604265 0.0818407808907156 0.189317838096509 0.0159125173444287 0.0111248419614208 0.0225131474646668 0.0833898691962678
0.146476554302984 1 1 1 0.050320655577939 0.0464084564843449 1 0.0606133071003541 0.902417567732847 0.0599776678462344 0.0616716519531285 0.0496129457074027 0.0537564254031341 0.0507766884543385 0.0533036096495624 0.037921159435112 0.0536135061941975 0.0413549464059234 0.993972176937482 0.0598950162930685 0.0560937648947586 0.999999999959229 0.079769457655908 0.0393961533581679 0.0723260467941008 0.0575945684932376 1 0.0581376326401963 0.0416115765062742 0.999990280418061
0.109694464475062 1 1 1 0.0754381644535073 0.0658726345602617 0.999999999093415 0.0711767481261625 0.999999908095064 0.0798311559472447 1 0.0823593282347818 0.0800038696562259 0.109114418577661 0.0734736056116412 0.0633037553283774 0.0686856068869792 0.0940224866687099 0.066739628757968 0.127316193921408 0.266106957345599 0.0892626897714233 0.999999999984602 0.158917304781278 1 0.0993850275299962 0.0897058264926678 0.10603314952664 0.0662965840273375 0.0877409627686019
0.0331065028058095 1 1 1 0.0140802762106333 0.00951538016357045 0.0124466573492549 0.999999812420807 0.00832678992933511 0.0149383579422839 0.0266033787344915 0.0113341235209595 0.0148495453113869 0.018131505480365 0.0120478110585467 0.0256605055648101 0.0123159094198781 0.0145481391274332 0.0115392848844221 1 0.0110381550848587 0.00888385747092957 0.014543401495245 0.0100834008739434 0.0111966887831538 0.0146298589143646 0.0163018105334746 0.0187904954511294 0.00998510255211593 0.999999999999924
0.134209719521323 1 1 1 0.0992085807809108 0.957659444577651 0.0978705527119017 0.112048774247873 0.0825275498867591 0.0894621299470965 0.10569225657869 1 0.101604044018818 0.125879353527065 0.10738329686075 0.099443785647606 0.112464010223965 0.101957474554846 0.102660344785091 0.131252348596459 0.996681449475263 0.212687524200439 0.15664702494897 0.143295398267808 0.0891631270513835 0.122468771791348 0.211731346083626 0.156730439639081 0.12569820273432 0.107453118465433
1 1 1 1 0.0981403418602217 0.143069782075459 0.119971011413087 0.152091923924007 0.134415219493494 0.119904342282886 1 0.167305528363966 0.163686188284987 0.138018116768842 0.113487412050958 0.109288038394366 0.0844867686925197 0.161722504558363 0.109089416798237 0.0937676307228289 1 0.124044985405249 0.111460527374821 0.330928429683761 0.209294244863415 0.14954007513409 1 0.13242782508182 0.152537809594155 0.0931140014860311
0.210005607580694 1 1 1 0.101378821977681 0.645956220744475 0.0541728066636353 0.0436024069465036 0.127044412759994 0.0218336071618987 0.708155762643528 0.0140820265773572 0.0749009235907493 0.581124972514083 0.0126736982302772 0.0421171585187277 0.0793058094410514 0.115890792853083 0.0299717753895666 0.183977289041187 0.0433873522028674 0.103575065412266 0.149247714902427 0.0417795461244446 0.748899555396542 0.0373611525942523 0.0188427357592641 0.2943238782386 0.124131999377714 1
1 1 1 1 0.99999990976732 0.0069455945931256 0.0155044639911627 0.218470077443837 0.00869023317759998 0.0111872502608146 0.0161045930854122 0.0295759604997686 0.00467161368536906 1 0.00555505120587751 0.00838802764333935 0.194976596465724 0.0145715167451352 0.00849606695308081 0.0399087866013595 0.0105952551552548 0.00842178341396305 0.0129530619743857 0.0242153167584169 0.0046090221639502 0.00587932387038137 0.0766232121792916 0.37939016028764 0.0215813796769362 0.00898138022904382
0.00191095724871571 0.999174771184008 1 1 0.00376933069611074 0.00329599058168506 0.00262944485217065 0.00423902171541901 0.012632767887228 0.00528742466208099 0.00826674902598379 0.00666155814629854 0.00282426551889747 0.00273196686165744 0.00616627516732571 0.0111636884714695 0.0031157761810735 0.0042491923025616 0.0219067359426519 0.0019986745553453 0.00504098078130744 0.00510276006940491 0.00312628727174691 0.0163410558080085 0.0029865853292097 0.00385916886400739 0.00922437295199874 0.0115829126498145 0.0360351685442936 0.00441301401613114
1 0.999999999998508 1 1 0.0756817987876872 0.00458683754791234 0.0049138474603857 0.00823531484094331 0.0149375404530292 0.00727865623129897 0.00758637142571106 0.00373081730152058 0.00403709139503738 0.0180457012562032 0.00548622705720181 0.0111468280082421 0.00572168710213616 0.00509497549618487 0.00577571610784877 0.00359465270629922 0.00501027548254784 0.00625889629962473 0.00772266753345152 0.00707293410680465 0.00612665110060573 0.0114047987178214 0.999999999967214 0.00622158139948925 0.00644263330337713 0.00405051831269698
0.999999999999906 0.995849741949771 0.775026853585729 1 0.0735489901758724 0.0436165149760797 0.0270430290112609 0.0612228983680851 1 0.0261494713231177 0.0951841791622858 0.0336229118316813 0.0338558884582426 0.0933213900161092 0.04988710113427 0.054280930635346 0.321795425427774 0.152703358114167 0.0270609059862755 0.0397631246013295 0.0421734256247723 0.030235141341287 1 0.095694234541569 0.0255902577831176 0.0740564065252559 0.0318607050997788 0.161091332680559 0.0847375713385978 0.0290535958739192
1 1 1 1 0.268873629762095 0.291665446772141 1 0.383650556144056 0.369823262361753 0.205392546063865 0.999999998549263 0.17954186290178 0.552767513698879 1 0.257798066453135 0.223384328713451 0.269351648310649 0.185697304397662 0.163907654322705 0.189526685601797 0.207528603901536 0.374804044558079 0.211998684152975 0.370128286494975 0.293528785895959 0.999999540864374 1 0.404280083189752 0.288960615870547 0.234904564525098
0.15505310463597 0.999999999999915 1 1 0.091337750447842 0.995893288079843 0.135749137119589 1 0.0836111961013578 0.107268465995064 0.106594676653686 0.153529814316568 0.14500053073421 0.999999999999867 0.315378397447891 0.0906401754040188 1 0.120776384773695 1 0.0866363958590913 0.165826023860924 0.114925160385288 0.999620353248756 0.0785316172540887 0.206138574009288 0.0974347592113112 0.223779166774183 0.999844703548785 0.121289298124458 0.091382066553394
0.996309873891334 0.99717052579847 1 1 0.0101803385608528 0.00762821105988309 0.00933877024652041 0.0916531076529675 0.014799081732314 0.00690264881664027 0.00747071313502656 0.00718125072224784 0.00966576277962672 0.00484437249825331 0.0122946467241476 0.00621977397723317 0.0060093619460001 0.00871749659268384 0.00953560148176891 0.99996679821512 0.0838588669915014 0.0156114651444799 0.00683821174077348 0.0132657219168516 0.00926318490073097 0.0120195429735713 0.00728414567503133 0.0196861660257936 0.0109751203560211 0.0128846836587886
0.999843237195913 1 1 1 0.00698972444480939 0.0163859791903694 1 1 0.00828944720856273 0.0687095061604462 0.00663166107075364 0.0411891834789218 0.00872806835673035 0.0072819276163183 0.00882416605039704 0.0970526135895109 0.0190277584399778 0.00500365949695958 0.00843880445218848 0.0224213975899165 0.00687567776590803 0.0119925997851232 0.0226314968639447 0.0519892514871713 0.031425274707345 0.0164387986681257 0.0265508194561945 0.0152052229075789 0.0103261501762365 0.0275096942283085
0.999889137287954 1 1 1 0.0848078602743627 0.109441333228735 0.112021262735968 0.0653682458151998 0.11157217009114 1 0.116391705444042 0.99999773245349 0.0843143299416701 0.103171123520521 0.0738888457333163 0.0889119771637554 0.0958660815828948 0.0810186023995283 0.144910932683726 0.103927259103951 0.0802604253496446 0.157118467073358 0.138073166334271 0.126855066067973 0.116942369133886 0.103554019420327 0.103764006983517 0.288587895677442 0.0810409766471042 0.124524718265208
0.999999999999981 0.0250828032141387 1 1 0.0304694843997901 0.0145577262058572 0.016098633464886 0.0222082918848834 0.019422577680186 0.0153424758202864 0.0207144679579228 1 0.0126814446493476 0.0246915218299369 0.0143709304716532 0.0157287494970505 0.0148749364744523 0.02709986324012 0.0110686068105665 0.0174613279062844 0.999999999999906 0.0246286590891219 0.0112709485608755 0.0158651977378593 0.0211359847473006 1 0.0277713857256744 0.0134426861329898 0.0620080175931256 0.0191853912300266
0.999976720180279 1 1 1 1 0.0781616315706407 0.0666202404233421 0.0817047914303465 0.0995213597091553 1 0.999999823811308 0.999924359681066 0.129562631372023 0.123865094796345 0.398448369202486 0.06147522538512 0.151690013576349 0.118189925406939 0.0964625146222415 1 0.163560123379376 0.0619187178722022 0.0613999990662408 0.0833948499924837 0.0887346350192635 0.0952243922974529 0.0608702127208441 0.216543830461446 0.105032983075136 0.0978403771873901
0.999999999998986 0.261871669736562 1 1 1 0.282565798750538 0.999447436013646 1 0.218743223491807 1 1 0.193609349043919 0.999903283461366 0.440955148417422 0.149434604217547 0.243907492088479 0.220704148087904 0.2176773099452 0.270972493603187 0.307290415416824 0.245820750450821 1 0.243276135603866 0.202435526162177 0.302984208779726 0.193154022426858 0.195897531924736 0.35709982825259 0.241931760805484 0.200727260395945
1 1 1 1 0.00852359320032026 0.0528067156881653 0.0103645409125556 0.0135133690704322 0.0113827539335692 0.0216214676067278 0.0110511360533669 0.0129230457513112 0.0653121140748175 1 0.00909236556220649 0.0115575553485465 0.0559140564977731 0.00843485056466031 0.0144250380598915 0.0479070087676861 0.0105412246806821 1 0.117453861312731 0.0128100615826994 0.00870911919038797 0.0429441475674248 0.00776131093543675 0.00601009131447461 0.0153693113520645 0.01373505239183
1 1 1 1 0.012946642101981 0.0228821409649798 0.999999999960903 0.0104618204595602 0.00907588972285112 0.0253687863865669 0.00604892957559 0.100721739727927 0.00935678884034263 0.0130165335095952 0.00581298873868219 0.0106573872499159 0.00436874054748937 0.0277741038064004 0.0582527518476389 0.00873272866137775 0.00782516831031355 0.119037344579956 0.00711815195584198 0.00989771274661333 0.00558691183391891 0.0153948889006466 0.0443299695764791 0.00640739588096995 0.0135503258450994 0.0114543176909979
1 0.999999999999999 1 1 0.064187333477203 0.0994874697387306 0.0588998394136185 0.999970033476204 0.997971865402312 0.997802866520064 0.0816369550097631 0.0638431737471196 0.0635114641948846 0.125016799535206 0.0621215021800735 1 0.0769128388160331 0.0747327093008796 0.567835855021155 0.10823860708966 0.160111547844505 0.426911008930282 0.0759832676610324 0.0720740710521867 0.103499956831133 0.0828527269126446 0.147678961284585 0.0789192878739788 0.213786803194264 0.0652238537271105
0.240996589618932 0.999999999999955 1 1 0.999989686674999 0.031728831787836 0.0307650473634614 0.0563811731678038 0.999999999999993 0.0350279690953129 0.0291866338620534 0.0381854667506881 0.999999999999977 0.0454706812861703 0.0297914382133876 0.0314399008371579 0.999948241922353 0.0423131659055672 0.0385695772623825 0.999391878642562 0.0374644514797136 0.0294903654948687 0.0427930375488904 0.0456861620731027 0.0242742770454674 0.0257815426702903 0.0303456667911078 0.0341243627520549 0.0404342665713373 1
1 0.999850168842536 1 1 0.00999525497548903 0.00770313265756883 0.344030060584807 0.0126183440461347 0.0209778032565726 0.0131345874433021 0.034400442438777 0.0122537402830398 0.00879162858913929 0.00742126256357556 0.00948653107707997 0.0201298958093014 0.0110604757207537 0.0697369035139971 0.0122773021299087 0.0122418285692427 0.0102161096195794 0.00874358578562229 0.0177868613051846 0.0103697499519447 1 0.0207971242743163 0.0233803796717075 0.0148919318089775 1 0.378140120712175
0.999999997865778 0.999999999999968 1 1 0.0724464876371369 0.0337785607301915 1 0.0523810834198672 0.0371688911411051 0.0800541135955434 0.99999996378252 0.0605992748826097 0.0441483377568478 0.0551132777081982 0.0642120274512744 0.0542426072159705 0.0625109956990039 0.0617347264016979 0.076839892229565 0.999989177752413 0.108062111071898 0.05112704621955 0.103211220753257 0.0884371183837342 0.0541339408204675 0.168727805927856 0.0325401652370776 0.0475226230730261 0.999999999995863 0.99999905800065
1 0.334106838474196 1 1 0.157410158301608 0.186419565242704 0.153600491028798 0.169660956974855 0.153337129352099 0.248053071023466 0.208985416133136 0.166256199053114 0.165559209647641 0.288000105807612 0.113739320556168 0.185716320524111 0.191119412369556 0.188960325572444 0.419071676049339 0.175277136712983 0.80128180873928 0.145500515914608 0.171839921239779 0.215390096695124 0.237889002172726 0.130814206810454 0.144873433531186 0.196517276059285 0.220624907237646 0.165055446049664
0.999999996488249 0.997908577089012 1 1 0.0141558379508673 0.999970252838933 0.0150909820436097 0.999995622464903 0.0163861137911315 0.0211861638817945 0.013503738149574 0.0158394840060653 0.0168560721217899 0.0151584090125749 0.0214810882511509 0.0306206613529318 0.0220125776364444 0.0308435792483008 0.0259132608347938 0.999999999941242 0.0231029496147795 0.0313443087408301 0.020420963515504 0.0319385137117519 0.0145952984676131 0.0181077380381593 0.0197486028510306 0.999999979868197 0.0200046638800638 0.0284237965042582
0.0334914409728795 0.997966598417513 1 1 0.00233328286574974 0.00334526190906059 0.026543559959324 0.00368370508843308 0.00386965543821016 0.00211309637252477 0.00552226154417246 0.00420948220575434 0.0022504461889804 0.0028460906283877 0.00284235378704756 0.00501362005870909 0.00313144529868603 0.00242993402791281 0.0031342577309057 0.00321420961900676 0.0127004999395754 0.00344245470860538 0.00541073324771413 0.00378845919503934 0.00197012205483793 0.00277818368594018 0.00648300626499487 0.00394769879378931 0.00310470714496014 0.0121071588313368
0.999999700952387 0.999999870990095 1 1 0.0158247373209366 0.0073768769592284 0.012748745952416 0.0157211655577412 0.990915900009629 0.00784306162046311 0.0137787374649321 0.011217420430499 0.0142038379999854 0.00812977864400499 0.0140965201844065 0.0169617714767556 0.00615890545233122 0.00996391896868798 0.0066881544534616 0.00879549169199334 0.0156098906336617 0.00875092107911213 0.033257016369185 0.0069357617877297 0.0322293755400243 0.00982828442482653 0.0129148345493186 0.0223755168708656 0.009187522391644 0.0221577638063509
0.999984416891013 1 1 1 0.118962175236832 0.999999999338143 0.997806713184484 0.171648776956663 0.0973393676144652 0.116599419804195 0.139932782694953 0.126737122661515 0.140444422863863 0.101883247434155 0.1062453700362 0.15770685737905 0.241095524273308 0.0840022663371077 0.999999998201805 0.162620685249855 0.120656968606944 0.108173928395104 0.114180664572953 0.175029434775165 0.135032253232108 0.320798970963325 0.168060702161449 0.081977976931161 0.226776913137619 0.22322057816235
0.240958850256005 0.697717150884852 1 1 0.158908639234219 0.999390374641697 0.999992621117882 0.204187888894062 1 0.230859466140332 0.20864714173869 1 0.267278301742542 0.225790837149499 0.99999988897619 0.231014446476472 0.160099974953276 1 0.22370324040094 0.192219550574324 0.148153920332955 0.193810259866751 0.216890015968546 0.235434742964529 0.171187672322248 0.226112108298997 0.160120161551734 0.243965063329447 0.299069999671041 0.99999999999886
0.101444424127083 0.999999999999977 1 1 0.00393201179890523 0.999999810352833 0.00301069982610058 0.00369160150097991 0.00240707877854807 0.00323561591958987 0.00579336346452286 0.00345158684018632 0.00431534294356084 0.00523265637842674 0.00284845642589471 0.00404649414315927 0.00782175616591096 0.00270527052018688 0.00363658543597833 0.00515350723567953 0.0063897657530777 0.00739643962358938 0.00370356285784335 0.00256234798625554 0.00329468229953966 0.00464940945681347 0.00524808971984791 0.0145825507122032 0.00191601493026372 0.00483067414352367
0.999999999999994 0.999999999999825 1 1 0.0917003145182073 0.0520586943904905 0.0413597950076835 0.096317150999824 1 1 0.0342364535171473 0.0381443459284286 0.0757969225625955 0.031563918126463 0.0288818027233065 0.0251644981461576 0.0326545407305949 0.0475367563279518 0.0246248361889302 0.0376275148683527 0.0266209193624051 0.0371737685120761 0.077290306331417 0.0729908894587421 0.0532256000930965 0.0767764065924992 0.0200576362468922 0.999999995446201 0.0298987009090685 0.0739020550027126
0.999999977840124 1 1 1 0.00361445951805339 0.00250399360170495 0.00251081901231409 0.00320812061764997 0.00422874011922247 0.00409013148947979 0.0038211025945265 0.00319284897405891 0.00376172539840347 0.0037382570777047 0.00279063583895378 0.00557979691036037 0.0044502744229622 0.0199434597059356 0.00466849317726226 0.0329843766715473 0.0141504828820054 0.00384874436827953 0.00304977427952247 0.00254138611542609 0.00468611139866437 0.00217330359864709 0.00366051092627939 0.00490634014774494 0.00560249543042157 0.00553467188650503
0.0275585374297441 0.999999997902349 1 1 0.00920151424431959 0.00415528327201564 0.00242458682509461 0.00718295887874554 0.0103540961164484 0.0037873592798936 0.00467988403686781 0.00412280399404497 0.00868140578297205 0.00542830666179706 0.00791358512411156 0.00231880617587399 0.0024765637138322 0.00649904881077901 0.0110565667065846 0.00339230787618638 0.00518972485348701 0.0121770405784094 0.0031855125227791 0.00328396917065399 0.0041281163530198 0.0039911136437969 0.00484914829279937 0.0071745506181583 0.00511835378351966 0.00528173901353857
0.0132875864836793 1 1 1 0.00398018378930265 0.00676558301464913 0.017778007246107 0.0136575321015848 0.00404428208642049 0.0124162585673226 0.00631341064058988 0.0127469602112839 1 0.0323725916381079 0.00603486017377319 0.00359178802253268 0.00952149036238781 0.0159074785053007 0.131548325679903 0.0362400315064831 0.00316128541738392 0.0166185247625895 0.00538929977611124 0.0154694359589296 0.00979011842384814 0.00472288573779978 0.00807811392384339 0.00375219825964801 0.0108173903963978 0.00361774640671175
0.0870195132874935 0.0692531278583924 1 1 0.999999999999745 0.0393979985553196 0.00985047394050043 0.00579057826907936 0.00759984486656429 0.0125696802766778 0.00784691009273542 0.00805390430527253 0.00738600848530657 0.0068972714491865 0.00986065160100857 0.0116950135817723 0.00744535409382041 0.00815433765997775 0.0106270680980961 0.00769860251904286 0.0099999304607804 0.00937112975714716 0.0176822478276437 0.00746237568688335 0.999313563567378 0.0091713339901327 0.00648475530246817 0.0160341300731326 0.00996284500432032 0.00646420216586097
0.996416876872918 1 1 1 0.0441539718139474 0.999999999999936 0.0510163074235022 0.0687105417619658 0.0838789747268035 0.0425721598274925 0.0421512958274934 0.0443966600505223 0.0897807768017554 0.0483039572603762 0.0449296004550545 0.999234117074943 1 0.0331304523539721 0.0506626531839361 0.0588670676649499 0.0918159011063461 0.993162278422165 0.0531494426567785 0.999937093419124 0.0706143172386563 0.0499076335310658 0.0614783172156315 0.0504063886194674 0.0489438425554412 0.0611562499377061
0.999999308208028 1 1 1 0.0436337222730869 0.048352203325607 0.0592370714579045 0.0379363235166791 0.0514415215724475 0.0475545362832048 0.991744058942193 0.0389575614921481 1 0.055201769134966 0.0426158506762084 0.0367265766121927 0.055764772280246 0.0440308736692309 0.0348835509711186 0.037071059721476 0.0422040783809834 0.158895690082139 0.0503052160135349 0.033180886830159 0.0261933912018928 0.0425613074637062 0.0511617054474173 0.0762477238694712 0.0491520798071839 0.0402108416132747
0.999999999929043 0.999999999999992 1 1 0.0281679879536536 0.0308999423254791 0.0443338703284321 0.0418376077241074 0.0335037640608169 0.041107351300944 0.0287817288140965 0.0384219315308285 0.0725735143220011 0.0301617616300562 0.0241389872422562 0.0340003067577607 0.0342252556173782 0.034420484873553 0.0411398102495013 0.999479222792631 0.0262107989368391 0.032126324142625 0.0313933457026188 0.0277138809233444 0.0324959835571509 0.0260263007047173 0.0282974961710329 0.0316099338375684 0.0336873783220297 0.0281356014241125
1 1 1 1 0.259118319461372 0.209115017837168 0.237054232943367 0.253324844270778 0.99999632616913 0.231181190106279 0.321631278898922 0.999806753649569 0.345289803362822 0.221658978239331 0.248825456455011 0.305319728315567 0.280326174866303 0.219430768762141 0.202144581974037 0.25064445511743 0.401724087322368 0.335376738180978 0.280745516732151 0.172649709597586 0.270983297418543 0.263838657950434 0.371016246426516 0.212667861029478 0.340333415596042 0.999485425422932
0.999999996041726 1 1 1 0.0110502103338291 0.895216238796194 0.010370449336178 0.0103818913325983 0.0104174388434283 0.015159547875559 0.00715019233804992 0.0412034195279514 0.00981414403183889 0.015769725119159 0.00987863916459153 0.00948550440850737 0.0106671181781748 0.658825070185562 0.0465787313462783 0.00543727157200891 0.011951647106918 0.0133664847681261 0.999998918367249 0.00598112047882249 0.0102206820583703 0.00708763624464048 0.00844917552567293 0.0125554736541392 0.00864894782103853 0.0192437870710732
0.772497145183896 1 1 1 0.0774548147961514 0.0651109903620185 0.0635316239990865 0.134057194808876 0.994990762505343 0.0924696687015735 0.0647853842685672 0.095182622812003 0.0903308774792039 0.0797978421686382 0.10288674913496 0.0776008345143216 0.0773169095591248 0.0692172469873904 0.0932582663077167 0.0835526122935757 0.100867430908988 0.0695653775714945 0.0699196371456038 0.0714121020662275 0.07619628411926 0.080530099617613 0.127163189868138 0.0966436781233437 0.0562076961876466 0.086351484196162
0.0318646130666512 1 1 1 0.0223173999534523 0.0372284184494989 0.0145550518702908 0.0186350821541086 0.999999999997813 1 0.0195180641933335 0.022244411251494 0.0217653792245052 0.194393006720724 0.0157502962577889 0.0232881976366496 0.0145009437297035 0.0159586936226743 0.01958699116381 0.0165434672051659 0.020174742631065 0.0719253021202195 0.013957933750498 0.0205125546344558 0.0310229667987246 0.0169118761875651 0.0187892001365216 0.0176482844711329 0.0289183435485924 0.0673755813573085
1 1 1 1 0.131151000324886 0.042408419017508 0.0524953475741936 1 0.0423386658058613 0.0756612461500819 0.280002176931177 1 0.161241760319259 0.0315642842695806 0.0860962933522303 0.105856280778382 0.0537561603688423 1 0.11358085664118 0.0483333544576707 0.0477375813002789 0.125842939460391 0.111604867589764 0.999999445777326 0.0353578306358393 0.392080366430095 0.0566138156770664 0.0378882660939046 0.0480339240630935 0.0493079128982163
1 0.99999999999954 1 1 0.00264632323409053 0.0031613708289685 0.00531764679232638 0.00372650759573578 0.00490056812566175 0.00553289174041338 0.00420394315545247 0.00326970336099797 0.00285021684619602 0.0109757846135183 0.00254009046513592 0.00610126455069893 0.00312319809922101 0.00441475869618591 0.00629093232715383 0.00374581505614691 0.00401556018504412 0.00380039397795073 0.0070342851223264 0.0033434992510506 0.00218417050668229 0.00316214727567976 0.00454771469553272 0.00260642140334166 0.00303810044712394 0.00457368011471915
0.0139807144220656 1 1 1 0.0029119421830428 0.00280189345789805 0.0022993084887184 0.00208237604457673 0.00670670429252251 0.00108513158240586 0.00203597774780528 0.00160263462347232 0.00232588348218643 0.00203657863073115 0.00749355786836281 0.00261943017572586 0.0017295872328924 0.0031393328723861 0.00209296091134015 0.00153625492073783 0.00260923254572643 0.00154967918652371 0.00297596564096092 0.00275501944506307 0.0037868946028371 0.00283446456767356 0.00447043474239517 0.00192821716475822 0.00228056948113486 0.0013494597500231
0.99999999999876 1 1 1 0.00783874995875233 0.999928741296481 0.00377782500132795 0.999993183003726 0.00911944805614984 0.999444002630799 0.00770068655347311 0.00824779968725908 0.00855205036436935 0.00682124422598707 0.006546681903977 0.0064203750676679 0.00783597724513285 0.00706748158159998 0.0101418865335022 0.00903896786762259 0.0067662517438819 0.00631253223459249 0.00498224028631167 0.00651991614313374 0.00582944409435071 0.00801636911689596 0.0118254119936272 0.0113688526281588 0.0060726396950318 0.0130480735269064
0.120623672595747 1 1 1 0.0800150617929418 0.136946159353755 0.119803211786541 0.0810888907422779 0.385420268786343 1 0.0599712562443732 0.999989452357167 0.109526339219136 0.102424395244481 0.0989900298845839 0.145192895961803 0.106081114791728 0.126672768018313 0.125815075734497 0.116130268852897 1 0.164813726314165 0.155925112445829 0.11044406967159 0.145938183890988 0.0856914412903361 0.999945539447433 0.969758627740073 0.0897038902859474 0.993994541016783
1 1 1 1 0.00424490665761479 0.010366114333812 0.00358273640571927 0.0034742162015724 0.00526493749621926 0.00863517970826289 0.00288827358246413 0.999999998073671 0.0101657015272142 0.00322665244847586 0.00399841472796392 0.00659660398178907 0.00416280792602375 0.00351182523048088 0.00390818727215336 0.00421812481965189 0.00524072498565908 0.00646329177306981 0.0211800885855861 0.00731916128220467 0.00467162186345571 0.00313602198042362 0.00855928326090627 0.00827850835055588 0.998475406810896 0.0058964197235033
1 0.999999980768836 1 1 0.0319022812207862 0.999999999999174 0.04628158586185 1 0.88013263915093 0.999999999998729 0.0315079184961342 0.068914912467401 0.999999998517304 0.133247503054706 0.0486154571581645 0.0422982008421064 0.0492498533681741 0.0827785216197953 0.029135533335619 0.110313866441485 0.0435497218341865 0.0565548766932628 0.062622577200695 0.334160308759602 0.0552291588692542 0.0383831535378265 0.0385422525600004 0.0337228243793694 1 0.122507431613009
0.999995195818934 1 1 1 0.0330591703996186 0.0299364928395256 0.999999993383612 1 0.035062925494828 0.0176383615334258 0.0241746906459391 0.026338037202017 0.0517880274866458 0.028458730714175 0.999999999849285 0.0196899918428022 1 0.0261542818482304 0.0223538632081464 0.0380433054032656 0.0228579583271555 0.0149475177519099 0.996882378427597 0.0181896579286882 0.95491335429866 0.0881247939235772 0.0698755073718962 0.013870558514245 0.0456410562326905 0.0337541450148044
1 1 1 1 0.999999906469098 0.0357324032946812 0.147926961850248 0.0103739187624111 0.00535316872532854 0.00862526637206174 0.986210171276872 0.00714268894614378 0.0111184277550911 0.0431583155170685 0.0258206173399664 0.00803112184458932 0.999999807940177 0.0251543115497207 0.0080416407842272 0.00514442181279851 0.0120836665061298 0.0150504963268341 0.0104922479854866 0.0102062257091676 0.0099808566052344 0.00713991214637966 0.0166975627456815 0.0189532234520852 0.00862652188050805 0.0128936947962522
1 0.254885777037733 1 1 0.170048093328914 0.159759653761656 0.168309762143351 1 0.240569977089979 0.246423706658305 0.21747702361665 0.160459767526775 0.212629161950106 0.235208514650565 0.189903264523009 0.187915489000101 0.216415110512281 0.228103638879676 0.33316196701278 0.143801995893638 0.243432357047457 0.185731157226144 0.29780816117515 0.216049394315433 0.271881649383526 0.217852135641812 0.231936751082313 0.196717604313994 0.999785752971153 0.203554708172886
1 0.999999999967729 1 1 0.0939532147213726 0.0850180756201249 0.999981597448103 1 0.114940817180346 0.162280941869588 0.999999842820365 0.157689641286257 0.999999999999873 0.99999999995914 0.214960815702839 0.130611688202885 0.208722916421862 0.141549837464883 0.929326719246269 0.202501899301082 0.09114581286112 0.0877515044594576 0.99172254986446 0.103528405272212 0.155442494124923 0.0864973100535446 0.105500799447538 0.190484335099841 0.0916798483488226 0.188096338675388
0.00795354981287877 0.999999997474983 1 1 0.0026754511565088 0.00264475680580389 0.00134352580690156 0.00224409238374101 0.00253209683943878 0.00234661143171389 0.00212142215456057 0.00254015194412316 0.00341557882243215 0.00184884809201891 0.00151461639801698 0.00394778810764018 0.00417931683565964 0.00132191044231833 0.00189830052537354 0.00300931781705793 0.00166434527536152 0.00256642708589128 0.00358080809031258 0.0032346803315717 0.00287527026250112 0.0022629993769786 0.00223376012499721 0.00288896714998277 0.0017668825699596 0.00279715382956902
1 0.999999995575572 1 1 0.999999349099901 0.0475438403810554 0.0296654847441884 1 0.119032092802148 0.0807062980943347 0.0356873790340717 0.0746007950088674 0.999999679064494 0.999958911338692 0.999999999290531 0.0910657996676497 0.0452553639501013 0.033150848732276 0.0529661498609557 0.0261814527270603 0.0928644156277292 0.0324611838422185 0.0795608265394943 0.0422323831186185 0.0364280878945842 0.0542244975198209 0.0359848090331724 0.0364536343772098 0.0348565863199186 0.0249101958479719
0.00145576090380195 0.999999999988396 1 1 0.00161022048442727 0.00248542446983746 0.00290510431526847 0.00185903205094629 0.00197302819489553 0.0016762854281317 0.0036563261625322 0.00187997337139645 0.00155408354791031 0.00288727043373993 0.00174884458446756 0.0016571786924211 0.00213820010685817 0.00243125421735313 0.00266748622775592 0.00211010643831133 0.00140352389420262 0.00261489493055223 0.00195811075730279 0.00337720579866829 0.00243959140660077 0.00190962168426778 0.00224369351764087 0.00285195755237888 0.00214230624791345 0.00262413824772323
0.999999999999918 0.999999999959225 1 1 1 0.999221654692104 0.03832555827373 0.999986263892979 1 0.049072130798048 1 0.0341331313965586 0.0293395676719113 0.0191517771722866 0.0790584470264435 0.018968787798138 0.0682445182725443 0.0815687090151398 0.0196312405451635 0.0966478373418983 0.0909561173759602 0.0208981838150541 0.0185340616586795 0.184626095999648 0.0600750624440464 0.0729837585408425 0.0331729366228146 0.0624710340073368 0.0280219305824747 0.999999999999997
0.971407716205595 1 1 1 0.956992462491034 1 0.999999996510752 0.0866725787613079 0.144741174883094 0.0976095474802399 0.0946288641087575 0.123545717135613 0.114315905609298 0.0710657072612451 0.0647610615531311 0.0886741017639985 0.129600704449692 0.116401302551049 0.997358129569078 0.0955432004775147 0.095066020249249 0.999999999999918 0.0985315571073644 0.0761554838456614 0.0847095513215008 0.064712588080843 0.105738137903555 0.0834571476028075 0.0848225204692101 0.097060384289007
1 1 1 1 0.247028574787708 0.0981496688824868 0.139790891955256 0.0867598898440562 0.0984012340289981 0.999999999664857 0.119421881214741 0.120092044054738 0.116562622124035 0.0865519574945477 0.0921925309032146 0.114179068142817 0.999999999999999 0.0981943873639645 0.130314021524826 0.148798055650924 0.11933396878881 0.0895338356265499 0.129521920926261 0.143708104025935 0.207949833827395 0.291960064463407 0.990494109270815 1 0.0819644981592909 0.179083981350553
1 1 1 1 0.0233880373833598 0.0356126723299746 0.0309091363048459 0.0297107808839043 0.0348637305917324 0.0349369343880339 0.0291757574697491 0.0388423016024574 0.0310642267491555 0.0527203947585019 0.0239649876106073 0.0608065118389715 0.0220895629291497 0.998975238398231 0.0411085880970987 0.0468197769751247 0.999960899586492 0.0233496516808664 0.0451591921364474 0.0433594921584928 0.0216984337359959 1 0.0988543759875289 0.0218666382160579 0.0314064966507948 0.035565090970162
1 1 1 1 0.00887621094109459 0.0100662716365049 0.0376986255099426 0.00939544266734416 0.00747175734034411 0.0123344558334054 0.00973634807462753 0.0123170338853031 0.0130534518641664 0.999998996020846 0.0166582459346987 0.0166300225169045 0.00896179912245232 0.999999999657234 0.0133143194529752 0.00814058510594873 0.0172093908888912 0.0288920473426989 0.0116084373182257 0.0101408825439261 1 0.0109070350195741 0.0203659990515995 0.0196267470615501 0.0392895619205719 0.0128776674080733
0.998702208397994 1 1 1 0.00273569978185462 0.00472340507467228 0.881679177880989 0.00986160913067391 0.0122274136823972 0.0142788547429521 0.00903142254208844 0.0134380846773586 0.00675586438704157 0.0244272335890837 0.00786236041411692 0.00401194402989535 0.00588752862605368 0.00496341911938369 0.012307422799219 0.0126734068784791 0.00332416964690319 0.00436490320769578 0.00938429525121709 0.0205170803447198 0.00631768442947611 0.00564714986544301 0.0261553047604451 0.00858868525156864 0.00600844073062279 0.00921616516541079
0.0324477679361234 1 1 1 0.0254209589660295 0.0943470138836594 0.0210709737866055 0.999999959321803 1 0.999999574233256 0.022881061388639 0.999562291706154 0.0371810384232896 0.0291615022340125 0.0200430038814853 0.131021844386989 0.0215799980234966 0.0199540123441011 0.0385670909179977 0.0336247888489488 0.0385073376990021 0.0159571353811344 0.0512938124221565 1 0.0482263311399849 0.0202895505447787 0.0360557576094659 0.0321748191221436 0.0333016941254441 0.0256164907587116
0.0126069323208799 1 1 1 0.00217591309334997 0.00278712724945618 0.0093524721570849 0.0037474695909423 0.0020663835342476 0.0030650866733215 0.0024598566996139 0.00862279418760137 0.0306155061856547 0.0124335369678753 0.0181124207029494 0.0256987520915279 0.0206183478932884 0.00473685876406871 0.0254237630363859 0.00380491561577612 0.00352511981627213 0.00517385497616374 0.00472138549836043 0.00791975246965471 0.00250723079844861 0.00869636897130555 0.00511606732033665 0.00782753245283763 0.00204513205168089 0.00235011614808134
0.00320211175130414 0.0423092566876706 1 1 0.00316106618162049 0.00132238722189237 0.00195554133661113 0.00224576623311312 0.00201222885943197 0.0054376370989111 0.00169790901049072 0.00230592311549072 0.999999999996126 0.00131067214598946 0.00335223750841995 0.00239829957281201 0.00338243407216376 0.00212793292431779 0.00181311728810918 0.00262635609078132 0.0116395865027283 0.0049474453326106 0.00493866937501064 0.00344169135948647 0.0166110109592915 0.00140729845893861 0.00167397548712822 0.00241533938181293 0.00871899771633811 0.0047879686865907
0.074938886524762 1 1 1 0.0138610242547376 0.0156333541824598 1 0.999999999996263 0.999999999511366 0.0207145746277437 1 0.0764902690028108 0.012325388980325 0.0177023794739274 0.0175656793793372 0.014804279456078 0.0275905173057919 0.0252320774006116 0.0110898155726317 0.0163228879660304 0.0141015328028696 0.026009813420796 0.0161609878369128 0.999999959754131 0.0132958923058873 0.0163748386680405 0.0608543711678555 0.0249512314664984 0.0820201478706042 0.0113690253443307
0.999973090524094 0.999999960010657 1 1 0.999999999985283 0.0283872288972083 0.0205669180689377 0.0201141406471902 0.0183632319504006 0.0145749325202987 0.0446144960902332 0.027925876123955 0.023767307022279 0.0329521911384626 0.0265618620397757 0.0183312339960874 0.0167707505551201 0.0516609672838719 0.0229854400709135 0.0226802111631531 0.0186140545775084 0.0816670493414281 0.0275450521806331 0.0287386523315045 0.0274603867439555 0.0200723925261685 0.0230716941570035 0.0148101077471126 0.0267286144312747 0.0282396528758391
1 1 1 1 0.106540188904124 0.059946800662726 1 1 0.0709280519913243 0.0933082189121455 0.0726046178791027 0.999999999999975 0.068084274043358 0.0800532873359195 0.0643827875975378 0.075471626072606 0.0833568918599694 0.0723907885196802 0.0670433003646388 0.0614952555006979 0.999999941622007 0.0663600238194556 0.117946952434416 0.99715714469386 0.0857904097592165 0.0475282976817238 0.101802741947189 0.066666387382597 0.99354735076893 0.112357408331866
0.0213736862431199 1 1 1 0.0285943542524771 0.036940646619131 0.00619122896489865 0.999999631094054 0.0121179515774487 0.0234996623505553 0.00943185678904368 0.0116961543278405 1 0.0386866421392652 0.0118427624760654 0.00925441475996736 0.0267797335261131 0.0431260291375737 0.0111127625998036 1 0.0200275237226248 0.0106575281903941 0.0609942745629714 1 0.00954900438051487 0.0101708941228372 0.989483227043527 0.00947185102214398 0.0122962440926431 0.0149169491742567
0.00550425861462522 1 1 1 0.015328267282914 0.00807805416246554 1 0.00927524386059797 1 0.00700105977518672 0.00466345923756084 0.00736460483720913 0.0154249062889505 0.00727871757100296 0.0341758994513108 0.0105232737974732 0.0107766020184007 0.99999999611885 0.00588745944902391 0.0401625086618321 0.0136351140614146 0.00554338817660494 0.0121956915720076 0.0108870807195413 0.0399379373167426 0.00685831659466329 0.00636787833852692 1 0.0068837417590254 0.00391296580296996
1 1 1 1 0.0563143970804773 0.029184887718676 0.0401696906586413 0.0478711339416618 0.0315226756331993 0.0438295480054139 0.0435118219099668 0.0931316022087733 0.0499886170370696 0.120509021813494 1 0.0371794731649303 0.0560056997507515 0.047863760592032 0.0464768285131297 0.0392432518353095 0.999349329405243 0.0540596699659647 0.0454231153064885 0.0345758459822705 1 0.0516724360072328 0.0298449187470354 0.0523839986532577 0.084634412235603 0.0275287043093244
0.999999999663625 0.999999991436479 1 1 0.13267206342962 0.0719560834517207 0.999910432934916 0.0634005376274718 0.0607171952986577 0.0531151197048298 0.0444455793650449 0.0740382424013801 0.999612741328836 0.0809183198998047 0.0427682686991804 0.0581171980222573 0.0696739364875484 0.072528322462054 0.066437434831313 0.0686817696199051 0.096899725866619 0.0622190722418343 0.0602637673742792 0.0631142044586507 0.0614753788571408 0.0597563749932571 0.996640612867133 0.0724748365463666 0.0531471635545773 0.0539133368169401
1 1 1 1 0.00950365782311746 0.00333139206035959 0.00382704129803146 0.00509483242018882 0.00360586826356502 0.00450857370088398 0.00653551205177738 0.00311342209957277 0.00834130103087594 0.00423498540149791 0.0341271235443599 0.00748945709842541 0.00577910842779938 0.00322393292032352 0.945883158785062 0.0135935897660837 0.00368891022369644 0.0222124580353937 0.0200134743880553 0.0040199291382842 0.00369380111765527 0.005179099486053 0.0129703321694132 0.00389534057317298 0.0034705259714074 0.00953199873189725
0.999999999999992 0.286330519535849 1 1 0.137980561862088 1 0.10379204694728 0.241503630664484 0.129035761950566 0.0863404229794931 1 1 0.0969500331422793 0.108724967567501 1 0.160563900151777 0.0879014498105153 0.121470787934488 0.132875876532796 0.0889460713743593 0.208463911469523 0.162579605473472 0.999999999999404 0.0670702444293139 0.112569974090658 0.119006100258443 0.106167766705608 0.102169728980172 0.097981141058694 0.11951737715792
0.00801025942154754 0.999929784169063 1 1 0.0189096995394936 0.00320451531779842 0.00430296614916437 0.00298379604244281 0.0031260823389162 0.00336644873031566 0.00314741407057639 0.00548159097163348 0.00229407824061056 0.00276599170109126 0.00813172632037529 0.00293544883564634 0.00264097861224966 0.00306511481886829 0.00513963322034638 0.00604126424867435 0.999999509266743 0.00436991467287229 0.00232478387606549 0.00291718537663799 0.00229540928213001 0.00531528841202844 0.00201216825067152 0.00422272395023227 0.00368840454846275 0.00377727127976668
0.987284497596419 0.999999999906962 1 1 1 0.999951385570024 1 1 1 0.967131658820677 0.157244231809539 0.0797430220622422 0.151090413872041 0.0643964542048991 0.089906069537934 0.203527737766135 0.0720895314588175 0.119416594457573 0.0683673668005537 0.102608178313549 0.1060134291814 0.115987396074273 0.0930397127712019 0.11225150044003 0.998397819366377 0.0979372223339232 0.0859492959020228 0.0824411783137093 0.0650280965218711 0.123839462821079
1 0.999999942214275 0.999999999999856 1 0.00559520715396578 0.00334798511622247 0.00961137348045671 0.00598912042751032 0.00622138931930127 0.00783434959308793 0.0136543666647209 0.0157067381172651 0.00381601721735447 0.0034097565169815 0.00876050182734556 0.00464068987208477 0.00404414168466583 0.00720346751990653 0.00403551231046106 0.00597434914714279 0.00315107504705059 0.00386659682755353 0.00405916143449436 0.00439017791441887 0.00637039741362266 0.00608680083837176 0.00374914625054934 0.00548454280999711 0.00323066025525909 0.0112844887230237
0.970005638897169 0.999998577837148 1 1 0.0329448773448054 0.0230192774149645 0.0278045369191489 1 0.0344152918918323 0.0250971051933603 0.0558347723475278 0.10002939103553 0.0546486358836931 0.022136428335401 0.0254012008422125 0.0228881718151395 1 0.0299083557526965 0.0266690201643258 0.0290918947820757 0.0315292050514998 0.0721061513616614 0.0387375415666513 0.0241568637500548 0.0226460817861739 0.0223505747714613 0.0357716918760849 0.0452274104996895 0.0270785034733809 0.0323142805217933
0.998485797583431 1 1 1 0.999999999999999 0.0944132566594326 0.0720867140500847 0.0670911467655224 0.0663435026594855 0.999999999999965 0.093636444617171 0.0569051356021533 0.0725447874724942 0.067039134425263 0.142408067148524 0.9999904872796 0.980207852014826 0.224023057025064 0.0494986833203418 0.25919113258439 0.0670478429426742 0.107489502561288 0.0888681059404779 0.99999998982667 0.0482087828520997 0.0627446527280475 0.0832211217088994 0.0430863202942184 0.0933477941262157 0.0983709242692478
0.169684037704652 1 1 1 0.0357687919667833 0.132335830320178 0.0961278945685458 0.117763023038367 0.0470938424328121 0.0921355470979788 0.176504564426442 0.999999999956021 0.0700016484125272 0.14672894256948 0.0616286830598818 0.065329993573042 0.0362910709610753 0.0958124435133932 0.083153266320323 0.99999866835688 0.0385182773934468 0.0559715449327349 0.0682453077081224 0.112868453468778 0.999999999999162 0.0780495124359116 1 0.0425751102655737 1 0.192532511102717
0.999985287074353 1 1 1 0.998821030298187 0.0106534697434989 0.0100477482019945 0.999999999927502 0.0133685655152147 0.0118754098036149 0.00910565909621386 0.00859994810110931 0.951746733389732 0.00848934054695216 0.00892292768874914 0.00714920017553478 0.00875325424975593 0.0225941690769634 0.00902458943399487 0.0145140395452369 0.00609521398744639 0.00968723913120595 0.0247617084623997 0.00837848988231404 0.0085945536267501 0.00980686463747193 0.00699031831453334 0.0177835829074037 0.0119209800047413 0.0134431617921942
0.228028552946039 1 1 1 0.0566718638141152 0.0522226353019378 0.0706578093015826 0.0781094951194271 0.0526961701986739 0.0580539954023556 0.0739731311530981 0.0530487740036547 0.0519411162327352 0.0902799229524139 0.0976807812774024 0.0700281837416141 0.064354253707302 0.0657100033925578 0.0702464732795063 0.0823132287759195 1 0.119603849140676 0.103454487704311 0.0826411418907601 0.108949243426425 0.0731594523048197 0.0505084637225542 0.0501359042412656 0.0735255740307208 0.0594580891049561
1 1 1 1 0.0745876912294763 0.999741528520765 0.12888033095665 1 0.0686109216833762 0.0972262422634402 0.106330483844904 0.128743744160343 0.0429414297677962 0.0899773893661223 0.0596169398570305 0.0769423299704727 0.0643099825348071 0.0625305307094043 0.0834440843287516 0.0572083248384374 0.0548995438689505 0.0828605059203729 0.999999994279996 0.105790369777162 0.0711393477391369 0.0670271548013872 0.0761134339892037 0.133761259500218 0.0761770118603398 0.999988932340512
0.999912308050488 0.999999286457758 0.99999995770833 1 0.999999400936369 0.999999985732666 0.0486961991374892 0.999999999785008 0.0481340696862553 1 0.0984951054974054 0.0551182251605477 0.931362854949917 0.0504019020640262 0.0466343494848415 0.0518181630982275 0.0395761709169741 0.0485545726674217 0.997558325023803 1 0.0687718078277186 0.0508566583835489 0.0347554802397055 0.0434472932623641 0.0417343082117564 0.0417459107186294 0.0500437951037456 1 0.045413404018154 0.0971693537244245
1 1 1 1 0.0851994116783307 1 0.639339668749811 0.10296572374997 0.132896921436089 0.205141015823075 0.123976986892727 0.0891916434269576 0.999999960564067 0.0939654827695519 0.120242177227778 0.125931428827021 0.967468897189654 0.440696825657349 0.0926012032665996 1 0.0769500400595978 0.213990923145674 0.148953564053871 0.126536973538806 0.165949986585041 0.14259754452099 0.111867505806082 0.172453364811479 0.171858619895419 0.11861324882304
0.999995914495429 0.999988752757584 1 1 0.00955964771977946 0.0172543443389089 1 0.0186254235565371 0.0157080907336485 0.0230233466512085 0.0113934145278267 0.0120339680001642 0.999954830701318 0.0111044012360646 0.999858140404364 0.0169516619061478 0.0274745192148287 0.0111086702270566 0.0528028749297154 0.00964835148194432 0.00962190026061649 0.98270811191857 0.0088831644673748 0.0163999897249046 0.0254212080186224 0.0260707091597171 0.0155783818033565 0.0352858351454902 0.0102753241942418 0.014025100582146
0.999999999669125 1 1 1 0.999999999992233 0.0698989924127987 0.0606995170026968 0.0376376057099211 0.425539798755627 0.102320934370728 0.0298234739004818 0.0605410023237938 0.0390387685702921 0.0206077254506374 0.0463632987902644 0.0351867990564591 0.0557830063898067 0.0275408461865688 0.0478870583650672 0.165335248810382 1 0.0444801072290143 0.140916972771626 0.0351607211701218 0.0405734269441818 0.0403043862448952 0.0613347503394338 0.999997259046872 0.0629662644265544 0.0429621098097961
1 0.999999999952064 1 1 0.0978831167485069 0.136314613385406 0.0762856768576213 0.124615239967396 0.198873419120733 0.0905610816559784 1 0.848685668698226 0.110495708904056 0.0974375870958089 0.131714467208257 0.0817058853815339 0.148188792942014 0.218645004324408 0.123786027786906 0.115862300147369 0.143575056382607 0.0950914165566422 0.0972929743507088 0.1009821729607 0.113427333890386 0.131674443888532 0.0819375439287946 0.10558130803329 0.167004267998334 1
0.999999805845553 0.999999999999562 1 1 0.00482173533181141 0.0056396300031083 0.00570354297908582 0.00373670599076237 0.00289366211373576 0.00466836539633386 1 0.00835433891209936 0.0046148589475703 0.00941640312108782 0.00939487691769469 0.00489178737059426 0.00457311278291161 0.00387047626975134 0.00333457198048526 0.00485916102192974 0.00351052258252293 0.00408249069349709 0.00621005363241711 0.00547778901223817 0.00590468628686425 0.0198552224695967 0.00396565444764718 0.00423600815432812 0.00542861419402774 0.00475131003566975
0.999998760886424 1 1 1 0.0202530263195971 0.00893445114655878 0.0146065696928001 1 1 1 0.0157026136416811 0.0183728964757071 0.0103711493217427 0.0196958484393777 0.0219780371009527 0.0147663591577997 0.0184326982261758 0.0159818460001004 0.068597131088394 0.0256999269227655 0.0134933020756047 0.0237821904933072 0.0208145205239043 0.999999999999949 0.0406255620961317 0.016155378390725 0.014476613522344 0.0452268370582123 0.0115445271649585 0.0108257788144943
0.998633755393964 0.999999997440445 1 1 0.0503424637981623 0.999950960378976 0.0330973393715731 0.0197129344752447 0.0539657857695974 0.0724224462720678 0.0173603374302259 0.00866440395146317 0.0251521159804832 0.0266835217823023 0.995354030542 0.010073779862785 0.0159073771020821 0.0119481571109955 0.0477444995809071 0.994930358544009 0.0151841880711363 0.0272521241228375 0.0330978762945584 0.0254527268461853 1 0.126317528193261 0.0104555742857468 0.999737892564078 0.0145761993281601 0.0202753131482587
1 0.117270065593731 1 1 0.0177080342773915 0.0241831006105643 0.0126384328364282 0.0710803115112563 0.0575219308753875 0.0163838274691402 0.0228270512466343 0.0217124922734183 0.0157854019657856 0.0119018144437119 0.011658129590094 0.0135521864033962 0.0148379431759731 0.0143180256044395 0.999999729164291 0.0288096277729661 0.0130652269163535 1 0.0202720349854899 0.00838482911134819 0.0124969034793411 0.015742465865903 0.0180485673827001 0.0190872193979711 0.0186616801929499 0.0169604556649223
0.0120148378849332 0.999999999975176 1 1 0.00658026595015426 0.00640987539285032 0.0052803706952691 0.0101542088864605 0.00717520833781837 0.00573279592524401 0.00382479449953232 0.00663954529666444 0.00451365306592832 0.999999999999768 0.00675906083291899 0.00676919528715847 0.00609023623152272 0.0062012221749167 1 0.999961077981071 0.010011213216422 0.00569204539021473 0.00697128432293737 0.00631483233111085 0.00696965525728299 0.00406168266973839 0.00812126652395073 0.00587468202830621 0.00630930959355958 0.00582210107430847
0.999999999985891 0.999997227262634 1 1 0.998530375332212 0.0105060259021689 0.999965923507845 0.00591629210688971 0.00986482031263769 0.00902500627614289 0.00955024704181862 0.0777899898554707 0.0412507476165641 0.0102501451022622 0.0249890765331259 0.00637402366427753 0.00588521602375647 0.00720974718732226 0.0328055902510235 0.00804830541906731 0.0843756543135686 0.0145833607383428 0.00681371931759234 0.0192308780916426 0.0373620873445324 0.113836106546779 0.0101548747093712 0.0160044387751234 0.0144831578788988 0.0085701496059315
0.999999985652445 1 1 1 0.0985870154519871 0.979513778566403 0.080876008919002 1 0.0462177797331357 0.0858061064792032 0.299641858166556 0.0586341304280803 0.0463426027439616 1 0.058295200612412 0.0636342168690039 0.0830432635666523 0.0382587996911372 0.0932638184749329 0.0624925439738688 0.0623087723749128 0.0757170588298974 0.0675739032963411 0.999999759723802 0.0320218926147863 0.0554478240608245 1 0.0589764957009523 0.0723476406226292 1
1 1 1 1 0.22590464642109 0.140894718730033 0.0691485876017982 0.150834056761748 0.176806480242878 0.157123489460666 0.138051162366773 0.222821366173509 0.100576396835752 0.102581707744497 0.16576212568659 0.111611443321589 0.140437462688877 0.0868470315933744 0.158257750024206 0.110657248389565 0.20048042569873 0.0981299043043459 0.123899126430798 0.0870883617046185 0.109296398108817 0.0756860031792058 0.112277198618361 0.102974206286981 0.99998894413726 0.300924207235103
1 1 1 1 1 0.0771749389058818 0.167800689116937 0.159570253768357 0.102935528013966 0.225658008791212 0.0734022781534869 0.0664842516905625 0.244164534341432 0.999189665733457 0.0873557355853705 0.999999998664905 0.831205155646657 0.11596176518261 0.0887269970586375 0.100423596253741 0.0929529899290751 0.0716394337935257 0.0901171057826238 1 0.102740737490225 1 1 0.155382662623245 0.11733065449975 0.0624649424107815
0.999999999999999 1 1 1 0.0347890423934789 0.0232743387016133 0.0247380496694656 0.0396669045529886 0.0278974342396553 0.0229045716555619 0.0236087237227396 0.0276551535258566 0.0231875798925197 0.999999999996982 0.999999995332115 0.031855087947622 0.0371861971278991 0.0348012025634561 0.0973930176379592 0.052038757805519 0.0294862942510602 0.0387103745755526 0.0413826860177934 0.0422962833767097 0.0245296479485643 0.0320851790508931 0.0202490947395951 0.0573786968525709 0.0563993628464913 0.0223820301439029
0.999999999996956 0.999986669556252 1 1 0.00816880101897344 0.00542993233573663 0.00723105220565912 0.00755506720366927 0.0063088778390975 0.00468128384053046 0.0101575812134892 0.0217807855611749 0.999831877199614 0.00529383427695918 0.0058256476036298 0.0102424817502709 0.00641298454888151 0.0137973536871212 0.0281161683597001 0.00810047570842176 0.0182531779029629 0.0112051079557073 0.00683788263730123 0.0182826669676747 0.0174651411706099 0.0265426399733454 0.00493754721479411 0.00849506254807986 0.0179287220378623 0.020551376104474
1 0.205983798141019 1 1 0.105327496608987 0.472949075266881 0.134074803787247 1 0.999999999994237 0.341528093421827 0.0557695213425621 0.0931192113063144 0.127827781279231 0.359689079546339 0.185270767789757 0.0777661207598324 0.189667542340092 0.210915853355168 0.103527141116495 0.384089291448673 0.150632120663023 0.39381470031179 0.245748581482076 0.241222960449222 0.0851572433572911 0.0684200913881179 0.99999903498895 0.171241500396416 0.0889459798706342 0.164751371874263
0.99999999999699 0.999999999859452 0.999999999828923 1 0.0292432303771036 0.00959077262278274 0.00884413955249608 0.0251280232636839 0.0114451332071877 0.0067680430783541 0.00845775947136551 0.0148503267104242 0.0287469480716279 0.0122683977401761 0.00770566553799978 0.0336205057583022 0.0163240190680901 0.0302446170224613 0.0095929799251433 0.00717473440126615 0.0268758787062497 0.0201342682649716 0.0154181023912578 0.0157992014509274 0.00608767148743672 0.0496597662724496 0.0150373209353464 0.0085496847832971 0.0659227025050647 0.00791392429628657
1 0.999999054963926 1 1 0.0236903090826653 0.00410768961328378 0.00454243241323515 0.00527142373647649 0.00994979936498341 0.00835020621426386 0.010298066304273 0.00621830746162177 0.00373545564190081 0.00482731474434095 0.00535222063296037 0.00689124967118082 0.00642248633103115 0.00589042362380376 0.0055288571153429 0.00722150245187503 0.00596252362859651 0.00297980687343347 0.00278672478052722 0.00459343966957215 0.00430859952312712 0.00554511872805297 0.0046631002291655 0.00443286359195716 0.00750550649742676 0.0087852262142003
0.0239903323516789 1 1 1 0.0126186369239988 0.00828161353507029 0.0259358878660548 0.0157572862415177 0.0159722410719151 0.00591816764217701 0.00272984409570542 0.00206514523398049 0.00306607772494272 0.00294615919160646 0.00544072361280423 0.0566459635811898 0.00745419753070253 0.0375262971346412 0.0863560117154637 0.047239900663759 0.00239019647893468 0.0144161938304573 0.00238479919248324 0.00364995832432868 0.0127835320327226 0.0223888235332431 0.00259640006947703 0.0933357147901251 0.0662202863607636 0.00994048100701594
0.999988620307126 0.999999999999932 1 1 0.0243051420416466 0.106212852224576 0.0660762358275483 0.0330997140558829 0.102015781715933 1 0.0325533586415492 0.0415286660056018 0.0525344556850034 0.179917760663608 0.0370952849452714 0.0405306078708019 0.0373117450858733 0.0303293800161528 0.0397064056563424 0.0347491963251596 0.0432048916838123 0.038725530248426 0.0398293488260617 0.0520964848924633 0.0336541049415683 0.0332120931995983 0.0341915135555185 0.0356676944186154 0.0740519250533365 0.0967457537360473
1 0.999979185458775 1 1 0.310601655636819 1 1 0.999999999106321 0.0741635720902047 0.233402610991511 0.087185022191401 0.0707666385687722 0.120248892845504 0.0753619896725793 0.999999999662123 0.24876581327915 0.0847702706151076 0.136656187044845 0.109320375944769 0.0722062604180561 0.072901459097558 0.999999999988262 0.0859172692590879 0.0674546272868164 0.0983101195778179 0.116339537820026 0.0533226105777364 0.0612157389359275 0.0717647645310473 1
0.0404573472000264 0.999999830580861 1 1 0.999814573156881 0.0327601395334171 0.999999972461608 0.0143535660628982 0.0277644369433228 0.0291198141081438 0.0177262386790662 0.0820544737390766 0.0178646783225588 0.999999999999979 0.0213086927089047 0.0133764511020306 0.0499862224044836 0.0540904690623406 0.0178630184116407 0.0136256499531142 0.0144921654316823 0.999999945111178 0.0223775008786808 0.0272325439042768 0.0319457675422206 0.0179318510045281 0.0243381712904692 0.0376040548497237 0.0187106521567435 0.0252490599751101
1 1 1 1 0.178403702585186 0.146038688505839 0.13756101378002 1 0.135036259148483 0.228127551356763 0.134446662758028 1 0.181581087820454 0.107017567063521 0.133337249926899 0.24915542712048 0.129620934893677 0.236090044480202 0.147572767502515 0.144830089523601 0.192425496501616 0.1418737458326 0.191050765650264 0.177006176093736 0.176347014699515 0.147019400264363 0.999999938636474 0.30057649286392 0.151916164014141 0.163948916149466
0.933265634205599 0.232386061095262 0.999999999999365 1 0.999999999999966 0.999793012581423 1 1 0.257714017083764 0.152970348712254 0.279087330279907 0.132467316870756 0.157894720592706 0.162465689959656 1 0.196073822736569 1 0.279409015698203 0.19152011498712 0.153276573134947 0.149776867916483 0.179984623610375 0.115826349324932 0.190425066183357 0.182748513577586 0.164107555355328 0.173512538068632 0.160067792201692 0.212411518252412 0.199630615135872
0.0688878240660264 1 1 1 0.0270031682568868 0.0382722411348114 0.0191191470508648 0.0162093324564114 0.015861418925425 0.0245307809419291 0.0145935887026341 0.0568622389744232 0.0253452515553376 0.025243593588927 0.0630264807495721 0.037475966664514 0.0320223488519391 0.0132221286557039 0.999999999999996 0.0205629809642311 0.0459649358296245 0.0415497590248892 0.0204858949824167 0.0303843694295921 0.014152052554997 0.0164981933554066 0.0192517494604884 0.021904996306378 0.0710407550028257 0.0195358498440552
0.999999987201917 0.999999999886634 1 1 0.0103224990763033 0.0117616386493207 0.0105857350134818 0.0109594756726391 0.00525504618991279 0.00551808027681233 0.00621846163853235 0.0147242034219008 0.0223995583543715 0.00486111939632572 0.00436600292602118 0.00616100565335542 0.0243653585317348 0.00337065934842817 0.999999999999994 0.0274285432861096 0.0109965192018929 0.00990080023317175 0.00573271409662246 0.00567059718425456 0.00962805032270886 0.00733692245490036 0.00696803485990205 0.00879795234423764 0.00679928357551718 0.0244651891824185
1 1 1 1 0.0235778667141561 0.99999995556569 0.0169080773698264 0.0295901501995491 0.00809145270004108 0.999999999999989 0.0516561572534595 0.014861466861222 0.0907045288080572 0.00995855694538261 0.0321606920945645 0.00937516977248765 0.0237379348643149 0.0944426268454208 1 0.042141990561141 0.017249749257475 0.0988727590296975 0.0111310265452664 0.0112951491172361 0.207610799001708 0.188091354157737 0.213637554422854 0.0567034046539536 0.0521705967408137 0.052288577086739
0.999999999999972 1 1 1 0.999994933550344 0.026398034371016 0.999999999999489 0.0114197804137637 0.0131527836231907 0.0124250916598569 0.999999999999689 0.0172609034727593 0.0206028632572185 0.0167005756574515 0.0148614415520718 0.0113112920203313 0.0135754684753092 0.0286827075218254 0.0119726947658549 0.0458358487590828 0.0166179767446236 1 0.0204854419101245 0.0100084564616111 0.0233794498951059 0.0237220308356518 0.0166018677826559 0.0223679496801729 0.0168573045109844 0.999999998069194
0.0599300449745229 1 1 1 0.0344609907747845 0.994013281388797 0.0613303366876213 0.0351109527799949 0.0609927483764764 0.0318035058613919 0.0362635889342841 0.0395137313984958 0.0253300489123298 0.0575947573819667 0.036996206521587 0.0413809818566385 0.999999999999998 0.0638589641579461 0.0582121700340636 0.0461048382191066 0.119957199414788 0.0985266235586084 0.0363923010675018 0.0297144214313768 0.0482183194097284 0.0341040837025421 0.059519818188757 0.0435039435670883 0.0569961020326816 0.0517747576187255
1 1 1 1 0.0753981919822923 0.00688530206524474 0.00472362833964002 0.0253196474269816 0.00315243291150746 0.0229213860738624 0.0050307606849942 0.0134640107570975 0.220393123718743 0.147794739922935 0.0272172821308275 0.0079420328669948 0.00655463028064907 0.181076663864381 0.00444353689369559 0.0252461459228727 0.00763872838182256 0.0120368063755464 0.017415927585159 0.00382126212895928 0.0308758939766164 0.004748888354832 0.0115312713185368 0.00816313206706265 0.0937626800997305 0.00301846870799261
0.0539400016590067 1 0.868925707526942 1 0.0213404061271382 0.0136592031221958 0.0189577796412103 0.0300461532290448 0.0473460471013957 0.0179306157954431 1 0.0178082724175735 0.073333979235781 0.0239179372773167 0.0113579845776498 1 0.0249744736993064 0.03970718827699 0.0115888239255237 0.0176149396198657 0.0337467649018969 0.0680042142173066 0.011514277894468 0.999951869278123 0.0255929782073651 0.161502584536868 0.0133321470058789 0.254725287137525 0.0108525602950379 0.0136248842375857
0.999999792895351 0.0798718760439698 0.999999999999999 1 0.0155258871329252 1 0.0300847422235957 0.01624443952258 0.0206627668491289 0.0150282648735879 0.0244999288752982 0.0127550247920846 1 0.081179545620267 0.0133037546599896 0.0123194173943356 0.0270450261384847 0.00708384052285027 0.0830081743246108 0.00930700429391107 0.0469843183918411 0.0179055357908676 1 0.0182362029847973 0.0452607166666954 0.0144424792468383 0.0287042023216014 0.0131481312631885 0.0117811319591116 0.02413165354486
0.999999999999976 0.999999896101293 1 1 0.0547567785904052 1 0.162212586977957 0.0678299860425863 1 0.999996327797234 0.999999999946561 0.0649233889814907 0.0582256702207649 0.158435928665351 0.150432652037977 0.0501936505541065 0.139706087416268 0.076923852792577 0.220728824456437 0.0761008931800644 0.0824599971088243 0.0623188053346425 0.999999999974234 0.0826562126052599 0.115584087282156 0.0661404809919545 0.0590779768788 0.0543648380009791 1 0.0790595905420812
1 0.99999999999998 1 1 0.00402906304762674 0.00613857566449139 0.0207936634691707 0.00605837824706357 0.021274762488117 0.00574760048770084 0.0446941705259665 0.0155292595247312 0.0148510457405537 0.00980974899095222 0.00557136873685804 0.00516634043402275 0.00476727369150587 0.0756423666856104 0.00579263795874108 0.0127888964293125 0.0117535400756602 0.00653642847484948 0.0127317572617056 0.00880609936445365 0.0138672621935034 0.0053211770767837 0.043066914948021 0.0112288844510757 0.0477049638787411 0.00974531445761528
0.0575706490940205 0.999712117031792 1 1 0.00240633700154236 0.00575591929834773 0.00188456394989223 0.00489274761735181 0.00273232359543607 0.0014764085978437 0.0044015686801725 0.00230487342368402 0.00469546579641233 0.00212891030373608 0.00197823693458077 0.00199793386815683 0.00202589221587646 0.00167682059982366 0.00193820909289921 0.0018787288597526 0.00614794174077449 0.00185401303821775 0.00249887778540714 0.0033866232578208 0.00353703307411901 0.00356053626645447 0.00536888368831923 0.00283687416503831 0.00310366253615457 0.00221721853435386
