[1] "Average Estimates for Betas: "
 [1]  -86.4128926  -29.5284504 -129.6819592 -100.6804294 -155.2499106
 [6]  -93.7153229  -81.5643449 -124.5618290  -88.0971095  -69.2041149
[11] -128.1029209 -106.0644501 -171.4435498    5.9917851    0.1788813
[16]  -76.7776476  -34.8225400  -76.2992211 -138.4267556  -25.8139875
[21]  -94.2547760  -74.3816725 -111.4783139  -41.3028381 -100.4927315
[26] -107.7160316 -186.3881838  -16.1224224 -106.6337368  -77.1880261
[1] "Standard Deviations of Betas: "
 [1] 1497.8621 1068.1151 1672.6541 1161.4363 1853.6687 1296.8445 1427.1326
 [8] 1504.0608 1213.9453 1143.9148 1106.4135 1566.9399 1547.6926  770.4555
[15]  869.2102 1229.2308 1070.2100 1468.5851 1684.4526  928.5478 1300.3439
[22] 1032.5321 1144.4263 1371.3525 1071.3824 1254.4423 2176.7866  873.6290
[29] 1880.3868 1250.9678
[1] "Average StdErrors for Betas: "
 [1] 583.8349 592.1001 562.7978 571.5758 695.8761 515.7147 705.0777 657.3761
 [9] 605.5922 550.9883 556.2194 523.8632 635.9588 494.1636 572.7406 521.3584
[17] 469.3956 551.7827 523.6543 510.0959 458.3410 517.4604 571.4503 494.7152
[25] 561.9185 640.4678 527.4010 525.8992 752.6833 574.5105
[1] "Positive rate for exposures: "
 [1] 0.102564103 0.435897436 0.774358974 0.794871795 0.005128205 0.020512821
 [7] 0.030769231 0.025641026 0.010256410 0.030769231 0.010256410 0.020512821
[13] 0.020512821 0.015384615 0.020512821 0.010256410 0.030769231 0.025641026
[19] 0.020512821 0.020512821 0.005128205 0.020512821 0.015384615 0.005128205
[25] 0.000000000 0.015384615 0.005128205 0.025641026 0.020512821 0.015384615
[1] "Bonferroni-corrected positive rate for exposures: "
 [1] 0.005128205 0.112820513 0.569230769 0.758974359 0.000000000 0.000000000
 [7] 0.000000000 0.000000000 0.000000000 0.000000000 0.000000000 0.000000000
[13] 0.000000000 0.000000000 0.000000000 0.000000000 0.000000000 0.000000000
[19] 0.000000000 0.000000000 0.000000000 0.000000000 0.000000000 0.000000000
[25] 0.000000000 0.005128205 0.000000000 0.000000000 0.000000000 0.000000000
