[1] "Average Estimates for Betas: "
 [1] 0.07521920 0.12477755 0.23000988 0.32502994 0.02665111 0.02677774
 [7] 0.02432405 0.02330185 0.02444084 0.02490145 0.03006245 0.02779745
[13] 0.02533027 0.02801405 0.02173913 0.01754492 0.02117102 0.02283387
[19] 0.02559554 0.02842967 0.02005182 0.02550403 0.02418210 0.02568271
[25] 0.02570895 0.02806204 0.02636495 0.02446118 0.02579258 0.02511652
[1] "Standard Deviations of Betas: "
 [1] 0.04050468 0.03858600 0.03929380 0.03932811 0.03799029 0.03954856
 [7] 0.03878685 0.03811543 0.03562861 0.03992658 0.04070873 0.04119859
[13] 0.04253777 0.04457874 0.04169451 0.03952195 0.04093053 0.03657291
[19] 0.04033421 0.04726141 0.03818019 0.03627386 0.03777050 0.03922742
[25] 0.03790536 0.04009894 0.03824196 0.03855590 0.04149262 0.04167221
[1] "Average StdErrors for Betas: "
 [1] 0.04717732 0.04942074 0.04931584 0.04854174 0.04826040 0.04784726
 [7] 0.04950219 0.04930810 0.04788334 0.04816017 0.04657107 0.04811878
[13] 0.04828875 0.04991606 0.04943607 0.04744918 0.04902905 0.04756519
[19] 0.04702656 0.04850711 0.04909990 0.04860104 0.04776442 0.04897136
[25] 0.04997380 0.04933481 0.04889688 0.04728761 0.04894301 0.04857672
[1] "Positive rate for exposures: "
 [1] 0.32704403 0.74213836 0.98742138 1.00000000 0.06289308 0.06918239
 [7] 0.05031447 0.05660377 0.05660377 0.04402516 0.06918239 0.05031447
[13] 0.05031447 0.07547170 0.03773585 0.03144654 0.04402516 0.02515723
[19] 0.05031447 0.09433962 0.05031447 0.05660377 0.05660377 0.06918239
[25] 0.01257862 0.05031447 0.04402516 0.05031447 0.05660377 0.07547170
[1] "Bonferroni-corrected positive rate for exposures: "
 [1] 0.075471698 0.283018868 0.880503145 0.974842767 0.006289308 0.012578616
 [7] 0.000000000 0.000000000 0.006289308 0.006289308 0.006289308 0.006289308
[13] 0.012578616 0.006289308 0.006289308 0.000000000 0.000000000 0.000000000
[19] 0.006289308 0.012578616 0.000000000 0.000000000 0.000000000 0.000000000
[25] 0.000000000 0.000000000 0.006289308 0.006289308 0.006289308 0.006289308
