[1] "Average PIPs: "
 [1] 0.4774800 0.8346900 0.9875300 0.9914009 0.2013517 0.1858871 0.2183928
 [8] 0.1969316 0.1830523 0.1888285 0.2217657 0.2045386 0.2108064 0.2158852
[15] 0.2132921 0.1551138 0.2007642 0.1826190 0.2108866 0.2184627 0.1863098
[22] 0.2183505 0.1767098 0.1763470 0.1950907 0.2296131 0.1979969 0.1988566
[29] 0.2282295 0.2293011
[1] "Percent of time PIP >= 0.1: "
 [1] 0.7939698 0.9447236 1.0000000 1.0000000 0.6683417 0.6683417 0.6834171
 [8] 0.6884422 0.6733668 0.6633166 0.6934673 0.6783920 0.6884422 0.6783920
[15] 0.6783920 0.6432161 0.6683417 0.6532663 0.6984925 0.6834171 0.6683417
[22] 0.6934673 0.6532663 0.6834171 0.6633166 0.6633166 0.6733668 0.6834171
[29] 0.6582915 0.6934673
[1] "Percent of time PIP >= 0.5: "
 [1] 0.38693467 0.80904523 0.98492462 0.98994975 0.10050251 0.06532663
 [7] 0.10552764 0.08040201 0.07035176 0.08040201 0.11557789 0.09045226
[13] 0.10552764 0.10552764 0.09547739 0.04020101 0.09547739 0.07537688
[19] 0.09045226 0.10552764 0.08040201 0.09547739 0.07035176 0.05527638
[25] 0.08542714 0.13065327 0.08542714 0.08040201 0.12060302 0.12060302
[1] "Percent of time PIP >= 0.9: "
 [1] 0.35678392 0.77889447 0.97989950 0.98994975 0.08542714 0.06532663
 [7] 0.10050251 0.08040201 0.06532663 0.08040201 0.11557789 0.08542714
[13] 0.09045226 0.10050251 0.09045226 0.03517588 0.08542714 0.07035176
[19] 0.09045226 0.09547739 0.06532663 0.08542714 0.07035176 0.05025126
[25] 0.07537688 0.12060302 0.08040201 0.07537688 0.11557789 0.11557789
