[1] "Average Estimates for Betas: "
 [1]  0.0530982735  0.1007898195  0.2048865875  0.3011213030  0.0011908884
 [6]  0.0032013080  0.0013031585  0.0019402691  0.0018442715  0.0003523982
[11]  0.0009041197  0.0037767649  0.0038121770  0.0004925486  0.0001422331
[16]  0.0014841046  0.0006705669  0.0037541809  0.0018019391  0.0030945058
[21] -0.0000947931  0.0024647229  0.0016380401  0.0019391581  0.0024935242
[26]  0.0024486219  0.0023949301  0.0035368657 -0.0002795637  0.0034771456
[1] "Standard Deviations of Betas: "
 [1] 0.02321691 0.02313294 0.02064778 0.02227505 0.02360167 0.01996823
 [7] 0.02264542 0.02256098 0.02175908 0.02338164 0.02261743 0.02378984
[13] 0.02318141 0.02109884 0.02214714 0.02243781 0.02477071 0.02600221
[19] 0.02357004 0.02555902 0.02106448 0.02239599 0.02263496 0.02225198
[25] 0.02194417 0.02216283 0.02065292 0.02151134 0.02192201 0.02265843
[1] "Average StdErrors for Betas: "
 [1] 0.02566987 0.02637492 0.02634699 0.02602752 0.02599302 0.02606865
 [7] 0.02619641 0.02640110 0.02576970 0.02603937 0.02580733 0.02586566
[13] 0.02660424 0.02663149 0.02652480 0.02576535 0.02595203 0.02632522
[19] 0.02635355 0.02633521 0.02630572 0.02612954 0.02619549 0.02624597
[25] 0.02627848 0.02648359 0.02654723 0.02644839 0.02642763 0.02660701
[1] "Positive rate for exposures: "
 [1] 0.54271357 0.98994975 1.00000000 1.00000000 0.04522613 0.03015075
 [7] 0.02512563 0.02512563 0.02010050 0.04020101 0.02010050 0.04020101
[13] 0.03015075 0.01507538 0.01005025 0.03517588 0.05025126 0.03517588
[19] 0.02010050 0.06030151 0.02010050 0.01005025 0.02010050 0.03517588
[25] 0.02010050 0.02512563 0.02010050 0.01005025 0.03015075 0.02512563
[1] "Bonferroni-corrected positive rate for exposures: "
 [1] 0.1758794 0.7587940 1.0000000 1.0000000 0.0000000 0.0000000 0.0000000
 [8] 0.0000000 0.0000000 0.0000000 0.0000000 0.0000000 0.0000000 0.0000000
[15] 0.0000000 0.0000000 0.0000000 0.0000000 0.0000000 0.0000000 0.0000000
[22] 0.0000000 0.0000000 0.0000000 0.0000000 0.0000000 0.0000000 0.0000000
[29] 0.0000000 0.0000000
