[1] "Average Estimates for Betas: "
 [1]  0.0533391274  0.0976804571  0.2057022554  0.3018909524  0.0038534422
 [6] -0.0020234047  0.0026924051 -0.0034670633 -0.0002788588  0.0030935252
[11]  0.0018843320 -0.0042854074 -0.0006041595 -0.0029975590  0.0031428886
[16]  0.0021461566  0.0027902005  0.0012500129  0.0011219271  0.0069825337
[21] -0.0045926258 -0.0008921402  0.0026420462  0.0005943400  0.0056199444
[26] -0.0008678256  0.0021198817 -0.0019580592 -0.0011801063 -0.0004180253
[1] "Standard Deviations of Betas: "
 [1] 0.03644485 0.03502555 0.03950601 0.04075047 0.03705095 0.03844212
 [7] 0.03900532 0.03699142 0.03400205 0.03487797 0.04064139 0.03651167
[13] 0.03492425 0.03963469 0.03638063 0.03505351 0.03521824 0.03566127
[19] 0.03418666 0.03117090 0.03735803 0.03810576 0.03772208 0.03593372
[25] 0.04008920 0.03533136 0.03632241 0.03917701 0.03488366 0.03581508
[1] "Average StdErrors for Betas: "
 [1] 0.01466959 0.01454909 0.01463145 0.01463800 0.01463064 0.01468598
 [7] 0.01458390 0.01456505 0.01465325 0.01460745 0.01460647 0.01466792
[13] 0.01460097 0.01472515 0.01465132 0.01463200 0.01464771 0.01467620
[19] 0.01464268 0.01463861 0.01468999 0.01464871 0.01460450 0.01467329
[25] 0.01468722 0.01458772 0.01464905 0.01467883 0.01468537 0.01463659
[1] "Positive rate for exposures: "
 [1] 0.825 0.980 1.000 1.000 0.425 0.450 0.485 0.415 0.425 0.415 0.445 0.450
[13] 0.440 0.480 0.425 0.470 0.395 0.385 0.400 0.380 0.480 0.405 0.415 0.400
[25] 0.465 0.405 0.460 0.445 0.400 0.415
[1] "Bonferroni-corrected positive rate for exposures: "
 [1] 0.600 0.950 1.000 1.000 0.250 0.255 0.225 0.205 0.165 0.190 0.265 0.215
[13] 0.225 0.235 0.200 0.175 0.185 0.195 0.165 0.165 0.220 0.230 0.210 0.210
[25] 0.260 0.175 0.225 0.225 0.190 0.235
