[1] "Average Estimates for Betas: "
 [1]  0.0514335736  0.0969819903  0.2055890721  0.3026534706  0.0026519062
 [6] -0.0018877574  0.0024468989 -0.0046113407 -0.0002298234  0.0024405725
[11]  0.0029096010 -0.0039347412 -0.0002277928 -0.0011870290  0.0023137140
[16]  0.0035048540  0.0017505702  0.0014937666  0.0006552804  0.0072629452
[21] -0.0038108142 -0.0006698966  0.0030846558  0.0009751931  0.0043113742
[26] -0.0016797923  0.0015444944 -0.0025612042 -0.0018089483  0.0013166079
[1] "Standard Deviations of Betas: "
 [1] 0.03602664 0.03442590 0.03689797 0.04116719 0.03656777 0.03946271
 [7] 0.03908895 0.03607816 0.03455050 0.03577482 0.03980049 0.03572320
[13] 0.03332718 0.03922412 0.03617969 0.03440888 0.03460731 0.03663302
[19] 0.03398153 0.03209027 0.03799419 0.03888353 0.03922065 0.03622378
[25] 0.03663963 0.03332716 0.03510822 0.03879141 0.03285982 0.03504124
[1] "Average StdErrors for Betas: "
 [1] 0.02243163 0.02223199 0.02233373 0.02231953 0.02237814 0.02241946
 [7] 0.02227122 0.02225108 0.02236016 0.02233083 0.02230658 0.02236388
[13] 0.02234581 0.02249355 0.02238016 0.02235371 0.02229423 0.02239761
[19] 0.02234979 0.02235896 0.02243452 0.02242943 0.02234515 0.02242705
[25] 0.02243979 0.02231450 0.02234914 0.02246095 0.02243810 0.02238008
[1] "Positive rate for exposures: "
 [1] 0.610 0.950 1.000 1.000 0.245 0.265 0.230 0.230 0.210 0.185 0.260 0.265
[13] 0.175 0.250 0.210 0.210 0.200 0.240 0.195 0.180 0.275 0.235 0.250 0.195
[25] 0.220 0.180 0.235 0.240 0.180 0.230
[1] "Bonferroni-corrected positive rate for exposures: "
 [1] 0.280 0.800 1.000 1.000 0.055 0.080 0.055 0.050 0.040 0.050 0.080 0.040
[13] 0.030 0.060 0.050 0.035 0.040 0.045 0.040 0.030 0.070 0.065 0.075 0.060
[25] 0.065 0.015 0.025 0.050 0.035 0.040
