Average Estimates for Betas: 
0.0836794 0.6366095 4.692848 8.129914 0.004889525
0.01230183 0.003867447 0.1645528 0.01612558 0.04402759
0.003672803 0.0096193 0.008197425 0.005153598 0.02107395
0.00899789 0.02038633 0.009354492 0.01035671 0.005984845
0.008371319 0.01179965 0.007608712 0.01241246 0.006315703
0.004426011 0.007397758 0.01017696 0.01214538 0.01255317
0.01480596 0.0192419 0.01190238 0.008867627 0.00746574
0.01456265 0.01837205 0.01280596 0.002853715 0.009429458
0.006905148 0.0125962 0.01274624 0.02408491 0.01610395
0.006960384 0.004002337 0.01435446 0.008906827 0.007668015
0.008167508 0.01748438 0.01167305 0.008187252 0.01292485
0.009915158 0.0183391 0.00725374 0.01794486 0.007623107
0.005942999 0.01172745 0.01282572 0.01012459 0.00367787
0.02786607 0.00959728 0.00770373 0.005791468 0.008657272
0.00689315 0.01061 0.01880391 0.007509283 0.01203102
0.02224754 0.01184262 0.007105585 0.007402441 0.01478307
0.002509828 0.009078202 0.02809356 0.008016442 0.01211429
0.01507047 0.01062673 0.00487043 0.01020126 0.003186981
0.006154422 0.005478126 0.01865645 0.005423986 0.007893819
0.01245708 0.004326906 0.03280004 0.009395232 0.01649962
Standard Deviations of Betas: 
0.1294817 1.227759 3.09502 2.600791 0.01392158
0.04894059 0.007525929 1.101568 0.07542806 0.2441839
0.006320609 0.02542027 0.03157357 0.01151714 0.07539157
0.0367237 0.09617696 0.03091409 0.01964939 0.02240009
0.01449877 0.03042505 0.01830347 0.03742064 0.02633451
0.006499383 0.01732604 0.04091041 0.02985705 0.02934484
0.07652631 0.08427666 0.0250342 0.03572222 0.0219281
0.0480663 0.08097177 0.04417203 0.005948625 0.02056693
0.01274366 0.02638332 0.0410146 0.1570973 0.04508686
0.01454265 0.007087659 0.0294505 0.01671843 0.02443135
0.01914025 0.08330606 0.05739085 0.01435895 0.03305352
0.03245294 0.04455894 0.0132984 0.03984237 0.02067431
0.01216635 0.03892797 0.03269468 0.0211516 0.008224955
0.07059227 0.02218322 0.02183749 0.01331183 0.02056468
0.01707526 0.03091804 0.1072898 0.01376363 0.04027071
0.09869842 0.04198822 0.02448627 0.01881356 0.05562745
0.004483242 0.02654217 0.1194153 0.02621556 0.03559105
0.04306371 0.03596818 0.009770685 0.02580305 0.006230913
0.0145193 0.01158517 0.05349931 0.01359254 0.02721816
0.02481263 0.008433711 0.1017718 0.0355406 0.04917438
Average StdErrors for Betas: 
10.1229 12.49759 11.25062 10.68052 7.884632
8.045963 7.626543 7.903525 7.933414 8.145951
7.452725 8.092122 8.113249 7.451601 8.052741
7.656187 7.769238 7.50382 7.979329 7.854797
7.231638 7.537014 7.941895 8.139492 7.499946
7.772884 7.621054 7.801839 7.771901 7.797817
7.633316 8.170162 8.017805 7.366813 7.881766
7.803353 8.190308 7.489336 8.052371 7.826865
7.772346 8.075279 7.88979 7.239962 7.975128
7.669225 7.974784 7.786219 7.940134 7.676834
7.810244 7.964019 7.568597 7.587745 7.928225
8.065264 8.430525 7.712701 7.924058 8.194883
7.651641 7.569284 8.223471 7.746522 7.218236
8.485687 7.385002 7.682011 7.437414 8.293165
7.410506 7.992435 7.716045 7.712414 7.520511
7.88436 7.627195 7.796188 7.912145 7.646146
7.325969 7.669561 8.081445 7.598982 7.590085
8.481993 7.865645 7.666071 7.544907 7.398927
7.601639 7.698619 7.854073 7.624784 7.736606
8.139196 8.071647 8.394151 7.927326 8.235693
Calibration results: 
Pct. correct for pips in bin from 0 to 0.1: 0.0152687296416938; n=4912
Pct. correct for pips in bin from 0.1 to 0.2: 0.342857142857143; n=70
Pct. correct for pips in bin from 0.2 to 0.3: 0.4375; n=16
Pct. correct for pips in bin from 0.3 to 0.4: 0.909090909090909; n=11
Pct. correct for pips in bin from 0.4 to 0.5: 0.8; n=5
No pips in bin from 0.5 to 0.6
Pct. correct for pips in bin from 0.6 to 0.7: 0; n=1
No pips in bin from 0.7 to 0.8
Pct. correct for pips in bin from 0.8 to 0.9: 1; n=1
Pct. correct for pips in bin from 0.9 to 1: 0.988095238095238; n=84
Average PIPs: 
0.03960796 0.1680227 0.7285384 0.9565097 0.01887936
0.01998793 0.011599 0.02617518 0.01586247 0.02200514
0.01354113 0.01603141 0.01564559 0.01187083 0.0199699
0.01350457 0.01655682 0.01566934 0.01673774 0.01314495
0.01107698 0.01519234 0.01444223 0.01976704 0.01250861
0.01268624 0.01441955 0.01635475 0.01623553 0.01354289
0.01524132 0.02015616 0.01590226 0.01273455 0.01495963
0.01725007 0.01842719 0.0136997 0.01806245 0.01574648
0.01342555 0.01631136 0.01593932 0.0168728 0.01484619
0.0126151 0.01351316 0.01459446 0.01410326 0.01427684
0.01319662 0.01752821 0.01478123 0.01316285 0.01757583
0.01558161 0.01992927 0.0145638 0.01625214 0.01537844
0.0136942 0.01364337 0.01601088 0.01419548 0.0118287
0.02259016 0.01703636 0.01485872 0.01353439 0.01635844
0.01184471 0.01528669 0.01734249 0.01301853 0.01499727
0.0165667 0.01757846 0.01436023 0.01593955 0.03581578
0.01254631 0.01341173 0.01819439 0.01410516 0.01481389
0.02377758 0.01641648 0.010758 0.01257041 0.01234399
0.01210542 0.01308463 0.0181645 0.01498836 0.01436473
0.01828045 0.01557075 0.02208012 0.01538877 0.02053172
Percent of time PIP >= 0.1: 
0.1176471 0.4705882 0.9607843 0.9803922 0.01960784
0.05882353 0 0.01960784 0.01960784 0.01960784
0 0 0 0 0.01960784
0.01960784 0.01960784 0.01960784 0.01960784 0
0 0 0 0.01960784 0
0 0 0.01960784 0.01960784 0
0.01960784 0.03921569 0 0.01960784 0
0.03921569 0.01960784 0.01960784 0.01960784 0
0 0 0 0.01960784 0.01960784
0 0 0 0 0
0 0.03921569 0.01960784 0 0.01960784
0 0.03921569 0 0 0
0 0.01960784 0 0 0
0.05882353 0.01960784 0 0.01960784 0.01960784
0 0 0.01960784 0.01960784 0
0.01960784 0.03921569 0 0.01960784 0.03921569
0.01960784 0 0.01960784 0 0
0.01960784 0.01960784 0 0 0
0 0 0.01960784 0.01960784 0
0.01960784 0.01960784 0.05882353 0 0.01960784
Percent of time PIP >= 0.5: 
0 0.05882353 0.6470588 0.9411765 0
0 0 0.01960784 0 0
0 0 0 0 0
0 0 0 0 0
0 0 0 0 0
0 0 0 0 0
0 0 0 0 0
0 0 0 0 0
0 0 0 0 0
0 0 0 0 0
0 0 0 0 0
0 0 0 0 0
0 0 0 0 0
0 0 0 0 0
0 0 0 0 0
0 0 0 0 0.01960784
0 0 0 0 0
0 0 0 0 0
0 0 0 0 0
0 0 0 0 0
Percent of time PIP >= 0.95: 
0 0.03921569 0.627451 0.9411765 0
0 0 0 0 0
0 0 0 0 0
0 0 0 0 0
0 0 0 0 0
0 0 0 0 0
0 0 0 0 0
0 0 0 0 0
0 0 0 0 0
0 0 0 0 0
0 0 0 0 0
0 0 0 0 0
0 0 0 0 0
0 0 0 0 0
0 0 0 0 0
0 0 0 0 0.01960784
0 0 0 0 0
0 0 0 0 0
0 0 0 0 0
0 0 0 0 0
Power at FPR threshold of 0.05: 
0.2352941 0.6078431 0.9803922 1
