0.171030646159305 0.113565615621821 0.0660737627361608 1 0.0779896273241575 0.0438969391755784 1 0.0489271515148721 0.0627783779984912 0.097394517305309 0.0445357155016424 0.0483092916639782 0.0517569375478094 0.0450783030539941 0.0442736774093583 0.0438831321291885 0.047398191625763 0.0503384841011012 0.0445376359768616 0.0441811486901379 0.0516826545488318 0.0443727687508791 0.106631240977668 0.134254738877257 0.0442634549216849 0.0450402713045933 0.194377444344541 0.0440580382384999 0.0573430934487438 0.0447580169791384
0.0215515484671203 1 1 1 0.00953974259493151 0.0391314277656951 0.00922164460827923 0.0546542226800769 0.0102800738651334 0.00947295357831557 0.0123402064223944 0.00916184576028134 0.00970078255012796 0.958131364123289 0.0121360157002101 0.00889477260124427 0.0177276089201622 0.0151209351713404 0.00960775674147618 0.0103010158572681 0.0215385594411229 0.956755562441082 0.0121490425378381 0.00898659535396862 0.0198685119880648 0.0983883473096762 0.00939812525340578 0.00959909376038726 0.00902326219219052 0.00916587315828798
0.905044286110335 0.999999999318296 1 1 1.51837688644463e-07 4.17938907371074e-07 0.0103385037468803 4.12917517400579e-07 4.14369069201559e-06 2.89375213209375e-05 2.78514463203372e-06 3.72617234511985e-07 8.09830365433584e-07 1.95302447991708e-07 1.03511438087622e-06 2.99974334150299e-07 7.99334295640275e-05 1.51816968108065e-07 1.5206469317075e-07 2.79046017070961e-07 0.000108285173965328 2.46728869695012e-05 1.52615243442789e-07 0.988266367351104 1.08837646695115e-05 0.094956011710741 4.14859911301857e-06 2.16122067686619e-07 1.67331345080068e-06 1.67936401118673e-07
0.00685273723011659 0.999999999999999 1 1 0.00739045199079236 0.0159791120597162 0.00687155187805388 0.00906019096946875 0.0074112625075814 0.0159289573660284 0.00844113303296834 0.0226765319671843 0.00694449956319376 0.00728670307184676 0.0751514459895843 0.0521695181730656 0.0266764925331943 0.00775612529631753 1 0.022633982592804 0.0352543217076735 0.00699250124604522 0.0490760810327734 0.999083751022319 1 0.00786079139716911 0.00743459699332583 0.0595394350034609 0.0083482862877805 0.0652991375433863
0.0239606751246219 0.0284910251963852 1 1 0.946372279771641 0.0228631366545158 0.0209842734338206 0.0289654083642842 0.103866666265911 0.126442987466089 0.0294085904865239 0.019685867685866 0.0452784206254188 0.0206385113767612 0.0245190533248748 0.0783085140188801 0.121098983367514 0.0290828926444766 0.0197189697678278 0.0238569203282828 1 0.997706650290485 0.0196626903959575 0.0254083645640759 0.062702392624772 0.0583199658863075 0.0262781639250517 0.0198160995275753 0.999999997071544 0.0259885410575786
0.0347011771255485 0.000474985470316436 1 1 0.000210625069990256 0.000303337105311829 0.999231281886605 0.00298279230968301 0.000284609756532106 0.00182954790292111 0.000225106259976737 1 0.000488560452226672 0.0010219917496459 0.000261986738648745 0.994804248033061 0.000298197559572055 0.00018037626823264 0.000203249727364851 0.000307480986149189 0.00230719988124062 0.000193535619611995 0.000184639062081771 0.000714680014234803 0.000242881993080313 0.0021963214893943 0.00565185097509058 0.000274531529697475 0.000209715367587737 0.000438044032745055
0.000747719243841649 1 1 1 0.0013251063872276 0.00050656362901047 0.000938858121166342 0.0006155349061574 0.00227599628479902 0.00147373289877217 0.000562594269526762 0.00111641455753797 0.00103259198924477 0.000521851291308995 0.000698663597320848 0.000522749598103278 0.000479445686007551 0.000720752430257043 0.00197592927607038 0.000580499256974787 0.000767477689315066 0.000616790536281719 0.000798747760534235 0.000865880568681532 0.000615066555795907 0.000488998822807618 0.000483242827555297 0.000477382391199543 0.000681893883767382 0.000644265345008055
0.0417744367112407 0.999999928640617 0.999999810265216 1 0.0532179119528686 0.04195021295113 0.0921785621033123 0.0486596686442615 0.0533464772060823 0.0382502909384008 0.0366067611919619 0.0376575515501958 0.999653772076963 0.0347986592349536 0.0738051124934423 0.0384027175595515 0.0375080802265395 1 0.257645603896222 0.0347739400857097 0.0347359784166115 0.0347910122711411 0.0497528337679176 0.0414471429792964 0.0348228336643301 0.0377279080368053 0.989329813599939 0.0794595778072652 0.226475490024862 0.999594554944288
0.050768324753399 0.999999999999929 1 1 0.0162644873565713 0.0410450386512099 0.0195049209790016 0.0151533048803494 0.0154303309502342 0.0256844384389847 0.021727287571057 0.16286682488902 0.0152755845986667 0.0151966428670242 0.103511776049093 0.0168712731052975 0.0149627375415391 0.0149498799625336 0.0491404733425128 0.0226092234302453 0.0215716904320937 0.0153926089534964 0.0161692977700233 0.0150840878839816 0.0157635727460366 0.0400874265936733 0.0184891280618744 0.016467020201841 0.0151956108874802 0.0155932724994416
0.032820994120748 1 0.283866448192825 1 0.0340809589369839 0.0487455439696241 0.0367672403183495 0.03288999683922 0.0480133952198891 0.0322017729081743 0.0355706785454754 0.999440165958101 0.0328092532909167 0.0409230403549095 0.0328963372471985 0.0687680252723444 0.0336480356375689 0.0948438416274945 0.0462039308045821 0.0462453471509333 1 0.033657795290155 0.997070673977974 0.0448667720310615 0.0327266076631574 0.0864591874459089 0.0634352487475808 0.0347549554305411 0.0592669196177462 0.0344506226492886
0.943608732425887 0.99999980817618 1 1 0.000191607419841255 1.046837727392e-06 8.66703223179055e-06 3.26501316684213e-05 3.51616944316291e-06 2.03037894671576e-05 0.0241818981505191 0.000110216592383083 0.000536749059584007 1.31742665121504e-06 0.0235378033948531 1.40994810249317e-06 3.98244078947396e-06 9.63586060733768e-05 0.000112870291086309 1.0489961643767e-06 2.86071176158753e-06 0.000172509195329629 1.22099802213338e-06 2.00373672655241e-05 0.000129209429258537 0.00209322694687053 1.09621881986266e-05 1.06380444013787e-05 0.999993128882218 2.38627608846187e-05
1 0.118740955647149 1 1 0.0303423672884492 0.0299911262346476 0.99987554200055 0.030258562599921 0.0359444718382662 0.999942193402248 0.999991899987116 0.0297720785981945 0.0419007278090386 0.227852284259046 0.0305023165828501 0.0314927131681393 0.26599799286525 0.999999999999999 0.988900769917036 0.0316145096087832 0.492465300587818 0.0297461440195675 0.0312336665610208 0.204094676106196 0.0304635099819616 0.0329712885394245 0.999798149948184 0.0438749073666368 0.0308689581469446 0.0343075547289962
0.999999999993035 0.999963422574779 1 1 0.0455448287116511 0.0365227182036841 0.04142096950847 0.0337619260398605 0.0362668787919392 0.0384632388718148 0.999999999999087 0.0402295901161916 0.0753469746289088 0.0369673896326811 0.999983817595685 0.0528206401490567 0.074737928095357 0.0400441547178659 0.0374110459442525 0.971542895346776 1 0.0482748150796953 0.0405743540484277 0.999999999999991 0.0433274422235064 0.999999999999744 0.0332059055651159 0.22049646323738 0.14823988987575 0.0420970333380085
4.60774141064491e-09 0.999999997198041 1 1 5.49133130721691e-05 6.58007470732969e-09 1.3025714507009e-07 9.75071522413273e-08 1.68457324756233e-08 0.999999983124558 8.70747272785355e-06 1.91835464180556e-08 9.82990365772096e-08 2.15040028228586e-07 7.28678317685194e-09 4.18099377230696e-07 0.000851085105076255 0.997834547485078 5.18872667054637e-09 6.6569272316741e-09 1.89437497124523e-05 0.999786055815541 1.09423833327682e-08 2.22728014920293e-08 5.29282044858803e-08 1.12655611261836e-06 3.60524621267899e-09 7.02651727912951e-07 0.000878871100432832 1.47832669594727e-06
0.0191180696583095 0.439782249619196 1 1 0.0201201368360314 0.0194329562127901 0.0271825704736994 0.0366811321879164 0.0194601762741287 0.0848894470614503 0.124602257064982 1 0.0269830602489289 0.0618067899715842 0.0197816390237233 0.051419094867072 0.019157014389504 0.142398044792243 0.0298718355138864 0.177624601640357 0.103042781093841 0.0193246321716718 0.0683622237893433 0.0193661268251867 1 0.0251373896967648 0.0369906472435696 1 0.0556973399245728 0.0195236953061998
0.999999999999279 0.00102147620966497 1 1 0.000715172033789568 0.00137999261598398 0.000845498422888724 0.00386304075466248 0.00082049297799891 0.0472579123382536 0.000702217118896509 0.00106222838462477 0.00066649478250802 0.000755510172542606 0.00082561755140409 0.00103084016724331 0.00088365940929469 0.999999999999991 0.00124826233293129 0.00128807481775728 0.000758510142648716 0.00138563565843564 0.00209828024481762 0.00438234752911593 0.000649382912319418 0.00063919461970452 0.000681541385900708 0.000686525804937999 0.000875245948067982 0.00284591439687987
0.00965820639613679 0.00405611656139115 1 1 0.0227623090384537 0.00383004370252638 0.00415992910552443 0.00430165185706077 0.0101601964917287 0.00382784741553799 0.0130004402571837 0.00478728664654804 0.00382285136946869 0.00477740402507265 0.0039415194883925 0.0607625192684315 0.00751118567235942 0.00447726036504148 0.00419881008657852 0.00635401385102896 0.00552516547299631 0.00442989291443074 0.004668539388481 0.00486521804660889 0.00383448156049848 0.00873661206564147 0.00392669930561573 0.003842593883017 0.00469297714972172 0.00393545034219278
0.108066215214296 0.17082049114825 1 1 0.0456872744809826 0.1285149778317 0.0943890243472775 0.108069349127883 0.0434464713502687 0.0740190605518772 0.985210473295797 0.0560985212061229 0.0512014462930679 0.05202263643798 0.0438056507730444 0.0416091551242239 0.0415902319444033 0.0601649431936808 0.0440606314835733 0.0956704976368351 0.0416269488126532 0.130112614115727 1 0.0434750072093512 0.0544858402869833 0.0425021741744368 0.0516020005798321 0.0419017723590285 0.044854950238206 0.0807527832785931
0.00347164377643105 0.00772373835074502 0.999999999992607 1 0.00110933101801636 0.00121826216380094 0.00124743766448698 0.0014423583416604 0.00103368018910399 0.00143955174123134 0.00100025823834748 0.00112856027948383 0.000913775611147138 0.000988604776147928 0.000933162121900866 0.00149817820570974 0.000994855177757659 0.00156010495756709 0.00109054555878929 0.00215021283215888 0.000982574300020689 0.000950200947571922 0.00105984743633747 0.00130252183463242 0.00328969052982575 0.999891200998639 0.000932768259629735 0.00179164959015676 0.001358993671145 0.00310188504224862
0.0959735427717181 0.999991839484059 1 1 0.0562644664124763 0.0556410784156826 0.0575146316078253 0.0564927494259569 0.0820579070308977 0.0940605477907224 0.0559281015874873 0.0689922381132947 0.0553017449157723 0.0565373232527109 1 0.0554644092766825 0.0576666719453315 0.0556784837536709 0.0607149832376483 0.0757252021040762 0.0579966040437039 0.059057946007978 0.0593959444438927 0.0572798321895909 0.0739601250853759 1 0.0588857686656777 0.0823063036521421 0.0582337649219946 0.0636955211722308
0.0529869094301946 0.0451769263553622 1 1 0.103956422369672 0.0486877854123632 0.996664590790446 0.0787279513120349 0.0906674470138902 0.0474979050968297 0.0451328768770418 0.192692387507732 0.0649346801733085 0.0468882121741102 0.176064716473318 0.0514815820065598 0.0473888127905113 0.0471286972079086 0.069667322710565 0.0499178558709025 0.0568648469031025 0.999999999999987 0.0451328661001346 0.0615376575561395 0.0473095029100761 0.0457809219158661 0.076883857714131 0.0501712219994997 0.048002733137664 0.217864196661413
0.999999999767702 0.999999999990637 1 1 4.75729680315951e-07 1.96595861146065e-07 3.58385513821169e-07 3.52896034617745e-05 0.0309004261083935 2.92198379460151e-05 0.00860823147334433 5.0670777730355e-06 0.00617742796357212 2.94849478922332e-05 1.99249963195314e-08 0.963786360675126 0.0714290738392398 0.913775593741082 7.39324233725025e-05 0.00384546182481593 7.22580580569954e-06 1.22990584919824e-05 1.28738859213051e-05 9.18575059261073e-06 8.99429573186783e-06 1.95900945028082e-05 0.000304126553871575 6.15136564685592e-07 4.02647699848657e-07 1.88205319939794e-06
0.0349092218846336 0.0410262104148894 1 1 0.0340814437922825 1 0.0330354418022667 0.141400794646889 0.999999933105871 0.0324540995210892 0.0383026442093959 0.0327280351780646 1 0.0328341790349306 0.0333172509996993 0.0365962850750893 1 0.113417630947251 0.0322654485715639 0.0347196437600696 0.119557034220442 0.0410248082543551 0.0325589515470911 0.0314358955927833 0.0601644154944898 0.0314529977008078 0.0383010304114965 0.999976237294777 1 0.124341352767018
0.0366939136517032 0.399694219739011 1 0.254783977277697 0.042820992593516 0.0341619652224086 0.0396961166053645 0.0468599328841792 0.0390008481762425 0.0365237822320801 0.050684949827344 1 0.0506163932131559 0.0346659245661031 0.182324085085839 0.0605236358960761 0.0423376785643772 0.0528681070593795 1 0.0351412361356074 0.0528243215775623 0.0353072506962764 0.0341792774506954 0.0342912667028669 0.0342400982966551 0.0535822464922161 0.0372663663420834 0.0423370066335982 0.0394255264220603 0.0440245131528351
0.0812360501800834 0.393814630887111 0.999999847682703 1 0.0631070305553609 0.0752606960293755 0.122945276853691 1 0.0843413668746145 0.0720870896771386 0.0768209136253706 0.0753583125849069 0.0482549955740242 0.0758529181128821 0.0587671907937058 0.0489055841610787 0.0469315328027976 0.0543725048691859 0.0750013284864507 0.06043550940316 0.0758482431653278 0.0511870234651112 0.0498649975591946 0.0571841455587866 0.0522970155544986 0.0489245360557377 0.0622059852379732 0.0768776096408728 1 0.066980176399383
0.999999966348749 0.204562784806431 0.0745403764326391 1 0.0573150100114743 0.046163919708967 0.0610629134904175 0.110637602422148 0.112757941042638 0.0473922430883039 0.0464041019483316 0.0455382414918674 0.0455335679510355 0.0980563544511388 0.0488545813780804 0.0456864361150043 0.0562872834891653 0.0483617734415021 0.0475654077648022 0.0535462290087427 0.999654804425202 0.102325585381138 0.0456757366287628 0.232648209982983 0.0680239617915045 1 0.0474212423780992 0.0485299563068138 0.0519072913706581 0.0518729938805945
1.38270062066681e-10 0.999999992199807 1 1 1.09124839742236e-06 1.0416689733006e-10 1.15606801909252e-09 1.82772678103404e-08 2.09281036944731e-10 7.67183157557305e-07 5.61463827208897e-07 2.30701624470697e-09 2.58156052090897e-10 1.91606031041403e-09 3.9892581449319e-07 3.24210138735737e-08 2.94930191380161e-10 1.84786075330123e-10 3.25715010518479e-10 0.999578595869902 0.000369479933406525 1.18294374296113e-10 7.74305954909238e-08 3.76236763095505e-05 3.63602037367627e-10 5.10214759330552e-10 1.72550230315149e-06 6.58550019516646e-07 6.81069756147679e-10 1.37000520261665e-07
0.0228637776444013 0.0239778865305968 0.159247329512804 1 0.0121835526681268 0.0120554462011514 0.0112005358219567 0.011646709554874 0.0139363459140621 1 0.0106611300294481 0.0110910411922451 0.0107228299743976 0.0127222207545794 0.0117714611090871 0.0323129756149687 0.0109568224916522 0.0106646457510725 0.0125099432778099 0.0108225964810323 0.0289439215472334 0.0108079454120196 0.0111134552469505 0.0111370097111195 0.012034039864687 0.0143606775753046 0.011275353033956 0.0127398925898663 0.0111605646304059 0.0118245987583189
0.0657765591729654 0.0979929177829545 1 1 0.042890540908586 0.0403924960984118 0.108705722372611 0.0418638224931599 0.116444279990893 0.0415099956690812 0.0422370056682886 0.102997944750762 0.211681400549474 1 0.0595908858113975 0.0402198839909078 0.041653163465216 0.0497472775703125 0.0584533671723876 0.0431026696057351 0.0506565311614533 0.040332869361562 0.999753675284516 0.0954250131167048 0.0404377352932251 0.0404546935111056 0.0434266473512048 0.999999999999997 0.0463915085970107 0.0554602348091247
0.0821969059398548 0.0140546510436356 0.999963731879589 1 1 0.468763468498623 0.0110452445816734 0.362537266241741 0.49198339963814 0.217835072976156 0.0161814309531426 0.0122035895896102 0.0109049985368793 0.0274480200581039 0.197479200381374 0.0177447106359467 0.0795329197888989 0.0601910451231644 0.0282226447437096 0.0110093772308819 0.999961324210077 0.999373956514881 0.0240231451953493 0.0181558429904288 0.0189080466419903 0.999999911933637 1 0.0108068771418047 1 0.0300118358186313
0.0567764438056529 0.14067182992066 1 1 0.0615901721589304 0.0481481473614132 0.985553772145961 0.0610387623867958 0.0748708315030396 0.0511754400467187 0.0959259175587801 0.0481248220418589 0.0499090561971269 1 0.0624532802093617 0.0495736421321087 0.137755724024055 0.999793061735921 0.0484334019465446 0.0542986156208863 0.0579895923989592 0.0681029552179586 0.0481264192286663 0.99010497840093 0.069802042070132 0.155011668203838 0.0499549564536816 0.0518547211509034 0.0878549238652885 0.0588748231876575
1.12021503184678e-13 1 1 1 0 5.49760237333885e-12 0 3.77250675698271e-07 0 0 0 0 1.42774680966795e-13 0 4.78582729002142e-11 0 0 8.79296635503124e-14 0 0 1.11022302462516e-16 0 1.11022302462516e-16 1.00863761787195e-12 0 0.000291400156326782 0 0 0 0
0.000540485162142113 0.999999999844853 1 1 9.87532703911054e-06 1.34748691877906e-05 9.73559673811408e-06 1.9393735311124e-05 9.68448865257265e-06 1.65059545376156e-05 9.80032337583037e-06 1.03197518260822e-05 1.04644388057018e-05 1 9.69698017161402e-06 9.7171212972702e-06 9.76619628334507e-06 4.47362895908965e-05 1.1945040689243e-05 1.05365684553993e-05 9.65645246764346e-06 1.63069351062362e-05 2.26523680342261e-05 1.14990027734185e-05 1.39753681074328e-05 9.734445727827e-06 2.96392812207946e-05 1.81077699563659e-05 1.09878990662837e-05 9.67301715926183e-06
0.00525547443594787 0.00674702660132209 0.00635836860638195 1 1 1 0.00572819467380414 0.00591767116353648 0.00532643097287455 0.975543200566816 0.00513958088956401 1 0.00538964113644369 0.0430367097585815 0.00664043520570212 0.00511688420962653 0.0553936058210058 0.0161507582086462 0.00518067954075729 0.0056556250906884 0.00720941748364878 0.103947629793748 0.00538642193878669 0.00519000171648387 0.999999969389745 0.0149800065307431 0.0415132061736916 1 0.00951180491281245 0.00525855353664351
2.63254917864941e-09 0.999999515434387 1 1 0.999516793555072 0.000483489506701851 4.98072572074904e-09 7.71689379064355e-11 3.2889801993008e-11 1.75378267464055e-10 2.4944400989213e-09 7.05482339213859e-11 3.59681173733861e-11 1.08338005233577e-10 1.71834386719638e-08 1.26823440638191e-10 8.42152236835148e-10 2.72891709229839e-11 4.2734049632287e-08 1.46145096024952e-10 6.7439588358198e-09 2.44997355736132e-11 4.14775991330885e-10 5.00699481875699e-11 6.79288802984956e-09 3.49902329332963e-11 1.74800141028442e-09 3.11933145979992e-10 1.38737665800193e-08 1.60581337116383e-09
6.34316266179269e-10 0.999999954373707 1 1 2.84861023658323e-12 3.75083297754486e-11 5.53058709940046e-11 9.54902823480097e-13 1.3160870848683e-07 3.16602299932356e-12 9.11715147822179e-13 5.5051518899063e-12 3.21809245917848e-12 9.52127265918534e-13 1.93123850245058e-10 2.27293032173392e-07 3.4351410604927e-11 2.59748889064326e-11 1.04410480261663e-09 4.76540218397048e-09 8.72079075620036e-11 2.12574402524979e-12 6.07269790009468e-12 6.36358743477672e-11 3.08192460440893e-09 2.49895659720778e-11 0.99999966234434 4.39561720355641e-11 8.5588203191378e-11 5.40989475439346e-12
0.999999992304757 1 1 1 0.0424320667704834 0.0322858208569788 0.0534727669887278 0.0351262544103409 0.0330916853701138 0.0308336172655279 0.0316564800977382 0.0432539200386023 0.115253764154579 0.0333705007282983 0.999914129537412 0.0309252785772952 0.0319096566551298 0.389990651477657 0.0319405743101201 0.0311988395795749 0.0353050939054672 0.0395067440441081 0.0367197695896119 0.0426973166746261 1 0.0323205034231799 0.0314984775884137 0.999377345682397 0.99999999918489 0.0320451155443624
0.0125515358570344 0.0316454381534619 1 0.0373912281659065 0.112230236837233 0.0125989695886423 0.0177805267451531 0.0154133819974643 0.012606654072729 0.0124105289062637 0.0237970233954062 0.0558621108347181 0.0501416295133106 0.0130988394893968 0.0126224036198362 0.0130948858586083 0.0124689557235117 0.0242190293963048 0.013217765664552 0.0234576482819707 0.0942271808231123 0.0449484620467234 0.0153189175217 0.0165407607365012 0.0136824678856849 0.0303495351910447 1 0.999514286588139 0.0142148022934045 0.0138381500202656
0.0570799869907049 0.0678078401262432 1 0.389502806529613 0.971788501163283 0.0556671979510742 0.0412281094842087 0.0401021147613543 0.0606287151590641 0.0475967912894619 0.0967321803083807 0.999789751860834 0.040404237918907 0.136194012278008 0.0432284109251363 0.0419899771094543 0.0429121596457912 0.105425064028427 0.0404279799938989 0.0411344479938787 0.0413898001937694 0.0408659462192758 0.121912331602502 0.103826959259153 0.0414787195400486 0.0415537271052731 0.0400139209477474 0.046398859887836 0.0401121217748798 0.0917030677565494
0.0253422555231312 0.11138391094383 1 1 0.0319778500209635 0.0222799085319256 0.0213914385482792 0.0234871294788673 0.0204500602190938 0.0443974454793349 0.0192233343666059 0.0431878883284673 0.0259610613479738 1 0.0201242495658003 0.0186811928012096 0.0255729069107481 0.0291953160755259 1 0.0285978321428958 0.0189073988259222 0.0251799746327253 0.0813268714452764 0.0205934177482504 0.0268720193981267 0.0188231346019994 0.161807692081925 0.0213184805411352 0.0340459351220991 0.0541655575788571
0.0567839957972051 0.0132161047683469 1 1 0.99877107624281 0.00528826822806894 0.00533390472005801 0.00544410840549103 0.00554916535333139 0.00631973597907054 0.00665871873234947 1 0.0055926577249753 0.00533415969528961 0.0144236863433663 0.0233355605702583 0.0087356685173321 0.00967967959960536 0.00991231839397244 0.00599406505466193 0.00694948649799354 0.00540160820092361 0.00665926605658296 0.0102384927889987 0.00534008981824718 0.00530087324761597 0.0113610434241824 0.00553168679366767 0.00555413894303503 0.999999627069791
0.0310099668183333 0.0699758365799245 0.117998095122764 1 0.0262838439142684 0.245269691950178 1 0.0791875045032326 1 0.024317681698695 0.0658844490385914 0.0254659894920848 0.0646675365882964 0.026723346601093 0.0289949005084822 0.024768201577436 0.999999968787336 0.0261614634167298 0.0381932038804704 0.0278345686286988 0.0398111426737152 0.0299124391528475 0.0246415939903779 0.0793685554809683 0.174424160172013 0.0265867598333535 0.0255664588970812 0.0245478627766285 0.999784368071758 0.0805301299791314
0.99999995315624 0.0411401210307513 1 1 0.0336604585676797 0.0327406650040295 0.215921835214982 0.0318042350103787 0.332678458173259 0.0338618224301876 0.0369258573438549 1 0.0704685636993335 0.0380254448143666 0.0435737233662082 0.466387249186208 0.0550136233850205 0.0408339464422081 0.0652096238359687 0.0333226170210539 0.0327184125357258 0.0317476683107268 0.0405598910314757 0.0319385100395955 0.0386857570166078 0.032978651833806 0.0316798096679153 0.0395018615774052 0.0324165768304481 0.999968480488088
0.999999949225437 0.999999948832782 1 1 6.14871767834479e-07 1.9333652961917e-06 1.75723620602364e-05 4.09035896353771e-06 0.000416721224301586 9.35801675372439e-07 0.0541553676284704 0.947310358307952 6.39951089675961e-07 3.38560589996373e-06 7.48077662482416e-07 5.70596507265542e-07 5.30624656180922e-06 3.76933331502904e-06 3.56339982177101e-06 2.28622313439564e-05 1.70928383513846e-06 7.61318345809947e-07 4.3794038301348e-06 5.98488624659055e-07 0.000412660115993613 7.25648766186637e-07 1.27919962816803e-05 2.41399193333658e-05 2.51521576144498e-06 1.46697141019114e-05
0.0377179318795741 0.999999999981292 1 1 0.0289253715887356 0.0279198876573052 0.0280943753242532 0.0281603861594312 0.0691160379848328 0.35482823061279 0.999999990638317 0.0324110467873793 0.0309106266195966 0.0316365149509906 0.389366187908124 0.0319642276044334 1 0.0279239822450507 0.0277232822122698 0.0334288104405798 0.051968467008535 0.0286706166399106 1 0.0429477787350363 0.164513736819705 0.0336354318284469 1 0.0304497755302185 0.0291405254648303 0.068490024174431
0.158784467888099 0.038294254111599 0.999999999994148 1 0.014422589180566 0.0255899216861307 0.0318876420125525 0.0262996416697402 1 0.018563759445308 0.0407847658401432 0.0143551205418034 0.027855797727046 1 0.0260073138835224 0.0198171164396049 1 0.0146978879457003 0.014711474454993 0.0472410637120633 0.0145790433819869 0.999999999997802 0.0158381250532094 0.999582462082217 0.0753236867571261 0.0144517764458104 0.0488750406223726 0.166942361250505 0.0232000964102277 0.0166476929586629
0.202853089327952 1 0.455193718228501 0.0920303321613104 0.0403976612956923 0.0371694242792545 0.0461214519817589 0.0364194714081701 0.141188267545584 0.0407305312824993 0.0365579136789733 0.0405758601578949 0.0407379205959206 0.0948528483613242 0.0485088507081202 0.0385173490845759 0.0364045692714975 0.0422427439650919 0.0374200437884817 0.0370637419914017 0.037337178562256 0.0393727285977991 0.0526273673625797 0.0419145731985386 0.0571191972408063 0.0396360870789998 0.0491285736352534 0.0700130893602503 0.0364421828905821 0.0423918105829451
0.00014035784213795 0.000393452705201414 1 1 0.999925678484866 0.00103426266957973 0.000108710807856349 0.000207719701299736 0.000157168010260111 0.00502536496014072 0.000199915874494194 0.00029065513512927 0.00011290707087841 0.000292857102183408 0.000927904681546243 0.000106927516138278 0.000152892096319412 0.000174398086235539 0.00015900936195834 0.000127201590353843 0.62660348180317 0.00174084555698217 0.000108424796510409 0.00990918852959743 0.000105678678955168 0.000106028064972064 0.000105135431053394 0.000107714092844713 0.000296506770059213 0.000208650917825515
0.0717036383369249 0.27966815944422 0.173895389182688 1 0.163226816999517 0.0856938191833184 0.999999953830669 0.0589091965802694 0.0486946921820156 0.0885637185303023 0.0755700529717458 0.0905165827501376 0.0478757092946209 0.0576024260623028 0.0488207576784835 0.0517302218707157 0.0764490104655312 0.0517427765567567 0.0822089991331845 0.0479463852037046 0.99997314955785 0.0706074878567343 0.0507960079888523 0.0483405013728209 0.049448876842215 0.0599071694452302 0.999996045215021 0.0478616037573552 0.0591834595016107 0.0495387492226238
0.066367451979264 0.0253241772240359 1 1 0.0107510898939015 0.0116893121544156 0.0214204493228632 0.0104975504096039 0.0104029408372905 0.010479848925723 0.0106016721001847 0.0116426520498119 0.0172582784133418 0.0104249336214873 0.0210831758453807 0.0104246657062923 0.0154126467881651 0.011014449759761 0.0109239022952939 0.0104124541688113 0.0105102164775227 0.0145480077053559 0.0104721085440457 0.0106968281539659 0.0107455109752309 0.0114994576170334 0.0103709850774766 0.0162020612338429 0.0106276581598508 0.0149832916760213
2.82568049680965e-06 1 1 1 1.92507722429625e-07 2.72690208635851e-07 1.47529133148749e-05 0.0111499021607364 0.788890738599339 3.71123014208941e-07 0.000127124772791087 0.00924299079976509 9.48803033917756e-08 1.76538715535024e-07 2.01088211684297e-05 0.00414936970704682 1.28569794810574e-07 9.65687598775133e-08 0.00516663474278323 0.000280107535422514 1.45056815559208e-07 0.000413309185366084 0.849057921384043 1.24876247861172e-05 5.57967680281379e-07 0.00205999513268906 1.22492518683792e-07 0.117870086540647 1.45933727657699e-07 0.210069334962755
0.0363581523639596 0.0414751339000125 1 1 0.111195436996894 0.0309246606881705 0.0322012121140539 0.0298974098355015 0.0762633481130826 0.03554974923952 0.0342084059845146 0.0296392764853074 0.11487241512986 0.0306773742942688 0.0385337492944798 0.0875189300405254 0.0337165355167568 0.0756282131928698 0.0466586788209857 0.0537670993143591 0.0324047728143633 0.0320580056300714 1 0.034564995346094 0.0532973672053462 0.0314330987474221 0.0300822745032476 0.0321975122789183 0.0343172540856541 0.0476732963355442
0.113329710423922 1 1 1 0.220118068234582 0.0281930937062344 0.0350540162177926 0.0613160824629718 0.0284625015746222 0.027075906529477 0.999660985929651 0.977600372726716 0.0583137641578385 0.0262577270643457 0.0521155093323117 1 0.0417357946526086 0.0830341857156445 0.141574784050185 0.0959340881780367 0.0499783141599665 0.0352845627993743 1 0.0658955325363333 0.0267296769570163 0.0363306968562642 0.0890040175966267 0.0404731105319671 0.0266925178987464 0.0304923742894551
0.999999999268931 1 1 1 3.04312131049755e-13 4.12392342497014e-12 9.01501095995627e-14 3.01758618093118e-13 8.99280649946377e-15 7.54951656745106e-15 1.45439216225896e-14 6.22835116814713e-14 1.10800257857591e-13 0.999999952394308 1.2356782264078e-13 4.30111501970032e-12 9.56568158017035e-13 3.77919917582403e-13 1.01225472448618e-10 1.77402537104854e-12 7.00550728538474e-14 7.7715611723761e-15 7.66053886991358e-15 1.99840144432528e-14 4.6029846600959e-13 4.75738245464541e-08 7.66053886991358e-15 9.76996261670138e-14 1.24233956455555e-12 2.83695289482466e-12
0.0125571599770608 0.99935845447201 1 1 4.26305237569702e-05 6.65021353041251e-05 9.11254055203647e-05 0.000180617074655331 8.17362507932184e-05 0.000170025567265419 9.55209686236413e-05 0.000140889602375127 7.19180949959597e-05 0.000424147056270585 5.83639429317939e-05 4.22031855676908e-05 9.53173209795599e-05 0.000119747654639402 7.68501872857597e-05 0.000214291612825046 0.000315664083929357 1 0.000200871225304322 0.000368326201821589 7.94234744065925e-05 0.000132051845621484 6.78858075480182e-05 5.1231449623157e-05 9.12486196987805e-05 0.000177171681667643
0.0186422724692724 1 0.0616333443643955 0.392727416387007 0.0209609204999752 0.0824662762849766 0.0187030568255542 0.0182546187451553 0.0324012377139631 0.99999294876942 0.184170336071421 0.0271782244274243 0.0217861071749189 0.039956012487647 0.0395158676689727 0.0186542992998593 0.0229373818690686 0.0183688372831977 0.0198679431045937 0.0220273248470079 0.999999999668593 0.999999999999815 1 0.0214002913765101 0.0217524035130284 1 0.0381110898273843 0.107249297750058 0.115054288505299 0.0285143323740032
0.0238946698044045 0.224205267289397 0.999999999486205 1 0.0240982824904372 0.999962602130681 1 0.0323026287558354 0.0238367567171185 0.0278293015075067 0.999999994614487 0.0283112300007941 0.0238897749652189 0.0311620270214648 0.0240946315256872 0.999999954567684 0.0238315411216508 0.0321739272476629 0.0251861076931313 0.0261518079616216 0.118303611054576 0.049412961334771 0.0292167224661695 0.0238237739760653 0.0358732234702914 0.0249862656219932 0.0239228323882633 0.0731493871469635 0.0251100871985251 0.0330971231187603
1 0.254107665975844 1 1 0.0483403121836845 0.14190508171044 0.154477303395243 0.149388700460376 0.062104874478575 0.0388845123512517 0.0641296561104372 0.0259726425555648 0.522728537085755 0.143707317702673 0.0294738906735535 0.0277806166355234 0.0571867064293419 0.0881470560774379 0.0298194179602927 0.0312390157379542 0.0441218365701669 0.029199308290995 0.0335622373373559 0.0365674499676256 0.0354477236498548 1 0.0392498916194256 0.999999833057726 0.297019963044843 0.999999999999999
0.0962698161580671 1 0.999999999999953 1 0.0451814285573993 0.0409844742160697 0.0431828116674799 1 0.0560282123586058 0.104627245286252 0.0529653185384585 0.125395519614736 0.0553063710015745 0.11150638779129 0.312605663887447 0.0859864864442567 0.0406661463409604 0.0758695695290788 0.993284183513464 0.0417459897676274 0.0463730471997887 0.0419124776583898 0.081395793132136 0.0627945762724168 0.0646041229630807 0.0423841734104559 0.0786928620295929 0.0424080408658191 0.0615771951481082 0.179118565637974
0.637873052767239 0.999974944315727 0.999999999999992 1 0.989009613922371 6.80726499624473e-06 6.93861054146261e-06 3.1410551819544e-06 1.43891999582202e-05 1.16206532807528e-06 5.8968000571813e-05 3.18207590976893e-06 7.77891051744195e-05 4.18500213039685e-07 2.82567421461266e-07 5.3292542445682e-07 3.4637488102951e-05 1.22976300120925e-05 0.00194574610627329 0.00011838248949847 2.09284051866376e-06 2.70590189699327e-07 5.15521922760387e-05 0.00037279406997448 3.39646357851997e-05 1.07657915149328e-06 6.73186308697282e-07 2.25581218082915e-06 3.29669789356224e-07 7.90979127862634e-07
0.335081422419006 0.445943429232113 1 1 0.136881244192215 0.0340849290368801 0.459642553366049 0.993463772045822 0.0397651652614162 1 0.0439724969993386 0.0317229630248744 0.0435438169107727 0.156150527628393 0.0459607356502896 0.0911819800506948 0.0521210772074974 0.0483917408015156 0.0327475724880538 0.204184028908366 0.999999999717212 0.0335707478453129 0.0503075054149588 0.0329103065946317 0.0339119266436126 0.0331559181210723 0.0958995216509027 0.120686830239807 0.032570843494014 0.0827648043540244
0.0360529252933469 0.0364279483938763 1 1 0.0359552023925941 0.0390048875726591 0.0501507605026668 0.0979624130931126 0.124710814753743 0.999999999999341 0.0524192030488604 0.0400957167416731 0.170587850933588 0.0539270744666841 1 0.0548747099796095 0.0467448901896649 0.0808829864517951 1 0.123828665609129 0.0522482385769064 0.0374416862317632 0.0427737628609723 1 0.0409820312806818 0.0425362883614068 0.0402499876292263 0.0370891156935219 0.108726224762211 0.999999999999989
0.0212344972737439 0.999999873291312 0.652114751216232 1 0.0218355621216172 0.0254704952546184 0.0212095952031907 0.030373350970292 0.02589846234577 0.0278006561034423 0.0313951251663844 0.0345325859640097 0.207266370920883 0.0214768019624132 0.0219006879091841 0.0365577550292948 0.0434455749384733 0.361347338314216 0.0372332393880577 0.0366680509934988 0.0215361005031329 0.0327914010163111 0.0818308230819499 0.0220557787314801 0.999885851877376 0.0243494929915113 0.0240132944945335 0.0217244314101519 0.0547127606245332 0.221311288200939
0.999998695742745 0.999999999038547 0.9999999999242 1 0.103933971093201 0.0452633823370124 1 0.0468002735898285 0.0440197725512461 0.0557438993975813 0.13928271340616 0.0442582068762826 0.171198147591896 0.0452850937606937 0.0532049073968683 0.0468243908907545 0.08849223174941 0.0662679130099409 0.0635237808223548 0.0451125229928867 0.11343004210811 0.0899667211322174 0.0454447668364651 0.109138964323162 0.0679500435528262 0.0777660209333431 0.133174874198347 0.0819047871703141 0.0471224176694199 0.11136321182838
0.0195832141251765 0.0126278796431228 0.999999796136779 1 0.154869748178832 1 0.0136327272538127 0.99999995858895 0.0133684063706367 0.0134520971254247 0.0549688988601595 0.0140983613886817 0.0156075025913778 0.0139458380556138 1 0.0641111150746427 0.255988294024458 0.0139682103817625 0.0135024997678587 0.0127262433554122 1 0.0132358913728906 0.105415927501862 0.0282661650238816 0.0195889876951607 0.0236879911531891 0.0210062948616989 0.0126875042108636 0.0126287489187672 0.0127527612897581
0.0348488808723372 0.0795492097580358 1 1 0.0423568491012393 0.0680934728603049 0.0356071707418115 0.0752995765494706 0.0362208774247886 0.0343180472232955 0.0352086965899029 0.0333697872505154 0.0450846730570503 0.0493570051015887 0.0367869249446962 0.998373240011216 0.0333634060679997 0.0360652054240513 0.053704453877561 0.0379550743843174 1 0.999999999992619 0.0460789918890387 0.0354752991282838 0.0335680497435342 0.0602624453642514 0.0351006900159772 0.0336432608857793 0.0380665097206455 0.0364817640045065
0.999999999989776 0.011217968611927 0.999999999790956 0.304236442567053 0.0130269830085901 0.0238414622729956 0.0161073820650504 0.0367270115331237 0.023425600767373 0.421736990764254 0.0133329002237573 0.0107571238823827 0.039093810022669 0.0107593504496933 0.0182142648290481 0.0169171448283558 0.0391954128102501 0.0345831301277293 0.0112355097429885 1 0.0294403398067309 0.0120009656075064 0.11705783036546 0.142459132693178 0.0849590340184021 0.0149630133073928 0.0686392498695955 0.010755155865063 0.0113382308509108 0.0483066720959309
0.456632743942014 0.610627478606839 1 1 0.0617107051973216 0.0991939814347012 0.0322312940869226 0.033422648979667 0.0319450086902113 0.446416165220134 0.0319910003397287 0.0443170179978772 0.0337871537429505 0.0348959179171494 0.0579114009180617 0.0361618103670683 0.0692037897538033 0.0668217440611169 0.0457104079664203 0.0547464382157788 0.0318917519462953 0.350094352000553 0.969195088363199 0.0388285070674725 0.0318320573175704 0.999999999963641 0.999999993860469 0.246456118846398 0.0478009982450464 0.999999754756767
0.0363732498996809 0.261187056073763 1 0.235729903788514 0.059746421252092 0.0388358416131803 0.0391887537143742 0.0398785023820515 0.0540674890819551 0.525312963168041 0.0366520218106462 0.0358394801672625 0.0809087277580477 0.0381777270824498 0.0372866702426532 0.0631452776405812 0.999173747379821 0.086550691249624 0.0570453177416936 0.055327235759671 0.0430173457017212 0.147333824267538 0.0551605575076207 0.0390188342589789 0.140570838689463 0.0456904896745197 0.0499350601635257 0.036537141481221 0.0717703193301865 0.999948052254469
1 0.999999773385963 1 1 0.997428576494772 1.01041175426531e-10 4.1738212885889e-10 6.50108522570747e-10 0.00257142139889954 8.94004870133358e-11 9.02450336681682e-11 3.53617690684871e-10 1.66010871716082e-10 1.66324398698237e-10 1.24277699242725e-10 3.73118758112412e-10 3.93955312816274e-10 9.09546882255086e-11 1.17832077428659e-10 1.99857130844805e-10 9.2099550208502e-11 1.84969262129187e-10 1.08455022740372e-10 1.00879860021053e-10 9.93045645714119e-11 9.54717416234985e-11 8.97055763005028e-11 1.0407941175572e-10 9.17746989514967e-11 9.06219987939494e-10
0.29608057537855 0.195104380097819 1 1 0.0194180734887026 0.0287876407770035 0.0235547296127399 0.0581617654767271 0.021737744218958 0.0309135386519707 0.0271707933374361 0.0196107190561884 0.0513675144001778 0.999999999999998 0.0192940431513781 0.0606792417347738 0.0180200792325721 0.0225627925951055 0.0239371879168766 0.0759093008653837 0.99999995162369 0.0216000216932173 0.038175741272125 0.0217588010868065 1 1 0.0270768057179875 1 0.999961496638494 0.0418040522985129
0.0491625273888969 0.134855218412445 1 1 0.0659383953251558 0.999635697686586 0.0479128018749452 0.0767513693705018 0.0571396595781107 0.0694577442180938 0.127782292859803 1 0.0480967082947501 0.0568705739853358 0.146356824796524 0.050470713049931 0.04780217664731 0.0684414999916477 0.0491970626528478 0.0916857655845491 0.0683411559695418 0.976831655521584 0.052863441897993 0.168362422134261 0.0477994306264983 0.049809323047641 0.0478998516312349 0.0512667914947521 0.0477871844205872 0.0486504933774541
0.00518318485562386 0.999999960360356 1 1 0.00135490097914703 0.00188234787704011 0.0013539198724285 0.00132467837438244 0.00197505102925077 0.00351481478871329 0.00144735942203256 0.00422242548763652 0.00135205858094589 0.00129787241400969 0.00182819152247049 0.0199534762735191 0.00181681710006554 0.00392282419239176 0.999308037989752 0.004316237746819 0.997329530321011 0.00129861386868746 0.00301848868308308 0.0085261919387094 0.00553878186598833 0.99959553482706 0.00130625740071633 0.0016801016883774 0.00155673517731636 0.00138933367748539
0.0623152792722534 0.257905414005812 1 1 0.999992827229585 0.0405085532815518 0.040614808046239 0.115348872026087 0.0643731351586391 0.0438008300567695 0.043527635278523 0.188169566403395 0.0505395010747605 0.0409873266113423 0.0413931196373466 0.254175342666111 0.0438158593329151 0.0609793563371129 0.0407605370912401 0.0429344544489519 0.99999988355579 0.0405073466782402 0.0444185609068027 0.139320487629752 0.0412454922848321 0.0614456131435388 1 0.0502267143652316 0.0432120235055764 0.0404608245466853
0.106554724940813 0.999999990252246 1 1 0.0537605312494858 0.0556798447239781 0.0539426855678281 0.0539859069581755 0.110137147216126 0.0582248403145267 0.0543259424771676 0.0538572786089039 0.0583702717629887 0.0557804805673794 0.201885820211505 0.056752305035629 0.0773094234673203 0.0562749146833623 0.0538137737213595 0.162182206906354 0.0722580552638469 0.0539875511307828 0.0557646412486755 0.0674377612222353 0.0666649803092699 0.0577624766579943 0.0631873976022652 0.0919846348877371 0.0575327372301236 0.0571592662111863
0.0186390890368791 0.16710190377579 1 1 0.0157686608242025 0.9999999998344 0.0523672762524063 0.0161045630693224 0.221450161099185 0.164104436547501 0.0230048142396502 1 0.260978285718267 0.0220667609155267 0.0236274363233638 0.0158513722761815 0.229516492578489 0.0596068681710726 0.999955588499632 0.0254241618416006 0.0616441583972963 0.0190346257434055 0.0296762050896451 0.0276731469450526 0.0196268057575165 0.277348398485262 0.104316483383076 0.0360875649839704 0.999999999999998 0.0158073727595532
0.0700594149404723 0.117267192955036 1 1 0.0121575280611593 0.0090470032608907 1 0.999999999999383 0.109135291604241 0.0231831572025467 0.00868170931672485 0.0233177126856655 1 0.988634087258886 0.0125919541358045 0.00894496228029329 0.0103717269256972 0.999899798118949 0.0102538458246223 0.999999999997924 0.999999694451811 0.0222683260747072 0.0385242805992374 0.00875575519371175 0.00896137145127884 0.00881468381214667 0.140619390201346 1 0.0184050267181026 0.00867230787176121
0.39635861823982 0.998901903106411 1 1 0.0361628337023957 0.0465524916068776 0.104254185421919 0.0469471967825497 0.135613350664959 0.0322532458722622 0.0374931252320324 0.0335847753114875 0.366255728257932 0.881925118442173 0.0321157901077656 0.14122571829303 0.141587823611722 0.3474028665756 0.0316401306511784 0.032561402570756 0.321823800136466 0.999983731095941 0.0680232806728849 0.0315031255861286 0.303223897835858 0.0333159037807036 0.109682194730901 0.0397581595853658 0.0336913356049714 0.199062899286648
0.999999999999929 0.999966904657951 1 1 0.0179111883138023 0.0169246802872343 0.999999891895325 0.0161133069066937 0.0261167076790829 0.0236447022276846 0.0251601173669482 0.0167072377922409 0.0244254377657411 0.016082838362097 0.0170134464793769 0.0173108992258971 0.0179816771524514 0.0196220584955954 0.0197982328703232 0.0185849422609901 0.0249055978332556 0.0296526337156043 0.0164089306963142 0.0163197377700922 0.0181623550701712 0.0169930192824429 0.0173498004161042 0.0176136980370157 0.0170835569432831 0.0160644405391536
0.305312540689941 0.419753690737628 0.13325243084963 1 0.0239835716132357 0.391983367217406 0.0266526540558242 0.070304056412941 0.196992902978715 0.0384691672056203 0.02849344693607 0.152857413046334 0.0252423034034699 0.999908829923363 0.277180150147087 0.235165674573032 1 0.0290406779657439 0.0220994770939842 0.0342502370245775 0.0230126604694439 0.019004522424694 0.0208776540510163 1 0.0191404094840065 0.029337667353221 0.0197171799836773 0.0723786100916844 0.0229590705336009 0.0365363104208829
0.0484157695235238 0.0378809544357761 1 1 0.0197593916707599 0.0411943584125125 0.0285591153786204 0.0263475708703912 0.0287983988708126 0.0361871783539118 0.019896505501216 0.0295142731911201 0.0439073424301768 0.0226811942943529 0.0212406336507359 0.021689067468424 0.019601681110859 0.0243593022366961 0.0198206135187377 0.0195930254561173 0.0230622292806115 0.0206970883878812 0.0245687749563041 0.0313754610254555 0.0199633357812673 0.0204932891124736 0.0202637360224233 0.0201200079546495 0.0382775144115624 0.99999973324685
0.0159512502911235 0.999999999910448 1 1 0.00372592177998399 0.00372305555579133 0.00512839296745937 0.00375875096342204 0.00374049925588693 0.00379270789629638 0.00393864898034502 0.0038565470287264 0.00372210443148613 0.00835087523337796 0.99451633143495 0.00494953388880037 0.00373303568087513 0.00374392867918771 0.00379423352281216 0.00450090046141227 0.0216854731827691 0.00424176973455237 0.00524412548185149 0.00462890256856063 0.00497478216197289 0.00374439381431779 0.999935679603586 0.00531857743555475 0.999992827620384 0.00383642637791037
0.141875846904284 1 0.0345461865028411 1 0.0313530784920573 0.0442872749616253 0.0270406448956058 0.0272383421752678 1 0.0750308823895561 1 0.0402085659367614 0.0393456742336709 0.0335415347578287 0.030381821294623 0.122649992171194 0.0291780968175922 0.046167519155325 0.0335206440978337 0.0777533105585303 0.0322627459597337 0.0287994145733014 0.0327209165172742 0.0269096326633783 0.0269301458402965 0.999999480316561 0.0369430384191489 0.0403581398382088 0.0269538481022557 0.0303333356284177
0.951820293851517 0.000536202423636167 1 1 0.000114771428646798 6.80943453884586e-05 0.000279085192661399 5.03873314623426e-05 5.27511228802791e-05 7.0608049205001e-05 5.22332264464298e-05 5.04358051987008e-05 6.65710583410695e-05 1 6.52128564414545e-05 6.00094334657353e-05 6.0162799788599e-05 0.000143455544154403 0.000193342393602691 5.98592231745299e-05 6.15661667685563e-05 0.000160511801347685 6.94270345096282e-05 0.000125458057607553 0.000221958370840936 0.0109715191152692 5.37406471345925e-05 8.62613017769132e-05 0.000119487777511695 7.23132948848848e-05
0.33522534373086 0.999999999999892 0.288498215415461 0.169891056721352 0.0292293656549807 0.996808540919831 0.0308502600379614 0.035887601514194 0.0693373082729148 0.999999994511467 0.0259041728595881 0.0347366289133015 0.0503214289837928 0.0260702213653544 0.0259391367751581 0.0258434327859886 0.0941109589433733 0.0307973192893333 0.0389861299491647 0.0848812198716562 0.99999296911162 0.0260362171493492 0.0386764680990686 0.0436627704515198 0.0260790580970669 0.0835332375815331 0.0260270741557272 0.999999999228294 0.0260311864961371 0.044880315326202
0.999978447768665 0.0814812507861857 0.999999999999998 1 0.0372867080125951 0.0516903912390407 0.0378739757989615 0.0370321003800712 1 1 0.0384522952264198 0.0389055504974086 0.0415874177542659 0.0474022761449853 0.0384113236184482 0.0373868333471961 0.0380649076972477 0.0369199210114456 0.999179623298275 0.999974670952072 0.0760789843011928 1 0.0471823573235657 0.0389861869262198 1 0.0376216840236262 0.0381037342419623 0.0460108560880486 0.036946650314106 0.997260770218654
0.999874089240298 0.999999769004532 1 1 0.0448069516184897 0.0478006174201995 0.0447565639513308 0.062899814262888 0.0843732229327763 0.0449267463369617 0.0523854260657289 0.0449061257433886 1 0.071162567856336 0.237959642194491 0.0448520230374599 0.24574038014659 0.0912063210879368 0.0459826040886624 0.0477459879218447 0.0447458123492392 0.0506502688513841 0.999999992318227 0.0504091601582546 0.102165134725743 0.0476246574244901 0.0456253619969796 0.108788246687356 0.0516207574541612 0.103225708498744
1.39796767828493e-07 0.999999999978561 1 1 1.60300772988897e-07 7.58503700515334e-07 1.35759827268878e-07 2.07040668809277e-06 5.1947789780904e-07 1.71512802515927e-07 2.01417262868375e-07 2.22511559289096e-07 1.35276486679103e-07 2.06371520428128e-07 1.33260119383749e-07 1.45489543967869e-07 2.26380296508566e-07 1.37337441419305e-07 1.06612809569473e-05 2.43687203360654e-06 1.02558269821085e-06 1.40428629658018e-06 1.67479342616517e-07 1.37521142988817e-05 1.34421361042136e-07 1.43214055392527e-07 1.49956545958396e-07 1.47888522539219e-07 6.78677837706587e-07 1.38491852985645e-07
0.326433491877582 0.0366453248166619 1 1 0.0431666457015897 0.037337289080802 0.0320754847761872 0.999999925039852 0.0330639915516662 0.999999999999911 0.0407481443703991 0.0395184903969326 0.0319948114702213 0.995750614644798 0.0449501822297337 0.031960975610801 0.0867068379200273 0.0562794613930683 0.226064969143959 0.999903272999892 0.352190301778216 0.0366509540689576 0.515052823722675 0.0332342485750091 0.0320076489574278 0.150924326599087 0.149552324656164 0.0377916860072774 0.0336414477868346 0.041663251259944
0.0453818342462954 0.247738303075903 1 0.112001897422225 0.0693004644463698 0.0238824762734492 0.0200993033171042 0.0196353887481163 0.0765031793222192 0.0185904540873555 0.0288733804406024 0.0194240471781472 0.0186593386171964 0.025096720965411 0.0185989728098388 0.0279005632576624 0.0204930385317954 0.0191643688979073 0.0286324436580686 0.0200637127590333 1 0.0334296723421719 0.0188006276362837 0.0187581920162557 0.0208392028012205 0.0279583995201 0.0186239420628512 0.0187062734352905 0.0393527449044803 0.999999991126498
0.000197433375720313 0.00240504185471258 0.999999999972401 1 0.000279009047272405 8.03793815136178e-05 0.000205499654572505 0.000400878276777705 0.000488123561340537 8.70302980979787e-05 7.20663805406918e-05 8.03444655732566e-05 7.85670624560142e-05 0.000443037942919111 0.000164124393608578 7.05035494128481e-05 7.4389116998641e-05 0.000349341633103406 0.000621762756200961 7.12449069091292e-05 0.99994537252207 0.000128132575376028 7.24431766898626e-05 7.6110230678772e-05 8.21439997040763e-05 8.7732191888068e-05 0.00109025441731569 0.000170022679886639 8.35250058098813e-05 7.04278223333521e-05
0.0347795693023654 0.999999999999989 0.249173413427933 1 0.0327891504689661 0.0432084813656075 0.0863307830693704 0.0846443674244797 0.0420512020640051 0.0428829683642845 0.0347614797659361 0.0357459434169568 0.0347866329103445 0.0532123629511962 0.999994603311171 0.999999967138142 0.0511408133141033 0.0327763883327516 0.0327531163223137 0.099109751013945 0.0617230590534028 0.100635350259836 0.0336500903574427 1 1 0.0327692543546536 0.0626078337694476 0.0386371445429579 0.0338895375667078 0.0343522361714254
0.0961126973938029 0.0831169365814795 1 1 0.0705336259197636 0.0651637799716983 0.0629458012224967 0.0685902655344598 0.0713564802477149 0.0625519415848316 0.0636789322269712 0.0701027519023919 0.0763224792039863 0.0623348155514308 0.0771092875228911 0.0704303452407326 0.0674317881634958 0.0640919911425258 0.0633303828050583 0.0721440753992916 0.0855223992801755 0.09450607313479 0.0711953591737696 0.0842158580554819 0.159242938365855 0.0623902028134965 0.0643176638955091 0.0633327092819417 1 0.0622510621297746
0.00564728112009583 0.999999999843754 1 1 0.00545808763256928 0.00495340796873156 0.00272784840440998 0.00262014074914185 0.00247814783259515 0.00307077496846819 1 0.0024387270779872 0.00288831011891266 0.0195271233037754 0.00320384264587459 0.00248145292850244 0.0024255666156765 0.00264282074252964 0.00551458964956952 0.00268767019573612 0.00246566053595876 0.014093022274046 0.0059308183726553 0.157191877425735 0.00243848583701778 0.00377730378980212 0.00543699365917583 0.00280685053002527 0.00250044755877132 0.00245900708568336
0.188934829622123 0.293950930400896 1 0.0511388161981325 0.0577180923308228 0.0837140173745089 0.0813977987427649 0.0561914990775703 0.0504516279469651 0.0476809848196181 0.122798365537652 0.0819465558592709 0.110688212795802 0.065873501511335 1 0.0769219780402833 0.0555672255688603 0.0801070286145761 0.0546844243038658 0.0522958380313244 0.0479551349564481 0.0518284677750602 0.0477141643115343 0.0477068234885942 0.0609684682191189 0.149863795944156 0.0730648932149074 0.145906123138934 0.0774968730333051 0.0481904862533175
0.0409553362550762 0.999999999999976 1 1 0.0463206168197091 0.074859745879907 0.0450269854954115 0.0483150951766375 0.0466242402764264 0.0946408708326878 0.045490708729788 0.0704239834081251 0.0411554661875784 0.0500321894547269 0.0504431179438843 0.0483558134368464 0.0420846610619212 0.0417239962040657 0.155965043660538 0.0430576802057525 0.0993565864420086 0.0454415412088148 0.0510847492119257 0.0412118578200121 0.136308404970857 0.0574170899611838 0.0449143650593856 0.0418360194422699 0.0771423030887503 0.0409434508210466
0.0708151459039209 0.0699107960978029 0.999999999518824 1 0.0483423612122985 0.167951421572427 0.0936526362998787 1 0.0421719996142765 0.0363742311267674 0.0360207756992627 0.0377003065496129 0.0365688212972958 0.0630575724879989 0.999999973327789 0.038454843223673 0.0361948969089354 0.0365339369499885 0.0598867501736885 0.0404103366634441 0.0360271407092857 1 0.0413235199467128 0.0371186140650546 0.0365544960768616 0.106782317898405 0.0749275600217677 0.110179552870399 0.0651489641287933 0.0387096880200777
0.0539817786263469 0.0437065932226043 0.99999999999978 1 0.0478213688354784 0.0388920628806942 0.0457658531060621 0.0363758046603382 0.0575798023135821 0.0283010150806675 0.0308105342776018 0.0456657789465638 0.176330676841887 0.0331222656930495 0.0305215735931 0.029188505246259 0.115834604629736 0.027710772378022 0.032340905373116 0.0389308340445012 0.0941823326488467 0.0294016732324225 0.0368903790327442 0.0966453057605671 0.0272324611661046 0.999999999999631 0.0429101690572177 0.994319751536014 0.0368978111044553 0.0306754293101003
0.134041486456682 1 0.999999972195827 1 0.0178597002730108 0.0243619042808714 0.249378393923112 0.999999999620164 0.0177455452726479 0.018106888184744 0.0186725772817208 0.0300698854665478 0.0223617073425038 0.0923885333963687 0.104399537396251 0.107746271179632 0.999999999999883 0.0652418540217237 0.125135911220015 0.0311451610117998 0.316808976903279 0.0406848669973445 0.0172262857251868 0.0815667691696081 0.289007813051701 0.0210340976337694 0.0506766318925816 0.27203796800866 0.998174422074825 0.025094982887627
0.366438109111205 0.0837184404966671 1 1 0.0614483737236458 0.054141398610412 0.0634050994510853 0.999999999969649 0.999999934581266 0.0539569330366542 0.0648069565613812 0.0694538669390906 0.0553243283364073 0.0543649183640168 0.0695490270325383 0.26475328957812 0.0596129084680116 0.0583724027791668 0.0566822601325629 0.102441966572342 0.0618681661651134 0.0705189335356879 0.0564864880486268 0.0694131208521572 0.0570326730007235 0.0629377386216988 0.0574752594985819 0.808958501121923 0.0559817855726996 0.0543890952891313
0.366116967631413 0.994532883693544 1 1 0.0292825526532556 0.0688158603386797 0.135214631149297 1 0.135394395382168 0.111085316200486 0.972652427771811 0.0421535115391273 0.0222404740049336 0.0866054227326948 0.99999932078213 0.0481618372384581 0.0290276645296507 0.0254800886541354 0.175834635007155 0.0237132086999051 0.114324010454546 0.0414933820587133 0.0277027876548623 0.0330770819251949 0.110638034134781 0.0561187065001253 0.0223252262919872 0.994566362325477 0.0309709583843266 0.275597113539632
4.75428144985912e-05 0.999931414631932 1 1 0.0295912995494294 6.96007708439472e-05 0.00126354649897698 5.16325957776731e-05 0.000316516067771055 0.000212982560118369 0.000107815587605531 0.000632685094017371 0.145988470357349 0.0376518543321245 4.78698665900001e-05 0.0643031180525387 0.00010158193495502 7.16449472045744e-05 3.89364184146812e-05 0.00093468180161338 0.00149894844183729 0.016734452489564 3.75537203642917e-05 0.442860088119078 0.0010300024260117 3.8489397627961e-05 0.000100232917413345 0.000117849558554317 0.00184961031074105 0.000132686866688769
0.0246765189639766 0.999999999585232 1 1 0.0684028996751729 0.0253689731024753 0.0375193316144472 0.0256010548566192 0.0241249745161393 0.0305490740388722 0.0673798435023272 0.0414157236913987 0.0266148227903144 0.999851252111711 0.09547998783926 0.999998489478318 0.0242454840985498 0.0359786250867209 0.967468041435605 0.0328069363818536 0.999999999468395 0.0258900204188633 0.0263021902680786 0.0299314290271473 0.031042599036414 0.0237361500850384 0.168793814511626 0.0682713999566036 0.0373556458252685 0.0266186637462905
0.119766135638878 0.999999999999999 1 1 0.029731793975028 0.0497364266561057 0.0955806385331633 0.0269946266272261 0.0283893723696883 0.0443088878687574 0.999999540071773 0.0272533144355557 0.0467716230570711 0.0905416663996341 0.0277937328041137 0.0494753555750718 0.0302767458072797 0.0271190687077313 0.0306427856923099 0.0365781286866173 1 0.0336520469213026 0.0273680225092321 0.0273550683344661 0.0269173776526337 0.0291237133110768 0.0668125186631425 1 0.0286399699380528 0.0274641135373558
7.79513120718889e-11 2.88610632059871e-08 1 1 4.75097738927843e-11 4.75033345992415e-11 4.2481573814257e-11 4.22414325740306e-11 4.26686463939063e-11 7.90095766589616e-11 4.28913571326461e-11 4.52488047031352e-11 7.15028036779586e-11 4.48079351400565e-11 2.12594053472515e-10 4.97200058902081e-11 7.78737074824676e-11 4.42258452082456e-11 5.85453907575584e-11 6.69571065259333e-11 5.81932280141473e-11 4.75441908065477e-11 4.24451584990493e-11 1.46498471609302e-06 7.50248752012794e-11 5.86402038038614e-11 4.51345627539013e-11 3.21426451010964e-08 5.89251980542826e-11 4.68926009133952e-11
0.416935457004459 0.999993663726279 1 1 0.040368828799673 0.0461163587128141 0.999989461622006 0.172887259294879 0.0396225004433791 0.0476376281517066 0.211995357515278 0.0393593103971913 0.0780360921697033 0.044570142772262 0.0995459597949945 0.999943062168067 0.055557492033054 0.0394082993930128 0.0393287174248451 0.144303883020994 0.0448153909940456 0.0416180957151865 0.0550781005552547 0.0398800892665176 1 0.0499217085614038 0.0680468596065193 0.0391966858314666 0.0582634060189043 0.0404346249409572
1 0.999999986513238 0.0401961274313865 1 0.186166248834044 0.0533376123517467 0.0416392409735445 0.0296791693590984 0.0349924620104646 0.0287668170403785 0.144205767937656 0.051334552396338 0.0375437156122936 0.0553295884298889 0.0596826094580873 0.0462288982568413 0.204986424982358 0.0750663157090219 0.0442157694135653 0.0287038926895782 0.028137830642965 0.133415381885968 0.0697918278328448 0.0320912245777595 1 0.1616275605414 0.0642889901280129 0.0283688960424749 0.044908421216464 0.0281146049961261
0.0181478973673457 1 1 0.999999999999985 0.0120806949165714 0.0899126987773106 0.999999990558564 0.01388533700592 0.136861518025593 0.016870311082808 0.999999999933774 0.0339022677954841 0.0123891074515651 0.0164142018455016 0.0121590404753227 0.0596895302262983 1 0.0120702279143564 0.131609029382608 0.99985261304118 0.997492891123336 0.0350375336426422 1 0.999999993530178 0.0155900585535758 0.0202576920921606 0.0225453597596708 0.0121755893983072 0.0624840262166088 0.0514335520541284
0.0211928765144749 0.0268659302453834 0.999973931933588 1 0.057540163184875 0.0403371323941039 0.0212669981056622 0.0213082423985459 0.99997660565248 0.0216236059858249 0.0233802406115421 0.0221652176871699 1 0.0444387310129112 0.0364664465521445 0.0374534200324582 0.0230757051961784 0.223569379057516 0.0801078303032827 0.0223101801272136 0.0218385007459743 0.0438485848401784 0.0223343762072864 0.0589248332477514 0.037070103365895 0.220461431349748 0.0565887540252703 0.0310014230459524 0.0846982721617555 0.354933369567471
0.0524947824989523 0.248903548599384 1 0.0449022062465064 0.0305769273388709 0.0771594473707731 0.999927778021786 0.0927092844111482 0.0380343677454272 0.0507792607681435 0.999999947989607 0.0392795608007299 0.0740465433253954 0.0284597392547687 0.999999984594064 1 0.0308564614812015 0.0401941054229035 0.0264837811816159 0.041894535068957 0.0333399701718321 0.0282697254977123 0.026492055876059 0.0316833598800766 0.025768589366757 0.0345557889756904 0.0764942268525819 0.0435378419855805 0.0282819675015064 0.0573721864561735
0.0145866720612282 0.0428431730709888 1 1 0.0419420604259697 0.0291112015312015 0.356844311576707 0.0137856309986575 0.0575284103010669 0.0914072709769325 0.0178926442459517 0.0130563927211086 0.011722121507469 0.0797670522801244 0.0119560105996814 0.0280097044734977 0.0143795740127586 0.0566534431951824 0.0161207767784771 0.024484483510375 0.0120180943701204 0.0134590847410776 0.0116835848668788 0.0152070495815726 0.0279316426851342 1 0.999999999560284 0.0271926649715485 0.0673694625379426 0.0116233992404956
0.104578186530129 0.197515322552624 0.999999999999999 1 0.0599390520571722 0.0298687788058292 0.0232468926418656 0.0208938440568175 0.0404711509843305 0.0268450012275498 0.0210029160129852 0.020841650161554 0.0442573903998138 0.035389095217626 0.020686604581761 0.0271032786347107 0.994379694853829 0.0237741705263893 0.0215367406246545 0.0206812339215739 0.0588922689113333 0.0672711283597618 0.02552780861402 0.0207051640371574 0.0234322750790145 0.023739546610179 0.0214063513641033 0.0424499391186357 0.999999993763173 0.0217947419895603
0.999999219495822 0.99996220133991 1 1 3.42233936301284e-07 1.75818934966543e-08 1.09373881913566e-05 6.16656692375983e-08 6.71776401173219e-09 4.10587833732379e-08 7.33989458101547e-09 9.76281958608993e-08 8.72427715403745e-07 1.10561763300154e-07 2.38126932283755e-07 2.31604542211272e-08 7.60121143805748e-09 4.20872833251096e-08 0.999999993684691 3.92855508124512e-08 3.27704265501438e-07 5.53083527865539e-08 2.36655883667503e-07 8.89890250377334e-09 0.000128962434319035 6.52194076522505e-09 1.71101706025745e-07 7.07312959313811e-08 1.19617964422503e-08 1.47525683891203e-08
0.0263498873325219 0.16350853951569 0.999999999998088 1 0.0537276650773637 0.0279777563453045 0.0263755502864333 0.02501704125187 0.0364768323577426 0.0252524431540362 0.0319948269533579 0.0403357506505582 0.0243026102996046 0.0285075616689197 0.028377610798249 0.0247976047481816 0.0334136271349497 0.0618952513998814 0.0492737737328376 0.0817986043185659 0.031415193945832 0.0582742332962903 0.0244667608984258 0.0254665032287122 0.0453398959363197 0.024245760254363 0.0298764145192134 1 0.0259056292723795 0.0284123142379805
0.999884653293599 0.999999998820905 1 1 3.59588744803796e-05 4.54408885836033e-05 3.02682207855565e-05 0.000226359827167677 0.00766880817633275 2.74399543966908e-05 0.000101885355926923 4.38434316508696e-05 5.90111555421879e-05 0.000128809869408886 2.8161975581642e-05 2.77228550841224e-05 4.57780171584377e-05 3.89048445254003e-05 3.73029136290226e-05 3.04499166413619e-05 2.78882052121565e-05 2.99268445411727e-05 2.8326921677313e-05 8.80571449510814e-05 2.7785105970568e-05 7.42707557741529e-05 2.75560345623926e-05 2.73426573376145e-05 3.80730168727528e-05 2.7929469663901e-05
0.03396325379673 0.0414616503521184 1 1 0.109574996112639 0.029516387740242 0.040117962793751 0.0311948099756645 0.0320473922625814 0.0520709027407543 0.999999999994011 0.171991398705299 0.058088589502432 0.032152612463438 0.14654876650085 0.0404013258980668 0.308660336196931 0.304231544549038 0.0302055702302604 0.999999999997875 0.998015259813992 0.0299206312040633 0.0296731486224522 0.0727086162421077 0.0748250300392327 0.0367462757005491 0.065144251882485 0.0371243927800797 0.191023105619801 1
0.0535385844731997 0.280007532598613 0.112049171231208 0.10752574089422 0.0411752305396763 0.233507979184209 0.109284649282188 0.0299468439536122 0.0310846806708771 0.0281173233044525 0.0282331583732328 0.0517738784676354 0.999453377576632 0.0281208779902968 0.0301776878929388 0.0328576236415382 0.0288969158925663 0.999999999996242 0.0290201943654318 0.0314539886086703 0.0377065360647164 0.059392049024482 1 0.0284686815429619 0.028025900523547 0.0706065538990908 0.221893979708853 0.0340961418049619 0.0552296669772026 0.0311113841701017
6.33126884252988e-11 5.43984983503165e-07 1 1 1.67575142651089e-09 8.29997637286084e-09 7.05148495150354e-10 1.17010123812378e-09 1.41954135113309e-08 3.9436991450259e-09 3.19198156795153e-08 6.49604814384475e-11 6.88690215966403e-11 2.75678613270713e-09 1.20719545471104e-10 2.17994678687328e-05 0.999999999999451 0.999973750991449 6.70955513371041e-11 1.68008384981988e-10 4.09786871102824e-10 6.36364294592795e-11 7.02519598050344e-09 5.71427183349016e-09 1.13807518964393e-10 1.18055977216258e-08 7.70129515714757e-11 4.20434393411107e-07 3.28794325099580e-09 1.14963221164999e-08
0.0491355114628377 0.0290104127983966 1 1 0.0568951370738653 0.156310029658469 0.0127984039666668 0.999999996546464 0.0125640030763712 0.999999999999999 0.0170648086090648 0.0121599532073197 0.0215302054742174 0.0371889521183804 0.0121459191507483 0.99999999996817 0.0268806679049151 1 0.0122902947935416 0.105292873314966 0.0124991921619177 0.0211581835427451 0.0635654830405562 0.118502613671866 0.0243497032923985 0.0216055321781429 0.162247778086582 0.0130657517599452 1 1
0.0430699697396065 0.124445661857513 1 1 0.0517244064659346 0.064028314677369 0.0515767867581298 0.0424133828781239 0.999999907658114 0.135136144236708 0.0503151582094413 0.066258454064815 0.0444316642864044 0.999996611651091 0.0864229443500267 0.0641256408238978 0.0429912176700205 0.0588754174864858 0.106300935681958 0.0532966687527008 0.0537315145694204 0.999990510685702 0.0444833532129197 0.808175088447945 0.170229990090041 0.0421926306886016 0.125335965337136 0.0686012130115117 0.0428789960885221 0.0467342963880578
0.083039181460948 0.0634748023645659 1 1 0.0522485345377535 0.0958600333205192 0.0517071767642145 0.0576402892447311 0.0742109433209802 0.118698763783899 0.206035638588212 0.999121424028988 0.0782469453395509 0.0536530819369258 0.0522372966181746 0.0516476539756321 0.0546423048995508 0.0526493724847735 0.0514885706006618 0.0566833172283234 1 1 0.0515372605829701 0.0550057119300933 0.0581036078359892 0.0519896319162524 0.053897696917465 0.0722400657682046 0.0537822888417806 0.05526399475741
0.0466582775964693 0.373521619754856 0.999999999999912 1 0.0525873986406891 0.0342032185991598 0.0401669299858458 0.0387014923227683 0.139709566309816 0.0686400542716439 0.11545868742196 0.0403466900919027 0.0500614866350296 0.032710016806159 0.0320237567966891 0.0404159666339615 0.116433034794298 0.0565945211982376 0.0623403184384792 0.0339124024145552 0.13019527381037 0.202529565498703 0.0321531348155942 0.196212391959546 0.049676639924445 0.0386750698026005 0.0357430683248531 0.0571081153561616 0.0374717473926983 0.0485007421958439
0 0 1 1 5.52891066263328e-14 0 0 0 0 0 0 0 4.77395900588817e-15 0 0 4.44089209850063e-16 0 0 1.11022302462516e-16 0 0 1.11022302462516e-16 0 1.11022302462516e-16 1.2140647376313e-09 0 0 0 0 0
0.069374295493645 0.999999998453556 1 1 0.0423255009905595 0.0212916295488209 0.999999999998342 0.0234822204245325 0.0692140423141222 0.999999999570959 0.0353396946527974 0.0190143077311423 0.0195124268227345 0.0365833393749746 0.0453467586033577 0.999994179426337 0.629695178491338 0.0186769580419467 0.0357403927997236 0.114105355674062 0.0288606301768167 0.0212647801607707 0.0179311587219996 0.219019027048829 0.0180280844981452 0.0498873579231262 0.02208582591639 0.0397718584314881 0.017954861776877 1
0.0721633962705881 0.999999152124996 1 1 1 0.126262099361505 0.0319008389235241 0.0325487838802244 0.0360507021733827 0.0440495279555939 0.0463333886767671 0.0289886341530574 0.0996962745620549 0.0328628879748925 0.0656601077007631 0.035108309577018 0.0342991305157276 0.026989700012902 0.0401572674445371 0.0349397033235619 0.101133018497654 0.0269626608596389 0.0301039740153327 0.0332838611259474 0.0330665450713938 0.0401452035637487 0.0307643567413148 0.0308924656917836 0.0269448523009224 0.0305650175656151
0.0391090223862535 0.434340519417756 0.333685661704221 1 0.029279462119012 0.0383818222017847 0.0280551617241925 0.0423368477985304 0.0361739947311202 0.0284303886572129 0.0298127400412689 0.0303745294840743 0.0279874701018689 0.0276982638536412 0.0349702598993781 0.0816221712755467 0.0569870578949632 0.036734503693863 0.0287355003322887 0.0591153193083834 0.0281883219889278 0.0277081804586931 0.0292572001141028 0.0503658414567502 0.999878726963758 0.0435950520533113 0.0926458534480178 0.0573909928151377 0.0472067142335356 0.0432703600059898
0.0149943048576158 1 0.999999999999996 1 0.0202093689142369 0.0152439092397455 0.0442731615611957 0.0161021977703959 0.999179522096149 0.0144980981282666 0.0402795893633816 0.0150192609038797 0.0307566174789711 0.0146541109884132 0.0166603000871053 0.0157846208371216 0.0144970435349095 0.0222069792813264 0.163909953959091 0.0267480109375378 0.0206390286879359 0.0536047550440133 0.0598642669956154 0.0206098927932554 0.0164628890073979 0.0145568159116284 0.0555475604553074 0.0365860287265658 0.0167630690955859 0.017004265998346
0.0467010569134386 0.109606884828642 1 1 0.0360251759147566 0.195603681627726 0.173929223622798 0.0757230215954099 0.0345274194370151 0.204396842885712 0.0363286081894422 0.0347704241894409 0.0483449296756046 0.0602113593757775 0.0583561076691478 0.999999997507354 0.0373998033574555 0.0444095598947969 0.0347551759194876 0.417082230361736 0.0353664839891341 0.0698127112914917 0.0345410412280348 0.0357593999215428 0.0346197314018845 0.036331644711365 0.108430365770392 0.034529151393268 1 0.0642310814954138
0.999999999999984 0.0177602307837081 1 1 0.0112221278100185 0.0262221903159274 0.0112802993720221 0.0176533534261677 0.0195276936082884 0.0130618268114311 0.0163926217385332 0.0112235875699647 0.0231860709921685 0.0114240958621847 0.011224004557865 0.0402965066603711 0.0121875058021178 0.0207225654835707 0.0112561411167464 0.0133646111383927 0.0178176550727751 0.0112595994142677 0.0113847337829114 0.0131157935310153 0.0138000296822336 1 0.0146957636511356 0.0116937108990902 0.0116819507246027 0.0113838836908114
0.0339282739220319 0.0969942358406938 0.999999614000227 1 0.0497977565549232 0.0459652696892127 0.0437698154307322 0.0337999131581121 0.0336532325931681 0.0367773017963346 0.0413031883472642 0.0647547555013498 0.0668934075578818 0.105581161312003 0.0356441371416675 0.0364504604473896 0.99999961577838 0.0345652577395119 0.1268488456679 0.0343572824750824 0.0400108345538096 0.0386260454295368 0.16823732669673 0.103134449989942 0.999997665150692 0.0396628036660425 0.0689782562520531 0.171832759558917 0.111287554406482 0.0911763572142447
0.0447925854083637 0.24600082268774 1 1 0.0515088050423463 0.0443352593022498 0.999999967831843 0.0478809620754501 0.0574051220712831 0.0443310617921266 0.0751422237952792 0.159862296218338 0.0443596535571359 0.0801172506391929 0.0753798539077696 0.0560435810161977 0.0752060053953353 0.0450027835061126 0.0503889539527426 0.0633310853097794 0.0439325833738112 0.0703736084884719 0.0609355004579627 0.05596675599971 0.0549916134145776 0.0510673164909642 0.0525837363380492 0.0475827283455762 0.0874036634502745 0.0839668302141737
1.59892994862076e-05 0.999999994090435 1 1 2.19774543619433e-06 8.74794146987767e-06 1.58469416341456e-05 3.24843482080173e-05 7.83491593574492e-05 3.17848902897655e-06 0.999999999997062 2.16683904652459e-06 2.93726421063401e-06 2.87150083932985e-06 2.1831225309743e-06 2.25536680120708e-06 3.08318032782307e-06 3.64288017729031e-06 4.1339428816789e-06 3.1824985821105e-06 8.0904913462021e-06 3.79609359235644e-06 1.07941337957884e-05 3.10100749345565e-06 2.30709171844534e-06 4.20637941178637e-06 2.15040767181929e-06 2.84872529032754e-06 1.59581848803159e-05 7.76985747064085e-06
0.108910643233053 1 1 1 0.0529565508962395 1 0.133939249118386 0.0575664171082796 0.0498404429468137 0.0486857513086782 0.0552651132630615 0.999999999999993 0.0519006270672149 0.0944199095259669 0.051467126327825 0.0492046277387903 0.048834786988009 0.0486739008343986 0.0499227464425642 0.0496406299442144 0.0548897219100346 0.0731895843793009 0.999999997733019 0.0541083506703761 0.103739636376294 0.0490124818772069 0.0525529223952869 0.101347824996504 0.202020393533682 0.0598619252318441
0.0691833045853044 0.997108181369127 0.301953110703782 1 0.0468936583571258 0.033586017400796 0.0482176063567569 0.0372605300873642 0.0382163562212324 0.992599921459974 1 1 0.0435987745183718 0.999999999905521 0.0402509474921847 0.0417074756150679 0.0335745712805333 0.036255647140443 0.0719543174846486 0.0354877565084836 0.0556151026667203 0.0345939246995154 0.0345561269836354 0.0367547842470101 0.0349565294917823 0.146125109277494 0.0351683226981118 0.0542462261528381 0.0406696756868471 0.0399601585769609
4.4145100203119e-06 0.997397711147585 1 1 1.86451758033002e-07 1.1807346080861e-06 1.47554751839252e-06 4.08794508210963e-06 6.43912015929615e-08 6.34679323541221e-08 5.29267072280071e-07 5.84530968628094e-06 4.17741955027751e-07 6.19152008329849e-07 1.53220455212377e-08 2.65150278400128e-08 1.38190854082065e-06 6.39421944059748e-06 1.68750048157307e-07 8.00460597949471e-06 9.46080569552699e-07 1 1.45304707932503e-07 1.7149750952683e-08 2.0926067212379e-08 4.63041812071019e-06 8.2571558590594e-08 2.93112341065438e-08 3.03443620730537e-06 2.27869505943223e-05
0.999979846983088 0.99996814971532 1 1 0.0075116642372538 4.39430580811973e-08 9.93044933650378e-06 1.76948033000501e-05 6.80579389955582e-07 1.38594310916673e-07 1.19650386820602e-07 0.00035388764844746 1.19266220236502e-05 1 0.0005918056885722 1.03548538632481e-07 1.68082334461861e-06 3.83747027488113e-08 4.58990129503789e-06 2.49207065217139e-06 1.41245766749343e-07 2.89785719087554e-07 5.17316957493463e-07 1.25076415224967e-06 4.08366221948953e-08 1.7442019739633e-07 0.99938693074153 0.000227537699016289 2.193482554258e-06 3.51474843229838e-07
0.0622519789910941 0.250633796420785 0.438119024979813 1 0.0500388209307161 0.12725554471057 0.0460393639686326 0.0612914904671162 0.0466185151820716 0.0538388380637199 0.0698441349466578 0.159719506468194 0.0534766830856152 0.0462582781589493 0.0576115617115195 0.0569209201797022 0.0479995862917534 0.0571614989862573 0.0564848464660362 0.0855324385666503 0.0625402248980576 0.0762976016030414 0.0512458940261444 0.0460927344888765 0.0656217739801377 0.0461658847482287 0.0796035914770652 0.046044513366626 1 0.0460555562523307
0.0931955393431291 0.0901670698197221 1 1 0.0763137435719462 0.0544730813936084 0.999999953379479 0.0421017331443493 0.0702351038899846 0.0595704576112573 0.999999999997247 0.0612286018005348 0.0659496838113125 0.0503202264490357 0.0733139043777482 0.0544565142601635 0.987070278557879 0.49464929709674 0.0586077968637753 0.0828315169539385 0.0419778501128191 0.0425074336058604 0.060258364925643 0.487624054312504 0.10534173567798 0.0603511607803796 0.102039905981469 0.0418010315507755 0.999999976722443 0.044332058954096
0.0114424813846483 0.0144782650130817 1 1 0.0142570199061486 0.0119046740148397 0.011595245339885 0.011321850063423 0.0125610957194254 0.0113679893906143 0.0242500867905635 0.0662897570512613 0.0121703285203962 0.0132492886959641 0.0700960254954216 0.0111510229132641 0.999998958959409 0.0222661257029426 0.0111641420130723 0.0182514219696868 0.998986821614379 0.0141216782672898 0.0112865250818391 0.0242384845321465 0.0839246836233206 0.0117130087353373 0.0122499717433676 0.0287686074753254 0.0131055151503372 0.0485317387910529
5.97633054155722e-13 0.999999868217564 1 1 6.66133814775094e-16 1.22124532708767e-15 3.26405569239796e-14 1.97619698383278e-14 6.22490947677079e-12 1.04360964314765e-14 1.33226762955019e-15 1.11022302462516e-15 3.73856501312275e-12 6.66133814775094e-16 1.33115740652556e-13 3.10862446895044e-15 6.66133814775094e-16 2.19067097795289e-10 1.06096131879951e-10 2.38697950294409e-12 1.93727460295889e-07 5.55111512312578e-16 5.55111512312578e-16 4.44089209850063e-16 8.43769498715119e-15 5.37014877011188e-13 8.88178419700125e-16 8.88178419700125e-16 6.66133814775094e-16 1.11022302462516e-15
0.000857190860749313 0.997170193814719 1 1 9.24079678332745e-07 9.51232031698446e-07 3.83353415693843e-05 6.29575510217029e-05 2.15143559257891e-05 1.11834597249505e-06 3.20760506506979e-05 3.7426582468747e-06 6.96575855010373e-05 1.91277636047982e-05 1.87888768854449e-06 4.26275963394396e-06 1.22016934852587e-05 4.63043425547038e-06 4.41137168905037e-06 2.97064400516245e-05 3.51365745077103e-06 2.56352323091402e-06 1.23827267872745e-06 1.55495152076579e-06 8.72559692177699e-06 9.4871504663363e-07 5.69941385972772e-05 3.7392521202495e-05 1.73091391331148e-06 5.40049150478117e-05
0.0447306866419623 0.999958907762361 1 1 0.999994500483294 1 0.158826988997935 0.0901474553423587 0.0475834565822424 0.236364828394629 0.060409995841363 0.999989774465491 0.0621904105714396 0.163935444190275 0.0464209540865388 0.0450366715722396 0.0454654283130026 0.0427594815296867 0.0677674937265683 0.0424072607493313 0.0429510115735228 0.0429976652492664 0.0418693589037432 0.999999762389808 0.103480855017931 0.0661603729670758 0.100505504654167 0.147800145838687 0.0476649183781968 0.0464643715991799
5.26898202846127e-09 3.24063422763032e-08 0.999999999999999 1 2.28579698835496e-07 5.42012835613725e-06 5.65100100047289e-09 1.86047383055055e-08 5.64250779433451e-09 2.36932792274658e-08 8.55459569848449e-09 5.01214102444081e-08 7.07808289757139e-09 5.45918577010696e-09 1.22282041159494e-08 8.30399349283084e-09 1.22062737695217e-08 3.11322517765333e-08 2.95148189177752e-06 5.16969689279279e-09 5.39217770434419e-09 1.26677458522906e-08 6.99575164464505e-09 0.00106620525651391 6.26622942423438e-09 6.14016903988102e-09 1.28468413684857e-08 4.97209955430122e-08 9.22064236075215e-09 0.019320762165736
2.60103050209182e-12 0.999994844353888 1 1 2.73026046215818e-12 8.07431899119138e-12 1.74502634564533e-11 5.51347856259099e-12 1.80607930833077e-08 4.16955359128224e-12 2.60025334597458e-12 5.12049691536731e-09 2.73658873339855e-12 5.09090765099529e-08 8.98070506849535e-12 5.0593973455193e-12 2.78854717095101e-12 2.79265499614212e-12 7.18298753810132e-11 3.69138053457618e-12 2.54907206453936e-12 1.09607878329143e-11 9.65501012473169e-11 6.7015837323936e-11 7.94341259435782e-11 1.59959823164968e-11 3.50113271707642e-11 9.07451891407618e-12 6.46729447772998e-10 1.15158704794283e-09
0.000461867218743639 0.0483657796322974 1 1 1 0.000425714724396786 0.000433095244450232 0.0958073195136883 0.00043570229031431 0.00062014778996633 0.0122794430600816 0.000452936587644448 0.0022684340485607 0.000485632516160628 0.00049701437542482 0.000514034861754831 0.000422984942279769 0.00045101174728468 0.000424079284206402 0.000900417557858413 0.00128619207321901 0.00111392236543106 0.00042910537538865 0.000424147562658295 0.000453663566418738 0.00142811651120889 0.00200827599601239 0.000843521102226963 0.00043141475711006 0.000424663831523731
0.0686794363926965 1 1 1 0.0581487557972196 0.0546825927649788 0.0535173610760474 0.0867323906054851 0.0552027590852801 0.0621651920376637 0.053899270664755 0.0616576613084476 0.151620880934264 0.065100694432272 0.0544673886309823 0.0545279738970808 0.0576458119292693 0.0567422814978904 1 0.0598646358995891 0.0533731219270597 0.0722341810771643 0.0542994906888586 0.189282302976099 0.0970859495376728 0.138679865410515 0.0533095382454336 0.0533102595096661 0.0533397105877513 0.0619577463907514
0.110029384237255 0.11895520458651 1 1 0.0430531689326099 0.04912689403903 0.0501293107368721 0.0487036214386622 0.99988559671433 0.0441163308573562 0.169490943371306 0.140955201110953 0.0696854474312131 0.0607125796211023 0.0631158844432168 0.0521189738370528 0.055793524895287 0.0490500793232022 0.061286707647182 0.0425172554307121 0.0931743171912029 0.059358701508366 0.0425455865492026 0.0426040775703939 0.0436045788232537 0.0425902643495877 0.0445228758871614 0.0429709297878422 0.999999999669482 0.999991548965721
0 0 1 1 4.5852210917019e-13 0 0 0 0 2.77555756156289e-15 0 0 0 0 0 0 4.18741707974846e-11 2.18150497666159e-10 0 0 0 0 0 0 0 1.11022302462516e-16 0 2.12052597703405e-14 0 0
0.124337007552917 0.089060532146956 1 1 0.0687108796263973 0.0584461133705577 0.0664203527666355 0.0615219439142312 1 0.997314582443454 0.058735027074987 0.9999576416146 0.115846594384263 0.0704360265834271 0.0671894260912995 0.0590696399184957 0.0584360313287589 0.0881071590692616 0.0615497653612163 0.0828476398136186 0.0588148856410772 0.0635849847680178 0.0598191416588988 0.0980473491519414 0.0584310593553443 0.0628924952625375 0.0598297498717139 0.0938883101518302 0.0592323525602033 0.0806816548722997
0.999467406944883 1 1 1 0.00240375908063684 0.00241935790987935 0.00243346916447307 0.00588485321334464 0.00223907126789646 0.00301362982199382 0.00212691196491999 0.00241967533604082 0.00210307584541547 0.00217511355738076 0.00281476110606282 0.0218140914491977 0.00380713778897679 0.00276074936782289 0.991956295939952 0.00212406983371072 0.0026443677297443 0.0024779486862484 0.00563069959596574 0.00216379669082523 0.00297450598557214 0.00238560212861205 0.00247813343704339 0.00217447074443522 0.00639673792422979 0.01057617338473
0.0545902120275404 0.317944603246525 1 1 1 0.0152960786055157 0.0154645389478525 0.0175942359488007 0.0168119794091564 0.0155556021452196 0.0186150726479589 0.0160490473014367 0.0256159963137398 0.0152837670302682 0.0162225140163997 0.0164608048293062 0.0155332076486255 0.023437402529361 0.0295445858710549 0.016018581339715 0.0218042783828877 0.0153564510206001 0.0329890317360765 0.0156337828766474 0.126167994427453 0.0199131731637852 0.0152910469958814 0.0261888708589335 0.0155670178304561 0.0152831440164781
0.000713508069223434 0.000744176657219708 0.05406062235066 1 5.25777770433722e-05 7.39406264654852e-05 4.89350353646278e-05 4.78324121727658e-05 0.000153825152809262 5.96825158244441e-05 4.0564893251438e-05 8.50283547167985e-05 0.999999573105379 8.91190350282844e-05 5.02480895877566e-05 0.000104717381203101 7.68261483538035e-05 5.1848161626955e-05 6.11568377717475e-05 5.32220277713602e-05 4.9579893333207e-05 0.000148979233389301 0.000127104087170427 5.28783263042953e-05 5.21628457289536e-05 4.74354230119989e-05 4.66467981217189e-05 4.68404252534915e-05 4.31773512920008e-05 4.72868392552561e-05
0.979162867814266 0.0425558216984476 1 1 0.00574049053644821 0.00575104644784019 0.00572793624357903 0.00605509409866911 0.00726606112337791 0.0091783112285263 0.00523064500221171 0.00653467271670127 0.0219564972996956 0.005248919724818 0.00523291532281667 0.00539255539742201 0.0112904171719289 0.0066720937607565 0.00523290206408888 0.00581365965985892 0.00529137468550855 0.00642209496392099 0.0105349943660072 0.00524323883804223 0.00851061031907374 0.00650405863475778 0.00793326663439975 0.0062413284204611 0.0100249717784442 0.0222424965760472
0.0915896251518747 0.999987609247347 1 1 1 0.0384875083658175 0.0509486082804862 0.0733093271987385 0.305484198118468 0.0436043049653464 0.0431494203016326 0.104214793931875 0.0751854578907541 0.0380648761294181 1 0.0447666268337847 0.0464154084466241 0.0483656118488167 0.0414394741207738 0.99999999999987 0.0653940577473671 0.0573651474433219 0.0560233959342091 0.0580824398357023 0.0792964495413093 0.999999999999999 0.0505549021512143 0.999908498103829 0.074491447090946 0.0487851657451919
0.999999999999999 0.0295703984946893 0.999999999999994 1 0.0181785969311891 0.0166186806908886 0.0154633977158777 0.999995360153322 0.182184211918991 0.320861680784362 0.0145524895475124 0.015021300851957 0.0245854674413627 1 0.0242993473909042 0.117999046384867 0.0149729486457023 0.0274657110269959 0.993649518989609 0.014453138677357 0.014929186739577 0.0645539902744676 0.0215100331494885 0.0247433310891936 0.0257290307466526 0.0171841981110056 1 0.0201635212867586 0.999999999999182 0.999999999994086
0 1 1 1 0 0 0 0 0 0 0 0 0 0 0 0 0 0 0 0 0 0 0 0 0 0 0 0 0 0
0.000210750743233179 0.000644900078972777 1 1 9.65332464664126e-05 0.000166011414816425 0.000750328328301353 0.000134309882490857 9.79454243726918e-05 0.000122977653762679 9.90582786934979e-05 0.000125809083495909 0.000100927275422213 0.000165368842563018 0.000119352397851658 9.68498684125185e-05 0.000109595769990478 0.00097491206999889 0.00011467385562125 0.00010558201819133 0.0004124598974663 0.000643324511137244 0.000114301228705038 0.000194943689580285 0.000274207756792766 0.000292327417541927 9.59211023497941e-05 9.75975781012384e-05 0.000147206626521235 0.00123895268587493
0.999999998378202 0.351194677858313 1 1 0.0394970669546402 0.028173535651247 0.0262744642381709 0.152627760355105 0.0292703199599941 0.0277458033657977 0.0359465638029235 0.0286648789294566 0.0276519022371643 0.102747224748142 0.108164238704271 0.034142327943543 0.197869303885753 0.0279356447225901 0.999998721061107 0.999208059692529 0.0366835621651034 0.0352668067220316 0.0256601078574955 1 0.0685309589121599 0.9999996820186 0.0418153773394292 0.184635160134681 0.0295402063324347 0.0306653550579157
6.31996032240956e-06 0.999999861825567 1 1 3.1775981845783e-09 3.72448094587696e-09 1.04141137935443e-08 4.6968279709958e-08 1 1.10067507195222e-05 1.80840559083073e-07 1.05710488695898e-07 2.79542770154073e-07 2.96886500272819e-07 5.8601647778822e-07 1.18195763731954e-07 3.61614316268799e-09 3.24907559523524e-07 0.999999999999947 6.348451445648e-07 9.90005299961183e-08 1.88867323946962e-06 3.36704997216941e-09 1.13970302084709e-08 4.61709773968977e-07 3.93675914089897e-09 3.1278291068304e-09 1.46270391354619e-08 5.90207949213717e-06 1.21180599998993e-08
0.0261926959937886 0.0191752317578591 1 1 0.0214246063938648 0.018911016657596 0.0249365648942314 0.0208882783592149 0.0200258488919498 0.03639634056156 0.999999999951395 0.0188092963982782 0.0190409851671662 0.0476352627350397 0.025997591359164 0.0188426209317665 1 0.0275531312232061 0.99999999571529 0.0278756537031933 1 0.0215669155989947 0.999941350634078 0.0189110486361593 0.023916052983486 0.0409468209039915 0.0207760425231732 0.0414410279357931 0.999996886771968 0.999999999999998
0.017720514659483 0.435784354894166 0.999999999999993 1 0.0176229563097695 0.999999999995057 0.128514179132683 0.0176896136307183 0.0250222834934085 0.0176286810720785 0.019503021395074 1 0.0175125897024568 0.0838461422499853 0.29015467659694 0.0174686345133415 0.999999999999684 0.167117658607036 0.99831201443908 0.0179765304634811 0.0286234831822579 0.0182386368063198 0.997262143946475 0.0195948950104926 0.0178679867111796 0.262586802923534 0.0339907858613131 0.0623888534650253 0.0217039171413625 0.0216077478504388
0.0412414808943306 0.0299299282932918 1 1 0.294307801840044 0.999999999999962 0.127803490796594 0.0368819245196235 0.999988942730359 0.0313317241392318 0.0442435762836193 0.0302771466191701 1 0.0314246453668005 0.0393071475427269 0.0350719933090443 0.0568226129432819 0.0302448618870871 0.0570739626355014 0.0406196232815537 0.999999901256243 0.029936740443707 0.0485594468321054 0.0405325305299602 0.0665689629858717 0.0754406720178235 0.0303855086920001 0.0330118488742179 0.0327589137007107 0.103201279423839
0.0366883799081148 0.0329133181152506 0.0350605873660707 0.374752564991531 0.0334313445011459 0.0476270856197207 0.215707067069407 0.039063411097123 0.0313492652871429 0.031959460422519 0.0788004820982761 0.0341127736124919 0.263734899985989 0.0401295282421156 0.195833206372916 0.0492943382655139 0.034763766172041 0.0368926875583916 0.0394809659476399 0.0323561775457561 0.314307516636532 0.0319962062102804 0.0661610914854377 0.0468564683124818 0.0545371907733271 0.032260332272366 0.107938359945573 0.091788585299047 0.031741430986882 1
0.0827399868960237 0.0296177559846837 0.0293775583013316 1 0.0382064377863369 0.0352587561491657 1 0.0871813946381321 0.0385064015092804 0.0314285397416028 0.0360160099855987 0.0294872527946752 0.999998621151096 0.999982787010105 0.0307629415710196 0.0457404345294606 0.0377210984341817 0.0301124282610903 0.0586722822551214 0.0294021011868386 0.0376117659938349 0.164781258293504 1 0.0319141669372484 0.0832834664222877 0.0347891419679893 0.999999992289823 0.0329681703095654 0.0293678591052863 0.239647012236155
0.180445679721222 0.0489203281524021 1 1 0.0534008454613019 0.11824414798841 0.0538632469623137 0.0587308951634598 0.0628088706785014 0.0511241019238456 0.999999999999998 0.0516047845730262 0.0468759891738754 0.0478919087827163 0.0522652837473139 0.0603099628635858 0.0603582389684582 0.0976390650780816 0.046867422227758 0.0588895796377913 0.0640793423630462 0.0475760614295641 0.0469125607642137 0.0536265187134016 0.0639848008482069 0.056997510266701 0.0492570364267384 0.0790468882640901 0.0549087009661774 0.999674115717773
0.0561052826331603 0.975080945397637 1 1 0.000241037224720353 0.000203781759948285 0.999027593601694 0.000205971508377201 0.999999981160782 0.000730793167271537 0.988750483791717 0.00216255270633292 0.0006796341331885 0.000872075901606539 0.00214436757307712 0.000268364554570133 0.000441205744984297 0.000283846511676566 0.0111461407136173 0.00025936713620156 0.000289992372968451 0.001731509853243 0.000118314429223276 0.000756882662844793 0.000401404210529699 0.000175345551858275 0.000703182425574322 0.00195148742246587 0.013894345756435 0.0106557931508909
0.0605285673512361 0.0563339840676069 1 1 0.0605220756915634 0.039643357137202 0.0626768544089359 1 0.152381184719222 0.0487061984608215 0.0378570699339419 0.267832656612818 0.0378837257193185 0.0388245012398305 0.037935623522578 0.0384395470793498 0.0382067267386728 0.0387406245862947 0.0420652877416117 0.037972967199903 0.0514029214953633 0.065070885143936 0.0399005403466011 0.0650733898026052 0.0419211169033211 0.0615776589410048 0.0378631604086379 1 0.0379656342205184 0.0852422717442416
0.0207323913445685 0.150513231955913 0.999999999998595 1 1 0.999866137551142 0.0380399507393466 0.0198112078663707 0.0179557968485557 0.999987703450633 0.0146273852558437 0.999999999907037 0.0361933150474747 0.019026721776779 0.0274528299081435 0.999999999998581 0.0170677252242182 0.0144883822221999 0.0685267174882288 0.0146847368287366 0.0167575350148434 1 0.0176212544763603 0.215372500327496 0.0373030407924179 1 0.014663321446956 0.0216582566476952 0.0265876010975157 0.0235342007445223
0.0694844336572333 1 0.303908251464014 0.0724018744937858 0.041505286102177 0.0701989168198801 0.0513516717350159 0.999999999727828 0.0428239205866097 0.0412206627931619 0.0407660430866884 0.074256816340352 0.04777761109217 0.0461502320472571 0.10108703900627 0.0415033458521941 0.0436102567897338 0.144887930129837 0.0505353682266515 0.0429592219876632 0.999933086968189 0.995475255483374 0.0770178785315944 0.0416181010476017 0.0417470653159572 1 0.0714146723710393 0.0851781612291342 0.0827233538278497 0.0408781195917929
0.99999485093737 2.06417267103465e-05 1 1 5.65990861212118e-06 0.000149911243209511 1.42218425994711e-05 3.16587940882851e-05 5.7250373000084e-05 0.999999821854946 0.00111479389465075 0.000207933069974464 6.14584473979107e-07 4.47132856914445e-05 0.982568515388139 3.8043324653847e-06 5.51867948889173e-05 0.00263306353965864 1.77378372145931e-05 4.22409784039957e-07 1.11915060496681e-06 0.000140739137320378 3.87705183801934e-06 3.64205292702202e-07 4.19830959424994e-05 0.00188082090441455 3.92726585141112e-07 3.56802659862154e-07 0.000318946711611034 0.000173192033529723
0.0409337107188231 0.999982785829736 0.0926337767490841 1 0.0198149868329803 0.0330685270897807 0.0390245281564957 0.335510581254332 0.0213846014822021 0.0199616883351599 0.0244003379002289 0.0257134363768377 0.0207324076934982 0.0836957552112605 0.0231965774468493 0.0244853794592307 0.0939176058602887 0.0424381864963033 0.0206474933544681 1 1 0.019514425984933 0.0908759048598472 0.153961507629584 0.0196248258749336 0.0244430021110383 0.0195392581896349 1 0.0585824294383162 0.0443915792667385
0.999999999974886 0.981298161000068 1 1 0.000807526051793683 0.00115602564409523 0.000521681194775914 0.000177901355785992 0.000216541752099175 0.00212204200102162 0.00192859101774923 0.000187966649281668 0.000185664444948386 0.000813433142119901 0.000234860707813755 0.000143113434483255 0.000316385131644448 0.00052793965786635 0.000139948868837392 0.000209004795861611 0.000753297247870655 0.000315056764111588 0.00230844868979763 0.000168819149822141 0.000513828546053086 0.00039919625560092 0.000183265935011279 0.000351282831450805 0.000172600310304194 0.000141414799596284
0.0193356365863223 1 1 1 0.000135303484947502 6.34174573964641e-05 0.00715159265725973 5.19794393951667e-05 0.00487869730192647 6.74532101091474e-05 0.000626265064142428 6.70003968891164e-05 0.000290797836351886 0.000598951792728952 0.00028971846694037 4.40397304320994e-05 4.3273843030267e-05 0.000554425515091772 5.61007348161002e-05 0.000172577573462229 0.00256094829472309 7.29005014433737e-05 8.47134590127308e-05 0.999591427419909 5.6670106475476e-05 0.000450359355290808 0.000128023224677087 0.00258377908409135 0.000153857842957072 8.93454226011947e-05
0.0680201884610746 0.057852862822057 1 1 0.0885973210868616 0.0651849667862801 0.0676163442524267 0.0671669980488805 0.0575178879618663 0.0625732946118269 0.103097030921322 0.0653322994380133 0.999999995445344 0.108861983018234 0.084100447548399 0.0762706564260418 0.0593651264778778 0.0577084556463809 0.0579227520045493 0.0575035354854813 0.0868985738944186 0.0684010785898794 0.999999999999368 0.0958673283979768 0.0721245085371324 0.0704556681948681 0.0580659066853985 0.110608345418127 0.0580722499717877 0.057500857509668
0.0136592879748952 1 1 0.999999999999981 0.0016068168732174 0.00211804059863285 0.0289156395820838 0.00153949502826556 0.00763881120057996 0.00201200319367878 0.00147027864916427 0.00385038973633922 0.00151867604718592 0.00273879704524027 0.00369481174334441 0.00599007274367525 0.00182789242616888 0.00261780422151225 0.00619449341337908 0.0146876128343123 0.00148400322157383 0.00172794685467137 0.00210137112309239 0.00148990686785155 0.00148275828386957 0.00147099438896436 0.00207320735604355 0.0253801207600047 1 0.00180557211658683
0.0746320512726583 0.107403945024308 1 1 0.06521005955634 0.0832701197729819 0.0636899244131555 0.072710789841634 0.06338243895384 0.227033929001394 0.0628597105151465 0.105167907629405 0.0634547199762192 0.116144689833489 0.068917827177571 0.0758487792059005 0.062813876744477 0.0683568571940166 0.0709888445285424 0.0764070445644842 0.0706806609297738 0.0677539884795524 0.0688034319352253 0.0628100719804704 0.087251565175521 0.0718530978383668 0.0630053056525712 0.0669288986440769 0.069825122486519 0.0639786119863434
0.0361251126649097 0.0278486685926128 0.999918114419976 1 0.0680834663307397 0.0502102779558867 0.0262320371734299 0.2464178613926 0.0271754822321734 0.0628662852998996 0.0329889374326744 0.0439576103006172 0.29820431275445 1 0.0252729927437715 0.0240757936569079 0.0464494582483981 0.0240750189991963 0.0312573554468987 0.0267343500767767 0.999999999999999 1 0.0248589951864697 0.0385621346858815 0.456967525676197 1 0.0249978120370686 0.0342813545240405 0.999998267228067 0.0235453888992595
0.0578614556331022 0.257425291641083 1 1 1 0.0288089471360152 0.0313334332191828 0.0458209915764846 0.0505131640165469 0.157656116332255 0.999999351276712 0.999974929843734 0.999999997239467 0.040402566028461 0.0269417195332363 0.0283437414581778 0.999999999990114 0.027398192455382 0.0342748995506136 0.0625422530220008 0.0347919465897306 0.0266578831474601 0.0575356146954038 0.0281133118567161 0.383161915192699 0.026537370544057 0.0448424898615207 0.172316497327656 0.125716696027296 0.99999999835035
0.0102045511113142 0.0142047836358964 1 1 0.035137206091237 0.0160024832245179 0.0133632347383572 0.00965891141324404 0.00927056311878649 0.0248916128204189 0.0109629372913517 0.00894557455861855 0.0122513178311959 0.0196377294375104 1 0.00945862880886539 0.00903197419381518 0.0123538164575017 0.0156676091553065 0.0149643222205555 0.0156303641974874 0.0143848591187025 0.0105162151964351 0.00893024006154741 0.00928868459562937 0.0261295164777746 0.0105580687459299 1 0.0100468750531776 0.0122794031710762
0.0257049851904338 0.992244351412609 0.999999999815606 1 0.0317527951076529 0.999999999768551 0.0263465611131287 0.319923785370183 0.0295892417580863 0.0276874429214353 0.0274217382915238 0.025807791440143 0.0516992309145009 0.0514745245264091 0.0506506449830175 0.0334951130954606 0.301516170839074 0.0257359955997107 0.0298612111479893 0.996781604903915 0.0958136109523975 0.048810708230808 0.9999999836629 1 0.0270390849843459 0.0281517106408645 0.0257262916994769 0.0271449130279016 0.202360513860613 0.0992701816109318
0.336602542439069 0.0191451067574619 0.126234031725567 1 0.0294836998022119 0.0173240280756169 0.0760994035088612 0.106262880893533 0.0172319525486641 0.0434284513952566 0.0150059404079438 0.0205737331847462 0.0293766683505886 0.999813092006215 0.0320694832408981 0.0151406229471795 0.032437119256558 0.0191705466309349 0.0326419725365642 0.159958965480499 0.0146858557061764 0.0890867120305991 0.0382648299615792 0.0893379258641132 0.0424315881868351 1 0.0774094685464876 0.0213170477566126 0.387105546821826 0.0150185320304719
0.262948482060333 0.015464941856673 0.999999538970282 1 0.0179092899583408 0.0195764865214865 0.0155006601566894 0.024756153404604 0.0158803035452492 0.0902472293733768 0.0250952796532357 0.0292140001900106 0.0155751884678509 0.0167271108332895 0.0198770738858143 1 0.999999938853284 0.0234164237071961 0.0420130433378032 0.0198605208893138 0.0170139770766206 0.0185375121195296 0.0431814493527245 0.0157314834370292 0.0177071963962899 1 0.0201988168942987 0.0472477456708825 0.0426265444969601 0.0154863505347241
0.00147282598349796 0.999999997380916 1 1 0.00138589080740636 0.00590902835206453 0.000949869163688888 0.00119990664335767 0.00178181823628676 0.00104640568309466 0.00253326039512569 0.0151137112002129 0.00185176683594646 0.00397606766281045 0.00156032533131301 0.0376328789161506 0.00113467462645211 0.00132415493625981 0.0010215775476452 0.00104493004907302 0.00108769475428472 0.00148416144428054 0.00147448494111535 0.00103347648249053 0.992569029880573 0.00125567380188318 0.00122728454224741 0.00100560114225301 0.00166284411501672 0.0018310129743474
0.131130117761819 0.106316482669824 0.999999999928157 1 1 0.0366387431968574 0.012261111471775 0.0124524127370618 0.0257299235650227 0.0464686057672054 0.0381224693337606 0.0166144328033323 1 0.0251070034465342 0.0241007101136766 0.0167503463235409 0.0194876569129775 0.157455448804365 0.028276716738616 0.0135047757764382 0.0125647955453045 0.0746721573873603 0.999999984805131 0.0293274037482274 0.0187166172916965 0.0177123329802149 0.0119467884485431 0.013090131412806 0.033621394755067 0.0132917064861039
6.67117472374912e-11 0.999999999254518 1 1 1.04360964314765e-14 2.02962091577774e-11 3.69704267200177e-14 5.55111512312578e-16 3.96671584468322e-12 3.37474492795309e-12 6.32827124036339e-15 2.01616501271928e-12 6.66133814775094e-16 3.14193115968919e-14 3.33066907387547e-16 4.03233002543857e-13 1.2667644710973e-13 3.52384788016025e-13 8.45545855554519e-13 1.45194967160478e-12 1.38256073256571e-12 1.12132525487141e-14 2.59570143157362e-13 3.99680288865056e-15 4.84057238736568e-14 4.06341627012807e-13 4.42867964522975e-13 9.65449942214036e-13 8.08086930703666e-12 1.47326595367758e-13
0.000160548013766304 0.000309969610291283 1 1 0.000243946741370182 0.000141138873818059 0.00119218065525339 0.000259210737129201 0.000168831169548689 0.00017744791658092 0.000139926294572268 0.000158065543744312 0.000198758821664646 0.000148750882670634 0.000356210240645138 0.999980991244413 0.00208596505349867 0.000318030425298099 0.000142652928361353 0.000152715395240643 0.000143994335309983 0.000191987236750957 0.000175170317299744 0.000549932341989967 0.000201458185456027 0.00366636451353541 0.000278061472098523 0.000160493568767794 0.000869523356624935 0.000190256059939942
0.00646339349052716 0.999999999999989 0.00186234877318747 1 0.00265584804133223 0.0014493163098761 0.00155836939385756 0.00160802632289447 0.00162961290289498 0.00145956745992948 0.00161922717222629 0.00226781393012676 0.00198269272931428 0.0211655131099453 0.00173217897179601 0.00166219762267594 0.00172988396784624 0.00181702317385435 0.0568030395312226 0.00153691847668891 0.00166935039456351 0.0130787571735723 0.00150063026856739 0.00207878698101038 0.0022837242666548 0.0022317497634311 0.133828554738214 0.00148654537366399 0.00148253355579187 0.95817518176903
4.29301039162056e-12 0.999999699136731 1 1 3.50941498084012e-13 2.19602114270856e-13 1.57287252000593e-07 7.97529264850994e-10 0 6.26217755428371e-09 0 8.65683413842078e-10 0.999999830075874 1.87327930945003e-12 3.8132186297446e-10 3.81805698168591e-13 3.53717055645575e-13 9.99200722162641e-16 1.47681866735638e-12 2.09609054890869e-07 0 7.07278680067702e-12 6.66133814775094e-16 5.53923573676229e-12 4.01112476566823e-12 5.0090598335828e-11 8.88178419700125e-15 1.11022302462516e-16 0 1
0.000353393868233631 0.000533815386977943 1 1 9.70148710297547e-05 7.49974980954748e-05 9.38794918884378e-05 9.61769819507463e-05 0.000132638501844529 0.000116627296019245 0.00045499210628186 0.000118905680248971 0.000140006970111295 0.000127756933133827 7.45420118503093e-05 6.60330175146218e-05 0.000193005261092893 6.98479272311925e-05 0.000916277363484652 0.000373017503465078 6.22675132629924e-05 6.29758319454776e-05 0.000447914115475512 9.72487364176988e-05 0.000286115899860717 0.000274205236239666 0.000103350184178619 6.13108133632467e-05 6.81191371330048e-05 7.09217110079763e-05
0.0250899525609339 0.913006963162425 0.999999999999999 1 0.0226170692397716 0.0206701703316403 0.0169743724587422 0.013435076138667 0.0135945743255377 0.014585103339301 0.025372685482811 0.0146322666110903 0.0390338508352189 0.0140052038478374 0.0724187701321337 0.0138862496229545 0.0138231052827089 0.0140560808648585 0.018907213206411 0.0140563178771312 0.0281388749784206 0.0144185959917218 1 0.0135956073474377 0.0134729807832061 0.0134426029758807 0.182524838969324 0.131508849402319 0.0136850819065489 0.0195670623746799
