0.999961696328292 0.0947505776763492 0.0334165925995558 1 1 0.108143987145911 1 0.0497535352829933 0.999999113833948 0.210582897247185 0.150328228925332 0.100173063616624 0.0932674927058899 0.104812164424128 0.0450859583471342 0.0732032367024757 0.081020985705184 0.066360748694806 0.113617321746851 0.0547568162804081 0.0841362490930214 0.0871988034105891 0.12596130234102 0.0650395137863363 0.0782768692263366 0.0488695632067551 0.999999997211695 0.070140763612784 0.164391891486595 0.999809426415418
0.990731316794047 1 1 1 0.126622420371877 0.833261198682207 0.100479069590141 0.0665877298005042 0.18673964899315 0.999999929866078 0.999997352494759 0.113484372682784 0.964488844105413 0.0626145409176034 0.925062381011038 0.118001758431613 0.0763645843666524 0.152932591742447 0.0941634085717449 0.114371077488375 1 0.0678275725940638 0.162116137089159 0.0741294378318799 0.111632815510732 0.314956498373275 1 0.189207299914872 0.11886615999933 0.142798139275093
0.0250783371786493 1 1 1 0.0537591568751993 0.0544358041392453 0.905838917614999 0.148627233638006 0.170181484576589 0.91811069068217 0.999999999988817 0.0376594829179262 0.0498879241023623 0.0285338250202382 0.0789278007568907 0.106596345150023 0.0469719272905343 0.0983811463234439 0.0507607508592626 0.0462513766645561 0.998127598315121 0.950871609484335 0.0450023228836944 0.999999983804906 0.0599319298664722 0.0334993300252708 0.0772235580239458 0.0733852327112373 0.0859286994296607 0.0279760743754409
0.0319333127166339 1 1 1 0.0371842504019954 0.0427199180129446 0.034083353334924 0.0390245615392124 0.025971950529133 0.0182074071283358 0.0250124379688709 0.999999999999998 0.0500077816723826 0.0532316866603459 0.0288937422516963 0.0329426798288283 0.0212350347678533 0.0322359914924985 0.916187061101353 0.0323278385809609 0.0319870533063373 0.0387200141360641 0.0328179930617 0.0261297872374724 1 0.0451831151760889 0.0366859526723063 0.025144936468575 0.0401436842627029 0.0226936408070755
0.0924932497283163 0.368620553247205 1 1 0.0676171936957111 0.148067024979853 0.0863964539686825 0.110419370619127 0.999946063023616 0.999998729370903 0.186587557527108 0.110757968848306 1 0.0534827272698646 0.0714656902429429 0.0679041024799879 0.999999999898471 0.0956134903868517 0.0624816010099128 0.107411215667034 1 0.999999981588383 0.0754865690146929 0.0720713689364283 0.098038264421245 0.0900191673673411 0.135863572451815 0.0918783777397276 0.047581339315671 0.0842836966298552
0.999999999999989 1 1 1 1 0.00404754813035246 0.00249549601005006 0.999999943288769 0.00213055927337535 0.00236985512203458 0.00427300091092397 0.00866607898833538 0.00394015893320709 0.999999969989088 0.0145253138101149 0.00541185681481327 0.00355510778659418 0.00463161933372158 0.00372709512670322 0.00499676259971182 1 0.00307685605136432 0.00278225995817361 0.00977601144782991 0.00591463450701213 0.00421578657608068 1 0.00593893264306145 0.00400767796644486 0.00321787937046814
0.0450980461271726 1 1 1 0.0472966002278048 0.968279956273587 0.999999999999998 0.035311325695527 0.0271511199414787 0.0346079563918793 0.0389356349959706 0.0590769877422754 0.0295716109356673 0.0516468804790752 0.045012654308044 0.999808327780271 0.0306715641566226 0.0826568878788033 0.0382781017213758 0.0229338464807546 0.0326717879646826 1 0.0387085162247847 0.138407195100585 0.0273891215373416 0.044831326334302 0.999999989515961 0.0599245239669886 0.0444051055078809 0.0619612934786845
0.131795148793056 0.999999998825251 1 1 1 0.125716042740615 0.127559417845989 0.177619251747154 0.168755606622982 0.145455618818335 0.11471444583936 1 0.224664580780883 0.142918496950868 0.1068075647258 0.12909923590818 0.151767025570217 1 0.240776951322386 1 0.157700779377645 0.1383604086419 0.166857340042734 0.12209794679047 0.0876912212803668 1 0.999999999999863 0.0783136670242525 0.0973476196972139 1
0.999999999999996 0.999999909890762 1 1 1 0.0454810786967152 0.0241901940777062 0.0543212937621286 0.0152545817822897 0.0172313067029047 0.0156351330117488 0.0308958126251009 1 0.0317732978578222 1 0.0210725557576473 0.0235276877829096 0.0655830314850883 0.0445225599514043 0.0159673825969541 0.03774671535506 0.035330094308433 0.0182986535365262 0.0218904661170939 0.0114841616058324 0.0161891182280106 0.0965714237946184 0.0283771860867156 0.024707110810554 0.0282804630334698
0.0799698728248882 1 1 1 0.999412387132326 0.0411154594338689 0.998299873381448 0.0381686149905881 0.0374802450618024 0.0321863420800733 0.0470633793673507 0.0306762556346872 0.0428802762449776 0.999999999999989 0.0805443367014194 0.042633279988266 0.0364133568393293 0.0388616002657991 0.999999999999817 0.0506778248381119 1 0.0457937836863748 0.139866885185852 0.0453509553740623 0.0366843025906418 0.0387969612747658 0.0380690715303491 0.0383901928319363 0.0874761704802034 0.0368818861553928
0.990366267106612 1 1 1 0.0900370827790667 0.0544697986499213 0.998275403853183 0.044601347677389 0.0467672008402397 0.0386285841203107 0.0867873575544775 0.0993136042722348 0.0600716558107974 0.0960921109647257 0.0694292905917694 0.0533859909840819 0.0499736663856662 0.045864036275835 0.0664352121715058 0.0482425850097323 0.0494752871644109 0.13615233210114 0.0454936996437371 0.0803557623856682 0.0841557307419951 0.0324379100391239 0.0340302515535604 0.88393013737637 0.0344811230813146 0.0716897375046229
1 1 1 1 0.0323861584895924 0.0204546843336917 0.999184740987376 0.0297695459149431 0.0352259301272695 0.0328548571360185 0.999994535525814 0.0296502171804378 0.0283986071237716 0.999999999457354 0.0285890115855019 0.0169649352745846 0.0716247385901774 1 0.999999999987243 0.0288131793158174 0.999939658934572 0.0283967066901536 0.0326917377060707 0.999999983241454 0.0265280064248642 0.0226285882077886 0.0191691052401192 0.0384847876252146 0.0244438518287509 0.0266873410226481
1 0.999999608072145 1 1 0.228595927540426 0.129088272393552 0.18730891342859 0.098870779077203 0.0803129674952984 0.120606334884831 0.999999999969542 0.0566628318940257 0.254961354209054 0.100559987710488 0.209579033155391 0.0425747700990515 0.153205772490005 0.108952899309008 0.13083429879366 0.106736247767578 0.0553262046141709 0.103623503146991 0.101877051937264 0.0767904721344344 0.110205453639713 0.0629742339339627 0.0732791059547623 0.999999999999971 0.999998734967615 0.0687856559466367
0.993954886438071 0.999999999992284 1 1 0.0378809357248252 0.0369623442179001 0.0368157088736722 0.999937890715888 0.0470123261381595 0.0234974724269179 0.0312443073670224 1 0.0258934976687403 0.0342396228410862 0.0366723525578415 0.0442617051287028 0.0314816507659943 0.0373026973137111 0.512894962396469 0.999888593416709 0.0498503877974058 0.0397012468225754 0.116325716242151 1 0.0438619747569702 0.0289450146571013 0.0470234088165155 0.0383344962753241 0.0276527627848362 0.0300654755258293
0.0539470482671346 0.999999999999998 1 1 0.0751059945225052 0.124606896313437 0.048251435451568 0.0605975100559174 0.0631113629913882 0.0472964440778216 1 1 0.0459077438934871 0.180093800916744 0.999994565617935 0.998356165255349 0.0557819612414002 0.121401651937878 0.167173485079341 0.1178403904967 0.0855950305849448 0.0659312473519251 0.0819247887429797 0.999999999920739 1 0.098744850371291 0.0780439420278927 1 0.999999999999978 0.0631617099479885
1 0.0961422356612147 1 1 0.112967642358089 0.0504441600902114 0.174551049141248 0.14739253640387 0.331399048604445 0.0886052341411485 0.071844057914367 0.135045884599562 0.0621690821218877 1 0.0558304892189996 0.0777322846980161 0.0965445786061885 0.124078492942831 1 0.0432652496987745 0.0765569311897859 0.081079000846655 0.178192780560979 0.0919366174508517 0.0796247325149648 0.0812115208870751 0.118842351705456 0.06228668892975 0.0585131990801393 0.0721193045206042
0.997082824393447 0.999999999986967 1 1 0.979599804965498 1 0.0847354929542109 0.0582951169015926 1 0.0748973396675453 0.0574823954093229 0.0804115635563817 0.0532485766240939 0.0580343047154684 0.0985480410688966 0.247872225818567 0.182890529250969 0.999866032963245 0.999998438485888 0.979907160442132 0.0800290771122371 0.0546747578550707 1 0.0665570357054519 0.0607070485807797 0.0792116958698398 0.0592613369542012 0.988359574915786 0.0803864263944971 0.0563746554810023
0.946033900131575 0.99999999999994 1 1 0.0332262857820093 0.0569622055872424 0.0303251649169741 0.0318842628744656 0.0234385003836373 0.0266379070520126 0.0375789761852846 0.0304553269932187 0.0401996546478831 0.0237338966684179 0.0281718266017762 0.0240609013931977 0.028266955839749 0.951477736507806 0.0223582184793895 0.0437804216484482 1 0.0238218753392607 0.0275146426447568 0.0110063812066369 0.0309367465057592 0.0326143720620213 0.0327992276289348 0.0266450583579825 0.0160374500017836 0.99999999999618
1 1 1 1 0.0877198662562362 1 0.0714139172062916 0.122962891833455 0.0631128703454774 0.0885694390674354 0.0764938943689722 0.070958089165115 0.139628040366743 0.133550255170911 0.0708354763735444 0.0831119998003775 0.12132222142872 1 0.0822925855641274 0.176769993150275 0.0596846508162617 0.0854881736073823 0.0719946208634547 0.0666853886937021 0.0684965593615232 1 0.0714363360934485 0.12236645763249 0.0746056343388862 0.188481182549517
1 0.999999999999996 1 1 0.0547395254006497 0.103834456170248 0.0670101342150459 0.0415316250347856 0.998002795633993 0.0397521243112959 0.0456333105116739 0.0465075529587321 0.0437160337096322 1 1 0.0540922211394806 0.0524355919689081 0.0619750966220149 0.999389593406218 0.999994497091228 0.0805340324543073 0.0979670004306565 0.0507721450086284 0.985532501230282 0.999999485605171 0.0628574238292046 0.0374377369092744 0.0573988490130579 0.0341383450483158 0.0404619476963334
0.999975893758643 0.999998087098581 1 1 0.136979974923407 0.0536383901370716 0.988848853893386 0.162813155787932 0.0727567525997495 0.109801657689063 0.0699167475971124 0.999200997877677 0.999999999901742 0.99907261591781 1 0.0470840877699008 0.0815989678455263 0.0713179137835777 0.0732499330909596 0.137906450292799 0.0636809765177921 0.0446895310524001 0.0690368239231248 0.989232666456644 0.0620000678169472 0.0699914394829086 0.0507057056222625 0.0493853322176638 0.0685242929288321 0.0559336323758091
1 1 1 1 0.0469994749624845 0.856305539617764 0.121628701799877 0.903132709819217 0.0313159672759308 1 0.0271591583420941 0.0280181740266736 0.999710394063221 0.0415513712464849 0.0655799669771219 0.0270669062682775 0.999752187729744 0.981507628800727 0.0435078335225523 0.0285442800961428 0.0511036232165699 0.0238790015509327 0.0320910695538246 0.0631515766333013 0.0430854054940196 0.0744450395349848 0.0384409681424757 0.0499142428464404 0.0529727247552362 0.04128865834815
0.210483809124471 1 1 1 0.0527287991696708 0.0371400717579994 0.0335009339482433 0.0352752572312505 0.0365869574058895 0.0325032945273039 0.056683385893095 0.0227070620785409 0.0203872158774899 0.0356346336972357 0.0492038401055342 0.0461696510679973 0.0443438269054014 0.0353521196508175 0.025841649684052 0.0322570426348585 0.0478963322276036 0.0284621989024222 0.115898400497912 0.029457484329839 0.0234313891262404 0.0392198855688777 0.021037688389103 0.0507745930686601 0.999999829076171 0.0297580326520724
0.0642091258817931 1 1 1 0.0312873884753556 0.9999998049038 0.0382870091299061 0.0249410593588391 0.0469501101396194 0.016854830211869 0.021592948093753 0.0152724495000031 0.0207749767823971 0.027973300213213 0.0618512591279552 0.999999969906927 0.0387777945504137 0.99987790651991 1 0.0196544673767787 0.0283371123500412 0.0282935205360678 0.0402991912186322 0.0283912287691737 0.0259781118571382 0.0327332996468509 0.0391077980375609 0.0320327139676728 0.0264448508642207 0.0303326739964744
1 0.907939472159456 0.999999999999956 1 0.11636648990093 0.0850759086747804 0.0714556862370389 0.0692710119882585 0.107036323772292 0.0547888773644313 0.148957951609888 0.0823044046904623 1 0.0775509095902629 0.0916680910978853 0.111388218317271 0.0596219089788363 0.0885411840110939 0.0770199029716988 0.0557160636404763 0.068044771037558 0.0520891733170034 0.0716599591594752 0.0844688956827878 0.0552740662999238 0.058678239812863 0.102681230011108 0.0652223334680917 1 0.0561111210634914
0.999999999995443 0.999999999998804 1 1 0.999999999283422 0.992655428891297 1 0.0606591883310141 0.0264173865773883 0.0352108903694632 0.890230356654543 0.0335654033625232 0.0406470154830251 0.999994070664127 0.0382747329500774 0.0651660986021415 0.0492340635162083 0.026527344786153 0.0388944712517271 0.026698007441202 0.0249116390937772 0.999999990479251 0.0437813019925112 1 0.0551275190803191 0.999999999727894 0.0412330819196337 0.044817282291401 0.0284157364199953 0.0493709856877567
1 1 1 1 0.0173104565230401 0.0317467906059624 0.0148462065882728 0.999978642535164 0.021019985119177 0.0142179161104263 0.0205751760291066 0.0283468744951922 0.0191307196013505 0.0201191351440441 0.0200519123716428 0.0174407018319644 0.0237627435544177 0.0180385551925464 0.0196553102662206 0.0183427686548132 0.0184976183659774 0.999530462787363 0.0290869406374958 0.0186133669465699 0.0391039099205603 0.0201705385082772 0.013591481610868 0.016132970616912 0.0180440184048043 0.0142008616956888
0.0329234070807601 1 0.999999999997812 1 0.0953921806104912 0.999999999999999 0.0342471522851518 0.0370848591960835 0.133920552458205 1 0.0383725960351586 0.105606078773422 0.0459975898839124 0.084034948023756 0.0423592841408984 0.369148245163418 0.0449846467701461 0.0337739357611457 1 0.114981474818328 1 0.158986452020943 0.0361030802511272 0.0498629642983848 0.039535629987865 0.0775507188184262 0.0391976655507259 1 0.13441067629421 0.0392745900105905
0.996210610122798 0.94794100577143 1 1 0.093158876450349 0.125598156072052 0.999999999879269 0.104758517635833 0.934822896558141 0.197288582200036 0.169125504531146 0.134042042286668 0.133787435557609 0.999999999057964 0.99999992964815 0.999992292043373 0.990358097553649 0.1781310329033 0.134773590494992 0.101726767317154 0.127300022594165 0.165557985713035 0.100514555511013 0.89298152763869 0.978733599135527 0.110337768218966 0.999999999879814 0.164975465509545 0.106369874550438 0.143609201812837
0.999999996762462 1 1 1 0.030658265598582 0.999997958650813 0.0329164894865868 0.0379729808392336 0.966623913659066 0.0788061249325935 0.0461049085204481 1 0.0364271649830902 0.0797970739339308 0.043214019472571 0.0447447006683375 0.0524160466414175 0.999700144090595 0.0668866461655236 0.046552705591597 0.047893870174192 0.999961433941514 0.0552810424677178 0.0694899101893844 0.0622550141704447 0.0302030070341394 1 0.0373166506565573 0.0193562883862088 0.0449128786936318
0.999391300815725 1 1 1 0.0376411022033518 0.0487153300850804 0.0325682265310199 0.0276905297083575 0.99999999487253 0.0347346057422434 0.050587567463991 0.0448839254088944 0.9995434667447 0.023173067692711 0.0253606246299068 0.0590310817693022 0.0623339914676165 0.0470067570412773 0.0478035595976016 0.0506147575609538 0.105840849595194 0.0343569397540872 0.040235143043276 0.999999999999525 0.0403498635610071 0.999999999876585 0.0773813031269769 0.701169216832269 0.0988912295169696 0.0563907654632838
0.972700760761154 1 1 1 1 0.0274590061634283 0.0538947309610662 0.0352309057876583 1 0.0401383173099523 0.0556675000176433 0.0337745701965462 1 0.0489155315593518 0.0295702112989209 0.0620926805230301 0.0355306798753224 0.0740927153154723 0.0596402664840006 0.0606892093096038 0.999826663150995 0.0363363956254186 0.0327018249310587 0.0327579623407616 0.0762687642034185 0.0245525297759673 0.0414166778097 0.0426330644090634 0.040121778630825 0.0800045752882457
0.0225814643878737 1 1 1 0.999996698297174 0.0215166634124645 0.0187841040091563 0.0253474671622157 0.0246137060948523 0.0154097051914502 0.0205044447414678 0.0291311324693506 0.0102002964265263 1 0.0244776804830313 0.00958820237838998 0.0251271233808682 0.999975587669566 0.0209655360156517 0.0152490314483693 0.999999658241306 0.0160220700112148 0.0169150365588746 0.0209928818920948 0.023598738355368 0.0176628075920933 0.013527230087394 0.0244518699026056 0.00810199763124442 0.0191822460683569
0.0671816374797382 0.164185849856318 1 1 0.0757362953659915 0.0550021720219753 0.105783332902078 0.0574633709663276 0.119668269231951 0.0485188090457118 0.0657252395428086 0.0558058041488141 0.0739493058069578 0.0649369125644482 0.999998036026817 1 0.0446302691020382 0.116626053196962 1 0.117781712144558 0.153674322012712 0.0669640680069868 0.0857830423642285 0.0778139476731906 0.999999989793465 0.0374673415878204 0.0673718774696568 1 0.0724986512894544 0.0439161541217378
1 1 1 1 0.999999998343058 0.128135441379489 0.0632830951576205 0.0232718462251034 0.0238161421400668 0.03740897073053 0.0614435264002169 0.0316095616682186 0.0194093386995354 0.0373800272866067 0.95936393124946 0.189031892256291 0.0449708523932185 0.0225109668290251 0.999999962859613 0.0393399560231154 0.126539292765123 0.0273244385206544 0.130511568434401 0.0290508003546562 0.149061202070308 0.0212607190448895 0.0642952350209585 0.0586815948511517 0.126586565377178 0.0567304562073051
1 0.999999997975976 1 1 0.954712302488058 0.108564439333546 0.0734265955230997 0.0623090148340634 1 0.0719371554344342 0.0645217921724147 0.0895931541251631 0.0614087499727844 0.067483208579558 0.981966519427337 0.0514242979103021 0.0774311571279001 0.0930140709285612 0.0605316259187653 1 0.100537306590673 0.0720327972609096 0.0625740647423924 0.0625164046306657 0.999984082448657 0.0813769656943517 0.0641292769315138 0.080507359028933 0.989186762841372 0.0702373750559203
1 1 1 1 0.0312344692804617 0.0292286778586779 0.987475924319984 0.999999985469483 0.999999999999999 0.0280231678687815 0.0437245155753185 0.0338101559150419 0.0527038554693949 0.156152597067241 0.0927689048747455 0.0613407299520675 0.0615740281461304 0.999999999999999 0.0526732073343247 0.0656088118173475 0.0440047210242828 0.731010320828913 0.0479431712958902 0.101873347428653 0.0648272406177881 0.056562925695488 0.0517543631249593 0.0388174502863284 0.0331826340668624 0.0458454001628288
0.0331988915239052 0.99998638167133 1 1 0.0136464274664928 0.0118220313236507 0.00671784947680587 0.00903729245651519 0.0206915691755417 0.0121048060381588 0.0144905844121668 0.012878122371401 0.0186766430680616 0.0193836043488139 0.0183281422596647 0.0804551048389958 0.999990732585739 0.018356676873674 0.0136819427457047 0.00883178155635722 0.173396382668743 0.0160879340406345 0.016889098319285 0.966417777487112 0.00800174734398917 0.0230678678052576 0.021030902600481 0.0193384692563904 0.00754381487594835 0.0159333266395861
0.0562755745580972 0.999999761647325 1 1 0.0302180968915752 0.0526224297348208 0.999999999890221 0.050445196842637 0.0382830888281689 0.0243251612257759 0.999999903068932 0.098376221585896 0.999999997518672 0.93715525703279 1 0.0472534486790519 0.143959687826758 0.0262827462610816 0.0356715600025032 0.999999987243983 0.0347908792631034 0.0715374605935063 0.0957898724358972 0.0419006039356981 0.0518088269452067 0.0355518570856493 0.0493763369167642 0.0354764293425147 0.0302058271680772 0.0928867722801258
0.0364974553629006 0.703029763214626 1 1 0.0384254130447 0.0307268692089683 0.0464511588161579 0.028933821371645 0.0385642425017876 1 0.031644725874536 0.0845996646489462 0.0573733554482211 1 0.0406179165360607 0.0371437445865316 0.0831180870105317 0.045214048273434 1 0.0806790067694968 0.0436162802987431 0.0334835718317656 0.119241832313126 0.0315694150352279 0.0672049413797102 0.0477787220858169 0.998078889959686 0.0291540062816454 0.0695490421353321 0.169583530691616
0.42903391958227 1 1 1 0.0451774343717213 0.0348708126954275 0.0484001050042741 0.0410010108760436 0.0483462372486682 0.0701036297429304 0.0637146114629007 1 0.995809812702811 0.0506861078087162 0.0548062375772502 0.0822499243417352 1 0.0406347975777849 0.10182913252644 0.0924764046514789 0.0543572522703899 0.110880255338997 0.0692310729704909 0.999998928580191 0.0610095900026018 0.058023056991313 0.292208642115417 0.0397749929530951 0.0721809468902767 0.999999999995707
0.0283379757028244 0.999999999996399 1 1 0.0223808721510643 0.0271537843576429 0.999999869222573 0.0445256557137822 1 0.0160505490363025 0.0137667202294512 0.0200501695571311 0.0267085190177176 0.0225042780405301 0.0251598672235863 0.0388139981078993 1 0.0729022039464906 0.0425284886288371 0.0217925321684639 0.0260666411031869 0.0209577911612768 0.0169264916137525 0.999999999999994 0.999847436483674 0.0142235740269434 0.0278958881496493 0.0342925697343108 0.0299702136958392 0.0375137618935402
0.999998030995745 0.0786431385026726 1 1 0.0741238582919961 1 0.969653410853118 0.0487427273365669 0.0459389905994134 0.0544695192949194 0.0503511688276876 0.0527356012031536 0.0516199375526829 0.999955515782583 0.999824579157185 0.620613704886509 0.0789672788672583 0.160643359653257 0.0634479878028551 0.0660296203121098 0.05297992387559 0.072619077128504 0.0573707175727727 0.0581789619009299 0.0575312361534137 0.0709735223822088 0.0468272969378184 0.0601849651923093 0.0590756241487599 0.0646922061641036
1 1 1 1 0.0268536685619108 0.0404080718957882 0.999999999926838 0.0139797889315582 0.999999944739168 0.0257535044398742 0.0451077362658879 0.999689510021673 0.023340604292146 0.999999999354836 0.0271090378133007 0.0219666159185418 0.046244083983295 0.0154635004924139 0.023485684609028 0.995206083456572 0.0284287503980664 0.0282966979249203 0.0342882232244783 0.0237930663787239 0.999997536811396 0.0211284365488394 0.0421164498150627 0.0530395540025731 0.0371196075564431 0.0569003226360386
0.970634142077078 1 1 1 0.038219250423961 0.0715824459060513 0.0337872309032262 0.0405916192754439 0.98120569958985 0.999253091151898 0.999999376755036 0.0439155936593397 0.0464788965767894 0.0486962971989261 0.99808905811357 0.0697759403321477 1 0.0636738254699138 0.039691983525782 0.0521118892263909 0.04473209481934 0.0761634100740936 1 0.0230193178211768 0.985670140154711 0.0576530300587369 1 0.0391159782594315 0.0552898098223573 0.109620912103366
1 1 1 1 0.105645846170397 0.167751815761479 0.10571250458575 0.125065118994559 1 0.0972166511101158 0.138837108015042 0.0935102740382203 0.105075881076622 1 0.0701603015374715 0.0810342572661865 0.113312555038186 0.0574718768583365 0.106709075378279 0.352906581026149 0.0915837560121916 0.075025655292331 0.0452949128399243 0.119971468691324 0.999999981663369 0.0994647800315721 0.0632214289005415 0.141057107089443 0.149295476773765 0.148529941967316
0.99906312935197 1 1 1 0.0447279153591577 0.0552907416224475 0.0240664122741933 0.0201494072099911 1 0.0290915105648145 0.0277294945879164 1 0.0191911038179405 0.9215578290416 0.0268328305726279 0.0316932102222435 0.0217070694453927 0.0256992902515385 0.0359227644143072 0.0441795663950986 0.0346560660627628 0.061769630522859 0.0165955020375993 0.99999983800614 0.0308816922496692 0.0336684594519869 0.0205581659262388 0.0391985534201139 0.0687031284128342 0.0306374644628338
0.0228373555314322 1 1 1 0.0195270120779387 1 0.00707794085822222 0.00969391990714574 0.0307523537791271 1 0.0108926398997385 0.0186861027383667 0.0145250189181627 0.017285997811301 0.014901724756976 0.0097716685044954 0.0118474740509361 0.0116662390012338 0.00906207125316494 0.00738234743363353 0.189603136798692 0.0164457709149552 0.00956383486787948 1 0.00663344148794831 0.0083793671327077 0.00774805179651639 0.00964722737157342 0.00933274459459377 0.00635124629195427
0.999855931707254 0.999999999536906 1 1 0.676918918172114 0.796608653818685 1 0.00307753902921637 0.00611222926253674 0.999999999921823 0.00749190595838101 0.00387143987257788 0.00683676911638931 0.0124588183214817 0.0103532988561883 0.00399384665360125 0.00437602016727945 0.00493366455343125 0.00425111121734656 0.00358351955833935 0.999574986661347 0.00636965467317285 0.00365270503384285 0.00424352475363654 0.00697483481152295 0.00661650961611115 0.00225734011969847 0.016121737411226 0.00390114177538081 0.00739843637447468
0.924004575401773 0.999780371818273 1 1 0.0341278423740177 0.044532024543938 1 0.965866501530089 0.0397436260629277 0.0449510991394351 0.0518962846444309 0.0334635382445437 0.999999641581848 0.0460233881375011 0.0328110090479038 0.940119477633834 0.0375329860373125 0.0458625573725123 0.997355334262867 0.0267923417245283 0.970920235509274 0.0255850973423458 0.999937449203709 0.0261042169792653 0.0497422128916365 0.0452883944278217 0.0314579978792593 0.0656546062907719 0.051969688566825 0.0647974306386994
0.999999999999446 1 1 1 0.0150574551100057 0.0100502668258325 0.996734951141388 0.00645696674180452 0.0211121537701981 0.0140152042767275 0.984103610286118 0.999999999999998 0.0129697844556196 0.0109585009097493 0.00658578437020485 0.00804834551479294 0.00922219292598958 0.0095821457574099 0.00790414387604343 0.00668868641064047 0.00666910667616183 0.0331739265870771 0.999999973861502 0.0132947150405243 0.0259018875244709 0.999999043885266 0.0113224593463382 0.999999998200603 0.0100459735612568 0.953979719019311
0.027114582315519 0.999999999999742 1 1 0.222882438452262 0.0258243453821737 0.0173563924176682 0.0392076422390781 0.116826764145383 0.102707832438657 0.0345904937542157 0.026552215641589 0.99999999999756 0.0207104191433852 0.0275242650840124 0.999428274358086 0.0483921521530297 0.116717566705305 0.0200503545648258 0.102397671727076 0.0354565484676251 0.0391321756207956 1 0.028319780223153 0.16005446678409 0.0310058124448205 0.0757053617004436 0.0997412983635494 0.0280115448064437 0.0728755827382616
1 1 1 1 0.991470220520465 0.145017317458248 0.159206597986635 0.200655496260307 0.094317258520205 0.0710293413757453 0.999999999286593 0.986694172781412 0.0776388945098732 0.0875598405324509 0.203230377608589 1 0.155187044788508 0.0885946950215588 0.0640405601124833 0.0696824821459043 0.0989656051654516 0.99251702470633 0.101011862967682 0.999307190691785 0.0803424289598805 0.121675019009157 0.0949112952850309 0.999965712002488 0.0900269330278287 0.0906684614235321
1 0.99999999981719 1 1 0.0313636553975852 0.0576824055834103 0.945911274397499 0.0240621117378955 0.999999999999988 0.043271031831979 0.0509284266789068 0.0397969599336173 0.0216877923402087 1 0.0863861036006183 0.0139096511035445 0.0260687069046154 0.0253403981399032 0.0327399314216401 0.0259619001804603 0.921401040410969 0.0621842259762767 0.999999999999926 0.999989118862558 0.0253524558795274 0.0822541713657301 0.0557533931427345 0.0332642719147332 0.0273978410717721 0.026220202685062
0.999999837888051 0.999999561739785 1 1 0.382448164644449 1 1 1 0.159779442312832 0.156590678925524 0.16819997391707 0.999997304829433 1 0.0792076799613802 0.254024552081869 1 0.164074195018857 0.136455806395744 0.14558990733303 0.149303997379065 0.999999976805178 1 0.108103632462315 0.999999992916822 1 0.193396068531261 0.188495433597767 0.16076171264156 0.131931703222046 0.138331214216461
0.209158458760389 1 0.99999999999948 1 0.106957012116221 0.124561679617396 0.117910944304896 0.0820396951630665 0.158783552856757 0.259340543301773 0.998754927833282 0.0977480349740908 0.105371021866786 0.120397347089479 0.146881295111503 0.103044467784239 0.129406490972326 0.0871470038125165 0.0912344500679056 0.302209641381115 0.0567609593370316 1 1 0.0738152581886816 0.0836335017876909 0.128463180316013 0.0906287342464386 0.155946434768767 0.199011907855706 0.0843463391512518
0.0548045299866678 1 1 1 0.0654163550163921 0.0588740019086782 0.0540814455943173 0.0864245132019847 0.999999999983042 0.0573530755607801 0.0831505588165555 0.380956874352508 0.0577017548396638 0.12837494550303 0.0708077877669856 0.0582453341228956 0.0379551058474384 0.094258611914556 1 0.999999990456625 1 1 0.0455597644788563 0.0615244845914112 0.0985461817714821 0.0528138822587617 0.0638363621791176 1 0.0817416286573029 0.081657528582495
0.0248787284448827 0.999999999998975 1 1 1 0.139957545746182 0.0258738148654976 0.0255881047016858 0.0323457787540551 1 0.0217420972730344 0.0434766312690875 0.999885875226047 0.15102179611992 0.0283480687713999 0.0334092988593805 0.0258515775453152 0.0552039844975577 0.0305106554724082 0.032577551971135 0.0440569125719052 0.0205347321437043 0.0225450124745579 0.0207333518472872 0.0141164039829996 1 0.0526989429145063 0.999999961072232 0.997914547311306 1
0.999999999605945 1 1 1 0.0745030431175683 1 0.0541749953899539 0.999999999999957 0.0583345655529057 0.101883753124267 0.0518107063492727 0.0612572867661714 0.112359097624025 1 0.999982336362652 0.0594037463997834 0.0432295034460691 0.138545110742373 0.0568962813377922 0.0602981461338105 0.0694417493240019 0.0420739228582615 0.0440800724889321 0.0860898929203322 1 0.11250096243439 0.0671587492261181 0.999999658307717 0.0718317528707967 0.0533049304204491
0.999999616697844 0.999999127288342 0.165652175962457 1 1 0.12194174180603 0.0731614023770736 0.132032586284385 0.0707059828792268 0.999997119267877 0.105924726261194 0.99999999995522 0.0851735251683827 0.0868689700654046 0.102862588669008 0.106052635591695 0.0475045803011808 0.100769418920654 0.999999997634933 0.0739097820121657 0.075331492209905 0.125169933489761 0.999999802425951 0.137439684982474 0.0693912232423474 0.972358364327124 0.0935563943414434 0.0826444713928288 0.121189908168588 0.0903919411014723
0.0418098800333405 0.989071982583233 1 1 0.999999999999921 0.0421780530862931 0.999999999999998 0.43816314899655 0.0280439333905902 1 0.0288930246957577 0.0317616538286223 0.0585362603949532 0.993222983011268 0.284807982600694 0.0374471466333927 0.0628420883258773 0.0570353626059427 0.0264697925323381 0.0901264668240198 0.999963969406524 0.0345216180387885 0.0567580045079595 0.0243130984989391 0.0201987441240673 0.0410658750284596 0.0583749610957578 0.0979253833274807 0.0341548900346381 0.0542988023855355
0.0579924720383991 0.05409205869175 1 1 0.0544678195315333 0.993955513538129 1 1 0.989104518248358 0.999999999999176 0.0757603435202847 0.0816421958797037 0.999999999009531 0.0628896016107039 1 0.0771436243534169 0.0628525335009371 0.999999999999999 0.052063484575919 1 0.0795706443899298 0.0654435943865533 0.0792205670680405 0.0814920110908585 0.0874847338971549 0.065120764520438 0.163086172432356 0.0586397943841853 0.124202335067602 0.198251927870696
1 0.99999999771871 0.999999999996891 1 0.999998226786736 0.100655538511078 0.119784683232575 0.122636747940281 0.127553268348297 0.999444098361224 0.117984103557934 0.999945780736671 0.266980192364596 0.08873242218661 0.20136772289986 0.109935834319658 0.0628809878789962 0.140093484322893 0.202096055512977 0.0966874539729332 0.135584835630589 0.826453524144238 0.061757967342103 0.0887006631540851 0.107004286620221 0.117649705949613 0.112529011899035 0.125311489113302 0.99999999196304 0.880575292062758
0.999999999999995 0.999999999999158 1 1 0.0151276678382817 0.0237950607791111 1 0.00966272144053437 0.0102934428230094 0.00911705606355595 0.035744349110102 0.012878221954001 0.0417991014842986 0.0128006017659984 0.0119257899705244 0.0125444159913592 0.0230867243555759 0.0766954966678693 0.0206131749247406 1 0.0202174299899909 0.0172653491789776 0.013413099034751 0.0298243012980973 0.999999660740819 0.0221306070760063 0.0240157868664819 0.0237096135207078 0.999999999999999 0.0274790508071969
0.999999648131231 0.999999998854758 1 1 0.083667919002545 0.0439992493713501 0.0432429078682428 0.0371398717781193 0.0515785667736205 0.0456134226875823 0.0862141470707889 0.054101223331 0.999999999999412 0.0690660128125032 0.0452272845613706 0.999999999999997 0.0497148638265753 0.999999381674145 0.0950174963362006 0.0493977866490299 0.0356981325014557 0.0574078074256079 0.995898530854059 0.105746140793597 0.0733476094555149 0.0284881732615403 0.042701808326954 0.0764473847483422 0.110937928068233 0.0848247743790352
0.0269814408944441 0.999999046181979 1 1 0.0166937197791823 0.0258526113726387 0.995439860366154 0.033962130179558 0.0237655014151309 0.0948019020519774 0.0370492717643889 0.999985765755678 0.110055350988144 0.0767736385828294 0.0365498623341115 0.999999999954602 0.0354887365415572 0.0257759020156365 0.954455930788912 0.0311747820210151 1 0.0278876990688984 0.0449159596798541 0.0254547017321047 0.0209185925986369 0.0617164911958085 0.1344308035775 0.0178704541188246 0.0371310775493382 0.0151515898645779
1 0.236931633723523 1 1 0.087727798930596 0.996747428184464 0.101360934245934 0.129437427073577 0.129539930988678 1 0.0908110333468207 0.0987538579713975 0.127904940915348 0.0425418266042322 0.109350041450815 0.999995532619729 0.140034270971401 0.999734798440238 0.0864038093117435 1 0.136458824799223 0.093015596772295 0.464065767626799 0.245788082679353 0.0997007665102287 0.111720006008461 0.129923454733746 0.104863947926041 0.125745224159102 0.222401461371627
0.139612268983838 1 1 1 1 0.999999999966035 0.0647128372670916 0.0855400836701887 0.0773554389097098 0.999980422133224 0.0688237943464736 0.0609586193118201 0.0628929730678982 0.0710002809259828 0.0838883218995137 0.0684050661703752 0.0715322068875025 0.999999959091322 0.0611801830692973 0.0815308325485266 0.0446316012581578 0.0577865244297745 0.0625469262580124 0.0814754783801392 0.0813695860198247 0.0531602344612091 1 0.0781540033158231 0.165881958136459 0.0712191128999899
0.99517949634184 0.999999999998447 1 1 0.996160415870227 0.033354977264501 0.0869152656557769 0.0407076244126507 0.037678486167133 0.035554336093681 0.0464148349121855 0.0380524667945281 0.0578593261947066 0.0334934189955316 0.0419230352689736 0.0374749405924363 0.0390696884993835 0.068421824703281 0.049206803247729 0.999999999999885 0.999999999999824 0.113098894642764 0.0200294054971693 0.039450297664653 0.0758006675488615 0.0581297977160193 1 0.0816629861771512 0.0478385370972921 0.999999999980195
1 0.999909961744033 1 1 0.00847286010563442 0.010257393739835 0.00951675079683856 0.0372018364216218 0.00606480886103056 0.0227584482633812 0.00789176663648916 0.00446023330481882 0.00974631230996936 0.00614102409411987 0.00829790845627376 0.0134271900970636 0.020649634967049 0.00712530958552315 0.00677223767653978 1 0.0301347357912745 0.0234514473751578 0.00846576715421465 0.0101828065125817 0.016210468631372 0.00823314001338316 0.00907853312331075 0.00942890005631658 0.00900870533185782 0.00637066387315888
1 1 1 1 0.0577824491640553 0.0694459672826201 0.0516218994028202 0.0580936293398248 0.0817510520890318 0.0565244389604148 0.0340683914709654 0.0384403981004429 0.0618349425000335 1 0.0529124513166772 0.0794436822908081 0.0546252200640825 0.0514268280339522 0.0506632353547491 0.0529705177719254 0.0336565993917055 0.0511616361598931 0.0374119660776775 0.0447381244302231 1 1 0.0517764343828446 0.999999999999332 0.0800493870572573 0.0464120481187391
0.990901728917113 0.871517770053267 1 1 0.053430224553381 1 0.0830383224268891 0.192887293031267 0.0898370513664903 0.186278607511669 0.145467589680862 0.0668359359657752 0.0829697074130947 0.0724530396253883 1 0.0598391397812754 0.0910153291730978 0.055387435629021 0.0947987255589285 0.121926177027938 0.0676154609069981 0.999999021426166 0.0619894831769785 0.0928759103631873 0.0805251988329782 0.151644062618975 0.0648827126923992 0.127970146965289 0.064399807344766 0.058471929707218
0.998450306988646 0.999999999188449 1 1 0.0990454385657289 0.108980960937647 0.0889005328163298 0.1064216461857 0.10632439298099 0.106980812519353 0.120014135169919 0.999999898541964 0.0562730334256309 0.100787341210394 0.0920772429086805 0.975344139957515 0.245102445090081 0.0839389249657331 0.0734413002393444 0.110544295926852 0.0925406240541659 0.114095097921204 0.999999489127858 0.0904202847553986 0.999935576995968 0.0725903416417586 0.133988624536908 0.103927178185424 0.0593854079769296 0.999697083861525
0.180174933646538 0.999999950670065 1 1 0.0914777890202212 0.064370033251833 0.0798010617107334 0.0906477577888373 0.0793868441050088 0.999999982117811 0.0719369198565323 0.0714803432688979 0.0491232885946962 0.043622261063279 0.0488474672060664 0.0566973877415974 0.0699895174962344 0.209644986129255 0.0744278942963698 0.0574980045285032 0.0956032445848454 0.0540623230571761 0.0579491927208117 0.0745486279988274 1 0.99999999912485 0.999999999999651 0.061844264263614 0.08920259873979 0.109208915243999
0.993310515104144 0.999999999685932 1 1 0.0603031841648569 0.067228077866025 0.999230161286027 0.0594940679479252 0.984109303173845 0.999468239661189 0.108457933149238 0.085987421200435 0.047001494304913 0.057846017225555 0.0775250854712208 0.0574026316736873 0.0472073548729204 0.137471849759112 0.0432691946113313 0.04885257908333 0.0533116856773324 0.0761305639815393 0.0541175735880056 0.0864312932948653 0.972447198077463 0.0687882851342656 1 0.996929604238615 0.0449649932863889 0.0878477082467574
0.0161383223009648 0.998508524585395 1 1 0.0222389007271842 1 0.0291283443162111 0.019724733518258 0.0378243418093118 0.0305822723557851 0.016758466727524 1 0.999999997675417 0.99996802956168 0.026807010232852 0.0225823032615123 0.0240946707341002 0.0235464726011834 0.999999999999999 0.0248459345382016 0.0647297958562328 0.0289315061638392 0.0267954565325401 0.0185473604444141 0.0324292543676755 0.999879614472227 0.0272588531521479 0.0295380966296398 0.999999999999765 0.0180742833919684
0.999999916138874 0.99463747430864 1 1 0.269984560709994 0.00720481384807181 0.0130872083742384 0.999999999671316 0.0494008527640976 1 0.0277572019933033 0.0458821090433088 0.999997331290203 0.0252242079004971 0.0144750325355062 0.008174688479055 0.0116596979388378 0.0215634394584474 0.0129921343714378 0.0191294378027131 0.0266589680975796 0.0257293449502671 0.0253669786117571 0.0210570875304817 0.0266434887592347 0.0158757107370386 0.016589185019956 0.999908355446296 0.0110594062168529 0.0334977687835779
0.819465580380305 1 1 1 0.0993192110039435 0.0845249103828351 0.0930700832350118 0.99999989192508 0.0652746727974907 0.071373880376291 0.999988884438072 0.997314892730806 0.0810304563981369 0.0729268136889555 0.137957051909517 0.0784227484934211 0.999713847222476 0.982497299475427 0.945744555120337 0.932456386432127 1 0.999999999999989 1 0.0845087107790675 1 0.15975554229249 0.0694295645268196 0.0659344581331447 0.0788119682114463 0.0712386708448318
1 1 1 1 0.257490495309126 0.0382022605333366 0.0398744741726914 0.045849629310965 0.0571202402452914 0.996933150818608 0.0554016117213814 1 0.0613823456158925 0.0641437417667764 0.0645335753307232 0.0432190057532469 0.0533487726296322 0.069622835118621 0.0559418276283571 0.0604102511491995 0.0464651708134904 0.0496770564639578 0.0421863816956519 0.0546497621224624 0.0822145469102847 0.0390791909688176 0.0578438296752493 0.0778934712911361 0.741197990952521 0.0814779447854598
0.999998197521712 0.999999403747219 1 1 0.0719100733538632 1 0.0497519046053696 0.0515416610381659 0.999991164513453 0.0273135131089164 1 1 0.0472932364245551 0.056892120314845 0.999702794620037 0.0458497707316967 0.0232662851962439 0.0262694349232927 0.148231343345182 0.0456743631604042 0.0620532721264473 0.0260943223367066 0.0440743103272944 1 0.0488823223119976 0.0817330904153907 0.0462246911992534 0.050029333437788 0.069323875767489 0.0699543021788102
1 1 1 1 0.0984615917060363 0.973748230873035 0.0718857956312773 0.0571046651919958 0.999999999999999 0.06315023595749 0.0704227845983089 0.0626331262030794 0.999999999999132 0.0636046192198029 0.0961313974596156 0.154360636036237 0.999999605843777 0.0719276827049509 0.0736187898782016 0.103578222986835 0.999999999999927 0.111741253278717 0.0678833021230563 0.0929096233770338 0.0506835348893381 0.129132086773911 0.06057276119125 0.993076018666019 0.180318174982072 0.0577565197263482
0.0410603221150255 0.047256468173571 1 1 0.0191591667245828 0.0343903810110491 0.0431147671115389 0.0481182288274116 1 0.0479543229112152 0.0906890281062726 0.0499746454808515 0.051059836764028 0.0553391263827401 0.986427631604331 0.0419442153353623 0.0455140669739788 0.0351002029222672 0.0422878176963007 0.0387120324073993 0.0393375454144413 0.0424628415020436 0.0825912794728025 0.0495759073132737 0.0683955354636774 0.0559982755041798 0.0422426153214589 0.0291241654481988 0.0427969050514959 0.0311441802376077
0.13277111797005 1 1 1 0.0950953271692866 0.0673644112773788 0.999999999999744 0.0861048397155335 1 0.999999656790613 0.0502988157572942 0.099852062282879 0.0844188865373966 0.0497922091902812 0.0758323504701146 0.0827545327254118 0.107373673201273 0.0883986934859723 0.0953041048289553 1 0.259023676205083 1 0.0990897306233204 0.222102647802612 0.0962285527979259 0.0838517514014213 0.105818518851059 0.0617712889235177 0.0826759336745169 0.0831313887176494
0.999999999999998 0.170508382571315 0.140516415056952 1 0.999772032361625 0.0961182395490899 0.182151365876725 0.214958133426756 0.144275413987053 0.184618842055496 0.198570583687406 0.166429933526726 1 1 0.134411646713192 0.147180866256188 0.278749075656154 0.1193703924299 0.999308599714264 0.155342374436809 0.134067721886794 0.268142943431167 0.16970191566858 1 0.157632427852957 0.999767324201987 0.170948343841078 0.355696283008378 0.999999235713367 0.169853851916871
1 1 1 1 0.0864726956895097 0.0405932943402206 0.0610651348100472 0.0521285403930087 1 1 0.0580021064146466 0.979499009503458 0.998124732190851 0.0536191425020093 0.0535938272114808 0.0541092129979825 0.0779139041059436 0.0502172417810045 0.095802452719092 0.0505198980198401 1 0.0531739156064115 0.0550831391539883 0.0591577536351331 0.0654162027899603 0.0592321898150218 0.0676746442757449 0.976457545660637 0.0840760098886193 0.0451714924719309
0.999999957782861 0.999999490228518 1 1 0.0199507666905104 0.999999598799813 0.0240160171728802 0.0266774570370842 1 1 0.0990898798275106 0.025231432541663 0.0204869250559826 0.0266080534354997 0.175701836605685 0.0277008078377274 0.0229750825333015 0.0301118973038741 0.0444676093279016 0.0307247569897257 0.999823324466597 1 0.024101052292285 0.0313628152736803 1 0.0227839224974852 0.0248439558244277 0.0315746452433776 0.0219989203620631 0.99981425469191
0.999991789404456 0.999614667544092 1 1 0.0850072204238764 0.0773393170140001 0.0508734085811755 0.0970150490624837 0.169534257852443 0.958893620533198 0.0733079019115065 0.0876566601473256 0.0520420185706965 0.0688408568596497 0.136856393136336 0.0695245757081882 0.130352607402353 0.066421843214843 0.0576802865435596 0.139288453721275 0.0664093808610283 0.081232681423782 0.986655516756986 0.0358730314159251 0.0478949619463246 0.0727278220526879 0.0702164265663597 0.972238809217281 0.0502547378993896 0.939552432233198
0.0423592314818853 1 1 1 0.842194731362958 0.193712120260486 0.0962783653697082 0.0280143525054921 0.999999998717459 0.999796510479575 0.0488734203059238 0.0383124995066283 0.0474017156872961 0.0420667158496058 0.0930138663571743 0.055547583510729 0.028898213958469 0.0720055855598409 0.980256516518553 0.0442340276789179 0.0469116922798627 0.0267993654091938 0.055477051071759 0.999999995407208 0.0788469590248139 0.0751605352724727 0.0681943722295595 0.999999999999999 0.0535757484634805 0.043597609201064
0.0375795748179744 0.996898373674622 1 1 0.0177528008960658 0.0232616014665747 0.0204337061180022 0.999999999999974 0.0159625468272255 0.0815656553510603 0.0190640874036802 0.0240646102124741 0.0160919956589166 0.0215968396639995 0.0197468764449685 0.0194608422331923 0.999999999999986 0.999947804857063 0.99999999999991 0.999999999990279 0.999674346181389 0.0175123475396995 0.999999999970045 0.0278128001408419 0.0157042618978409 1 0.025948661687901 0.0271539683221607 0.0191077399178077 0.242888276463881
0.998865374868245 1 1 0.08438564526682 1 0.201067063082117 0.154005669774791 0.132505323430685 1 0.156110834371727 0.159123379624347 0.137040109960096 0.178554938662768 0.941668384101412 0.141578997012039 0.179200428680732 0.170012201702033 0.183932737827863 0.177427555187201 0.210726407602844 0.261052305772709 0.157387590159448 0.17079225886259 0.120905492536393 0.103497492732999 0.135809336396356 0.999753891512903 1 0.861748220433606 0.999999989666557
1 0.999892291088419 1 1 0.00970551438171685 0.0139565408979779 0.0164840745018504 1 1 0.0149431413643096 0.0123185934918203 0.0168575219734869 0.0174024549215777 0.0114655166657901 0.0114690662007511 0.999999998414974 0.0091871381519415 0.0145035791122639 0.999999998957435 0.999996944893383 0.0162565179795839 1 0.0427370861920088 0.0236595342974184 0.0188684710331103 0.0193119396603446 0.0314384185440625 0.0115395622971134 0.0254277087940126 0.0119567641868557
0.087872432492922 1 0.118912966496991 1 0.132310666048106 0.999043161342785 0.125029077098347 0.972109428202151 0.114696556425269 0.133154694124062 0.115892480233015 0.206763716331518 0.999999999999998 0.225979300660494 0.999966607049373 0.312896111670248 1 0.999342575145174 0.182604855627425 0.175263167567959 0.11587462431216 0.274443643199042 0.179465134186491 1 1 0.106493083560483 0.170401272238719 1 0.0989432331413341 0.0930445583390008
0.999993542546312 0.0903258598081766 1 1 0.99999999999999 0.963590009647058 0.133843511885777 1 0.135189600515197 0.0549770190937695 1 0.0811583438225831 0.186101564292264 0.0508995707013361 0.8110101114592 0.0546267424920912 0.111622214603466 0.0802345059518856 0.0508822250236696 0.878680008980795 0.079580606756585 0.0601387143316012 0.0661991127624386 0.0746108454135185 0.0885737421522937 0.0943857335525355 0.999123026087219 0.0591442384110212 0.999999999683974 0.0774416798622266
0.999996828667006 0.999999825917208 1 1 0.995033781502384 0.0720476626944515 0.112101307023728 0.114279595837047 0.0573900925913068 0.0514857171035035 1 0.0633397558645776 0.0446280470617304 0.0532188865464023 0.111225237553595 0.0964462238173336 0.0597902393799358 0.0709453013298268 0.0617202133992405 0.999693350316378 0.0744638899752628 0.17966852668993 0.0468523574187344 0.0712784679041366 0.0630147944592608 0.190560168470379 0.0763371312935243 0.0432053708193212 0.0447564494826037 0.080042874402808
0.072914880696654 1 1 1 0.0422389957630644 1 0.0706724267851322 1 0.0550027489179165 0.0370500123774024 1 0.034615848443925 0.0287401492789885 0.0624995866644794 1 1 0.0343750999889733 0.0364414460904198 0.0521241555866767 0.0390428138284992 0.0690363548569223 0.0364425733420868 0.0720661261250349 0.0387952807870774 0.0373553132024607 0.0395495833139817 0.992616611009641 0.999999559918669 0.0349299176841805 0.0396875564286722
0.0635744650473923 1 1 1 0.99720663286444 0.0610280132333715 0.902389515972461 0.96524129435894 0.999793929744483 0.0976255154024753 0.0462406751633556 1 0.060412163775848 0.135752099281442 0.98879398824737 0.0820717645133179 0.0834793506687613 0.0896549460560284 0.0894260018968129 0.0668414307528375 0.999999999999968 0.99999978822086 0.999999999971114 0.787449796158919 1 0.999999999998042 0.0436661800975 0.044198440617752 0.0804898895719032 0.105581316818699
0.99999999999719 0.999999999997143 1 1 0.0419616286505763 0.969711429772216 0.115603848563297 0.0201280925813744 0.0900173517937859 0.0467300973506745 0.999343652533617 0.0491623854846288 0.0339367062872338 0.0376710652558708 0.0197761784816276 0.0403405884743679 0.0422216664113053 0.031243843375567 0.0401749642702738 0.0340052231623067 0.0508319752097705 1 0.0899526759027202 0.0222878188887095 0.0423834966517185 0.167379554522092 0.021862887859344 0.0312726074147739 0.0641269148496665 0.0392785215222878
0.165516870331892 1 0.999999999997718 1 0.025973689072439 0.0418436182901624 0.0202954768179343 0.0496508982114413 0.0149965643835068 0.0376723139037569 0.0312686852461577 0.0450725792828893 0.0891577147012805 0.0251685426499998 0.034896740629043 0.0469806155797279 1 0.0329859460094623 0.0464666250550126 0.0303729916340942 0.0442990733365243 0.0344007048631664 0.0346554271417905 0.0408243538822123 0.0360867387743902 0.0636862613090065 0.0444723919581048 0.391453533266092 0.0414020077328274 0.0314084870579333
0.037052369311523 1 1 1 0.018425839739958 0.0286565644781668 0.079021579311008 0.0398046916056966 0.0211521254630312 1 0.0277770352054147 0.0470904884983323 0.0384102361604929 0.0565381691756499 0.0352441826089736 0.0463378860515388 0.998095218694961 0.0569072555613326 0.0345047647318338 0.0359419233731552 0.986865183238793 0.0310110601128462 0.020171360021408 0.0257022739776936 0.0408171101043225 0.0461059357178615 0.0370241852353637 0.064574885544715 0.0227984143120434 0.026804040103692
0.999999998502722 0.99999999999974 1 1 0.943805381862704 0.0572564197652414 0.0412796636755587 0.999999999950277 1 0.0712757005182968 0.0698640730848256 0.109756492715343 0.060378930788729 0.0560854106433342 0.0690510605752829 0.0551970739731524 0.155952285576591 0.974183800325438 0.0628102761846854 0.0656267031239689 0.999958963161171 0.0649653390884243 0.0540203877277647 0.163782162612608 0.050721919222131 0.144072711327391 0.0387761236773438 0.0456505594370026 0.0259049450966865 0.0537334014643887
0.999999804807736 0.999999999831798 1 1 0.0722920377947903 0.0249659149248599 0.999955272226313 0.0489269622764855 0.059774245324144 0.0930322823956158 0.999999999553961 0.018858630133599 0.0339847758005648 0.0722012761213451 0.989392511395947 0.0404841948141905 0.0277357928038559 0.0184198098637385 0.0982554270946088 0.0206908211569256 0.0241667892559119 0.0897329417441476 0.0318012269989177 0.0756326349277443 0.999999999893621 0.0712612263522935 0.0341622301679075 0.0270220130766564 0.0384165489832441 0.0227552848365975
0.0359317677113997 0.999999999397474 1 1 0.036345910382949 0.0149660664775725 0.0130015550121872 0.0125619951499725 0.035896210830526 0.0144518919286007 0.0237118786668712 0.0162843087953849 0.00884002725001665 0.00669793180065081 0.0222899446233836 0.00903532165922416 0.0329042533404893 0.0165424703809703 0.0322873609157018 0.0150336664931289 0.0144552399678365 0.0129380002251984 0.0155711767484699 0.00791754973551562 0.0260356476970472 0.0251927326884454 0.0224013569288274 0.999658385835327 0.0167235748212851 0.0177953398927697
0.0098372114014198 0.999999999972287 1 1 0.0195210465708555 0.0110900584801041 0.0155855552249726 0.00818980984835782 0.0100629927881648 0.015989100682422 0.0347844587988502 0.022282169204607 0.00971063255614735 0.999999969001415 0.0602651907120832 1 0.0141601255897056 0.036013991030966 0.99915644942776 0.0118710417722081 1 0.0179132253262624 0.00903645607628056 0.011451862529424 0.0229989388737597 0.0113896046859845 0.101484767178583 0.034444104310408 0.0167638340524675 0.00826049559290165
1 1 1 1 0.04982035499916 0.067416610642398 0.99999976123986 0.999784704899773 0.0723766167159455 0.15135095849616 0.232291144583978 0.0623436227488298 1 1 0.0962745418965965 1 0.0913028758808218 0.0659731985386843 0.0601281231619309 0.123891231746202 0.0729739721438156 0.07050893222099 0.0571875528309671 0.0880840297396227 0.0616344538669845 1 0.0851105179803816 1 0.0456605228954962 0.0627242807657729
1 0.999999999999988 1 1 0.0381240933312718 0.0426408631847558 0.999940750105207 0.0449585135268875 0.129460949520662 0.0461658161239417 0.054403334546277 0.0367004914813128 1 0.999945561015067 0.0574264666213748 0.0341634304802694 0.157968733464103 0.0454982554234854 0.0513350924303367 0.0444771654175699 0.0362645076315405 0.0846559169909625 0.137261390359547 0.0915465690684318 0.999977916801822 0.103174403220353 0.0251538743015519 0.08023643347291 0.0333558707117159 0.0617209959940062
0.999999289484897 0.999828848387377 1 1 0.0398166201966228 0.0389504657021588 0.0206428690900212 0.999973173399339 0.0360470871606825 0.0377737153649133 0.999999999992826 0.0417306682971248 0.0393425953710997 0.033868911370065 0.0402182620722773 0.999999999999824 0.032421409548436 0.0407632346707922 0.0337644611074309 0.999998543328083 0.034269202260419 0.999993733962472 0.989754915394293 0.03542921364795 0.0241999419799301 0.078409947471605 0.029673829830962 0.0400036098845522 0.0480080922528296 0.0255446285065087
0.999999999999997 1 1 1 0.0415064223708603 0.0469948074870719 0.99999999999981 0.999088350984867 0.039267933766283 0.0423481351801535 0.0551759953145823 0.0964096253674381 0.0296415130933919 0.0378155620103123 1 0.0388707346442809 0.0705892541377731 0.0463838342553535 0.0421288315319921 0.0448016772948424 0.0367590034204761 1 0.99961683989054 0.0389195790947732 1 0.999999999881118 0.0488138622479464 0.0310490728393837 0.0301323827833971 0.0376614053033747
0.269367753546582 1 1 1 0.0302047946534644 1 1 0.0183197739589575 0.060620945720454 0.0280570459348751 1 0.0270479973255188 0.0241921382522177 0.999999996866803 0.0408103464163685 0.999999999504088 1 0.0241539769965016 1 0.0875826606195144 0.0347969736170261 0.143423229360317 0.999998935585218 1 0.0276105097719721 0.0212282479958713 0.077261696621688 0.0375389879262751 0.0507223109890692 0.255600481075577
0.157751772643778 0.9997389570701 1 1 0.0875897971021976 1 0.0746869104547824 0.0492529711493559 0.0638490600447569 0.101143440587067 0.0871248011946971 0.071516872588846 0.139270333910895 1 0.0850149988375722 0.0557890345551041 0.077194426548731 0.0997111542209981 0.12846605009345 0.0900851197175579 0.0655906333752962 0.120816812509928 0.133462083509532 0.0716085987470505 0.286964538630078 0.0936240548418628 0.0708705571924688 0.0853494670884256 0.111973289464388 0.121566190517612
0.987237232361137 0.989395182975673 1 1 0.0969160674939394 0.119063438038127 0.263660880083431 0.099661198895888 0.0920271162879304 0.102711018297474 0.0655253739217323 0.101067479974963 0.0915518202578957 0.0992837027119516 1 1 0.0694062742260881 0.0949186098330613 0.0993572332222782 0.0677193919738407 0.134508843413245 0.11831107976993 0.109655383670562 0.105256447269268 0.104978788094177 0.965404968331882 0.132437372507854 0.0936630215055756 0.0927090252459063 0.994009580106946
0.161299629730081 1 1 1 0.114758170753733 0.0655871558545766 1 0.11596983848978 1 0.0831652069079052 0.999999987807055 1 0.0889257891122923 0.105291558373059 0.0820726994787769 0.999007455287821 0.0857991153547935 0.068487339111998 0.141717371047821 0.0932535798496843 0.0873617436099465 0.0763135298802601 0.0678333406082613 0.085318137354167 0.21126219890566 0.159007460626783 1 0.0638726068271142 0.0863949486771309 0.0844998572025639
1 0.10220704306559 1 1 0.0339605695085138 0.0582174454716899 0.0862736010078693 0.0724685017618932 0.0502651381313569 0.0621246124968896 0.116720386923844 0.0455471873950254 0.967984159310706 0.0527707870978928 0.0566955994569356 0.245861014211777 0.0413741753032085 0.149391596322825 0.0838723920131209 0.105848254157136 0.991395613937978 0.0735988214911628 0.999999925310984 0.984323923313646 0.066043950115305 0.0451822468818783 0.0617506891925335 0.0626171093364496 0.905041801216272 0.0489108427691087
1 0.999999999914698 1 1 0.0365071256110335 0.0347868844071233 0.0216962566146656 0.0290619071441017 0.10523245440558 0.0270445935836583 0.04025577637938 0.0243561304255815 0.0420439365222424 0.0468953949403622 0.999994922643006 0.15459184888038 0.070795128465562 0.042372528186057 0.99999999948752 0.0434094988002579 0.0484094217025569 0.0485119812093634 0.151553504320083 0.0578886435871258 0.082968484172299 0.051704960900478 0.999816107216585 0.0184084923501474 0.0404620879560305 0.027012092006933
0.040092101401175 1 1 1 0.0328926440459002 0.0366308648980079 0.999999990712936 0.112302579532726 0.0291241611258132 0.0623907695097814 0.0264245914013128 0.0354128838000539 1 0.0427411790743878 0.0385971670838583 0.999972022610374 0.999997963057204 0.0350568206871507 0.0359950657041165 0.999980387450527 0.0331192308849786 0.0406647716646417 1 0.0629449347994393 0.0579316372758704 0.0432639199835195 0.999999541924635 0.999999999999998 0.0551734435771588 1
0.999999855129896 0.999999999977584 1 1 0.0155011531031631 0.021103342999104 0.0191432588433598 0.0213339024600834 0.0165754387144936 0.979995983072718 0.0355988013464043 0.0209437997809021 0.0194283531654363 0.013667188576768 0.0414430742379737 0.999999999411146 0.0181821533818485 0.0162728001991306 0.999994187149036 0.0340929922822439 0.680029921155142 0.0262743814359153 0.0310743232413079 0.999999999999992 0.0417351307797864 0.0222253234387277 0.0237435249157256 0.999999999406847 0.020857119079208 0.999958846326164
0.881287149349894 0.0611295281659526 1 1 0.0524259955107718 0.044202777825787 0.0753945682894146 0.0371505221893879 0.0444037094729615 0.045764072292665 0.0753395488328507 0.0706909092031798 0.0544499907125259 0.0467168566645627 0.999999997930359 0.0741863912932125 0.999999972261044 0.094904291058558 0.0490128967808376 0.999998178057158 0.064702552283604 0.999744850803346 0.0492409032304827 0.0581271505714043 1 0.0449133894264989 0.0517808581171387 0.0471972993103746 0.0658788517970443 1
0.0552359745644853 0.999996570890102 1 1 0.0747518930087854 0.987232355036071 0.100344233178446 0.0770957046637715 0.0430068085079297 0.0537627538522893 0.0588154058598888 0.0392325728583747 0.0506592499322934 0.0541464771542954 0.0815831251822504 0.046720455885383 0.0588617344347881 0.038756903205907 0.0459640923508682 0.0711807938402254 0.0330997545922564 0.958993054838891 1 0.0550328730355157 0.0237762504818944 0.99672728289326 0.999999999948996 0.0623010522278842 0.999900280858057 0.0391841783922685
1 0.999999999999999 1 1 0.999821138453212 0.102293573542352 0.0457956396524268 0.0358008324112026 0.045755443689377 0.0627240311776592 0.0400441533474339 0.0553061875893338 0.885837196025361 0.0345460008169162 0.059506855471499 0.0444767189977664 0.0270500704651748 0.948957467616172 0.166711285495063 0.999999999999559 0.0359826786105786 0.0481654044270594 0.0428710021852953 0.028450781628235 0.0507760461071178 0.825736346962636 0.0448034657986635 0.146606141387777 0.04720152941419 0.0368572678456178
0.0489924497570023 0.0505780198340099 1 1 0.947457454201191 0.0384952043116001 0.0282589812766048 0.0303702646604986 0.031873681006712 0.042816897739131 0.0213891160724012 0.0330248375852069 0.0265998144487057 0.0441892796715291 0.0502560600575657 0.999450789348388 0.0400919574465431 0.989518319812126 0.0293383185386094 0.0407122623864271 0.050036239319868 0.0289341659849427 0.0385874064253366 0.0322816645170553 0.0356734686303936 0.028964347444066 0.0591707669967966 0.0350768219053892 0.74945012966448 0.0297677327271201
0.981135214898682 0.999949543452412 1 1 0.151663994250602 0.0954768549745092 0.0713761202503125 0.110392410932989 0.0795260058824586 0.11746755826187 0.993778113043866 0.0966382621200492 0.907226998967761 0.176321022527197 0.155138898564401 0.113552321339539 0.118798047640755 0.110535714280354 0.0875550763392539 0.124106003248194 0.0838277442377586 0.24172586067201 0.992412790221874 0.080641367550955 0.0940996247528406 0.1309643606637 0.155567115572535 0.0969037517592962 0.999470319864539 0.164543137179878
0.99999999757452 0.093077952972475 1 1 0.138610340535781 0.112380024507074 0.102640788811832 0.0611405663222179 0.999982933891173 0.0751160035853159 0.956395752389379 0.0911207843654478 0.873443532539898 0.10437236927154 0.999944357284002 0.0941927414587522 0.0687117857057317 0.0603266128304679 0.0781066519916254 0.111087563934108 0.997863448083964 1 0.992411803817864 0.0584233773249667 0.109094910362246 0.0741891035371526 0.136155771222751 0.0742728639116741 0.10523719157271 0.0411924554032321
0.01841789423899 1 1 1 0.0437621086479779 0.0248248660947564 0.0262065262529482 0.0279843980298928 0.0770757449328197 1 0.0554261712702117 0.0202239459259735 0.0275409770586788 0.0261193029673268 0.0214922799397916 0.0196693538114648 0.0264371619803275 0.0216843735345319 0.0441877583198109 0.0276207431545162 0.0381308465769414 1 0.0206717188657911 0.0510217436689422 0.0240045246931271 0.0171720351308844 0.0208438733674416 0.0267578105322723 0.0370011624541098 0.0177117698421517
0.06205539742341 1 1 1 0.103454884702129 0.999476236456353 0.0355008021627093 0.0270782882998873 0.0146143287042454 0.0190248236386853 0.0304533330603151 0.0248957528493208 0.963323011988753 1 0.0221794894142102 0.0338982728879234 0.0183302600595592 0.0246586917716831 0.0735881621296388 0.0318382931903499 0.0363709463139079 0.796468222997716 0.0293666959298751 0.0133529511867121 0.999999989831826 0.0199845391232979 0.021673425333597 0.0148977433081506 0.979630332313815 0.0196823872112767
0.134476087484572 0.999999999596183 1 1 0.134867385216064 0.128412216237535 1 0.145797956905324 0.242998681858584 0.114761031913873 0.11786779150512 0.161545703558839 0.140694602631774 0.999999999999971 0.999998981062628 0.999508226107283 0.943764858630699 0.167174617295294 0.999999999910251 0.999999999999977 0.187098043191962 0.118079802514892 0.136471786522523 0.999999999710324 0.206324127807514 0.240704859641782 0.131062018240213 0.134521633126977 0.116991594487645 0.834100619141578
0.0376522488767419 1 1 1 1 0.0541494969446024 0.0477833773105438 0.0984385322744844 0.999999864015604 0.0755287465445135 0.999999689081776 0.0385296468334169 0.0552374513057817 0.0762669298055215 1 0.0415866823394545 0.154049091630188 0.0913751147289471 0.0515074293599677 0.998157378110906 0.0612516660961973 0.0727790521283385 0.0478505073705554 0.0919028044814969 1 0.267268304592628 0.0490314582713809 0.0555780413067384 0.0476089822625329 0.0392928406287093
1 0.999999924887099 1 1 0.0844413835569886 0.138071087761612 0.113676168398209 0.999999998852076 0.999999998602874 0.0687837151086049 0.0864578452047843 0.0574477578207693 0.0425192109356493 0.051544364135354 0.124280712800663 0.999646396825049 0.0503061715920676 0.0571179340335572 0.0745329312028995 0.0543347008071452 1 0.0738630754871594 0.99999999999166 0.0994765244564438 0.999965679792812 0.0922724494194727 0.0893732303367178 0.0575257280955727 0.0612679395289984 0.265570666258002
0.12642840090601 1 0.117495146674888 1 0.114312052152615 1 0.998901076361947 0.128633858088214 1 0.0933447385672131 0.0826526341988202 0.111252281509544 0.121979625761351 0.103971064532598 0.991835400508739 1 0.116614564951411 0.14308327611506 0.100602912001833 0.0924077563837717 1 0.100510341258963 0.118333390380503 0.98983434353476 0.0988837036028686 0.0947845842379064 0.101936727981071 1 0.107943870271711 0.126771531331932
0.0894150529521671 0.999999981425992 1 1 0.0418538796638451 1 0.994798425419594 0.0446644016359112 0.0442187987910229 1 1 0.999999861621381 0.0402047692507944 0.0383979688171371 0.0775052470766724 0.0230984489127677 0.0303984073938199 0.0389037324949609 0.0398338648160295 1 0.0265811793201305 0.0272421854511707 0.0362109692048656 0.0947929848097183 0.0349759822655344 0.0591023485983795 0.0646544395426252 0.0390057065159803 0.0848565087698798 0.0633982252115806
1 0.0412753468198876 1 1 0.0398153880478607 0.981071348645359 0.0454583241471554 0.058161228925049 0.0406832123459859 0.0299049603512196 0.0208971363817014 0.0256157580809412 0.744611965771272 0.0464589860710719 0.0403832798939121 0.0540457516817655 0.0359168708588613 1 0.0181706279927889 0.0757732318664697 0.115911897349196 0.0669622934581455 0.0362003622531151 0.0556574004953478 0.184156682731295 1 0.0308504327574195 0.0189728357520644 0.0466403400292046 0.0377185517030788
0.0240487682865508 1 0.0115733814013695 1 0.00820982452733066 1 0.0118238432190798 0.0220715291143415 0.00962230751454995 0.0184589409525328 1 0.0273456587391218 0.0141629944727164 1 0.00928649948680194 0.0401838085591498 1 0.00812695577522005 0.0101538465136314 0.00998997222556131 0.0102276648819107 0.0363001918694057 0.011519899954076 1 1 0.00910733839180156 1 0.0208911201093126 0.00959629211191093 0.0424398339129092
0.0662484071744195 0.99999999930656 1 1 0.0263317262164232 0.0384536893308811 0.043715712381345 0.0599362430645323 0.99904960530337 0.0384647624134689 1 0.999999888429942 0.0360611200026919 0.0376185958807703 0.0501695441413372 0.0262632833007611 0.0399723324599762 0.103241273845747 0.0443301191648341 0.0230592898085706 0.0660408503443454 0.0380876800983591 0.039944179911191 1 0.040460771151954 0.0320260694284279 0.061077187515386 0.0425267766345315 0.0300891065605955 0.999999996811097
0.0477925813390752 0.999999999996071 1 1 0.0895200359802426 0.0430613796202575 0.0607432328725258 0.0915303188333471 0.054801294269927 0.999598013546925 1 0.0522544100912999 0.0681273315220384 0.0904763033681572 0.0619064329758064 0.0646628079833825 0.0923066771031942 0.0514814481798116 0.999872472606363 0.057437242203682 0.0676202381047352 0.963096520315252 0.0431215257912491 0.0844507613873394 0.0942461347512856 0.0442240148351588 0.108165968015457 0.0911854554268731 0.0415984327231186 0.0418247075962896
0.999999999998563 1 1 1 0.0362592086149707 0.0410898922629547 0.999989832308899 0.0160508173019464 0.0252500753939565 0.0203671084201967 0.0256706231145135 1 0.0221626278612622 0.0719907676511906 0.0317571143174299 0.0317839887800644 0.0199499210599901 0.0298449978365458 0.0323345058416789 0.0298681155553677 0.0340344366053544 0.0126473731134615 0.999999969062391 0.0237376208996962 0.0242259285150118 0.0251607868962892 0.0397684500099805 0.0658454494898277 0.934017920097123 0.0841769043964993
0.997045727511452 1 1 1 0.0269522008417048 0.0370650262469493 0.0350489527615037 0.946309026761294 0.0256096358623921 0.0234939219253073 1 1 0.0298616084689033 0.999822850894712 0.0296624738551992 0.0299493516465638 0.0262087541100379 0.0494626579685103 0.0321975535431404 0.029636102106899 0.030522103013564 0.0317980687030479 0.0388538474219446 0.0275793548620166 0.0245939273202584 0.0515278223225855 0.0463722397592077 0.0364541160787246 0.0279691688471152 0.0373601062371632
0.999999997986196 1 1 1 0.104727308970884 0.184752577165613 0.0742143821597417 0.0669783953800144 0.0982938220591618 0.999953247757988 0.0830137684744012 0.0869946948096758 0.999999956633338 0.0773519078171445 1 0.986308103233422 0.0917449871176362 0.0559537356271758 0.0570086866806087 0.0655317497768473 0.0476255775553974 1 0.999970999242673 0.0766341182523811 0.998534145327306 0.0679993229412292 0.0917463155797551 0.998631311975663 0.083457344909144 1
1 1 1 1 0.0116073677713925 0.0111560692926489 0.0258490067734118 0.00861907622811942 0.0323274387655563 0.0109843153100275 0.020102491722877 0.0161930604973489 0.00660887908092067 1 0.0111876474864386 0.00507704741920689 0.00878999412212988 0.666444081241585 0.0416648235012372 0.0242406965529629 0.00576505863447507 0.121951836791653 0.0540605271226101 0.00903970898582085 0.0121821760087214 0.00755285406204032 0.0218772222818493 0.00598406395313233 0.0190078326008526 0.00747372525245027
1 1 1 1 0.0826038626392529 0.102047767833521 0.0452749922543658 0.0527514412543406 0.0937753055854531 0.0671784477538915 0.0669847852948808 1 0.0380879086577217 0.999999246805866 0.0819664520446487 0.0420986819342368 0.195460938215863 0.0985998701957428 0.0514706990193199 1 0.0388501936062887 0.0475318629640125 0.0727197400869078 0.0378591306931363 0.0420024817477039 0.127684084110809 0.846455156945626 0.0475275603404122 0.0301940715318969 0.0378648630683895
1 0.994191263842534 1 1 0.695272949479179 0.0466208523775583 1 0.0439841046163572 0.0323691449824149 0.0575699524954699 0.0654740846942742 0.999999980139542 0.0769300231940019 0.0359763272511089 0.903686526621858 0.0386037611554307 0.0371187645980858 0.029877899065079 0.0310717515600174 1 0.0357097403821497 0.0541040661061074 0.0294459712993804 0.99947928901658 0.0281271536526605 0.0576965443597707 0.0426243606672593 0.0386249026169565 0.029216236278633 0.0462928692645319
0.0610602909704973 0.999999999998337 1 1 0.0874502252050197 0.171374689737781 1 0.0732121149080627 0.141245781093356 0.0617647982818641 0.0740719856605334 0.115393489262717 0.110871833171376 0.0554788296583975 0.999999999998142 0.0460704749333433 1 0.117695200907157 0.0428484088181271 0.0722830902162871 0.999999999780252 0.0703405699983939 0.0831794545199497 0.217164818320208 1 1 0.0646227230789678 1 0.0690034857246753 0.284951134471154
1 1 1 1 0.0193938763533258 0.0337429269709488 0.999999999608609 0.0191938973928325 0.0219924487578301 1 0.0188376117571176 0.0249565331120962 0.0350454055553148 0.0260008166355736 0.99980089850064 0.0538195788531142 0.0207540548568362 0.0219609874928991 0.999996098629644 1 0.0267202573948977 0.0264410188358636 0.0249742312245228 0.0273024189494689 0.0296868042879326 0.15594687362385 0.0165956302288744 0.0142873237077826 0.0150690842365654 0.0206395064742624
0.902070038095974 0.992589248431448 1 1 0.106348782046322 0.999999984837668 0.0638522387625855 0.0439296953119214 1 0.0466009913168979 0.0408385557246088 0.0878638557378314 0.0387975845317701 0.0223309643846263 0.999999999999923 0.0195875579354163 0.0382981178609868 0.999999703260733 0.03423517688677 0.0238724619661235 0.0188013823434865 0.0334953503960208 0.0422400206457899 0.0272780294363781 1 0.999999384308355 0.0822359096785256 0.0189711684141585 0.0287734058848114 0.0282700300830497
0.27323619524479 1 1 1 0.0836550361726617 1 1 1 0.999999764375977 0.999764127073527 0.107306631521587 0.999998904746161 0.0903762315543992 1 0.0597167157094727 0.0662331224798445 0.100135631410391 0.0731869949894406 0.0933444829500215 0.0604142640922068 0.0987027095657451 0.0635303565823166 0.107880430861862 0.0668674576886954 0.140366944110845 0.0797512555067833 0.0693752767445159 0.0579678510656473 0.109939797001029 0.141184390326832
1 1 1 1 0.0120184049165083 0.042893799809141 0.999997990357262 0.0217449130051417 0.0395173377245004 0.0229449285963355 1 0.0131593163745188 0.0275501734509085 0.0234773208772385 0.999105954633941 0.0107589542095368 0.035092827467309 0.0116525501620098 0.0303427383012541 0.0152889815541403 0.0267144414376764 0.0481444932236159 0.0126960211306849 0.0143338902058245 0.0182589320288283 0.0211024982399481 0.0157623158109911 0.0108835842154302 0.0210172102842241 0.0218436434412773
0.991758726196449 1 1 1 0.999652226756849 1 0.0136801488114903 0.0104667235399188 0.00904327388313109 0.0209741153995345 0.0153505468512768 0.999999772727402 0.034804639539292 0.999999999999833 0.00944905905434412 0.999971395541858 0.0170038866623798 0.0354597590903963 0.0107225487343268 0.989728692069258 0.0297675184574527 0.018775107244078 0.0109795708228213 0.00892109070526459 0.00864959721964065 0.999999587515527 0.0097863136886005 0.0110262895713408 0.99999999999595 0.00792122860923428
0.0866668782198748 0.126670145175602 1 1 1 0.178055273028895 0.123228254684597 0.0916550940990312 0.12891984416635 0.093370755796747 0.0674789150309083 0.0724365711310577 0.227743639862634 1 0.0581254207318486 0.148122389633894 0.0545918037220906 0.823573047682302 0.0590661703832553 0.0808005145087335 0.0668007011982161 0.0931955730221868 0.132760992217825 0.10904246046594 0.050434320438844 0.0622120713525682 0.0659699130964595 0.0820296697649194 0.0472816565527582 0.0843903111387977
0.0709269795083064 1 1 1 0.0875915729319696 0.060464286398365 0.068783186047051 0.838101348772982 0.0897776435281707 0.062439228311813 0.091873820113452 0.0514365616207075 0.0655730166367804 0.0668926902530409 0.0616845226128465 0.0563992342394951 0.950737285392852 0.998664856479012 1 0.990050138246312 0.131076878086284 0.0621395349303212 0.0882241551509156 0.096881103558884 0.99999998883008 0.0882678030567916 0.09695371562428 0.0454573412228649 1 0.999866950489065
0.999999889372411 0.999999999999998 1 1 0.0339574739755493 0.0288331628467751 0.0365703308613622 0.0780015421303486 1 0.0475477357388571 0.999994320718705 0.0746428330380903 1 0.0597750220697995 0.0576468857664842 0.0355877845577107 0.99999999999975 0.76326304085254 0.0559440672508656 0.978476583451822 0.078749590160054 0.0405330179413385 0.056020381220369 0.0884802884656133 0.0429165521599184 0.0813514587764517 0.0515518599340641 0.0548012169130556 0.0358038416713831 0.0404191654821806
0.0953410865248703 0.999999999999965 1 1 0.0270149213052008 1 0.144893956772563 0.0590107743146959 0.134823456450223 0.979523229864992 0.972971110191504 0.999282352082272 0.0466884045681317 0.0698094141480037 0.105051352255563 0.999889226258723 0.0383088539980233 1 0.235182366542366 0.0719146218473089 0.0546009906685586 0.101060711030715 0.156589634754849 0.999701467843545 0.0356546839130065 0.057625543460098 0.0967690960963218 0.999999993338747 0.205175338319794 0.0498087059717273
1 0.971111973268185 1 1 0.0619210842431132 0.087706263805768 0.0854584361574504 0.0601227232805683 0.0369664477771472 0.999999999999998 0.0608628864538584 0.0839696690832207 0.999689746603835 0.0845129137460003 0.107163121316609 0.0610357159821108 0.0704244509605959 0.766096759032835 0.999991104409888 0.081325505414786 0.0578322273621388 0.0918413043447104 0.090492934982613 0.0717698797817624 0.0980731547181809 0.0708830510083061 0.0501728245517624 0.0769467965670108 0.101408579929512 0.98329647339499
0.999999999999999 1 1 1 0.0261082545664344 0.0228169236163809 0.0414585347586269 0.0211726479983424 0.0162553525556406 0.0188631105222774 0.0903295244376248 0.998678685203182 0.023903173435084 0.0413045054892942 0.0207799506316573 1 0.0311189188881632 0.0112138108348158 1 0.0162022990914694 0.0132299076838602 0.0208982798144783 0.0238631093164473 0.0402674817629737 0.0315558408431571 0.0233123435602639 0.0338968445020317 0.999999957802028 0.0179219729285137 0.0138275395251025
0.999642458669719 0.999999999997874 1 1 1 1 0.0210638955318776 0.0117706519279462 0.0289494148036376 0.0234078430822577 0.0206866949130811 1 0.999999999999782 0.0298224929157319 0.0283923860502094 0.0458421270972367 0.0126262436012132 0.125570512619604 0.999999871776145 0.0420013213057107 0.0394201577213923 0.0645027959569712 0.139057061319797 0.0386392637887127 0.325571114967773 0.999759705550879 0.0163226910195519 0.0523283679801378 0.0154440908512287 0.0387241675562493
0.999999983898844 1 1 1 0.0386444436682978 1 0.049923987503619 0.0681588671551209 0.0329675987319209 0.128147295553813 0.112462707825237 0.0582813262760453 1 0.0526127126128489 0.0541058028317534 0.0610083002895844 0.0698723086665822 0.0377849039528839 0.0577722807219276 0.120220034768195 0.0375067002716014 0.103864599586334 0.34130925903242 0.0742500927436697 0.0466743759048865 0.0844857805997559 0.0796678748238219 0.0765646051622172 0.0467411307343154 0.0784430612265442
0.187905639087721 1 1 1 0.999937290360215 1 0.0427551170624731 0.0301162197900889 0.0432250051749977 0.0373116185825334 0.0266677816412011 0.0338029402489942 0.97855036582173 0.999990902011767 0.0488686999645948 0.0283900497016061 0.999996964036166 0.0324821703147791 0.0622044599906405 0.0293228716052485 0.042548591024267 0.0282605073172636 0.0266766654230048 0.0367712069528234 0.999356687339574 0.0283147024424852 0.0213465555729553 0.0388574662270625 0.0990297913760729 0.030047978401987
0.993642560002846 0.999999999999937 1 1 0.0356096178368416 0.054392828878467 0.0557882370483089 0.0534448004112597 0.970865859000013 0.0439702701927246 0.0443817153960575 0.124107839282146 0.111200981587229 0.0500512418802113 1 0.0691860712187644 0.0440056511582458 0.0353321528652546 0.0496190406490425 0.995465865293554 0.0624714106329076 0.0559040212753334 0.0360717390573491 0.0975755388073476 0.0378502235514749 0.988571818207026 0.0929330486780228 0.0327294742675018 0.0796130372499108 0.0632162370500838
1 0.153327544194352 1 1 0.123593379304983 0.132070489087708 0.164855934284684 0.138539410875808 0.13117631319038 0.990489701587774 0.0957847355069089 0.0987013930548504 0.0833269466905919 1 0.963740778047865 1 0.104582988978442 0.0893958088415745 0.151308782612773 0.148848570032509 0.0873706308165092 1 0.221839858078387 0.131761915494355 0.156823498656444 0.205106652572579 0.10680604949696 0.135362094080735 0.110367531841576 0.122822221231491
1 0.999999997422816 1 1 0.0832690006662261 0.0541833968575364 0.0778471754711751 0.0833257581815048 0.0671107207531728 0.0605015403444641 0.111772863616766 0.9045265126133 0.0491180343948258 0.0847511590778552 0.0708141900400546 0.108070192138292 0.0786003176731315 0.133867897463765 0.0949677610241295 0.126009164753957 0.100835601950171 0.0634020894061729 0.0698219137290551 0.0552791168101135 0.0752500011329917 0.842394304531027 1 0.0598756644666575 0.0520384187606299 0.069616951875795
0.999999999983427 1 1 1 0.0104571031561567 0.0271115242778946 0.0194726980765162 0.999997403732399 0.0175863893741522 0.0164855045412784 0.9999999516991 0.995043432083271 0.0121927075410952 0.0146580985857901 0.0189253201348953 0.0201961686511599 0.0178617061369246 0.0187838845443022 0.0490197401442209 1 0.0134802028888046 0.999999953584474 0.0167703813391438 0.031142109473045 0.0185719168232943 0.0149063876188388 0.999999998742818 0.021474993036291 0.0176343990531553 0.0152816113970404
0.999999988454786 0.0267158589136236 1 1 0.109515166576911 0.0643314161778833 0.026897636470647 0.0679205196304492 0.0259728186255638 0.0227738201387706 0.999934641904509 0.040072284115366 0.0300118256239531 0.057959755117755 0.03320136383359 0.0314166716153678 0.0347094593327298 0.0229376047786454 0.0300016326951891 0.022992214265667 0.0215553018087267 0.998554764093354 0.0192295926950862 0.018197704567649 0.0203078612014039 0.0495671229525041 0.999981533325719 0.0406974107700375 0.0273838686666013 0.0176126887522564
0.999974940809206 0.999982091592923 1 1 0.0225939366850287 0.0193617447728754 0.0297232447994172 0.0908145842338467 1 0.999992494906532 0.0196042722066981 0.0221500976224448 0.0209868760310314 0.0109749964157263 0.0266676890304216 0.0228347384202682 0.0232300380240633 0.0227943725907755 1 1 0.0180800175234819 0.0132593846131452 0.0253568443216434 0.0270691288494184 0.0380853016252737 0.0505761694077292 0.999999999999997 0.0254824118637891 0.0315785693550045 0.023778472632084
0.0246376122837558 0.0285298275481223 1 1 0.0348771441074557 0.0223102080376667 0.0322240740339026 0.0253820210284348 0.0306868220095911 0.0291749944506349 0.0352967131132744 0.0345376489451731 0.018239933305459 0.0577666823743694 0.0657389083005738 0.054279065433914 1 0.0233640114262526 0.999999999999997 0.0354640921765677 1 0.0374285507386711 0.999999999999997 0.0286182259691788 0.0781805041935894 0.0333847567807095 1 0.9998417188795 0.120818602324528 1
0.999988526385326 0.999996568173849 1 1 0.0677317148112661 0.0607172114872123 0.112876465304076 0.0932393962761001 1 0.104185337033778 0.0906560170925216 0.973219926008559 0.0720497983524444 0.0837339080760711 0.999991595709872 1 0.0479224838128162 0.99999865479076 0.999999989737919 0.121916903374156 0.0673004215570909 0.181613534379759 0.112768688605697 0.123450021337561 0.108745839315989 0.139601581123291 0.102846343382252 0.195333808560217 0.0697410451600702 0.13245644725547
0.0295047760193512 0.999999999926688 1 1 0.0350718629676448 0.179199835772603 0.03334895359948 0.0385780396710442 0.0452526873908453 1 0.0303188123665952 0.0434570450870684 0.0195271092007707 0.0360461189608413 0.0255576061360047 0.0283540204230045 0.999972721918605 0.0384401740943821 0.0482535145331126 0.0368214512475908 0.0301268162670568 0.0277557087942275 0.0512997071916499 0.0481354782754786 0.0193490098097687 0.999999097109311 0.152791688625027 0.0325607356046006 0.0265362101174013 0.0573332131337857
0.999999213263599 0.99999999893636 1 1 0.112942009097939 0.0753786925820202 1 0.0992565604701682 0.0955920610833936 0.0917259153076454 0.954908298527289 0.0996400638569308 0.999999999999998 0.230541116914025 0.0784438043154494 0.10762177070089 0.101487878403526 0.0796938339063976 0.0651738224789814 0.150631633736434 0.155295784056287 0.0904604342192691 0.108796684392099 0.216224966022178 0.09208490918525 0.0774142133156115 0.0707971455645475 0.147676967220918 0.997357370242852 1
0.99826134010792 0.135425459102419 0.0473237026790256 1 0.0646301594814354 0.142722155948291 1 0.0924583046711016 0.0650983429700794 0.0711042559875283 0.0931168129358515 0.0800269582639905 0.17039952951797 0.0592291639389876 0.0651914791989293 0.0802262844315585 0.0849007031547706 0.0541367762950816 0.996727352719982 0.0802605835713281 0.1001894051411 0.999998406477183 0.0579221015693385 0.101312186129414 0.0852088332083168 0.0854829923668532 1 0.0783794762055302 0.0955058819719892 0.99999999999937
1 0.0941132837663524 1 1 0.0753118610311925 0.996793076975357 0.11007020854911 0.103725434385357 0.0789594683297142 0.999922904226371 0.17471368680226 0.100589760198336 0.999999999474213 0.0880184187184825 0.0745893544237541 0.117914339325227 0.999999803348994 1 0.0961985475317475 0.084818918308039 0.0804618250944913 0.089184633565927 0.0756599990720253 0.0666605975195508 0.994511840766948 0.12249304419766 0.0814244205783942 0.0965942213993951 0.999985537172607 0.0731841619009036
0.999999999954614 0.999999999474936 1 1 0.0334174743898393 0.0394938553684362 1 0.0194984758030323 0.0510781899034679 0.0278608937772084 0.991151464451186 0.0507870858885185 0.0543671186761806 0.0369737445294335 0.0220624468549895 0.0208754473672059 0.0188566654917042 0.0318506080314004 0.142085883039256 0.0285693370560259 0.0334164787058314 0.0641233599151334 0.025846346559925 0.028353586249687 0.0157106695136187 0.0328391918137335 0.033226679533977 0.024478936775596 0.040186561630375 0.0572841587830615
0.099728703944799 0.139407506386698 1 1 1 0.126908788876873 0.999044977856172 0.072606315098912 0.999972579117229 0.121079064502824 0.0771653105771738 0.138134215829727 0.106914525774003 0.111821287393855 0.131388571403464 0.0872152982970129 0.181471822833108 0.133136071126347 0.0934027273702657 0.0970965676862572 0.153879244939935 0.111155996939101 0.999998559175127 0.114076738079868 0.155626205217762 0.122243990337567 0.127326362733421 1 0.0935582486979144 0.109932239959668
0.0256889597624934 1 1 1 1 0.999999999968559 0.030473674095125 0.0563679785942565 0.0348302587971662 0.999943191336852 0.0615450388791448 0.131046057939483 0.0412461887995558 0.0301276756829342 0.0323090575694926 0.999999999999991 0.0493095861424196 0.034063193053941 0.0332573027506894 0.0337426012475897 0.0343174998557695 1 0.0417713215401307 0.999999014440315 0.0860034721792832 0.999999999985618 0.0370265137647278 0.0312652650046671 0.0339289820226806 0.0394345533240184
0.999999972401758 1 1 1 0.0138445128820869 0.0109096682854817 0.999398667819255 0.0245795804202257 0.0188954060958322 0.0160367607539764 0.011977140555953 0.999999838082001 0.0185205398824445 0.0175971667638158 0.0238683630164253 0.0165768853645222 0.00932540888689137 1 0.999997412589768 0.0182651442072135 0.0434340742021033 0.0191395850158429 0.014853824311543 0.0124582490834551 0.0158477899840759 1 0.0132497304469429 0.999999999998777 0.0125382863607061 0.0114481593850303
0.849291618608658 1 1 1 0.0686655717309985 0.057180842993285 0.0823994613107517 0.0595366116019351 0.0913783759574838 0.0472129935996731 0.0574520056112267 0.0644565365590206 1 0.0514408659393722 0.0477837383794025 0.0964043504745199 0.0378911069362966 0.0528439359501643 0.0514447364238763 0.0673406815736285 1 0.13115638390285 0.0732213465398849 0.98279972183595 0.0503137339019666 0.0548511327928707 0.99999907797911 0.0662202127532002 0.049986607656246 0.0418107427409944
0.0555329338319855 0.999999908370177 1 1 0.0717972010444995 0.0443420426404542 0.0474739748487729 1 0.0482858105860455 0.0709571712451225 0.0592311663633911 0.0517325714792077 0.0810508792209179 1 0.0398717386670651 0.0496367229865322 1 0.0450883758307947 0.133110964970702 1 0.0607815435789182 0.104740339563002 1 1 0.0383819390931894 0.0586807294172648 0.0771864836849168 0.0590751805738324 0.0522761301031158 0.12986928467954
1 0.392999915956936 1 1 0.0637040724305354 0.0559384757105006 0.0726926561787693 0.0577903349213417 0.0529837655658053 0.057290393629402 0.116745442582747 0.0668919704669936 0.0624619977674262 0.0485888921751628 0.0645935903151947 0.999998148113456 0.0751945943864979 0.0833568789683951 0.063853451319279 0.0707305679315744 0.160576339341361 0.373716348563155 0.0617309851091461 0.0617945407416306 0.084660643761429 0.0846189504189315 0.0655740355995413 0.0604988704073824 0.0589059848952486 1
0.999999999506589 1 1 1 0.999999938069034 0.169923610221527 0.0374952836907173 0.0396063322673541 0.999996372769306 0.0607952511570051 0.133351105110642 0.047746280719136 0.0412997066824867 0.194183451653069 0.0385197425106485 0.0382007941116734 0.0473248048905054 0.0718298452294134 0.0488883458273611 0.132449483756466 0.0763622617344673 0.998258121028791 0.0417228887062044 0.0871345027235648 0.0946719339146744 0.0978872889419355 0.067177267476445 0.0913891435809024 0.0753314235668614 0.0487215525972675
1 0.0935136663373286 1 1 0.0774948812351695 0.85423594054836 0.123365478370315 0.999999354991425 0.0770856622455645 0.0781050550291285 0.0858274017734818 0.152073488017064 0.100295340109886 1 1 0.0876674735418921 0.980202948197656 0.0797547491263791 0.0974190284697736 0.999999848966713 0.996805717223494 0.123897531414432 0.0609341382278049 0.110129353670099 0.0790453608181433 0.0880557941657751 0.109721832920746 0.169977133202658 0.128092379000452 0.0854182821507595
1 1 1 1 0.0937129814275046 0.998012344474863 0.109169124817962 0.0588201883141073 0.0610334565454347 0.0718157899593657 0.0504145237815506 0.999999999999986 0.999999792846421 0.0387700039751678 0.156677471078105 0.0695197599858394 0.0672527057818861 0.0844776607021406 0.235464147994813 0.0785235424935544 0.0818816228845756 0.0623324902408879 0.086753344638333 0.0599941059987511 0.0654738084392261 0.0759246136281073 0.10463442536649 0.991829250989964 0.0834900458682704 0.06054513010745
0.99999999997489 0.0437748985634006 1 1 0.0253903151102196 0.99999999741615 0.0307071136323629 0.0634958628679612 0.0355253538974656 0.0434981395861493 0.0195687563576169 0.086525280230744 0.0353286001588258 0.0266976135647907 0.999997948193267 0.0702206054338713 0.0364848502401507 0.0218015673624211 0.999999999962243 0.0219809887163722 0.0168373645800131 0.0312865101248363 0.0214927305765976 0.0390737241078126 0.0335886064430347 0.0290487205179535 0.0258146480490651 0.999666844159775 0.0271163241926506 0.0370875176115281
0.108391077136547 0.039300170301499 1 1 0.999999998788699 0.061328663080488 0.0589796168127174 1 0.049839560606615 0.0317077028669108 0.0659832823586288 0.0483282043891465 0.142754241162218 1 0.0454475734943733 0.0978331575743361 0.0606365349837381 0.0473021022585741 0.0383180666865498 0.0369704717200924 0.999999999922146 0.999999973328772 0.0580205277306122 0.0703640965682835 1 1 0.0561817108011076 0.0420288879211728 0.0899363153563862 0.12173908787431
0.999997943819515 0.987853199492422 1 1 1 0.0180888738959868 0.0136756936939092 0.021640676045011 0.0157914255174049 0.0831774709142096 0.999999995555525 0.0154911446434661 0.999995206735652 0.0493077772737497 0.0179438079951656 0.0122546108679611 0.0213239010921273 0.0121824151676363 0.0206901784346362 0.0217623804325033 0.0152962879876605 0.0135059029591797 0.0284153570334658 0.0162927434454866 0.999868814288228 0.0100654802328252 0.0147899869241157 0.0624459222086751 0.999981715346772 0.999999999911465
1 0.160250271597266 1 1 0.999999999980841 1 0.0725341028001266 0.0874936510165525 0.181218070508873 1 0.114951098832117 0.0497361173074683 1 0.0463399108227983 1 0.0746037110090437 0.0931194548639735 0.108786574682478 0.111887678448134 0.999999998432712 0.0636408693859518 0.0764937303627683 0.0693938454912048 0.0648621352820733 0.0867483632001438 0.164789345985141 0.0535499904100756 0.0964165422926896 0.0562725374106904 0.100650571966059
0.0323659233892857 1 1 1 0.0481298967566707 0.0471791883002491 0.0536013917749193 0.981950591340721 0.0398614152787209 0.0486531358426304 0.0483214598211457 0.0421020303308741 0.9995351066342 0.0741968338413154 0.06492025923957 0.0693226913336388 0.998127420110923 0.0511272698062332 0.0413733719012275 0.984454164367883 0.0370318436033007 0.0522366787868974 1 1 0.0508934411016082 0.0538142240183328 0.0469474832905362 0.0513336983647815 1 0.999296768043973
0.989000612837759 0.0972938411573168 0.119772768006311 1 0.155044996300477 0.137031731230885 0.131963938105468 0.972320398928472 0.103178111829108 0.15089109804444 0.138369892518449 0.120147104470617 0.0890263063688281 0.99104500465728 0.147749424978191 0.0636764883846368 0.177543152558503 0.118372521487221 0.0850014041416517 0.264547798129069 0.0974553575567414 0.153374399766016 0.158747841367201 0.166254228498969 0.133498242863505 1 0.15195157057922 0.122044736884262 0.984481903177627 0.105249509062733
1 0.0296352472798228 1 1 0.0359142571800954 0.0245212176047153 0.0279897349933194 0.0237600043359577 0.0214663071893092 0.0240302217684628 0.0636564077627925 0.0328192209980691 0.0423786825051774 0.999999991745159 0.0221586605534522 1 0.0376269263676328 0.0282755390880519 0.0287883768494678 1 0.0195407986376819 0.0298949458948583 0.0512684408567181 0.0202513385367133 0.0274876563987151 0.999120796759574 0.0198604035945263 0.0203879315924995 0.0228099596418244 0.0286512572589105
0.0320941966276493 0.999999999989398 1 1 0.0155938234605913 0.0110773512945738 0.0249359939019272 0.0155147253716451 0.0172213212293725 0.0148493907585738 0.0527003077922971 0.0189541787806633 0.012478711369461 0.0418837728513873 0.0258687350492576 0.0149037546067923 0.0225434413347202 0.0162939359287457 0.0198778931093575 0.0202615504800148 0.0238857336095745 0.0382524437305545 0.0241224442652598 0.0198160727924742 0.0116798106851153 0.0276851302955188 0.0238788257146824 0.0227440949421953 0.026719172575997 0.0265384873471781
0.99999999884455 0.99999999998943 1 1 1 1 0.0770646478947528 0.0683250017537653 0.0939477899300508 0.0878835679066657 0.0703199379348823 0.0718655956115082 1 0.106434072788977 0.0745509743335327 0.0867025065091235 0.0708243076184115 0.372034593591059 0.0863277918222009 0.091605598254892 0.0729401712829906 0.0897276637752991 1 0.1206132974756 0.0714892978919808 0.0556453063827241 0.106649831022872 0.112837775403993 0.409548969588331 0.0821443228544264
0.985419766242979 0.999999999987681 1 1 0.0154157148887084 0.0238608259880712 0.0127498847999634 0.0144276241780061 0.0178588565443909 0.00800374135758897 0.0156152747667277 0.999991103580511 0.0178355775080813 0.999683944554456 0.0127870545445139 0.0172569711126779 0.0181732159717508 0.0104947124681405 0.00868987431170209 0.00690497639544785 0.0168751023269988 0.0113877842764329 0.00941395076723273 0.0116390990559465 0.999999997761649 0.0106525473171966 0.0127887562267751 0.999987893779541 1 0.0163234295977673
0.999720957005266 0.136276765369288 1 1 0.0819686841926801 0.0754790156133917 0.0992240725267178 0.999998145686485 0.256028112551108 0.11952976881245 0.11831257155703 1 0.0956714503544226 0.253022365255005 0.0702226787626985 0.999997578064692 0.999999999940993 0.0946755864677757 0.107164441544474 0.122107274522533 0.0876054450404261 0.0866579738742987 0.0757728474535606 0.0845879927778133 0.999999092337413 0.0674955046824981 0.0895191846583825 0.998995672117005 0.109431550725084 0.0687571143792296
0.0134875061311192 1 0.012656589615447 1 0.0257600964937679 0.296548686302171 0.0657216101201836 0.0204842269580429 0.0198432799336981 0.0418794993160502 0.0232692262274616 0.0633521447366349 0.285863952762938 0.998479384697785 0.0221298520438082 0.0227255611064748 0.0219931011628978 0.999981276261889 0.0166908131719901 0.0343972332867988 0.0174086239947864 0.999999999999965 0.115879739091186 0.0216279629822513 0.0149378959654579 0.019267427665883 0.145551610882017 0.0302223441464312 0.0779505208593555 0.0391002196889677
0.984452789895023 0.999999999999997 1 1 0.0839954719379293 1 0.10500879690762 0.0538914105292684 0.979936186318482 0.0298996625253315 0.0917735311102865 0.0636888891855719 0.0360590161664716 0.0589691309568401 0.0812012743388445 1 0.0777141399810508 0.0729989985050364 0.071816376118489 0.0564046859204415 0.309779767935964 0.0727219810371854 0.0998393728363195 0.0436996237331074 0.0564841411577587 0.057897900533041 0.134682107924701 0.073731209752147 0.0979132291108049 0.999963732312515
0.680775442967605 0.999999999941956 1 1 0.0251234762723558 1 0.0204644700618403 0.0244282721602814 0.0172113458144842 0.014926527788537 0.0157711987901143 0.999992642427839 0.0199409140978521 0.0192250139111573 0.0135662029360774 0.0276928876890297 0.0204111434364376 0.998019455277586 0.018737652766178 1 0.038517847279137 0.0143069975452553 0.019933502976813 0.0172974184772763 0.0164629208879277 0.0308236203436403 0.0186757695542462 0.0260624078263754 0.0190834950203975 0.999012371019058
0.126138191404664 1 0.999999999677212 1 0.0620593199582122 0.0989512522491747 0.108541716662054 1 0.102688548856428 0.0962240893241446 0.134606112257553 1 0.0864268646526594 0.0820840934084199 0.0665210849722029 0.137104676164404 0.100575170261916 0.0833732034046784 0.086064839869581 0.0757879269064199 0.085226368803383 0.0588403272787048 1 0.102823659126246 0.0705694170254663 0.0740707839745763 1 0.999999969510919 0.111558985476166 0.999667017586364
