[1] "Average PIPs: "
 [1] 0.6728172 0.9074423 0.9754748 0.9954024 0.2040283 0.2319727 0.2037051
 [8] 0.1890221 0.1737680 0.1675306 0.1873207 0.2185673 0.1652656 0.2135554
[15] 0.2051883 0.1689927 0.1413223 0.1443323 0.1970921 0.1735342 0.1575245
[22] 0.1893079 0.1693945 0.1816192 0.1502878 0.1855592 0.1534505 0.1932961
[29] 0.1324523 0.1578242
[1] "Percent of time PIP >= 0.1: "
 [1] 0.7315789 0.9315789 0.9842105 1.0000000 0.2263158 0.2842105 0.2578947
 [8] 0.2473684 0.2052632 0.1947368 0.2157895 0.2631579 0.2000000 0.2526316
[15] 0.2578947 0.1894737 0.1894737 0.2105263 0.2105263 0.2210526 0.1947368
[22] 0.2473684 0.2263158 0.2315789 0.1684211 0.2263158 0.2157895 0.2157895
[29] 0.1736842 0.1894737
[1] "Percent of time PIP >= 0.5: "
 [1] 0.66315789 0.90000000 0.97368421 0.99473684 0.17368421 0.20000000
 [7] 0.16842105 0.15263158 0.14210526 0.13157895 0.15263158 0.18421053
[13] 0.13157895 0.17894737 0.17368421 0.13684211 0.10000000 0.10526316
[19] 0.16315789 0.13684211 0.12105263 0.15263158 0.13157895 0.14210526
[25] 0.11578947 0.15263158 0.11578947 0.16315789 0.09473684 0.12105263
[1] "Percent of time PIP >= 0.9: "
 [1] 0.63157895 0.89473684 0.97368421 0.99473684 0.14736842 0.18947368
 [7] 0.16842105 0.15263158 0.13684211 0.13157895 0.15263158 0.18421053
[13] 0.12105263 0.17368421 0.16315789 0.12631579 0.10000000 0.09473684
[19] 0.15789474 0.12631579 0.11578947 0.14210526 0.13157895 0.13684211
[25] 0.11052632 0.14210526 0.11052632 0.14736842 0.07894737 0.12105263
