[1] "Average Estimates for Betas: "
 [1] 0.08155504 0.11850006 0.22154202 0.33353259 0.02321593 0.03228511
 [7] 0.03026055 0.02076580 0.03182975 0.03059107 0.02795877 0.02707717
[13] 0.02384030 0.04342657 0.03461971 0.03290389 0.03156148 0.02643030
[19] 0.03677732 0.03425408 0.02299714 0.03348800 0.02693044 0.03149639
[25] 0.03375577 0.03161157 0.02969578 0.01809622 0.02939493 0.02894540
[1] "Standard Deviations of Betas: "
 [1] 0.06684362 0.07552309 0.07081316 0.06330760 0.07752391 0.07060396
 [7] 0.06942007 0.06057596 0.08645618 0.06896335 0.06676610 0.06781999
[13] 0.07140996 0.07394231 0.06479152 0.07295025 0.06539379 0.06171548
[19] 0.07161848 0.08210927 0.07547435 0.06784379 0.06749968 0.06068821
[25] 0.07987557 0.07454415 0.07492541 0.07923916 0.06790371 0.07027566
[1] "Average StdErrors for Betas: "
 [1] 0.01790223 0.01815696 0.01834612 0.01818117 0.01789675 0.01785934
 [7] 0.01804720 0.01807863 0.01802076 0.01782430 0.01819419 0.01807476
[13] 0.01800267 0.01854903 0.01802963 0.01794281 0.01824687 0.01788839
[19] 0.01813078 0.01799492 0.01765465 0.01806172 0.01792044 0.01816286
[25] 0.01782303 0.01788794 0.01835011 0.01810737 0.01808207 0.01772080
[1] "Positive rate for exposures: "
 [1] 0.8736842 0.9526316 0.9736842 1.0000000 0.5947368 0.6157895 0.5736842
 [8] 0.5210526 0.6210526 0.5578947 0.5473684 0.5578947 0.6052632 0.5526316
[15] 0.5894737 0.5842105 0.5736842 0.5842105 0.5789474 0.5894737 0.6263158
[22] 0.5526316 0.5947368 0.6315789 0.5315789 0.5894737 0.6157895 0.5894737
[29] 0.5105263 0.5789474
[1] "Bonferroni-corrected positive rate for exposures: "
 [1] 0.7421053 0.8894737 0.9578947 1.0000000 0.3789474 0.4157895 0.4052632
 [8] 0.3263158 0.4947368 0.3894737 0.3789474 0.3894737 0.3684211 0.4000000
[15] 0.4000000 0.3736842 0.3842105 0.3631579 0.4000000 0.3894737 0.4263158
[22] 0.3526316 0.4052632 0.4000000 0.3578947 0.3947368 0.3736842 0.3736842
[29] 0.3421053 0.4105263
