Average Estimates for Betas: 
0.02490203 0.08177271 0.1103485 0.1970833 -0.04346573
-0.03452231 0.005606701 0.007666885 -0.001421447 0.01784139
0.01144305 0.000200811 -0.04329532 -0.03045244 0.0327906
-0.04527546 0.02462116 -0.01522804 0.04278402 0.01287095
0.03289625 -0.012795 -0.003280074 -0.03319487 -0.002326899
0.003561717 -0.0006219144 -0.0224842 0.01793258 0.002153519
Positive rate for exposures: 
0.07 0.11 0.33 0.44 0.01
0.06 0.11 0.07 0.05 0.06
0.02 0.06 0.08 0.04 0.03
0.04 0.05 0.03 0.08 0.06
0.07 0.05 0.11 0.05 0.06
0.03 0.09 0.05 0.06 0.06
Standard Deviations of Betas: 
0.1670617 0.3023598 0.2728363 0.2421163 0.2322487
0.1989304 0.2116492 0.1990823 0.2870657 0.1832787
0.1714163 0.2640304 0.2226985 0.2330985 0.2126506
0.1854606 0.2348694 0.1815072 0.2271024 0.1966172
0.2003712 0.2035069 0.224027 0.2239191 0.2488942
0.2074816 0.2178832 0.1988052 0.2191309 0.1958977
Average StdErrors for Betas: 
0.1659619 0.1883118 0.1932739 0.1850209 0.1780509
0.1717222 0.1652501 0.1593591 0.1715857 0.1632297
0.1631617 0.1991341 0.1856527 0.1786043 0.1870626
0.176225 0.172779 0.1885163 0.1704215 0.1608188
0.1732067 0.1675774 0.1522555 0.1538234 0.1820935
0.1742853 0.1622004 0.1682009 0.1747908 0.1708243
Q-value positive rate for exposures: 
0.02 0.02 0.14 0.28 0
0.01 0.04 0.02 0 0.02
0.01 0.03 0.04 0.01 0
0.02 0.01 0 0.02 0.03
0.01 0.01 0.02 0.02 0.03
0 0.02 0.02 0 0.01
Precision/Recall/F1 based on p-values:
0.3909465 0.2375 0.2954899
Precision/Recall/F1 based on Q-values:
0.5348837 0.115 0.1893004
Power at FPR threshold of 0.05: 
0.06 0.08 0.29 0.43
