[1] "Average Estimates for Betas: "
 [1]  0.028539518  0.088572934  0.168980886  0.239688113 -0.007119873
 [6]  0.005287504  0.006530211  0.010167527  0.010869465 -0.020051272
[11] -0.019986599  0.007318491  0.012267898 -0.006414353 -0.006754237
[16]  0.003472951  0.005500684  0.009546370 -0.017998193 -0.012040859
[21]  0.002635301 -0.013912500 -0.012426731 -0.002776096 -0.005464303
[26]  0.005774485  0.004608504  0.009258546  0.019652958 -0.007851938
[1] "Standard Deviations of Betas: "
 [1] 0.1451802 0.1482194 0.1347807 0.1288086 0.1287407 0.1224920 0.1333965
 [8] 0.1219480 0.1341473 0.1343203 0.1333418 0.1233442 0.1363968 0.1312799
[15] 0.1297167 0.1273358 0.1289251 0.1255190 0.1318234 0.1284233 0.1338168
[22] 0.1187622 0.1292139 0.1395875 0.1317348 0.1263088 0.1274926 0.1343676
[29] 0.1276262 0.1285618
[1] "Average StdErrors for Betas: "
 [1] 0.02921836 0.02956489 0.02956650 0.02920681 0.02922430 0.02922057
 [7] 0.02918646 0.02923100 0.02926527 0.02948502 0.02931805 0.02949035
[13] 0.02933203 0.02884422 0.02964395 0.02906525 0.02928582 0.02939594
[19] 0.02945839 0.02888675 0.02950896 0.02893061 0.02938348 0.02934514
[25] 0.02894164 0.02920649 0.02913805 0.02951474 0.02934243 0.02910111
[1] "Positive rate for exposures: "
 [1] 0.695 0.730 0.860 0.945 0.665 0.655 0.705 0.655 0.675 0.675 0.640 0.650
[13] 0.755 0.675 0.655 0.675 0.645 0.660 0.655 0.600 0.650 0.600 0.655 0.690
[25] 0.670 0.625 0.660 0.675 0.650 0.650
[1] "Bonferroni-corrected positive rate for exposures: "
 [1] 0.525 0.605 0.740 0.885 0.460 0.435 0.540 0.470 0.475 0.475 0.475 0.415
[13] 0.525 0.505 0.480 0.465 0.435 0.455 0.475 0.465 0.480 0.455 0.485 0.455
[25] 0.510 0.455 0.495 0.500 0.460 0.465
