[1] "Average Estimates for Betas: "
 [1]  0.0385955134  0.0935645809  0.1935229607  0.2970078559 -0.0037050781
 [6]  0.0026759120 -0.0036683588  0.0038463895  0.0061529618 -0.0110611493
[11] -0.0183493616  0.0049161820  0.0119472369 -0.0003091597 -0.0061229183
[16] -0.0017376924  0.0066823696  0.0025459667 -0.0136441228 -0.0066912004
[21]  0.0030898810 -0.0037792081 -0.0008508461 -0.0064865752 -0.0016292925
[26] -0.0002471119  0.0019530187  0.0048570044  0.0197353706  0.0006251810
[1] "Standard Deviations of Betas: "
 [1] 0.10217445 0.11161485 0.10393043 0.10197693 0.10156515 0.09661329
 [7] 0.09623122 0.09869297 0.09098214 0.10347549 0.10342762 0.10288876
[13] 0.10938967 0.09775475 0.09952102 0.10673137 0.10348860 0.09350290
[19] 0.12142015 0.10191143 0.10237451 0.09281632 0.08691065 0.09389074
[25] 0.09906070 0.09426639 0.09863553 0.09967289 0.10150769 0.11260796
[1] "Average StdErrors for Betas: "
 [1] 0.06495534 0.06578174 0.06535202 0.06472747 0.06494079 0.06505601
 [7] 0.06585244 0.06570000 0.06482732 0.06508957 0.06481500 0.06593730
[13] 0.06458236 0.06424231 0.06626532 0.06513750 0.06598427 0.06536517
[19] 0.06602284 0.06387127 0.06538725 0.06509546 0.06558671 0.06510844
[25] 0.06493051 0.06488641 0.06475937 0.06602332 0.06501483 0.06452054
[1] "Positive rate for exposures: "
 [1] 0.200 0.405 0.760 0.925 0.195 0.145 0.135 0.200 0.120 0.175 0.175 0.190
[13] 0.195 0.175 0.135 0.210 0.175 0.175 0.260 0.215 0.190 0.170 0.140 0.160
[25] 0.140 0.160 0.190 0.170 0.165 0.240
[1] "Bonferroni-corrected positive rate for exposures: "
 [1] 0.075 0.145 0.465 0.815 0.035 0.015 0.030 0.020 0.020 0.050 0.045 0.035
[13] 0.035 0.035 0.035 0.030 0.030 0.015 0.055 0.035 0.035 0.010 0.010 0.010
[25] 0.020 0.020 0.025 0.050 0.020 0.020
