[1] "Average Estimates for Betas: "
 [1]  0.039672028  0.096396252  0.177734699  0.293370214 -0.004690748
 [6]  0.011387151 -0.003572101 -0.001663167  0.006981402 -0.015508166
[11] -0.021652973  0.010235405  0.006562335 -0.012116895 -0.014528021
[16] -0.007299248  0.011255145 -0.010776129 -0.012160681 -0.006097610
[21]  0.003881349 -0.004066693 -0.012187289 -0.021274233  0.001743751
[26]  0.011041394  0.012191509  0.015463622  0.009918617  0.008355840
[1] "Standard Deviations of Betas: "
 [1] 0.1193589 0.1235542 0.1102900 0.1186261 0.1201809 0.1056047 0.1106835
 [8] 0.1151497 0.1109714 0.1117209 0.1215927 0.1179795 0.1303686 0.1139339
[15] 0.1045415 0.1254626 0.1267726 0.1095839 0.1243922 0.1146230 0.1165409
[22] 0.1053374 0.1114814 0.1088934 0.1136355 0.1050425 0.1052091 0.1119092
[29] 0.1275285 0.1209899
[1] "Average StdErrors for Betas: "
 [1] 0.10208885 0.10409333 0.10723097 0.10287112 0.10799164 0.10035181
 [7] 0.09937611 0.10217314 0.10221086 0.10227411 0.10615602 0.10566667
[13] 0.10377264 0.10261936 0.10705506 0.10735563 0.10593796 0.10547692
[19] 0.10491944 0.10011636 0.10449975 0.10398260 0.10613290 0.10605266
[25] 0.10881521 0.10384299 0.10175927 0.10630076 0.10608651 0.10339166
[1] "Positive rate for exposures: "
 [1] 0.12213740 0.23664122 0.45038168 0.72519084 0.09923664 0.08396947
 [7] 0.07633588 0.09923664 0.07633588 0.12977099 0.08396947 0.11450382
[13] 0.12213740 0.09923664 0.05343511 0.07633588 0.12213740 0.06870229
[19] 0.13740458 0.09923664 0.09160305 0.03816794 0.09923664 0.07633588
[25] 0.05343511 0.05343511 0.08396947 0.07633588 0.11450382 0.09923664
[1] "Bonferroni-corrected positive rate for exposures: "
 [1] 0.007633588 0.053435115 0.190839695 0.488549618 0.000000000 0.000000000
 [7] 0.000000000 0.007633588 0.015267176 0.007633588 0.007633588 0.000000000
[13] 0.015267176 0.007633588 0.000000000 0.007633588 0.022900763 0.000000000
[19] 0.007633588 0.000000000 0.007633588 0.015267176 0.000000000 0.000000000
[25] 0.007633588 0.022900763 0.007633588 0.000000000 0.015267176 0.015267176
