[1] "Average Estimates for Betas: "
 [1]  0.033290494  0.103755285  0.201083251  0.293823285 -0.003972259
 [6]  0.002393589  0.006622178  0.007095555  0.012617024 -0.016386061
[11] -0.016110075  0.007664374  0.013071855 -0.010180572 -0.011039521
[16] -0.002295089  0.004341024  0.009201796 -0.018255067 -0.009490472
[21] -0.001020699 -0.003141431 -0.003295429 -0.003893639 -0.002868882
[26]  0.006642641  0.001144101  0.007013169  0.017594614 -0.006046038
[1] "Standard Deviations of Betas: "
 [1] 0.1698896 0.1329601 0.1254335 0.1259008 0.1185847 0.1134028 0.1249215
 [8] 0.1158515 0.1214333 0.1191294 0.1288922 0.1167708 0.1327586 0.1192406
[15] 0.1249760 0.1295007 0.1262042 0.1179322 0.1248871 0.1253213 0.1297143
[22] 0.1105122 0.1228824 0.1320451 0.1203603 0.1204489 0.1217418 0.1237566
[29] 0.1155918 0.1236794
[1] "Average StdErrors for Betas: "
 [1] 0.1575970 0.1224630 0.1225226 0.1210087 0.1211788 0.1210650 0.1210732
 [8] 0.1211209 0.1210973 0.1219458 0.1215955 0.1222166 0.1214834 0.1195529
[15] 0.1229515 0.1206166 0.1211844 0.1218485 0.1222602 0.1195771 0.1221130
[22] 0.1196418 0.1213729 0.1216412 0.1199716 0.1211573 0.1206654 0.1223741
[29] 0.1215313 0.1205148
[1] "Positive rate for exposures: "
 [1] 0.070 0.135 0.375 0.655 0.050 0.025 0.045 0.035 0.035 0.060 0.080 0.060
[13] 0.065 0.040 0.045 0.090 0.050 0.050 0.060 0.065 0.070 0.020 0.020 0.075
[25] 0.040 0.050 0.050 0.055 0.040 0.045
[1] "Bonferroni-corrected positive rate for exposures: "
 [1] 0.000 0.025 0.075 0.210 0.000 0.000 0.000 0.000 0.000 0.000 0.000 0.000
[13] 0.000 0.000 0.000 0.005 0.000 0.010 0.010 0.005 0.000 0.000 0.000 0.000
[25] 0.005 0.000 0.000 0.000 0.000 0.000
