[1] "Average Estimates for Betas: "
 [1]  5.161479e-02  9.973524e-02  2.009734e-01  3.017695e-01 -8.208263e-04
 [6]  5.749033e-03  5.615013e-03  2.441596e-03 -1.954726e-03  2.576715e-03
[11] -1.032994e-03 -1.992187e-03 -1.418737e-04 -4.183511e-03  8.278594e-04
[16] -1.904337e-04 -2.122644e-03  3.279696e-03 -4.714741e-03  4.780665e-03
[21] -9.930221e-04  1.267002e-05 -6.701372e-03  4.133638e-03  4.576886e-03
[26]  1.757360e-03 -2.365068e-03 -7.216562e-04 -1.150527e-03 -1.130809e-03
[1] "Standard Deviations of Betas: "
 [1] 0.03350939 0.03205646 0.03740544 0.03766875 0.04072248 0.04499273
 [7] 0.04013788 0.03234286 0.03186118 0.04550547 0.02770033 0.03470298
[13] 0.02852080 0.03292612 0.04143009 0.03194812 0.03496299 0.03115833
[19] 0.03702281 0.03930879 0.02911141 0.03721635 0.03593014 0.03212757
[25] 0.03017326 0.03898637 0.03407605 0.03761537 0.03334146 0.03107926
[1] "Average StdErrors for Betas: "
 [1] 0.03415840 0.03322846 0.03294306 0.03589315 0.03431285 0.03547027
 [7] 0.03404955 0.03235633 0.03546464 0.03331296 0.03326847 0.03498360
[13] 0.03427805 0.03285407 0.03807474 0.03234236 0.03537975 0.03401619
[19] 0.03493109 0.03502962 0.03685387 0.03500338 0.03483964 0.03279283
[25] 0.03163418 0.03648282 0.03588669 0.03507416 0.03406205 0.03537225
[1] "Positive rate for exposures: "
 [1] 0.35526316 0.84210526 0.98684211 0.98684211 0.03289474 0.07894737
 [7] 0.05263158 0.07236842 0.03947368 0.06578947 0.03947368 0.08552632
[13] 0.03947368 0.04605263 0.05921053 0.06578947 0.03289474 0.03947368
[19] 0.08552632 0.05921053 0.05263158 0.07236842 0.03947368 0.04605263
[25] 0.05263158 0.03947368 0.03289474 0.07236842 0.06578947 0.04605263
[1] "Bonferroni-corrected positive rate for exposures: "
 [1] 0.072368421 0.493421053 0.960526316 0.973684211 0.006578947 0.006578947
 [7] 0.000000000 0.000000000 0.000000000 0.006578947 0.006578947 0.000000000
[13] 0.000000000 0.006578947 0.000000000 0.000000000 0.000000000 0.000000000
[19] 0.013157895 0.019736842 0.006578947 0.000000000 0.013157895 0.000000000
[25] 0.006578947 0.000000000 0.000000000 0.019736842 0.000000000 0.000000000
