[1] "Average Estimates for Betas: "
 [1]  4.978143e-02  1.006268e-01  1.983173e-01  2.989383e-01 -3.516612e-04
 [6]  1.798947e-03  8.076646e-04  3.788651e-04  8.912175e-04  6.424015e-04
[11]  1.372610e-03 -1.264803e-03 -9.655283e-04 -2.307671e-03 -1.513741e-04
[16]  2.685717e-03 -2.188612e-03  3.886875e-04 -1.844835e-03 -8.435475e-04
[21]  1.851009e-03 -6.834723e-05 -2.484397e-03  2.114082e-03  2.297332e-04
[26]  1.288701e-03 -8.996611e-04 -1.852547e-03 -1.240772e-03 -3.910425e-04
[1] "Standard Deviations of Betas: "
 [1] 0.02052027 0.01901677 0.02020594 0.02279246 0.02233304 0.02029646
 [7] 0.02250465 0.02027240 0.01987035 0.02190381 0.02147488 0.02101961
[13] 0.02086747 0.02089498 0.02166612 0.02070185 0.02254316 0.02012080
[19] 0.02188030 0.01955393 0.02221664 0.02187867 0.02027746 0.02277768
[25] 0.02024404 0.02078606 0.01990844 0.02211240 0.02120267 0.02095239
[1] "Average StdErrors for Betas: "
 [1] 0.03404978 0.03337065 0.03271148 0.03305427 0.03355562 0.03445060
 [7] 0.03393267 0.03334301 0.03377852 0.03255517 0.03388230 0.03381661
[13] 0.03390212 0.03373675 0.03444766 0.03406503 0.03370132 0.03453797
[19] 0.03472931 0.03344415 0.03529791 0.03585733 0.03459107 0.03302731
[25] 0.03378535 0.03348941 0.03536938 0.03280431 0.03336562 0.03470245
[1] "Positive rate for exposures: "
 [1] 0.25000 0.88125 1.00000 1.00000 0.00625 0.00000 0.01250 0.00000 0.00625
[10] 0.02500 0.00625 0.01250 0.01250 0.00000 0.01875 0.01875 0.00625 0.00625
[19] 0.01250 0.01875 0.00625 0.01875 0.01250 0.01250 0.00000 0.00000 0.00000
[28] 0.00625 0.01250 0.00625
[1] "Bonferroni-corrected positive rate for exposures: "
 [1] 0.01875 0.48125 0.98750 1.00000 0.00000 0.00000 0.00000 0.00000 0.00000
[10] 0.00625 0.00000 0.00000 0.00000 0.00000 0.00000 0.00000 0.00000 0.00000
[19] 0.00000 0.00000 0.00000 0.00000 0.00000 0.00000 0.00000 0.00000 0.00000
[28] 0.00000 0.00000 0.00000
