[1] "Average Estimates for Betas: "
 [1]  0.0500024560  0.1040373944  0.2093290181  0.2940603941  0.0102457675
 [6] -0.0114662193  0.0005340812 -0.0017822067 -0.0082542643  0.0009333881
[11]  0.0028028573  0.0018528809  0.0091316805 -0.0022377477  0.0049757639
[16]  0.0043460163  0.0052875289  0.0041630256 -0.0006394960  0.0090841607
[21] -0.0054812547 -0.0030632826 -0.0029159230  0.0041521968  0.0079339488
[26]  0.0015663642 -0.0009131070 -0.0016528128 -0.0019019240  0.0045746210
[1] "Standard Deviations of Betas: "
 [1] 0.06970214 0.07031206 0.07961858 0.07878177 0.06998909 0.08457296
 [7] 0.07984194 0.07490003 0.07064877 0.08277832 0.06474150 0.07020814
[13] 0.07235050 0.08229047 0.07080304 0.07884017 0.07224613 0.07964443
[19] 0.08691936 0.07435641 0.07391663 0.07535520 0.07424100 0.06676312
[25] 0.06802027 0.07771568 0.07649715 0.07590977 0.07748592 0.07966326
[1] "Average StdErrors for Betas: "
 [1] 0.02025223 0.01992069 0.01993035 0.02008724 0.02010949 0.01994684
 [7] 0.02021293 0.02019662 0.02019193 0.01988794 0.02025580 0.02014456
[13] 0.02004157 0.02010301 0.01992986 0.01990728 0.02023895 0.02011451
[19] 0.02026925 0.02017666 0.02029416 0.02039458 0.01987622 0.02017372
[25] 0.02001660 0.02006416 0.02013031 0.01997770 0.02013186 0.02041140
[1] "Positive rate for exposures: "
 [1] 0.715 0.885 0.990 0.990 0.485 0.520 0.445 0.500 0.510 0.505 0.450 0.455
[13] 0.530 0.545 0.515 0.540 0.520 0.530 0.535 0.490 0.545 0.495 0.570 0.440
[25] 0.500 0.515 0.505 0.530 0.535 0.540
[1] "Bonferroni-corrected positive rate for exposures: "
 [1] 0.445 0.795 0.985 0.985 0.310 0.355 0.300 0.325 0.310 0.325 0.270 0.260
[13] 0.320 0.365 0.295 0.380 0.300 0.300 0.345 0.315 0.325 0.305 0.370 0.265
[25] 0.305 0.335 0.295 0.315 0.305 0.300
