[1] "Average PIPs: "
 [1] 0.19256469 0.67283653 0.95263661 0.98926983 0.09053630 0.10512541
 [7] 0.10197062 0.09033637 0.09956456 0.08332841 0.09062140 0.09947826
[13] 0.08655713 0.11351760 0.10842017 0.09491598 0.08420762 0.09474019
[19] 0.10414315 0.09059298 0.10306913 0.09597223 0.08774154 0.09217264
[25] 0.09286581 0.08936658 0.08534757 0.09180188 0.09083234 0.09165066
[1] "Percent of time PIP >= 0.1: "
 [1] 0.575 0.905 0.990 1.000 0.430 0.445 0.455 0.450 0.440 0.420 0.435 0.435
[13] 0.435 0.475 0.440 0.470 0.440 0.450 0.470 0.435 0.455 0.450 0.450 0.450
[25] 0.425 0.435 0.425 0.470 0.445 0.460
[1] "Percent of time PIP >= 0.5: "
 [1] 0.075 0.625 0.955 0.990 0.005 0.030 0.020 0.010 0.020 0.000 0.005 0.025
[13] 0.005 0.040 0.030 0.010 0.005 0.015 0.020 0.010 0.025 0.015 0.005 0.010
[25] 0.010 0.005 0.005 0.010 0.010 0.010
[1] "Percent of time PIP >= 0.9: "
 [1] 0.060 0.550 0.930 0.980 0.005 0.025 0.020 0.010 0.015 0.000 0.005 0.010
[13] 0.000 0.030 0.020 0.010 0.000 0.010 0.020 0.005 0.025 0.005 0.005 0.005
[25] 0.010 0.005 0.005 0.005 0.005 0.010
