[1] "Average Estimates for Betas: "
 [1]  5.060152e-02  1.039063e-01  2.010298e-01  2.976337e-01  4.635240e-03
 [6]  5.843920e-04 -2.783501e-03  5.080578e-04 -5.797609e-03  1.043886e-03
[11]  8.665629e-04 -1.472848e-03  1.838582e-03 -1.097506e-03  5.495160e-03
[16]  3.282806e-03 -1.636960e-05  2.091572e-03 -4.248845e-03  4.996851e-03
[21] -1.193434e-03  2.415636e-03  2.658942e-03  6.068306e-03 -2.335197e-03
[26]  8.293047e-04 -1.161486e-03 -3.406645e-03  6.762385e-05  2.817062e-04
[1] "Standard Deviations of Betas: "
 [1] 0.04540821 0.04493259 0.04812384 0.04772933 0.04868915 0.04253427
 [7] 0.05580204 0.04036103 0.05215244 0.04209651 0.03649490 0.04022954
[13] 0.03791462 0.04361086 0.05179538 0.03689625 0.03824123 0.05615668
[19] 0.04683344 0.03974420 0.04675509 0.04770319 0.04374011 0.04484528
[25] 0.03427809 0.04588700 0.04450040 0.04185886 0.04147928 0.04137101
[1] "Average StdErrors for Betas: "
 [1] 0.02453390 0.02369683 0.02398394 0.02573562 0.02525640 0.02427103
 [7] 0.02494802 0.02339344 0.02452531 0.02436101 0.02329973 0.02442683
[13] 0.02410057 0.02364767 0.02584575 0.02355131 0.02454901 0.02411975
[19] 0.02466710 0.02552845 0.02564447 0.02435693 0.02472505 0.02460057
[25] 0.02330826 0.02485489 0.02490655 0.02412073 0.02355455 0.02495640
[1] "Positive rate for exposures: "
 [1] 0.555 0.925 0.995 0.990 0.185 0.210 0.235 0.200 0.215 0.190 0.190 0.150
[13] 0.205 0.215 0.175 0.210 0.170 0.220 0.200 0.160 0.180 0.230 0.215 0.205
[25] 0.155 0.230 0.190 0.240 0.225 0.195
[1] "Bonferroni-corrected positive rate for exposures: "
 [1] 0.265 0.800 0.995 0.985 0.035 0.040 0.080 0.055 0.065 0.060 0.040 0.055
[13] 0.055 0.065 0.055 0.030 0.035 0.085 0.060 0.035 0.055 0.090 0.070 0.050
[25] 0.035 0.070 0.070 0.055 0.070 0.035
