[1] "Average PIPs: "
 [1] 0.2583803 0.5787451 0.9135443 0.9687898 0.1967298 0.2280604 0.2057225
 [8] 0.2029761 0.2305464 0.2221029 0.1864428 0.2119784 0.2297898 0.2165833
[15] 0.2289075 0.2136695 0.2142984 0.1873896 0.2200063 0.1826373 0.2184063
[22] 0.2057476 0.2153526 0.1636068 0.2069042 0.2384919 0.1980240 0.2024823
[29] 0.2340817 0.1917362
[1] "Percent of time PIP >= 0.1: "
 [1] 0.700 0.875 0.980 0.990 0.625 0.630 0.620 0.590 0.620 0.655 0.630 0.635
[13] 0.660 0.660 0.620 0.615 0.610 0.635 0.660 0.585 0.640 0.605 0.630 0.585
[25] 0.600 0.650 0.600 0.615 0.575 0.620
[1] "Percent of time PIP >= 0.5: "
 [1] 0.135 0.500 0.900 0.960 0.090 0.115 0.100 0.100 0.120 0.100 0.070 0.110
[13] 0.125 0.105 0.120 0.105 0.110 0.070 0.095 0.070 0.105 0.090 0.105 0.050
[25] 0.100 0.130 0.080 0.075 0.140 0.075
[1] "Percent of time PIP >= 0.9: "
 [1] 0.095 0.425 0.880 0.955 0.070 0.095 0.085 0.085 0.100 0.090 0.060 0.095
[13] 0.115 0.075 0.110 0.090 0.095 0.060 0.085 0.055 0.095 0.075 0.085 0.035
[25] 0.075 0.125 0.070 0.065 0.130 0.060
