Average Estimates for Betas: 
0.03351459 0.0905016 0.1654114 0.2589019 0.001916894
0.00514979 -0.001556696 -0.003535731 0.003119054 -0.005207968
0.001633164 0.003183674 -0.008823867 -0.009992888 0.003792555
-0.00269825 -0.002206442 0.007236268 -1.014647e-05 0.002430172
-0.002890312 -0.004010764 0.005802214 0.0002318327 -0.003941666
-0.004307855 -0.002616211 -0.004295907 -0.0004226576 -0.01040516
Positive rate for exposures: 
0.09090909 0.3232323 0.7070707 0.8888889 0.03030303
0.06060606 0.05050505 0.02020202 0.04040404 0.02020202
0.02020202 0.05050505 0.02020202 0.01010101 0.03030303
0.02020202 0.01010101 0.02020202 0.01010101 0.01010101
0.03030303 0.03030303 0.01010101 0.04040404 0.05050505
0.07070707 0.02020202 0.01010101 0.02020202 0.06060606
Standard Deviations of Betas: 
0.07745658 0.07057482 0.07681824 0.06976252 0.07505212
0.07841834 0.07118891 0.06956747 0.07316274 0.06078349
0.07319061 0.07696863 0.06685532 0.07264321 0.06793185
0.06780826 0.06077234 0.0609845 0.0665054 0.06585805
0.0632631 0.0736137 0.06573862 0.06724529 0.07044049
0.08611245 0.0583161 0.06115548 0.05604263 0.07931667
Average StdErrors for Betas: 
0.07223374 0.06944363 0.07112043 0.07260815 0.07281647
0.0689948 0.06559665 0.07287132 0.07072729 0.06817615
0.07169223 0.07107479 0.07043087 0.07357283 0.06803338
0.06851161 0.0668312 0.06516886 0.06955521 0.06772787
0.06643077 0.07272046 0.06758084 0.06773143 0.06944983
0.06865619 0.06442366 0.06572135 0.06831469 0.07123765
Q-value positive rate for exposures: 
0 0.03030303 0.3232323 0.6868687 0.01010101
0 0.01010101 0 0 0
0 0 0 0 0
0 0 0 0 0
0 0 0 0 0
0 0 0 0 0
Precision/Recall/F1 based on p-values:
0.7236364 0.5025253 0.5931446
Precision/Recall/F1 based on Q-values:
0.9809524 0.260101 0.4111776
Power at FPR threshold of 0.05: 
0.1212121 0.3737374 0.7474747 0.8888889
