Average Estimates for Betas: 
0.038425 0.06975439 0.1260438 0.203697 0.01782153
-0.00852617 0.005415883 0.00998082 -0.009472571 -0.01384654
-0.006017049 -0.02042069 0.006971455 -0.004093085 0.003410508
0.003238913 0.02237388 0.003830856 0.008243349 0.004225328
-0.01692222 -0.01643973 -0.005678589 -0.001384228 -0.004816999
-0.007133822 -0.01643569 0.01651385 -0.01184717 -0.001376233
Positive rate for exposures: 
0.2857143 0.5274725 0.6373626 0.6923077 0.1318681
0.0989011 0.1978022 0.1428571 0.1318681 0.0989011
0.1208791 0.1538462 0.1098901 0.1538462 0.1208791
0.07692308 0.06593407 0.1538462 0.04395604 0.1318681
0.1098901 0.1098901 0.06593407 0.1428571 0.1428571
0.1758242 0.0989011 0.1318681 0.08791209 0.1648352
Standard Deviations of Betas: 
0.1282854 0.1159997 0.1202088 0.1424047 0.1238918
0.127973 0.1194089 0.1155597 0.1208703 0.0870561
0.09829314 0.1197813 0.1034973 0.1394949 0.1135039
0.107439 0.07665374 0.1035732 0.08443637 0.1174831
0.1179169 0.1136161 0.1066956 0.1062444 0.1205925
0.1168313 0.1286814 0.1182716 0.07566693 0.1181762
Average StdErrors for Betas: 
0.07543001 0.06621697 0.07898676 0.07493439 0.07363048
0.08392093 0.06559353 0.0839066 0.07824978 0.08055928
0.0767579 0.08508362 0.08879188 0.07651477 0.08298974
0.07356729 0.07274412 0.0727214 0.07885278 0.08052884
0.08137494 0.0774239 0.07606963 0.07428267 0.09157801
0.07747967 0.07581073 0.07025693 0.07383715 0.07883663
Q-value positive rate for exposures: 
0.1208791 0.3076923 0.4725275 0.6263736 0.05494505
0.04395604 0.0989011 0.03296703 0.06593407 0.02197802
0.05494505 0.05494505 0.04395604 0.06593407 0.06593407
0.01098901 0.03296703 0.03296703 0.03296703 0.02197802
0.03296703 0.03296703 0.02197802 0.07692308 0.03296703
0.07692308 0.04395604 0.03296703 0.02197802 0.06593407
Precision/Recall/F1 based on p-values:
0.4037267 0.5357143 0.4604486
Precision/Recall/F1 based on Q-values:
0.5650407 0.3818681 0.4557377
Power at FPR threshold of 0.05: 
0.1428571 0.3516484 0.5164835 0.6373626
