Average Estimates for Betas: 
0.04112281 0.07987903 0.1644864 0.2551335 0.0008473277
0.0003122034 -0.002486247 -0.002927833 0.003306313 0.005106317
-0.003335547 -0.002137128 -0.007951531 -0.01407707 0.001810765
0.001835874 0.008401225 0.0004784424 0.0006604207 -0.004710317
-0.01273038 -0.007603721 0.006095687 0.006720609 0.004417029
0.002220113 -0.003089504 -0.003298772 -0.004426476 -0.006636903
Positive rate for exposures: 
0.3076923 0.5494505 0.8461538 0.9230769 0.1538462
0.1648352 0.1758242 0.1758242 0.1538462 0.0989011
0.1318681 0.1428571 0.1538462 0.1428571 0.08791209
0.1098901 0.1098901 0.1318681 0.1538462 0.1758242
0.1538462 0.1208791 0.1318681 0.0989011 0.1428571
0.1428571 0.07692308 0.1648352 0.1208791 0.1428571
Standard Deviations of Betas: 
0.0628814 0.07296367 0.06563932 0.06818575 0.06296696
0.07379883 0.05966344 0.06590665 0.06230061 0.05326134
0.0607484 0.07035785 0.06132637 0.06486349 0.05271963
0.06639238 0.05729391 0.04984563 0.05396999 0.05608313
0.07422469 0.07046283 0.05957145 0.05796067 0.06092223
0.06442848 0.05035737 0.06160517 0.05519269 0.06933656
Average StdErrors for Betas: 
0.04896065 0.04741623 0.04888498 0.05454958 0.05151601
0.04722346 0.04174125 0.05061619 0.04892965 0.05078794
0.04902167 0.04967544 0.04787918 0.0505677 0.04676567
0.04580801 0.04719242 0.04209209 0.0468524 0.04933681
0.05174427 0.04995734 0.04565027 0.04689285 0.05253104
0.0459264 0.0430465 0.04292507 0.04687627 0.05200441
Q-value positive rate for exposures: 
0.1538462 0.3296703 0.6923077 0.8461538 0.08791209
0.03296703 0.1098901 0.07692308 0.04395604 0.02197802
0.04395604 0.05494505 0.06593407 0.04395604 0.03296703
0.02197802 0.01098901 0.04395604 0.05494505 0.03296703
0.0989011 0.02197802 0.04395604 0.04395604 0.04395604
0.07692308 0.04395604 0.04395604 0.07692308 0.05494505
Precision/Recall/F1 based on p-values:
0.4245115 0.6565934 0.5156419
Precision/Recall/F1 based on Q-values:
0.6032787 0.5054945 0.5500747
Power at FPR threshold of 0.05: 
0.1538462 0.3406593 0.7032967 0.8461538
