Average Estimates for Betas: 
0.1983772 0.1492404 0.07480666 0.4218151 -0.2073878
0.08779105 0.1647239 -0.09198838 -0.08848347 -0.08174706
0.1268958 -0.06277841 0.1965247 0.08201866 -0.03048472
-0.1394895 0.1436249 0.06612959 -0.009799964 0.4989973
0.01991436 -0.7137711 0.053325 0.0005407806 0.2082464
-0.002052676 0.03476538 -0.2262349 0.009538248 -0.478027
Positive rate for exposures: 
0.1010101 0.2222222 0.4747475 0.6666667 0.04040404
0.05050505 0.08080808 0.04040404 0.04040404 0.05050505
0.07070707 0.08080808 0.04040404 0.05050505 0.06060606
0.02020202 0.01010101 0.04040404 0.05050505 0.03030303
0.05050505 0.06060606 0.04040404 0.06060606 0.05050505
0.06060606 0.05050505 0.02020202 0.04040404 0.05050505
Standard Deviations of Betas: 
1.942217 1.43786 0.9923277 0.956612 4.155249
0.9033127 1.073906 0.9646092 0.7074037 0.5196097
1.120562 0.6833153 3.104407 1.486132 0.700359
1.134715 1.373943 0.646139 0.8932115 4.656953
0.9830181 6.187662 0.568639 0.9202807 0.9871624
0.8868355 0.9848254 1.2644 0.6514974 4.353391
Average StdErrors for Betas: 
13.68779 23.859 10.52245 10.3817 84.75104
24.71403 29.87906 13.47018 22.51997 16.5597
20.19691 13.22083 16.33547 7.738929 11.63258
14.06432 18.67991 8.240885 11.46519 22.30606
28.14607 155.0759 14.11353 30.18633 13.92181
27.51166 33.73893 31.34851 3.675032 137.4674
Q-value positive rate for exposures: 
0.02020202 0.1212121 0.2929293 0.5454545 0.01010101
0 0.02020202 0.02020202 0.01010101 0.01010101
0 0 0 0.01010101 0
0 0.01010101 0.02020202 0.03030303 0
0.01010101 0.01010101 0 0.01010101 0.01010101
0.01010101 0.02020202 0 0 0.01010101
Precision/Recall/F1 based on p-values:
0.5410448 0.3661616 0.436747
Precision/Recall/F1 based on Q-values:
0.8151261 0.2449495 0.376699
Power at FPR threshold of 0.05: 
0.1010101 0.2222222 0.4848485 0.6666667
