Average Estimates for Betas: 
0.0360926 0.09565441 0.1581929 0.2560104 0.01219445
-0.0008436876 9.6042e-05 -0.002180585 0.003983003 -0.001036529
0.006697425 0.001879145 -0.01538126 -0.008620738 -0.009150566
-0.007560174 0.0008477787 0.007392182 0.005819615 -0.009935818
-0.001245907 -0.01630864 0.007908237 -0.007282854 -0.0009178814
-0.0004583798 -0.0108479 -0.004082281 -1.311682e-05 0.00702122
Positive rate for exposures: 
0.1212121 0.3737374 0.6666667 0.8787879 0.06060606
0.06060606 0.07070707 0.04040404 0.09090909 0.06060606
0.07070707 0.1111111 0.02020202 0.08080808 0.05050505
0.05050505 0.04040404 0.07070707 0.07070707 0.02020202
0.05050505 0.05050505 0.02020202 0.07070707 0.09090909
0.06060606 0.06060606 0.05050505 0.08080808 0.09090909
Standard Deviations of Betas: 
0.07866153 0.09362867 0.08682288 0.08519895 0.1033763
0.08754313 0.07756806 0.0738786 0.08862445 0.07875112
0.08375057 0.1028414 0.07359602 0.09040358 0.07674691
0.09292384 0.06553193 0.07096192 0.07921885 0.06524657
0.08205293 0.1025299 0.06747517 0.0774321 0.06656276
0.08644631 0.07534641 0.07612164 0.07661388 0.08529565
Average StdErrors for Betas: 
0.07754135 0.07363914 0.07426502 0.07113557 0.07742086
0.07154551 0.07066048 0.07695027 0.07346237 0.07153274
0.07493403 0.07455968 0.07645185 0.07911765 0.07137179
0.07391 0.06994357 0.0677861 0.07339702 0.07183719
0.06857586 0.0763045 0.07132942 0.07231866 0.07390449
0.07356848 0.06802378 0.07049322 0.07196678 0.07450918
Q-value positive rate for exposures: 
0.02020202 0.1313131 0.3737374 0.7272727 0.02020202
0.02020202 0.01010101 0 0.04040404 0.01010101
0.02020202 0.04040404 0 0.01010101 0.02020202
0.02020202 0.01010101 0.01010101 0.02020202 0
0.01010101 0.02020202 0 0.01010101 0.01010101
0.01010101 0.02020202 0.01010101 0.01010101 0.01010101
Precision/Recall/F1 based on p-values:
0.5611111 0.510101 0.5343915
Precision/Recall/F1 based on Q-values:
0.775 0.3131313 0.4460432
Power at FPR threshold of 0.05: 
0.1111111 0.3333333 0.6262626 0.8787879
