Average Estimates for Betas: 
0.05183638 0.09344409 0.1823285 0.2722776 0.009456063
-0.007802575 0.004157774 0.005415313 -0.002091852 0.00228962
0.006769248 -0.001133133 0.00222478 -0.01185283 -0.007190973
0.001194207 -0.006086282 -0.002749623 -0.004176776 -0.01186462
-0.002881584 0.0008446877 0.004345733 0.002288147 0.005872722
0.009042924 -0.008639445 0.01068946 -0.006738025 -0.003295898
Positive rate for exposures: 
0.2469136 0.6419753 0.9259259 0.9753086 0.08641975
0.09876543 0.1358025 0.0617284 0.1604938 0.1481481
0.1111111 0.1481481 0.08641975 0.1728395 0.1851852
0.1234568 0.1604938 0.1358025 0.1111111 0.1481481
0.1481481 0.1851852 0.07407407 0.1358025 0.1111111
0.1604938 0.1234568 0.1851852 0.1975309 0.1481481
Standard Deviations of Betas: 
0.04695796 0.0639514 0.06202961 0.07068893 0.05684858
0.06076205 0.07275115 0.05105118 0.06205724 0.0605412
0.06488058 0.0623166 0.05671001 0.06402811 0.06027498
0.06324366 0.06348279 0.05034516 0.05744801 0.06271305
0.05200437 0.07449169 0.04714897 0.05564648 0.05935203
0.06088271 0.06476588 0.06610721 0.06159242 0.05907536
Average StdErrors for Betas: 
0.04193799 0.04371554 0.04197833 0.04149479 0.04191147
0.04145771 0.04187131 0.04233394 0.03958234 0.03970411
0.04228555 0.04262479 0.04118955 0.04223389 0.04080447
0.04138001 0.03882605 0.03890463 0.04244199 0.03995888
0.03977904 0.04190672 0.04031385 0.03911558 0.04117105
0.04072205 0.03819571 0.04144998 0.03987739 0.04052017
Q-value positive rate for exposures: 
0.09876543 0.3950617 0.8024691 0.962963 0.03703704
0.0617284 0.08641975 0.01234568 0.07407407 0.04938272
0.04938272 0.04938272 0.03703704 0.1111111 0.0617284
0.04938272 0.09876543 0.02469136 0 0.07407407
0.01234568 0.0617284 0.01234568 0.03703704 0.0617284
0.09876543 0.0617284 0.04938272 0.0617284 0.0617284
Precision/Recall/F1 based on p-values:
0.4405458 0.6975309 0.5400239
Precision/Recall/F1 based on Q-values:
0.6182432 0.5648148 0.5903226
Power at FPR threshold of 0.05: 
0.09876543 0.3580247 0.8271605 0.962963
