Average Estimates for Betas: 
0.03131382 0.06332485 0.1286676 0.2224063 0.007283737
-0.006792409 0.01147696 0.01257467 -0.004623522 -0.01138135
-0.01187752 0.0002911375 0.008803421 -0.010815 -0.008722948
0.001461122 0.01155584 0.01020156 0.009262185 0.004586336
-0.008682932 -0.01880087 -0.0002572391 -0.006193029 -0.01101733
-0.004832937 -0.00334432 0.01286249 0.001775269 -0.01194924
Positive rate for exposures: 
0.1111111 0.2626263 0.5050505 0.7070707 0.08080808
0.06060606 0.05050505 0.02020202 0.04040404 0.03030303
0.04040404 0.06060606 0.04040404 0.06060606 0.03030303
0.01010101 0 0.03030303 0.04040404 0.04040404
0.06060606 0.06060606 0.05050505 0.04040404 0.02020202
0.07070707 0.05050505 0.05050505 0.03030303 0.04040404
Standard Deviations of Betas: 
0.1361761 0.1249463 0.1183588 0.1460712 0.1322391
0.1296079 0.08776304 0.1169316 0.1119676 0.1106329
0.1017506 0.1268747 0.1315855 0.1223397 0.1150131
0.1002342 0.09329015 0.1194316 0.1071 0.1255195
0.1348481 0.1322581 0.1280404 0.1065533 0.1236854
0.1381908 0.115971 0.1156124 0.09741269 0.1137637
Average StdErrors for Betas: 
0.1002165 0.09302208 0.09751204 0.09391198 0.09703222
0.09839681 0.08883295 0.1063545 0.09918037 0.09782842
0.09745942 0.1005918 0.1059677 0.09372654 0.1011425
0.09728207 0.09243988 0.09161234 0.09735682 0.1003685
0.09653345 0.09939504 0.09545184 0.09924519 0.1107303
0.09956684 0.09166349 0.0959463 0.09459292 0.0998701
Q-value positive rate for exposures: 
0 0.04040404 0.2525253 0.5454545 0.01010101
0 0 0 0 0
0 0 0.01010101 0 0
0 0 0 0 0
0.01010101 0.01010101 0 0 0.01010101
0.01010101 0 0 0 0
Precision/Recall/F1 based on p-values:
0.588015 0.3964646 0.4736048
Precision/Recall/F1 based on Q-values:
0.9325843 0.209596 0.342268
Power at FPR threshold of 0.05: 
0.1111111 0.2828283 0.5050505 0.7171717
