Average Estimates for Betas: 
0.02476285 0.0780181 0.1114295 0.2097627 0.01103343
-0.0195595 0.00629551 0.003475582 0.008928601 -0.001716229
0.01200349 -0.01290557 -0.01968993 -0.01776432 -0.007354981
-0.001380816 0.01428259 0.01723407 0.01364301 0.008053472
-0.02186779 -0.04264911 0.00457935 -0.002894997 -0.009002905
-0.0040256 -0.01207805 0.001652744 0.008361075 -0.002012686
Positive rate for exposures: 
0.09090909 0.2727273 0.5050505 0.6969697 0.06060606
0.05050505 0.06060606 0.02020202 0.09090909 0.05050505
0.06060606 0.08080808 0.06060606 0.09090909 0.09090909
0.07070707 0.03030303 0.08080808 0.08080808 0.07070707
0.06060606 0.06060606 0.05050505 0.09090909 0.06060606
0.06060606 0.05050505 0.03030303 0.06060606 0.07070707
Standard Deviations of Betas: 
0.1572706 0.1578561 0.1401607 0.1649674 0.1548928
0.1210123 0.1068435 0.1171485 0.1245835 0.1135732
0.1278296 0.1608551 0.1789659 0.1462937 0.1475975
0.145997 0.1170065 0.1124363 0.1167561 0.1483101
0.1326773 0.1798744 0.1591872 0.1557985 0.1520331
0.1595676 0.114006 0.1157306 0.1190422 0.1289615
Average StdErrors for Betas: 
0.1143934 0.1025018 0.1089073 0.1033538 0.1099065
0.1085728 0.09998141 0.1209391 0.1124784 0.111478
0.1115627 0.1142422 0.1249131 0.1036378 0.1169015
0.1092905 0.1041597 0.10345 0.1092007 0.1141291
0.108108 0.1132416 0.1079984 0.1159306 0.1316044
0.1147305 0.1047192 0.1086387 0.1057913 0.11501
Q-value positive rate for exposures: 
0.01010101 0.08080808 0.2323232 0.5757576 0
0.01010101 0.01010101 0 0.01010101 0
0.01010101 0.04040404 0 0.02020202 0.02020202
0.01010101 0 0 0.01010101 0
0.02020202 0.01010101 0 0.01010101 0
0.01010101 0.01010101 0.01010101 0.01010101 0.02020202
Precision/Recall/F1 based on p-values:
0.4874214 0.3914141 0.4341737
Precision/Recall/F1 based on Q-values:
0.7876106 0.2247475 0.3497053
Power at FPR threshold of 0.05: 
0.08080808 0.2626263 0.4646465 0.6969697
