[1] "Average Estimates for Betas: "
 [1]  4.711718e-02  9.930625e-02  1.998809e-01  3.020496e-01 -1.057827e-03
 [6] -2.248124e-04 -1.522190e-03 -4.689018e-03 -9.651093e-04 -1.993750e-03
[11] -1.832113e-03 -7.780678e-04  1.267110e-03 -5.383786e-04  5.927245e-06
[16]  2.123072e-03  1.846379e-03  1.130188e-03  1.346908e-03  9.470163e-04
[21]  2.162339e-04 -1.511702e-03  7.544859e-04  4.305291e-04  1.785716e-03
[26]  9.553287e-04  1.052192e-03 -2.536951e-03 -6.833329e-04 -3.968653e-04
[1] "Standard Deviations of Betas: "
 [1] 0.02341303 0.02159225 0.02286746 0.02052630 0.02294055 0.02336664
 [7] 0.02097735 0.02504206 0.02109038 0.02289392 0.02231121 0.02179390
[13] 0.02334053 0.02341412 0.02152011 0.02362926 0.02353127 0.02445532
[19] 0.02089107 0.02272256 0.02114163 0.02202019 0.02116579 0.02178955
[25] 0.02318684 0.02190443 0.02216466 0.02209984 0.02115617 0.02267297
[1] "Average StdErrors for Betas: "
 [1] 0.02733365 0.02687196 0.02727205 0.02683983 0.02832012 0.02619031
 [7] 0.02742261 0.02747395 0.02651296 0.02795566 0.02727269 0.02697863
[13] 0.02761207 0.02777649 0.02678189 0.02761685 0.02671874 0.02766755
[19] 0.02654042 0.02692442 0.02611750 0.02779153 0.02635330 0.02687813
[25] 0.02664451 0.02796679 0.02802196 0.02847993 0.02650789 0.02732049
[1] "Positive rate for exposures: "
 [1] 0.39673913 0.96195652 0.98913043 1.00000000 0.05978261 0.03804348
 [7] 0.02717391 0.04347826 0.03260870 0.03804348 0.02173913 0.04891304
[13] 0.02717391 0.04891304 0.03260870 0.03804348 0.03260870 0.03260870
[19] 0.02717391 0.05434783 0.02173913 0.04347826 0.02173913 0.02717391
[25] 0.03804348 0.01630435 0.02717391 0.02173913 0.02173913 0.03260870
[1] "Bonferroni-corrected positive rate for exposures: "
 [1] 0.097826087 0.673913043 0.983695652 0.994565217 0.000000000 0.005434783
 [7] 0.005434783 0.000000000 0.000000000 0.000000000 0.000000000 0.005434783
[13] 0.000000000 0.000000000 0.000000000 0.000000000 0.000000000 0.000000000
[19] 0.000000000 0.000000000 0.000000000 0.000000000 0.000000000 0.000000000
[25] 0.005434783 0.000000000 0.000000000 0.000000000 0.000000000 0.000000000
