[1] "Average Estimates for Betas: "
 [1]  4.614632e-02  9.955992e-02  1.873327e-01  3.044447e-01  3.720898e-03
 [6]  9.089498e-04  1.377681e-03 -4.850492e-03  2.024765e-03  1.898037e-03
[11] -1.277914e-04  4.613487e-03  4.130199e-03 -3.192876e-03  1.209085e-03
[16] -4.639986e-03  2.259653e-03 -3.914290e-03 -3.244760e-04 -3.049914e-03
[21]  5.140850e-03  2.285547e-03  1.049684e-03  1.679127e-05 -9.190978e-04
[26] -2.752749e-03 -1.715361e-03 -8.036220e-05 -1.605545e-03  5.641506e-04
[1] "Standard Deviations of Betas: "
 [1] 0.06982694 0.06924356 0.06841308 0.06047473 0.05944359 0.05904515
 [7] 0.05973848 0.06761432 0.06283249 0.06646099 0.07661814 0.07770198
[13] 0.06163933 0.06291808 0.05671897 0.06931421 0.07230349 0.07379361
[19] 0.06538671 0.05772477 0.05604000 0.07652159 0.07303348 0.06267795
[25] 0.06412998 0.06607476 0.07063156 0.06778730 0.06254127 0.07110846
[1] "Average StdErrors for Betas: "
 [1] 0.06619675 0.06685638 0.06449886 0.06469457 0.06489614 0.06407479
 [7] 0.06700159 0.06634667 0.06358616 0.06469389 0.06369644 0.06483275
[13] 0.06419198 0.06491465 0.06478847 0.06489606 0.06485309 0.06573448
[19] 0.06425472 0.06477850 0.06416887 0.06552030 0.06440276 0.06395676
[25] 0.06448445 0.06740086 0.06481519 0.06406683 0.06427489 0.06470999
[1] "Positive rate for exposures: "
 [1] 0.140 0.350 0.830 0.995 0.030 0.035 0.050 0.040 0.045 0.055 0.090 0.095
[13] 0.060 0.055 0.035 0.080 0.055 0.075 0.050 0.025 0.040 0.075 0.075 0.060
[25] 0.050 0.060 0.075 0.055 0.040 0.050
[1] "Bonferroni-corrected positive rate for exposures: "
 [1] 0.025 0.065 0.445 0.885 0.000 0.010 0.005 0.010 0.005 0.015 0.030 0.030
[13] 0.005 0.010 0.005 0.010 0.015 0.010 0.010 0.000 0.000 0.005 0.020 0.020
[25] 0.000 0.010 0.000 0.010 0.005 0.015
