[1] "Average PIPs: "
 [1] 0.0496028529 0.6211737951 0.9945448058 0.9999999998 0.0005121140
 [6] 0.0010505265 0.0005010358 0.0055018533 0.0006084829 0.0007016475
[11] 0.0005931118 0.0004382273 0.0004988687 0.0006123479 0.0005142338
[16] 0.0005009676 0.0004952217 0.0006355050 0.0004324687 0.0005572329
[21] 0.0005386336 0.0005560381 0.0004593688 0.0004884825 0.0005590493
[26] 0.0004990957 0.0011373342 0.0005745365 0.0005260264 0.0008881541
[1] "Percent of time PIP >= 0.1: "
 [1] 0.090 0.705 1.000 1.000 0.000 0.000 0.000 0.005 0.000 0.000 0.000 0.000
[13] 0.000 0.000 0.000 0.000 0.000 0.000 0.000 0.000 0.000 0.000 0.000 0.000
[25] 0.000 0.000 0.005 0.000 0.000 0.000
[1] "Percent of time PIP >= 0.5: "
 [1] 0.040 0.610 0.995 1.000 0.000 0.000 0.000 0.005 0.000 0.000 0.000 0.000
[13] 0.000 0.000 0.000 0.000 0.000 0.000 0.000 0.000 0.000 0.000 0.000 0.000
[25] 0.000 0.000 0.000 0.000 0.000 0.000
[1] "Percent of time PIP >= 0.9: "
 [1] 0.025 0.560 0.990 1.000 0.000 0.000 0.000 0.005 0.000 0.000 0.000 0.000
[13] 0.000 0.000 0.000 0.000 0.000 0.000 0.000 0.000 0.000 0.000 0.000 0.000
[25] 0.000 0.000 0.000 0.000 0.000 0.000
