[1] "Average Estimates for Betas: "
 [1]  0.0439506117  0.1007297503  0.1911707106  0.3021704957  0.0042352138
 [6]  0.0003690861  0.0031497829 -0.0014855975  0.0018889675  0.0021392935
[11]  0.0029127337  0.0063890371  0.0064041846 -0.0031589950 -0.0037067963
[16] -0.0057447973 -0.0002661409  0.0019523563 -0.0020085804 -0.0046849532
[21] -0.0014382904 -0.0003994595 -0.0014423069 -0.0039751838 -0.0024757317
[26]  0.0012564213  0.0001064855  0.0009771416 -0.0003009041  0.0015476638
[1] "Standard Deviations of Betas: "
 [1] 0.07595958 0.06756367 0.07707684 0.06210405 0.06482809 0.06670296
 [7] 0.06520981 0.07570974 0.06802785 0.07373606 0.08629723 0.08585084
[13] 0.06914872 0.06978057 0.06587093 0.07715466 0.07758600 0.08095247
[19] 0.06966364 0.06507701 0.06778432 0.08780114 0.07476281 0.06976112
[25] 0.06599638 0.07294950 0.07663657 0.07386399 0.07013469 0.07954077
[1] "Average StdErrors for Betas: "
 [1] 0.07275657 0.07186030 0.07131804 0.07152363 0.07173844 0.07064366
 [7] 0.07202201 0.07163831 0.07012155 0.07167920 0.07004796 0.07188561
[13] 0.07123581 0.07175951 0.07216623 0.07129865 0.07202247 0.07137988
[19] 0.07077461 0.07200573 0.07062729 0.07225970 0.07110587 0.07101376
[25] 0.07112400 0.07221826 0.07159566 0.07141089 0.07118426 0.07198856
[1] "Positive rate for exposures: "
 [1] 0.125 0.290 0.775 0.975 0.045 0.035 0.050 0.055 0.025 0.060 0.120 0.090
[13] 0.050 0.050 0.040 0.085 0.055 0.065 0.065 0.035 0.055 0.090 0.070 0.065
[25] 0.040 0.060 0.075 0.045 0.055 0.065
[1] "Bonferroni-corrected positive rate for exposures: "
 [1] 0.015 0.050 0.385 0.815 0.005 0.005 0.005 0.010 0.005 0.015 0.020 0.020
[13] 0.010 0.010 0.000 0.010 0.020 0.005 0.000 0.000 0.005 0.015 0.010 0.025
[25] 0.000 0.005 0.010 0.005 0.005 0.010
