[1] "Average PIPs: "
 [1] 0.0478857914 0.6160898163 0.9912289117 0.9999999998 0.0005911573
 [6] 0.0014069628 0.0005772091 0.0056054917 0.0007171452 0.0007700993
[11] 0.0006472571 0.0005118647 0.0005913880 0.0006941015 0.0005866315
[16] 0.0006084725 0.0005884503 0.0007127590 0.0005056546 0.0006158709
[21] 0.0007333284 0.0006396582 0.0005516062 0.0005605818 0.0005919738
[26] 0.0006039782 0.0011842362 0.0006989654 0.0006003436 0.0009442838
[1] "Percent of time PIP >= 0.1: "
 [1] 0.095 0.705 1.000 1.000 0.000 0.005 0.000 0.005 0.000 0.000 0.000 0.000
[13] 0.000 0.000 0.000 0.000 0.000 0.000 0.000 0.000 0.000 0.000 0.000 0.000
[25] 0.000 0.000 0.005 0.000 0.000 0.000
[1] "Percent of time PIP >= 0.5: "
 [1] 0.035 0.605 0.990 1.000 0.000 0.000 0.000 0.005 0.000 0.000 0.000 0.000
[13] 0.000 0.000 0.000 0.000 0.000 0.000 0.000 0.000 0.000 0.000 0.000 0.000
[25] 0.000 0.000 0.000 0.000 0.000 0.000
[1] "Percent of time PIP >= 0.9: "
 [1] 0.020 0.555 0.985 1.000 0.000 0.000 0.000 0.005 0.000 0.000 0.000 0.000
[13] 0.000 0.000 0.000 0.000 0.000 0.000 0.000 0.000 0.000 0.000 0.000 0.000
[25] 0.000 0.000 0.000 0.000 0.000 0.000
