[1] "Average Estimates for Betas: "
 [1]  4.883699e-02  1.007295e-01  1.994831e-01  3.025392e-01 -5.407996e-04
 [6]  4.606903e-05 -4.768165e-04 -2.797819e-03 -1.926246e-03 -3.349353e-05
[11] -4.029395e-04  2.819726e-04  7.799353e-04  1.436888e-03 -5.613429e-04
[16]  1.041752e-03  9.454615e-04 -1.097451e-03  3.916369e-05  4.653738e-04
[21] -5.213505e-04 -1.747599e-03  5.470213e-04  2.337225e-04  1.306429e-03
[26]  1.075210e-03  1.325767e-04 -1.484266e-03  8.479837e-04 -1.280047e-03
[1] "Standard Deviations of Betas: "
 [1] 0.02118401 0.01961563 0.01772129 0.01859812 0.01908867 0.02092007
 [7] 0.01776367 0.01996122 0.02035821 0.02070925 0.02001465 0.01792662
[13] 0.01970633 0.02183023 0.01866506 0.02020809 0.01911040 0.02122411
[19] 0.01845201 0.02050083 0.01966764 0.01955930 0.01806872 0.01871276
[25] 0.02053767 0.01979817 0.01955276 0.01856877 0.01919585 0.01898093
[1] "Average StdErrors for Betas: "
 [1] 0.02306260 0.02249308 0.02269493 0.02227087 0.02268088 0.02173924
 [7] 0.02271190 0.02335139 0.02245632 0.02301792 0.02225394 0.02298729
[13] 0.02306359 0.02326568 0.02191913 0.02245752 0.02254325 0.02309798
[19] 0.02247169 0.02269494 0.02209417 0.02284456 0.02187379 0.02244344
[25] 0.02214330 0.02290389 0.02312378 0.02323682 0.02190270 0.02281430
[1] "Positive rate for exposures: "
 [1] 0.56122449 0.98979592 1.00000000 1.00000000 0.05102041 0.05102041
 [7] 0.02551020 0.04591837 0.04081633 0.04081633 0.03061224 0.02551020
[13] 0.03571429 0.06632653 0.05102041 0.03061224 0.02040816 0.04591837
[19] 0.01530612 0.04591837 0.03571429 0.04591837 0.03571429 0.02551020
[25] 0.06122449 0.04081633 0.05612245 0.03061224 0.03571429 0.03061224
[1] "Bonferroni-corrected positive rate for exposures: "
 [1] 0.219387755 0.836734694 0.994897959 1.000000000 0.005102041 0.005102041
 [7] 0.000000000 0.000000000 0.000000000 0.000000000 0.000000000 0.000000000
[13] 0.005102041 0.010204082 0.005102041 0.000000000 0.005102041 0.000000000
[19] 0.000000000 0.005102041 0.000000000 0.000000000 0.000000000 0.005102041
[25] 0.010204082 0.005102041 0.005102041 0.000000000 0.000000000 0.005102041
