[1] "Average Estimates for Betas: "
 [1]  6.429700e-02  8.992488e-02  1.966178e-01  2.974919e-01  2.693490e-02
 [6]  9.827854e-03  2.255919e-02  1.494425e-02  3.123287e-02  8.465433e-03
[11] -1.244473e-03  1.959719e-02 -1.400098e-03  1.213820e-02  1.506474e-03
[16]  7.347240e-03  1.460372e-02  2.214655e-02  1.490707e-02  4.219439e-02
[21]  2.093036e-02  1.361795e-02  1.103469e-02 -7.656826e-03 -3.239116e-04
[26]  6.838956e-03 -9.694066e-05  1.962823e-02  2.884005e-02  1.940097e-02
[1] "Standard Deviations of Betas: "
 [1] 0.1359916 0.1250364 0.1214546 0.1578249 0.1295149 0.1400696 0.1243382
 [8] 0.1431099 0.1321883 0.1426744 0.1338139 0.1390888 0.1434165 0.1361153
[15] 0.1494187 0.1194498 0.1234759 0.1392201 0.1284090 0.1456050 0.1354241
[22] 0.1252822 0.1387831 0.1360258 0.1356707 0.1349882 0.1402919 0.1442284
[29] 0.1348992 0.1292714
[1] "Average StdErrors for Betas: "
 [1] 0.1071963 0.1107811 0.1105780 0.1084905 0.1089600 0.1124003 0.1098020
 [8] 0.1150949 0.1134494 0.1078623 0.1097328 0.1112804 0.1104058 0.1111637
[15] 0.1086968 0.1084589 0.1113111 0.1149291 0.1076834 0.1137247 0.1175295
[22] 0.1082430 0.1103596 0.1139058 0.1125554 0.1144189 0.1112584 0.1071745
[29] 0.1120906 0.1133282
[1] "Positive rate for exposures: "
 [1] 0.15789474 0.23308271 0.48872180 0.66917293 0.12781955 0.13533835
 [7] 0.12030075 0.09022556 0.13533835 0.14285714 0.14285714 0.12781955
[13] 0.15789474 0.13533835 0.16541353 0.06766917 0.11278195 0.12781955
[19] 0.16541353 0.15789474 0.09022556 0.10526316 0.12030075 0.09022556
[25] 0.10526316 0.11278195 0.09022556 0.16541353 0.09022556 0.06015038
[1] "Bonferroni-corrected positive rate for exposures: "
 [1] 0.037593985 0.030075188 0.165413534 0.421052632 0.015037594 0.030075188
 [7] 0.007518797 0.030075188 0.022556391 0.060150376 0.015037594 0.022556391
[13] 0.030075188 0.030075188 0.030075188 0.007518797 0.007518797 0.015037594
[19] 0.030075188 0.030075188 0.007518797 0.022556391 0.022556391 0.030075188
[25] 0.030075188 0.007518797 0.037593985 0.007518797 0.037593985 0.030075188
