[1] "Average Estimates for Betas: "
 [1]  0.0548017766  0.0944628873  0.2071602823  0.2941887245  0.0190020410
 [6]  0.0011302035  0.0295215043  0.0144465955  0.0259904293  0.0071050805
[11]  0.0096308670  0.0158542270  0.0225960101  0.0136308459  0.0055003959
[16]  0.0319736821  0.0160397800  0.0270198633  0.0256249120  0.0421787234
[21]  0.0229234077  0.0086555992  0.0066851897 -0.0009875073  0.0156350118
[26]  0.0093505073  0.0031643957  0.0187253890  0.0317164308  0.0149970767
[1] "Standard Deviations of Betas: "
 [1] 0.1480791 0.1273367 0.1251616 0.1402182 0.1288392 0.1368611 0.1298168
 [8] 0.1378482 0.1249916 0.1427224 0.1338292 0.1321689 0.1425817 0.1456695
[15] 0.1370478 0.1305239 0.1470713 0.1384255 0.1314246 0.1513674 0.1316020
[22] 0.1315784 0.1426664 0.1338730 0.1296768 0.1274321 0.1379860 0.1350279
[29] 0.1321283 0.1277333
[1] "Average StdErrors for Betas: "
 [1] 0.1180495 0.1180713 0.1189960 0.1195092 0.1211763 0.1194713 0.1193802
 [8] 0.1189411 0.1189210 0.1192617 0.1185671 0.1195524 0.1185015 0.1192960
[15] 0.1185027 0.1197965 0.1225125 0.1197981 0.1178954 0.1211330 0.1187443
[22] 0.1190072 0.1190289 0.1211170 0.1194028 0.1193085 0.1212340 0.1176000
[29] 0.1191070 0.1179730
[1] "Positive rate for exposures: "
 [1] 0.085 0.180 0.420 0.665 0.065 0.065 0.075 0.060 0.080 0.095 0.090 0.065
[13] 0.120 0.135 0.095 0.070 0.095 0.105 0.075 0.150 0.075 0.070 0.095 0.070
[25] 0.045 0.080 0.095 0.080 0.080 0.080
[1] "Bonferroni-corrected positive rate for exposures: "
 [1] 0.010 0.005 0.090 0.265 0.005 0.000 0.000 0.010 0.000 0.005 0.005 0.000
[13] 0.010 0.010 0.010 0.005 0.005 0.005 0.020 0.010 0.010 0.000 0.005 0.005
[25] 0.005 0.000 0.005 0.020 0.010 0.010
