[1] "Average Estimates for Betas: "
 [1]  0.0531401004  0.0941747735  0.2088611878  0.2864883088  0.0187203136
 [6]  0.0043933699  0.0116251826  0.0142142726  0.0265832828 -0.0005677022
[11]  0.0050075348  0.0149143760  0.0183203866  0.0099243069 -0.0041180836
[16]  0.0159155702  0.0193255222  0.0190031763  0.0183208007  0.0399603015
[21]  0.0218233628  0.0140660749  0.0070942447 -0.0138834018  0.0134798513
[26]  0.0057957153  0.0002053441  0.0149424411  0.0214876373  0.0137067118
[1] "Standard Deviations of Betas: "
 [1] 0.1344115 0.1274482 0.1130775 0.1423418 0.1254258 0.1342303 0.1215099
 [8] 0.1367984 0.1351913 0.1335255 0.1350392 0.1300020 0.1427053 0.1315412
[15] 0.1305498 0.1180754 0.1250403 0.1368184 0.1208690 0.1374792 0.1354645
[22] 0.1278773 0.1387864 0.1226558 0.1261643 0.1274360 0.1272557 0.1341103
[29] 0.1366073 0.1238852
[1] "Average StdErrors for Betas: "
 [1] 0.06744639 0.06766940 0.06785437 0.06745366 0.06833921 0.06834986
 [7] 0.06830194 0.06795528 0.06815264 0.06718136 0.06737384 0.06914581
[13] 0.06720547 0.06830650 0.06729396 0.06811875 0.06963957 0.06984648
[19] 0.06759965 0.06978946 0.06685355 0.06733087 0.06860468 0.06929476
[25] 0.06839283 0.06926690 0.06943462 0.06745216 0.06862034 0.06759109
[1] "Positive rate for exposures: "
 [1] 0.385 0.425 0.750 0.860 0.275 0.275 0.260 0.320 0.245 0.290 0.305 0.295
[13] 0.325 0.255 0.280 0.235 0.280 0.285 0.255 0.325 0.265 0.290 0.300 0.210
[25] 0.265 0.240 0.240 0.265 0.295 0.240
[1] "Bonferroni-corrected positive rate for exposures: "
 [1] 0.085 0.165 0.470 0.685 0.095 0.105 0.070 0.080 0.090 0.085 0.095 0.085
[13] 0.090 0.090 0.100 0.040 0.065 0.075 0.065 0.130 0.080 0.060 0.080 0.075
[25] 0.065 0.080 0.060 0.100 0.100 0.065
