[1] "Average Estimates for Betas: "
 [1]  5.890489e-02  9.870643e-02  2.024727e-01  3.021204e-01 -1.163404e-03
 [6]  1.020407e-02 -5.144156e-03  3.141110e-03  3.404252e-03 -1.026161e-03
[11] -2.374218e-03  3.312978e-03 -3.826847e-03 -7.835603e-04 -4.715008e-03
[16] -6.513728e-05 -1.538109e-02 -1.630014e-03  4.256250e-03 -4.102855e-03
[21] -1.045912e-02 -9.932614e-04 -2.304928e-04  1.201000e-03  1.944164e-03
[26] -1.704677e-03  1.475788e-02  2.753378e-03 -9.955921e-03 -2.876817e-03
[1] "Standard Deviations of Betas: "
 [1] 0.08445066 0.08697563 0.08073198 0.08910112 0.09596679 0.07562332
 [7] 0.09223776 0.08727542 0.08745748 0.08267693 0.08490458 0.07773272
[13] 0.08800990 0.09484712 0.08292167 0.08428418 0.08633447 0.08508939
[19] 0.08592983 0.07289009 0.08456089 0.09797482 0.08538625 0.09005792
[25] 0.08104322 0.08502357 0.07868002 0.07034719 0.07850014 0.08461496
[1] "Average StdErrors for Betas: "
 [1] 0.02440203 0.02362053 0.02305690 0.02345096 0.02381185 0.02421960
 [7] 0.02329086 0.02406458 0.02379394 0.02386978 0.02430208 0.02349487
[13] 0.02355119 0.02368664 0.02383579 0.02481426 0.02389268 0.02367275
[19] 0.02374796 0.02365616 0.02309610 0.02417466 0.02450795 0.02319142
[25] 0.02402778 0.02352652 0.02374414 0.02385366 0.02352747 0.02394592
[1] "Positive rate for exposures: "
 [1] 0.650 0.815 0.980 1.000 0.510 0.455 0.595 0.520 0.470 0.525 0.560 0.505
[13] 0.590 0.470 0.575 0.500 0.635 0.550 0.550 0.465 0.520 0.585 0.555 0.525
[25] 0.525 0.515 0.505 0.475 0.530 0.475
[1] "Bonferroni-corrected positive rate for exposures: "
 [1] 0.390 0.585 0.930 0.975 0.315 0.240 0.325 0.295 0.275 0.275 0.300 0.270
[13] 0.345 0.300 0.265 0.265 0.325 0.275 0.305 0.215 0.290 0.335 0.265 0.295
[25] 0.305 0.320 0.215 0.230 0.265 0.255
