[1] "Average Estimates for Betas: "
 [1]  0.0579487385  0.1008282803  0.2041233390  0.3037011556  0.0004588964
 [6]  0.0082802727 -0.0032786135  0.0030580405  0.0049645646 -0.0017588688
[11] -0.0018537097  0.0015296832 -0.0037953612  0.0022187618 -0.0046225156
[16]  0.0008177034 -0.0158317685 -0.0014686322  0.0031356917 -0.0042259230
[21] -0.0108040113 -0.0003511209 -0.0003515149  0.0021343537  0.0048789660
[26] -0.0004301020  0.0158896786  0.0015747144 -0.0079897796 -0.0004556232
[1] "Standard Deviations of Betas: "
 [1] 0.08493170 0.08625073 0.08080672 0.08958153 0.09481535 0.07337360
 [7] 0.08938750 0.08667956 0.08974759 0.08140835 0.08479723 0.07666540
[13] 0.08794802 0.09348905 0.08252946 0.08469557 0.08695239 0.08704043
[19] 0.08359482 0.07062267 0.08643016 0.09347487 0.08266561 0.08743116
[25] 0.07584126 0.08445470 0.07512038 0.07170018 0.07579265 0.08115654
[1] "Average StdErrors for Betas: "
 [1] 0.03499492 0.03414771 0.03341245 0.03412501 0.03436970 0.03471475
 [7] 0.03412631 0.03511616 0.03443021 0.03431356 0.03470777 0.03417242
[13] 0.03392885 0.03453778 0.03435208 0.03538338 0.03462674 0.03415878
[19] 0.03401200 0.03397733 0.03424605 0.03479582 0.03514148 0.03373329
[25] 0.03498867 0.03411052 0.03450156 0.03428936 0.03424613 0.03462557
[1] "Positive rate for exposures: "
 [1] 0.520 0.730 0.965 0.985 0.415 0.300 0.385 0.400 0.370 0.410 0.420 0.340
[13] 0.430 0.345 0.370 0.335 0.465 0.360 0.410 0.295 0.370 0.405 0.345 0.370
[25] 0.365 0.420 0.320 0.345 0.335 0.305
[1] "Bonferroni-corrected positive rate for exposures: "
 [1] 0.215 0.465 0.900 0.975 0.190 0.110 0.165 0.165 0.150 0.180 0.140 0.135
[13] 0.155 0.185 0.135 0.115 0.180 0.145 0.130 0.110 0.205 0.170 0.135 0.150
[25] 0.185 0.145 0.115 0.110 0.140 0.150
