[1] "Average Estimates for Betas: "
 [1]  0.0498227152  0.1009309724  0.2001235824  0.3019658698 -0.0007607852
 [6]  0.0005972489 -0.0010292331  0.0002428630  0.0016679925 -0.0021739070
[11]  0.0003029389  0.0014349790  0.0012462410 -0.0001777576 -0.0012917141
[16] -0.0002956097 -0.0012051834  0.0014632708 -0.0006937719 -0.0009300896
[21] -0.0002356150 -0.0002450575 -0.0003642279 -0.0003588579  0.0007195803
[26] -0.0009577756 -0.0014463430 -0.0010478892  0.0009484300  0.0002258806
[1] "Standard Deviations of Betas: "
 [1] 0.01156572 0.01326987 0.01289562 0.01368506 0.01281862 0.01283374
 [7] 0.01392261 0.01337962 0.01267103 0.01288679 0.01377315 0.01216736
[13] 0.01234286 0.01311608 0.01165345 0.01248820 0.01308660 0.01274810
[19] 0.01077480 0.01209597 0.01223565 0.01154760 0.01372230 0.01402051
[25] 0.01362334 0.01293675 0.01293375 0.01156386 0.01311496 0.01289959
[1] "Average StdErrors for Betas: "
 [1] 0.01577957 0.01591007 0.01587675 0.01580945 0.01575076 0.01563751
 [7] 0.01566276 0.01588336 0.01576721 0.01563735 0.01635853 0.01571266
[13] 0.01558829 0.01587235 0.01563517 0.01608185 0.01542241 0.01559457
[19] 0.01583458 0.01571260 0.01556013 0.01577471 0.01569383 0.01546459
[25] 0.01600881 0.01604636 0.01588519 0.01558895 0.01584386 0.01557855
[1] "Positive rate for exposures: "
 [1] 0.925 1.000 1.000 1.000 0.020 0.020 0.030 0.035 0.010 0.025 0.035 0.020
[13] 0.015 0.030 0.015 0.010 0.010 0.035 0.005 0.030 0.025 0.005 0.050 0.015
[25] 0.020 0.015 0.015 0.005 0.015 0.020
[1] "Bonferroni-corrected positive rate for exposures: "
 [1] 0.580 0.990 1.000 1.000 0.000 0.000 0.000 0.000 0.000 0.000 0.000 0.000
[13] 0.000 0.000 0.000 0.005 0.000 0.000 0.000 0.000 0.000 0.000 0.000 0.005
[25] 0.000 0.005 0.000 0.000 0.000 0.000
