[1] "Average PIPs: "
 [1] 0.1390538687 0.9107756423 0.9977604202 1.0000000000 0.0003949277
 [6] 0.0003842719 0.0004043622 0.0003849593 0.0004279962 0.0004227373
[11] 0.0004073420 0.0003961191 0.0003865815 0.0004033255 0.0005652539
[16] 0.0003869258 0.0003841515 0.0003892807 0.0003831467 0.0004016459
[21] 0.0003860768 0.0003850759 0.0004148227 0.0003913015 0.0003889456
[26] 0.0003841950 0.0003992378 0.0003911925 0.0004029277 0.0004043942
[1] "Percent of time PIP >= 0.1: "
 [1] 0.150 0.925 1.000 1.000 0.000 0.000 0.000 0.000 0.000 0.000 0.000 0.000
[13] 0.000 0.000 0.000 0.000 0.000 0.000 0.000 0.000 0.000 0.000 0.000 0.000
[25] 0.000 0.000 0.000 0.000 0.000 0.000
[1] "Percent of time PIP >= 0.5: "
 [1] 0.135 0.915 1.000 1.000 0.000 0.000 0.000 0.000 0.000 0.000 0.000 0.000
[13] 0.000 0.000 0.000 0.000 0.000 0.000 0.000 0.000 0.000 0.000 0.000 0.000
[25] 0.000 0.000 0.000 0.000 0.000 0.000
[1] "Percent of time PIP >= 0.9: "
 [1] 0.135 0.900 0.995 1.000 0.000 0.000 0.000 0.000 0.000 0.000 0.000 0.000
[13] 0.000 0.000 0.000 0.000 0.000 0.000 0.000 0.000 0.000 0.000 0.000 0.000
[25] 0.000 0.000 0.000 0.000 0.000 0.000
