[1] "Average Estimates for Betas: "
 [1]  0.0498837416  0.1009212437  0.2001327328  0.3020164852 -0.0007279470
 [6]  0.0006230989 -0.0010542864  0.0002026748  0.0016418826 -0.0021737335
[11]  0.0003111343  0.0014171011  0.0012589660 -0.0001909091 -0.0012720968
[16] -0.0002831501 -0.0012244261  0.0014542497 -0.0007674848 -0.0009410857
[21] -0.0002147438 -0.0002298589 -0.0004542569 -0.0003346777  0.0007340473
[26] -0.0009534426 -0.0013959713 -0.0010750410  0.0009397497  0.0002484439
[1] "Standard Deviations of Betas: "
 [1] 0.01156188 0.01329396 0.01285691 0.01363385 0.01272574 0.01276568
 [7] 0.01394026 0.01332253 0.01259386 0.01281351 0.01375637 0.01212286
[13] 0.01228544 0.01311797 0.01160600 0.01243445 0.01305782 0.01269992
[19] 0.01078390 0.01202181 0.01219362 0.01152199 0.01369949 0.01397975
[25] 0.01363489 0.01288454 0.01286632 0.01154101 0.01304135 0.01286121
[1] "Average StdErrors for Betas: "
 [1] 0.01712142 0.01724539 0.01721105 0.01714112 0.01704962 0.01697309
 [7] 0.01700589 0.01721070 0.01710982 0.01694783 0.01775399 0.01702021
[13] 0.01692001 0.01722970 0.01698268 0.01745020 0.01668445 0.01690140
[19] 0.01715225 0.01703143 0.01686119 0.01712605 0.01700301 0.01677774
[25] 0.01737826 0.01739617 0.01720735 0.01689540 0.01716183 0.01690849
[1] "Positive rate for exposures: "
 [1] 0.880 1.000 1.000 1.000 0.010 0.010 0.030 0.020 0.010 0.020 0.010 0.010
[13] 0.005 0.025 0.015 0.005 0.010 0.030 0.005 0.015 0.015 0.000 0.035 0.015
[25] 0.005 0.005 0.005 0.005 0.000 0.010
[1] "Bonferroni-corrected positive rate for exposures: "
 [1] 0.375 0.975 1.000 1.000 0.000 0.000 0.000 0.000 0.000 0.000 0.000 0.000
[13] 0.000 0.000 0.000 0.000 0.000 0.000 0.000 0.000 0.000 0.000 0.000 0.000
[25] 0.000 0.005 0.000 0.000 0.000 0.000
