[1] "Average Estimates for Betas: "
 [1]  4.992358e-02  1.009615e-01  2.002012e-01  3.019977e-01 -8.138991e-04
 [6]  1.067895e-03 -7.611420e-04  4.458799e-04  1.698797e-03 -1.623014e-03
[11]  5.620809e-04  1.041885e-03  9.592595e-04 -2.048571e-06 -1.494627e-03
[16] -5.734343e-04 -1.026826e-03  1.529842e-03 -1.037943e-03 -1.541903e-03
[21]  2.323475e-06 -4.302373e-04 -3.415330e-04 -3.281853e-04  8.230158e-04
[26] -9.260462e-04 -1.726764e-03 -1.215243e-03  9.069422e-04  2.111864e-04
[1] "Standard Deviations of Betas: "
 [1] 0.01209735 0.01412427 0.01300784 0.01461989 0.01326040 0.01337491
 [7] 0.01470276 0.01409499 0.01317439 0.01373270 0.01524877 0.01292313
[13] 0.01297211 0.01376966 0.01204850 0.01317167 0.01365487 0.01304828
[19] 0.01142643 0.01244745 0.01289674 0.01246376 0.01469630 0.01410349
[25] 0.01424410 0.01324604 0.01370438 0.01218044 0.01290212 0.01309830
[1] "Average StdErrors for Betas: "
 [1] 0.01800341 0.01845718 0.01887262 0.01861336 0.01817087 0.01796845
 [7] 0.01848480 0.01825390 0.01787342 0.01831717 0.01954591 0.01871333
[13] 0.01853379 0.01805986 0.01812361 0.01820059 0.01772932 0.01751156
[19] 0.01886198 0.01849069 0.01791669 0.01828199 0.01821609 0.01815734
[25] 0.01784926 0.01812998 0.01811839 0.01794888 0.01819253 0.01799186
[1] "Positive rate for exposures: "
 [1] 0.827411168 0.994923858 1.000000000 1.000000000 0.025380711 0.020304569
 [7] 0.050761421 0.020304569 0.025380711 0.035532995 0.030456853 0.010152284
[13] 0.010152284 0.035532995 0.020304569 0.015228426 0.020304569 0.025380711
[19] 0.000000000 0.020304569 0.025380711 0.005076142 0.040609137 0.035532995
[25] 0.025380711 0.015228426 0.025380711 0.000000000 0.020304569 0.015228426
[1] "Bonferroni-corrected positive rate for exposures: "
 [1] 0.385786802 0.944162437 1.000000000 1.000000000 0.005076142 0.000000000
 [7] 0.005076142 0.000000000 0.000000000 0.000000000 0.000000000 0.000000000
[13] 0.000000000 0.000000000 0.000000000 0.000000000 0.000000000 0.005076142
[19] 0.000000000 0.000000000 0.005076142 0.000000000 0.005076142 0.005076142
[25] 0.000000000 0.000000000 0.000000000 0.000000000 0.000000000 0.000000000
