[1] "Average Estimates for Betas: "
 [1]  0.0501389062  0.1007893387  0.1998922360  0.3022257865 -0.0007594657
 [6]  0.0005853649 -0.0008502257  0.0000521920  0.0014474145 -0.0019172703
[11]  0.0003201753  0.0015916270  0.0013706133  0.0001482298 -0.0013149731
[16] -0.0002668711 -0.0010207147  0.0012643704 -0.0005493679 -0.0007198641
[21] -0.0001896929 -0.0004668259 -0.0006435837 -0.0004334618  0.0006482679
[26] -0.0008964268 -0.0014170676 -0.0012447878  0.0009819295  0.0005196146
[1] "Standard Deviations of Betas: "
 [1] 0.01167628 0.01353865 0.01272596 0.01356137 0.01280856 0.01274063
 [7] 0.01417251 0.01343245 0.01226498 0.01251830 0.01365975 0.01196028
[13] 0.01252326 0.01321280 0.01170954 0.01248041 0.01323719 0.01279744
[19] 0.01102593 0.01196514 0.01241822 0.01112404 0.01340434 0.01397114
[25] 0.01376801 0.01283122 0.01308844 0.01188428 0.01321607 0.01287150
[1] "Average StdErrors for Betas: "
 [1] 0.01531701 0.01545905 0.01543644 0.01539040 0.01530643 0.01522642
 [7] 0.01521910 0.01544295 0.01533638 0.01517005 0.01591543 0.01526476
[13] 0.01515952 0.01542063 0.01517168 0.01560763 0.01498483 0.01514262
[19] 0.01536948 0.01526575 0.01510088 0.01532752 0.01525611 0.01506862
[25] 0.01557896 0.01555146 0.01543394 0.01514393 0.01540494 0.01513086
[1] "Positive rate for exposures: "
 [1] 0.930 1.000 1.000 1.000 0.015 0.020 0.030 0.030 0.020 0.035 0.035 0.020
[13] 0.015 0.030 0.025 0.010 0.020 0.035 0.010 0.035 0.015 0.000 0.050 0.030
[25] 0.030 0.010 0.020 0.010 0.020 0.015
[1] "Bonferroni-corrected positive rate for exposures: "
 [1] 0.630 0.985 1.000 1.000 0.000 0.000 0.000 0.000 0.000 0.000 0.000 0.000
[13] 0.000 0.000 0.000 0.000 0.000 0.000 0.000 0.000 0.000 0.000 0.000 0.005
[25] 0.000 0.005 0.000 0.000 0.000 0.000
