[1] "Average Estimates for Betas: "
 [1]  5.027336e-02  1.010905e-01  2.004193e-01  3.010047e-01  1.578477e-04
 [6]  2.405830e-04 -1.797612e-04 -6.231901e-04  6.539537e-04 -2.038165e-03
[11]  3.208801e-04  1.260309e-03  8.900556e-04  1.123718e-04 -1.324562e-03
[16] -5.134465e-04 -1.744106e-03  1.150922e-03 -1.274861e-03 -1.082402e-03
[21] -2.362487e-05 -8.113696e-04 -5.563486e-04 -2.378044e-04  3.412108e-05
[26] -2.395136e-04 -1.042166e-03 -1.301590e-03  1.182828e-03 -1.507077e-04
[1] "Standard Deviations of Betas: "
 [1] 0.01344965 0.01414856 0.01322369 0.02078765 0.01414116 0.01342014
 [7] 0.01471333 0.01380509 0.01818517 0.01320951 0.01372111 0.01233751
[13] 0.01244962 0.01372449 0.01131938 0.01296103 0.01478901 0.01267506
[19] 0.01475753 0.01203691 0.01291056 0.01283544 0.01369997 0.01411763
[25] 0.01959578 0.01864468 0.01348519 0.01200642 0.01344431 0.01270200
[1] "Average StdErrors for Betas: "
 [1] 0.01812030 0.01798159 0.01804846 0.01834408 0.01792541 0.01729627
 [7] 0.01722392 0.01745300 0.01802447 0.01721684 0.01800039 0.01737713
[13] 0.01721922 0.01824462 0.01714384 0.01784860 0.01707657 0.01707725
[19] 0.01803982 0.01766974 0.01718231 0.01774912 0.01842693 0.01709997
[25] 0.01882944 0.01827871 0.01755746 0.01705609 0.01755995 0.01718753
[1] "Positive rate for exposures: "
 [1] 0.880 0.995 0.995 0.995 0.005 0.015 0.045 0.020 0.005 0.020 0.025 0.005
[13] 0.000 0.015 0.010 0.005 0.020 0.025 0.005 0.005 0.015 0.000 0.020 0.015
[25] 0.015 0.005 0.005 0.010 0.000 0.005
[1] "Bonferroni-corrected positive rate for exposures: "
 [1] 0.415 0.970 0.995 0.995 0.000 0.000 0.000 0.000 0.000 0.000 0.000 0.000
[13] 0.000 0.000 0.000 0.000 0.000 0.000 0.000 0.000 0.000 0.000 0.000 0.005
[25] 0.000 0.005 0.000 0.000 0.000 0.000
