[1] "Average Estimates for Betas: "
 [1]  5.132297e-02  1.001020e-01  2.002898e-01  2.995856e-01 -1.180727e-03
 [6]  1.794274e-03  6.410792e-04  6.577216e-04 -1.891353e-03  2.350574e-03
[11]  9.803744e-04 -5.923538e-04 -2.065512e-04  6.680252e-04  4.117265e-04
[16]  6.484156e-04 -3.165131e-04  1.491393e-03  1.226711e-03  2.413306e-03
[21]  2.150971e-03  5.023278e-04 -1.127805e-03  9.206229e-05 -2.763195e-03
[26] -2.397433e-04  4.471916e-04 -3.298400e-04 -2.406186e-03  1.565835e-03
[1] "Standard Deviations of Betas: "
 [1] 0.01700895 0.02000477 0.01875443 0.01915476 0.01867268 0.01725327
 [7] 0.01803991 0.01731115 0.01914257 0.01672147 0.01901919 0.01735163
[13] 0.01794252 0.01869710 0.01934230 0.01696284 0.01816441 0.01785842
[19] 0.01846120 0.01744769 0.01847366 0.01766029 0.01651924 0.01852454
[25] 0.01792943 0.01871411 0.01740904 0.01798880 0.01885868 0.01729389
[1] "Average StdErrors for Betas: "
 [1] 0.02417620 0.02414031 0.02375729 0.02411202 0.02489288 0.02405604
 [7] 0.02343953 0.02442284 0.02334861 0.02553510 0.02381072 0.02492238
[13] 0.02431266 0.02423654 0.02495843 0.02439203 0.02420765 0.02456915
[19] 0.02547605 0.02476725 0.02415911 0.02419474 0.02414980 0.02390105
[25] 0.02452690 0.02432431 0.02407217 0.02352957 0.02489995 0.02366927
[1] "Positive rate for exposures: "
 [1] 0.625641026 0.969230769 1.000000000 1.000000000 0.015384615 0.025641026
 [7] 0.025641026 0.015384615 0.015384615 0.005128205 0.035897436 0.030769231
[13] 0.010256410 0.030769231 0.015384615 0.020512821 0.025641026 0.010256410
[19] 0.010256410 0.020512821 0.025641026 0.035897436 0.020512821 0.015384615
[25] 0.020512821 0.015384615 0.015384615 0.046153846 0.030769231 0.020512821
[1] "Bonferroni-corrected positive rate for exposures: "
 [1] 0.158974359 0.784615385 0.994871795 1.000000000 0.000000000 0.000000000
 [7] 0.000000000 0.000000000 0.000000000 0.000000000 0.000000000 0.000000000
[13] 0.005128205 0.000000000 0.000000000 0.000000000 0.000000000 0.000000000
[19] 0.000000000 0.000000000 0.005128205 0.000000000 0.000000000 0.005128205
[25] 0.000000000 0.000000000 0.000000000 0.000000000 0.005128205 0.000000000
