[1] "Average Estimates for Betas: "
 [1]  5.014560e-02  9.918383e-02  2.002935e-01  2.998475e-01 -1.446604e-03
 [6]  1.605099e-03  8.808467e-04  8.339265e-04 -1.762313e-03  1.789314e-03
[11]  5.404817e-04 -1.197601e-04  8.772184e-06  1.112176e-03 -3.015561e-04
[16]  6.636291e-04 -5.886934e-04  1.708421e-03  1.872614e-03  1.739229e-03
[21]  9.733718e-04  7.632668e-04 -4.322868e-04 -6.884104e-04 -1.752702e-03
[26]  8.111124e-04 -5.277115e-05 -1.575095e-04 -1.771817e-03  7.527186e-04
[1] "Standard Deviations of Betas: "
 [1] 0.01532548 0.01779340 0.01767064 0.01597724 0.01729971 0.01641476
 [7] 0.01650699 0.01662584 0.01712566 0.01581052 0.01724643 0.01686891
[13] 0.01611725 0.01713441 0.01575327 0.01622838 0.01743171 0.01616723
[19] 0.01741718 0.01568444 0.01701804 0.01592855 0.01553772 0.01692431
[25] 0.01568236 0.01741333 0.01647125 0.01617066 0.01618652 0.01691742
[1] "Average StdErrors for Betas: "
 [1] 0.02341305 0.02383838 0.02347648 0.02339279 0.02380541 0.02344637
 [7] 0.02309988 0.02400898 0.02337086 0.02352074 0.02330081 0.02350756
[13] 0.02332550 0.02349356 0.02384217 0.02384478 0.02341614 0.02355216
[19] 0.02405550 0.02309070 0.02367043 0.02343489 0.02305049 0.02320071
[25] 0.02316226 0.02331149 0.02367309 0.02282308 0.02344985 0.02323144
[1] "Positive rate for exposures: "
 [1] 0.620 0.995 1.000 1.000 0.005 0.015 0.015 0.020 0.005 0.005 0.015 0.010
[13] 0.010 0.010 0.005 0.000 0.010 0.010 0.005 0.005 0.005 0.005 0.005 0.010
[25] 0.000 0.010 0.005 0.010 0.010 0.010
[1] "Bonferroni-corrected positive rate for exposures: "
 [1] 0.095 0.815 1.000 1.000 0.000 0.000 0.000 0.000 0.000 0.000 0.000 0.000
[13] 0.000 0.000 0.000 0.000 0.000 0.000 0.000 0.000 0.000 0.000 0.000 0.000
[25] 0.000 0.000 0.000 0.000 0.000 0.000
