[1] "Average PIPs: "
 [1] 0.077440870 0.746530278 0.999965041 1.000000000 0.001339789 0.001304736
 [7] 0.001383804 0.001447772 0.001327568 0.001338495 0.001516498 0.001285793
[13] 0.001337121 0.001446827 0.001344501 0.001288095 0.001514145 0.001350276
[19] 0.001676244 0.001547080 0.001418967 0.001377353 0.001337707 0.001422545
[25] 0.001450639 0.001330840 0.001368646 0.001364012 0.001380638 0.001370471
[1] "Percent of time PIP >= 0.1: "
 [1] 0.14 0.89 1.00 1.00 0.00 0.00 0.00 0.00 0.00 0.00 0.00 0.00 0.00 0.00 0.00
[16] 0.00 0.00 0.00 0.00 0.00 0.00 0.00 0.00 0.00 0.00 0.00 0.00 0.00 0.00 0.00
[1] "Percent of time PIP >= 0.5: "
 [1] 0.055 0.765 1.000 1.000 0.000 0.000 0.000 0.000 0.000 0.000 0.000 0.000
[13] 0.000 0.000 0.000 0.000 0.000 0.000 0.000 0.000 0.000 0.000 0.000 0.000
[25] 0.000 0.000 0.000 0.000 0.000 0.000
[1] "Percent of time PIP >= 0.9: "
 [1] 0.005 0.570 1.000 1.000 0.000 0.000 0.000 0.000 0.000 0.000 0.000 0.000
[13] 0.000 0.000 0.000 0.000 0.000 0.000 0.000 0.000 0.000 0.000 0.000 0.000
[25] 0.000 0.000 0.000 0.000 0.000 0.000
