[1] "Average Estimates for Betas: "
 [1]  5.066147e-02  9.906845e-02  1.999403e-01  2.995914e-01 -1.012585e-03
 [6]  1.758009e-03  9.699398e-05  1.979769e-04 -1.668764e-03  2.347664e-03
[11]  8.048660e-04 -3.153433e-04 -1.289046e-04  8.545966e-04 -1.615822e-04
[16]  3.496633e-04 -5.925791e-04  1.826248e-03  1.320679e-03  1.992177e-03
[21]  1.059753e-03  5.125179e-04 -6.347275e-04 -2.417246e-04 -2.186373e-03
[26]  4.482835e-04 -3.048694e-04 -4.297984e-04 -2.281398e-03  1.455760e-03
[1] "Standard Deviations of Betas: "
 [1] 0.01656373 0.01852926 0.01801373 0.01747366 0.01767570 0.01643757
 [7] 0.01731965 0.01653930 0.01755370 0.01651422 0.01892866 0.01699048
[13] 0.01679688 0.01789394 0.01882225 0.01583573 0.01765613 0.01661483
[19] 0.01818776 0.01640465 0.01777524 0.01660551 0.01584831 0.01767220
[25] 0.01647399 0.01776508 0.01676354 0.01727367 0.01769381 0.01668671
[1] "Average StdErrors for Betas: "
 [1] 0.02344772 0.02390728 0.02330524 0.02343048 0.02364352 0.02327434
 [7] 0.02294722 0.02384117 0.02338532 0.02375669 0.02353131 0.02334737
[13] 0.02317032 0.02358272 0.02395783 0.02368656 0.02324212 0.02338804
[19] 0.02430288 0.02295182 0.02349337 0.02327500 0.02290358 0.02306101
[25] 0.02301319 0.02339945 0.02350215 0.02293180 0.02355139 0.02332465
[1] "Positive rate for exposures: "
 [1] 0.635 0.995 1.000 1.000 0.010 0.005 0.010 0.020 0.010 0.005 0.015 0.010
[13] 0.005 0.015 0.005 0.000 0.015 0.010 0.000 0.005 0.005 0.010 0.010 0.010
[25] 0.000 0.005 0.005 0.025 0.010 0.005
[1] "Bonferroni-corrected positive rate for exposures: "
 [1] 0.130 0.815 1.000 1.000 0.000 0.000 0.000 0.000 0.000 0.000 0.000 0.000
[13] 0.000 0.000 0.000 0.000 0.000 0.000 0.000 0.000 0.000 0.000 0.000 0.000
[25] 0.000 0.000 0.000 0.000 0.000 0.000
