[1] "Average Estimates for Betas: "
 [1]  5.079297e-02  9.890726e-02  1.998925e-01  2.995457e-01 -1.032974e-03
 [6]  1.768683e-03  1.100984e-04  1.864026e-04 -1.533860e-03  2.356963e-03
[11]  7.743850e-04 -3.062592e-04 -1.356226e-04  6.493442e-04  3.822051e-05
[16]  3.355713e-04 -5.922202e-04  1.820268e-03  1.127224e-03  1.998594e-03
[21]  1.037367e-03  4.958609e-04 -6.408964e-04 -2.627334e-04 -2.156839e-03
[26]  4.480184e-04 -3.006868e-04 -1.918624e-04 -2.104915e-03  1.375729e-03
[1] "Standard Deviations of Betas: "
 [1] 0.01695652 0.01825714 0.01801535 0.01745867 0.01767371 0.01643185
 [7] 0.01731169 0.01653668 0.01752940 0.01656730 0.01845090 0.01699243
[13] 0.01677484 0.01752900 0.02006704 0.01583463 0.01766225 0.01661877
[19] 0.01847881 0.01640137 0.01777731 0.01659721 0.01583818 0.01766959
[25] 0.01648537 0.01772253 0.01678276 0.01744386 0.01699125 0.01671624
[1] "Average StdErrors for Betas: "
 [1] 0.02171136 0.02206180 0.02151633 0.02167862 0.02186119 0.02147809
 [7] 0.02117889 0.02201712 0.02158622 0.02200362 0.02185079 0.02154554
[13] 0.02139231 0.02179731 0.02218123 0.02186492 0.02144860 0.02159378
[19] 0.02249959 0.02116232 0.02166723 0.02148402 0.02113372 0.02128344
[25] 0.02126229 0.02165512 0.02168621 0.02121885 0.02178115 0.02153464
[1] "Positive rate for exposures: "
 [1] 0.710 0.990 1.000 1.000 0.020 0.010 0.025 0.020 0.015 0.010 0.030 0.015
[13] 0.020 0.020 0.010 0.005 0.030 0.010 0.015 0.010 0.015 0.010 0.015 0.015
[25] 0.020 0.020 0.020 0.030 0.020 0.020
[1] "Bonferroni-corrected positive rate for exposures: "
 [1] 0.225 0.870 1.000 1.000 0.000 0.000 0.000 0.000 0.000 0.000 0.005 0.000
[13] 0.000 0.000 0.000 0.000 0.000 0.000 0.000 0.000 0.000 0.000 0.000 0.000
[25] 0.000 0.000 0.000 0.000 0.000 0.000
