[1] "Average Estimates for Betas: "
 [1]  5.116466e-02  9.975815e-02  2.005331e-01  2.992075e-01 -1.361183e-03
 [6]  1.515129e-03  6.895260e-04  5.058383e-04 -2.171716e-03  2.464808e-03
[11]  9.019164e-04 -3.481780e-04 -2.555481e-04  5.793185e-04  4.812315e-06
[16]  4.501555e-04 -6.847757e-04  1.563348e-03  1.146993e-03  2.322135e-03
[21]  1.955520e-03  4.705236e-04 -9.758207e-04  2.106930e-05 -2.871815e-03
[26]  3.730450e-05  5.995755e-04 -2.399966e-05 -1.982164e-03  1.583346e-03
[1] "Standard Deviations of Betas: "
 [1] 0.01669672 0.01923372 0.01875541 0.01874720 0.01849947 0.01714660
 [7] 0.01809424 0.01731695 0.01940023 0.01665805 0.01865118 0.01739873
[13] 0.01787712 0.01846472 0.01764715 0.01692406 0.01807818 0.01783664
[19] 0.01776916 0.01740590 0.01839632 0.01760643 0.01658597 0.01851300
[25] 0.01786763 0.01837548 0.01732343 0.01761419 0.01797941 0.01713433
[1] "Average StdErrors for Betas: "
 [1] 0.02401252 0.02378963 0.02371351 0.02373742 0.02473182 0.02406375
 [7] 0.02347970 0.02435833 0.02313586 0.02483577 0.02346153 0.02488718
[13] 0.02421089 0.02390356 0.02462187 0.02435288 0.02404649 0.02452319
[19] 0.02481061 0.02464121 0.02403627 0.02389653 0.02415039 0.02376096
[25] 0.02469315 0.02409793 0.02398690 0.02326877 0.02442888 0.02333868
[1] "Positive rate for exposures: "
 [1] 0.622448980 0.969387755 1.000000000 1.000000000 0.015306122 0.025510204
 [7] 0.025510204 0.015306122 0.015306122 0.005102041 0.040816327 0.030612245
[13] 0.010204082 0.030612245 0.015306122 0.020408163 0.025510204 0.010204082
[19] 0.010204082 0.020408163 0.025510204 0.040816327 0.020408163 0.015306122
[25] 0.020408163 0.015306122 0.015306122 0.045918367 0.030612245 0.020408163
[1] "Bonferroni-corrected positive rate for exposures: "
 [1] 0.163265306 0.785714286 0.994897959 1.000000000 0.000000000 0.000000000
 [7] 0.000000000 0.000000000 0.000000000 0.000000000 0.000000000 0.000000000
[13] 0.005102041 0.000000000 0.000000000 0.000000000 0.000000000 0.000000000
[19] 0.000000000 0.000000000 0.005102041 0.000000000 0.000000000 0.005102041
[25] 0.000000000 0.000000000 0.000000000 0.000000000 0.005102041 0.000000000
