[1] "Average Estimates for Betas: "
 [1]  0.051247788  0.107519752  0.183841011  0.311444773 -0.003638313
 [6]  0.005322823 -0.004035934 -0.003648895 -0.002512463  0.004954457
[11]  0.015209546 -0.014556087 -0.010745190 -0.019898673  0.010698603
[16]  0.013511354 -0.032026987  0.024709829  0.017998583 -0.006207090
[21]  0.001198854 -0.002596507  0.024974624 -0.022429952 -0.013941415
[26] -0.008807889 -0.008582268  0.000311247  0.007453572  0.021562307
[1] "Standard Deviations of Betas: "
 [1] 0.2088246 0.2346972 0.2214591 0.2593960 0.1860321 0.2535665 0.2441210
 [8] 0.1969866 0.2348572 0.2227773 0.2741041 0.2099932 0.1702337 0.2152416
[15] 0.2437208 0.2710887 0.2467222 0.2179608 0.1822589 0.2187158 0.2589878
[22] 0.2175909 0.2784920 0.2382759 0.2815493 0.2093315 0.2394385 0.1830552
[29] 0.1988369 0.2251976
[1] "Average StdErrors for Betas: "
 [1] 0.09826082 0.10306207 0.10473058 0.10252819 0.09617867 0.09506136
 [7] 0.10164302 0.10383026 0.09574767 0.10535907 0.10670760 0.10145627
[13] 0.09096228 0.10921188 0.10361201 0.09894049 0.09747224 0.09698336
[19] 0.09562690 0.09331902 0.09491522 0.09938967 0.10857751 0.10735954
[25] 0.10031824 0.10519271 0.10436674 0.10257219 0.10263064 0.09756071
[1] "Positive rate for exposures: "
 [1] 0.3005181 0.4974093 0.6683938 0.8082902 0.1709845 0.2331606 0.2435233
 [8] 0.1865285 0.2331606 0.2072539 0.2279793 0.1502591 0.2331606 0.1709845
[15] 0.2124352 0.2124352 0.2746114 0.2020725 0.2072539 0.2331606 0.2694301
[22] 0.2590674 0.2538860 0.1606218 0.2694301 0.2279793 0.2279793 0.1658031
[29] 0.1658031 0.2176166
[1] "Q-value positive rate for exposures: "
 [1] 0.18134715 0.41968912 0.55958549 0.70466321 0.08808290 0.15544041
 [7] 0.13989637 0.11917098 0.12953368 0.11917098 0.15544041 0.09326425
[13] 0.10880829 0.08290155 0.12953368 0.13471503 0.15544041 0.12953368
[19] 0.09844560 0.14507772 0.14507772 0.14507772 0.16062176 0.10362694
[25] 0.18134715 0.13471503 0.11917098 0.08808290 0.08290155 0.13471503
[1] "Precision/Recall/F1 based on p-values:"
[1] 0.2882469 0.5686528 0.3825708
[1] "Precision/Recall/F1 based on Q-values:"
[1] 0.3625378 0.4663212 0.4079320
