[1] "Average Estimates for Betas: "
 [1]  5.272977e-02  1.032520e-01  1.974881e-01  2.960386e-01  1.124301e-03
 [6] -1.363239e-03  4.969754e-03 -4.326298e-03 -1.382433e-02 -1.145485e-04
[11]  2.173284e-03  1.131227e-03 -1.175001e-03  1.149348e-02  1.306805e-02
[16] -6.085354e-03 -8.690627e-03 -7.604636e-05  6.603083e-03 -1.264441e-02
[21] -3.261039e-03 -5.504250e-04  4.670815e-03 -2.124081e-03  5.918435e-03
[26]  4.398441e-03  4.998026e-04  5.235568e-03 -2.783728e-03  5.706151e-03
[1] "Standard Deviations of Betas: "
 [1] 0.07300554 0.08868417 0.08620356 0.07853293 0.07147358 0.07889031
 [7] 0.06581948 0.07064911 0.09233515 0.07007517 0.06488661 0.07197282
[13] 0.06946046 0.07628661 0.07603990 0.05828253 0.07602193 0.09331814
[19] 0.08458775 0.06148692 0.06789652 0.06380226 0.07737610 0.07477192
[25] 0.07350270 0.05875932 0.08814295 0.06649959 0.07652544 0.08201448
[1] "Average StdErrors for Betas: "
 [1] 0.03458973 0.03939526 0.04054690 0.03835451 0.03713150 0.03534814
 [7] 0.03676305 0.03936650 0.04385588 0.03739572 0.03727800 0.03884613
[13] 0.03829284 0.03475624 0.03970296 0.03452898 0.03742394 0.03610556
[19] 0.03771922 0.04001974 0.03600044 0.03773882 0.03676291 0.03494413
[25] 0.03388200 0.03237181 0.04009380 0.03921548 0.04195770 0.03907749
[1] "Positive rate for exposures: "
 [1] 0.5217391 0.7771739 0.9293478 0.9728261 0.1847826 0.1684783 0.1684783
 [8] 0.2554348 0.1358696 0.1630435 0.1576087 0.2010870 0.1195652 0.1847826
[15] 0.1739130 0.1902174 0.2282609 0.1413043 0.1467391 0.1467391 0.1684783
[22] 0.1521739 0.1250000 0.1902174 0.2228261 0.1684783 0.1847826 0.1847826
[29] 0.1793478 0.2010870
[1] "Q-value positive rate for exposures: "
 [1] 0.38043478 0.64673913 0.86956522 0.94565217 0.10869565 0.11956522
 [7] 0.07065217 0.14673913 0.05434783 0.09239130 0.08152174 0.09782609
[13] 0.07608696 0.09239130 0.10869565 0.09239130 0.14673913 0.06521739
[19] 0.07608696 0.07608696 0.12500000 0.09239130 0.07608696 0.10326087
[25] 0.12500000 0.09782609 0.09782609 0.10869565 0.10326087 0.11956522
[1] "Precision/Recall/F1 based on p-values:"
[1] 0.4133333 0.8002717 0.5451180
[1] "Precision/Recall/F1 based on Q-values:"
[1] 0.5266868 0.7105978 0.6049740
