1 0.0596527967919444 0.0218409302424927 1 0.18220978160165 0.0676646147645215 1 0.111951222636288 0.0746996420881988 0.0210026080160459 0.0199181962601892 0.999999997289092 0.0218963357135438 0.0272767631621178 0.0533061900754512 0.0197805093801925 0.0734299901638322 0.0451883365736739 0.0191716815828047 0.0631990051401272 0.0787933011560225 0.0257592288577621 0.0449815666148984 0.0224150259555773 0.0195842243940375 0.0284482024623671 0.300300796645592 0.165139634872089 0.220463262006268 0.999999999048225
0.0114190385773522 1 0.999997062027531 1 0.00758408314595038 0.0109275333699803 0.00637872374946591 0.829177657483327 0.00719539641368849 1 0.00757039556547534 0.00918984951126811 0.00955000688437635 0.00678284880608482 0.00913474300060468 0.00655527593540528 0.00661784147688249 0.00673286410057017 0.0111338009687248 0.072841767953736 0.00629703110757196 0.00906525450378193 0.0109357191270038 0.00689593117585685 0.00636026743114271 0.00850631668616064 0.00643566280330388 0.00766654512034903 0.0062853254808658 0.00665552401253167
0.999905354140057 0.999999999999933 1 1 0.0225527866384816 0.999999999999951 0.999984916854239 0.107769116626078 0.0225155094056879 0.0764489027633868 0.0549055087354759 0.0289742920808015 0.0294022508015299 0.11660682485273 0.0280389353161673 1 0.0223476178571379 0.0331448591528787 1 0.0259296538432823 0.0231871418979155 0.0612226652418264 0.0228577053950375 0.0248771030765812 0.0226306135951935 0.0645015641019057 0.0695747200083091 0.0252064638000681 0.0639516893204524 0.0287367698719353
0.999999999999989 0.999999999999743 1 1 0.999999983791476 1.20333067004097e-05 1.28048923896396e-05 0.999999999999982 1.36956996684701e-05 8.92095818383343e-06 8.43415646545331e-06 8.24797290677193e-06 1.1030537069856e-05 1.79143797788273e-05 1.22302595214618e-05 2.20133627006902e-05 1.02503651252528e-05 6.81325897373686e-05 9.22383593543463e-05 8.29683204695009e-06 9.05147745522417e-06 2.61036932109882e-05 8.28498764504637e-06 1.05469555305993e-05 2.34793635781605e-05 9.09071158783359e-06 9.51951008787422e-06 1.68203766829356e-05 1.29735684485377e-05 1.11293289428716e-05
0.482635114385737 0.999999994895626 1 1 0.0994733198937955 0.043666704924019 0.0511650294611415 0.0382135065670234 0.0726193436142839 0.0764017391887525 0.998938476825089 0.0627894509995848 0.0581572140699035 0.11286398841144 0.0362863075171501 0.0851863824887299 0.0544629823934726 0.0351067867091049 0.0407359738576726 0.0646347977665436 0.0705284044440619 0.100378333483375 0.0459235731710186 0.0390012405515703 0.0595531942468455 0.0470553911156316 1 0.0883703333177548 0.0419974861378933 0.184895626485053
0.0120631092240139 0.99999999999998 0.999999999842991 1 0.00268285519945788 0.00280570819793002 0.00206805063281368 0.00201322530527748 0.00177673409959733 0.00306467184341852 0.00162861097807177 0.00168282953458898 0.00227842332405903 0.00173394135571991 0.00196369396932194 0.00165942648122253 0.00164262688936634 0.0366111916402891 0.00398333848942034 1 0.00349150775669782 0.99999999999995 0.00163357677400378 0.00295794657408799 0.00357579298983757 0.00171212353760974 0.0016345548155926 0.00182260070953422 0.00162944709962831 0.00169999732928894
0.273345321518218 1 1 1 0.0308282420516799 0.0773295275517707 0.10404673501139 0.0398221964137653 0.0965981342721552 0.0294347643037635 0.0353188724797223 0.109533700921115 0.0361801318774653 0.0291409442984248 0.106580379155557 0.0292706504262485 0.0291117304275841 0.039022629531631 0.0434960930718625 0.036475069743555 0.033256911382418 0.0292041026491313 0.0301479327909235 0.0967615627593046 0.999975172814861 0.0869147154336171 0.0289804000846996 0.0981210595454286 0.11169737608261 0.0296541193271751
0.00293522240453703 0.0153065863986066 1 0.999999999999946 0.00279694517079376 0.000976605240792017 0.000946564031119923 0.00094410514251364 0.00327665752255191 1 0.00107593366305303 0.00154071523976684 0.000936339897531502 0.00265320997243779 0.00153081811733513 0.000990208364545775 0.0010760264605485 0.00112063167683651 0.999178089245327 0.00269090573511155 0.000997777259896138 0.00206039053949669 0.00161535326900586 0.00116214749007526 1 0.00135772986448723 0.00338225176119256 0.000986996604331325 0.00250578113499866 0.000937378407694367
0.242486546908856 0.999999999999197 0.0182811037408008 1 0.0176740052996911 0.0431905006642329 0.0208885663363917 0.0231402761205601 0.017977675151556 0.0311782551849366 0.189140532604846 0.019442282526572 0.019564506940229 1 0.0230616179801042 0.999999982472585 0.0197250216706863 0.0499744451116227 0.0191114172471039 0.0632847635197813 0.999999999977757 0.177583834292254 0.0180480959506815 0.0174072694648589 0.0310003456594992 0.0300714622597402 0.0289927150796434 0.0173766505955266 0.0293438822990408 0.0194188257180108
0.0914181774725192 0.999992777015494 1 1 0.0769649435894373 0.0383126486226776 0.0397306198163231 0.0427699538595508 0.258064992226914 0.0729201195524147 0.144609287121599 0.133032594091327 0.0845820659187485 0.0479960579521547 0.0382220969702283 0.0461584296781627 0.128439525339018 0.0619163602627851 0.0450494478213386 0.0518898724292267 0.305219769389845 0.0758885694975516 0.0616405898829876 0.0627908675803045 0.986460007799683 0.119480993264428 0.374181367826231 0.0512439710330762 0.0415264833983342 0.422529601065419
0.0635659448697875 0.999999999713384 0.177484990585177 0.9999999999998 0.0938942044307176 0.0248601548048522 0.02026104462897 0.0799611324938752 0.0769500406134601 0.0256274007958746 0.0292652152841217 0.0190305475064332 0.26100646628824 0.0265814499909575 1 0.0302577650473109 0.0193546572425872 0.435715799994262 0.087194334298462 0.0214421883988324 0.04874485218041 0.0197069930369361 0.0750179135136483 0.0423047193298287 0.0190112990083661 1 0.069914440274597 0.143183207184689 0.381656018429755 0.0261456456250195
0.00881935244128296 0.0503608364309188 0.999999999978147 1 0.00882258264392743 0.00873036926537252 0.0209107307208602 0.0107253514337158 1 0.0107777958755697 0.0921562463935117 0.0103063645283531 0.010149411305537 0.00872751530434557 0.00915872498149961 0.999999999999994 0.0146881449352618 0.00882236583872564 0.0191770063974939 0.0155775619587369 0.0179758606818918 0.0105764981486608 0.0135195312212553 0.0352831669746864 1 0.0418882331037241 0.0104346036829546 0.0108720319188506 0.0125091722774245 0.0160874703162341
0.305370510657797 0.499296133258251 0.135247260067487 1 0.0244371959716144 1 0.998285456536652 0.0371325949025318 0.0848495013444245 1 0.0309735086450847 0.0498123711897384 0.198022423431401 0.0274733180662805 0.0564895477352882 0.0400499541640325 0.0265084885313933 0.0899401208463839 0.0281462410114599 0.0264443923126207 0.362683208094303 0.496225940219619 0.0404514872579933 0.0535266074091639 0.0402822995277162 0.0246482896444026 0.0357211275136444 0.0537979383475367 0.116763703316865 0.228532397689135
0.0433062064355613 0.9999962909417 0.355147488689053 1 1 0.0209511395509991 0.10958680227467 0.0769720271445907 0.0332684372136114 0.0263953720503149 0.120734370554783 0.0210344566836647 0.0204030753170902 0.999999999933937 0.035820503720194 0.0211721149178525 0.0511759708550781 0.0758563998811526 0.127495606801964 0.103404221545136 0.0183859955838315 0.0467982964346937 0.0541754635185 0.0262662709729604 1 0.0198666902188218 0.0189886706425751 0.0184116643113392 0.0290379357478004 0.0344934936121374
0.16487423712658 0.0965159240241982 0.999999999999996 1 0.028794507321896 1 0.999732391929423 0.0448419444428286 0.0253700733353582 0.0254471356927024 0.0267246441111655 0.0263355299558194 0.0275104666079475 0.0247442462087497 0.0246306459789487 0.0591554407462312 0.0247081091928174 0.0273176862006655 0.0551841900115335 0.0254330228910459 0.025173952861901 0.0249238532763044 0.0257926226168769 0.999895611017547 0.0323482668528198 0.024780290872918 0.0269399932096893 0.0256885385940577 0.0505457713336744 0.0432066569158545
0.301617083968834 0.020567381359672 0.999999999437523 1 1 0.0262952962738794 0.0533169852416288 0.013985006033169 0.0262119216946617 1 0.0223683850134432 0.0168251006099028 0.015877077125718 0.0159137010368126 0.0145152847359312 0.144802856715934 0.0790455500898947 0.0160336822205697 0.0210060232139559 0.24445169111165 0.031301261984126 0.0142042260761742 0.0170407853323066 0.02770659006172 0.0414458078246182 0.0214776417692407 0.0140607958637861 0.0140344958101353 0.0163383785731369 0.0165440467475426
0.0172317555603271 0.99925267098004 0.999999999999993 1 0.0171178978151185 0.999998405250501 1 0.056398243126249 0.0310071701951075 0.0236986949610549 0.017177683291942 0.999952809706336 0.0953170250805817 0.0619399395167015 0.989115732495429 0.0339027438851492 0.0218002298146068 0.999999999999622 0.999999996333233 0.189981667809347 0.0513762028236134 0.0172362618689981 0.309924700362424 0.0555657643934009 0.0580709054144903 0.0249808221362807 0.0197882502485753 0.0314094987216121 0.0270873485261202 0.0219548433991553
0.0200331989821281 0.0380696033982145 0.999999999977954 1 0.0219699165289095 0.235985214915055 0.0227762255455665 0.999999996128756 0.0120450755175037 0.019233191298683 0.998548303412078 1 0.0119417071082628 0.0180817556796602 0.0356000396339192 0.0528099441662407 0.0187911388141229 0.0103204965167614 0.0115534450803889 0.164709152053088 0.0217413815792085 0.0339320939931763 0.0138969057108043 0.0110053047923837 0.014812528218641 0.0164563941544171 0.0285748956085212 0.018274877380018 0.0272763457464744 0.0154447538051155
0.0061107400823206 0.999999928896002 1 1 0.000856070849890034 0.00128219103080873 0.999999999915021 0.0018671778492273 0.000589149220475926 0.00169756659402631 0.000664073828407497 0.000585197276668614 0.000550602353566187 0.00073816176270125 0.000551032031923082 0.000679810965092065 0.000684393720623122 0.00116873307335974 0.00390111454208042 0.000551854546920305 0.00311717261889799 0.00082039390081412 0.000613848320327404 0.000565747099384506 0.00056834609330636 0.000561201378399656 0.000792219691487017 0.000603059720439614 0.00056252802839285 0.00130667193229594
0.449547058411775 0.992155154386383 1 1 0.0475367411670272 0.0347698885809402 0.100249746484418 0.0442580474032001 0.0826448464306515 0.119253327421381 0.0399482151310849 0.0350800851774256 0.0347351269528522 0.0357065881747347 0.0447603806871334 0.0499757016319177 0.0589937189846903 0.0603291054865177 0.0366082314235416 0.0358285296102084 0.999998735612167 0.0759157238553836 0.0438408151444425 0.0348300407088379 0.0359953640990341 0.0674055695260957 0.0372512555337297 0.0494049732982424 0.0379818598361761 0.0438993042576121
0.0486770132136687 0.0415288970078482 1 0.0468712361287583 0.0374289256592628 0.0688867108066825 0.0440377843109656 0.0484599650878257 0.0892642967797804 0.0761974448563716 0.0469000144172567 0.184816000130195 0.0374870467732732 0.287981059262302 0.0382156043696145 0.039996633034288 0.0378655147831113 0.0375203245895599 0.037391391856075 0.0373711305131098 0.0535823118058124 0.0677450739559337 0.0504046230649816 0.0429251562044271 0.0426398559864272 0.0600611546423592 0.0502105899037528 0.142125429060497 0.0373485864332234 0.0793413105165519
0.0785392591764996 0.0723666818010815 1 1 0.0225250532346334 0.0334433930227018 0.0195850594477999 0.998707591117729 0.0395661265870988 0.0234766806577839 0.0190363004770139 0.0670679112672041 0.0276021265940033 0.0192292057980568 0.999999999995441 0.0245388878241162 0.0375624487267646 0.0274469067331848 0.0194185834141207 0.0219082896458729 0.0229328040215443 1 0.030788990806068 0.0233784906035002 0.0295405840603427 0.0222706621019243 0.0189217899837827 0.0612349363932957 0.0215128326558384 0.0361692278288105
0.0564710422645834 0.442665175878164 1 1 1 0.999999999999997 0.0399487114068957 0.0261060789712366 0.0270819842665351 0.0288201311504642 0.27744964840007 0.0409058860520655 0.0256096063529481 0.0248474171301725 0.345292313214314 0.0259123284437082 0.0729376181948589 0.0248552625738856 0.0520245882503593 0.0477700321279447 0.121429244923329 0.0255136614498329 0.0887762126179077 0.0728838711723236 0.0423328654007694 0.0248520707836262 0.0503087811898223 0.0269602858957373 0.0267332896601925 0.430207192085194
0.999983728256439 0.999638412472886 1 0.999999999999931 0.0799224304894638 0.0141562663098748 0.0139030931355478 0.0802060512681951 0.0131836174872449 0.0193108549373677 0.0212447831032714 0.0138231983056838 0.0130315451320825 0.0141369742803591 0.0178062216034331 0.999999998726392 0.036772283342571 0.0142190279445306 0.0224095026282467 0.0130155049913802 0.0142872797663095 1 0.0149563110589552 0.029298960806641 0.0803268514289649 0.034650488096147 0.126030976113956 0.0248775290658021 0.0171836607043465 0.0636822718020255
0.340853921943018 0.99999995843974 0.999999999854987 1 0.0158299688593798 0.0184910418088035 0.0214110303921917 1 0.047142847129652 0.0527157930845171 0.997345171202838 0.0156607955976129 0.0259653294220139 0.0167633894821202 0.0213948383180115 0.0155408983441824 0.0224612377223803 0.0153943059337383 0.0216806669353734 0.0456575895230678 0.0437479263684987 0.0295153449152191 0.015851718087146 0.0370359299301158 0.0154448201709267 0.0177045426729391 0.0205435232247767 0.0148603690529353 0.0210816649871199 0.0162214373564892
0.123961676670774 1 1 1 0.216653562233122 0.213762648277081 0.0304592677491978 0.0343685540815238 0.0300083178819979 0.0395360876623816 0.0302224024365804 0.0348232670685902 0.0522708319268755 0.0334556243946613 0.032322902706023 0.02974164851467 0.0395402843762385 0.0344483834130332 0.0887142046152657 0.0774271713423478 0.0712459155195785 0.0331549587415834 0.0596670117784136 0.0629816001770945 0.999999999999277 0.0397258725912585 0.0316023067288351 0.22400336961438 0.0633804653641078 0.0304153322347342
0.0482411077814731 0.144160382499478 1 1 1 0.063218272748166 0.0470289832144505 0.0356381821736894 0.275325662223868 0.0403386668407419 0.112737524369388 0.0802631983224681 0.039043212460811 0.0626079129106945 0.131219399658894 0.896249989378544 0.0415543133550651 0.0464032464554751 0.0440213119003819 0.999999997360564 0.039789501895749 0.153895838248243 0.0378274350004463 0.0352814636783517 0.0414708217992741 0.046944864232855 0.0887424607558237 0.0382127286015569 0.0399681272948368 1
0.0138550565140022 3.56405648261893e-05 0.999999999999913 1 0.000125090915353621 2.39387226850241e-05 7.31176093404784e-05 0.000127220044620402 3.43254281851557e-05 2.27965868010438e-05 4.17099613853056e-05 3.74272128402797e-05 0.945205738439088 3.57849932568488e-05 4.86276660147666e-05 1 4.02810088422356e-05 1 2.28190726422328e-05 1 2.58738698587502e-05 4.70047742986424e-05 2.26532399384416e-05 2.29818519998926e-05 0.000137702695073627 3.40743942791599e-05 2.70161175739414e-05 0.999999791699141 2.91865293253757e-05 5.37079411900843e-05
0.999999993574786 0.148691463826108 0.0550072963196188 1 0.0187220581394411 0.111338355082768 0.0146380782645036 0.0417957574175252 0.999999579800184 1 0.0158963310850302 0.0204745111623842 0.098127040605594 0.0237639630565925 0.0129139456010126 0.0129240190779729 0.0212624032843857 0.220636938070136 0.034693120674154 0.0129166288197095 0.0269720246693332 0.0132655620606952 0.0258176992338948 0.0216005918669483 0.0160576908171178 0.0331137423526626 0.016281339254314 0.0134317073147411 0.0130551819936535 0.0208662558244064
0.0184520363018272 0.943989690650736 0.99997330673633 1 1 0.0145635450997414 0.00663379511399886 0.0108199128103874 0.00570489328405599 0.00525761749688392 0.00749497389370113 0.00559306888509903 0.00648582749821658 0.0156472124659596 0.0153373352504357 0.00529711493791329 0.00540751013485541 0.00725169498088785 0.00603724665740724 0.00643517936222848 0.999999999989347 0.00677443262809252 0.00680070108499575 0.0110587423626978 0.005268537760869 0.00609045010746234 1 0.0143094234040051 0.0177433417818612 0.00536267081553188
0.999999596262477 0.00162180325328476 1 1 0.00164692827230861 0.00349170498013884 0.00201425936877686 0.00664878536590296 0.00168144076528498 0.00264661509205466 0.00194320531393022 0.00226055440154727 0.00182139140095572 0.00470996127196155 0.00161809209828034 0.00274427851643766 0.00160981386200842 0.00210371614104077 0.999999999970824 0.960075927530851 0.00158922308738085 0.00158957862272935 0.00162299120507348 0.00165413430348971 0.00218881762807333 0.00532634268865695 0.00158913452987297 0.00693438483336484 0.0325434680667116 0.00318766169565243
0.171899756741296 0.520728335753943 0.999999999994694 1 0.128600978643429 0.050197625386513 0.0401714625272652 0.0342988230975255 0.356467954572291 0.032793537148431 0.15553484594506 0.999984376904291 0.0421988292155505 0.0720219048446318 0.0449539389063671 0.0361789397679853 0.0506329178676083 0.0315519565810959 0.147713355576374 0.034851442349463 0.145902277988935 0.0881743586583729 0.0318704402108498 0.0460361271649893 0.0353226920992197 0.0317905132520492 0.0352060946604218 0.172533967584727 0.999999907770658 0.0449268196048324
0.999991030529398 0.999999278621331 1 1 0.0433015819497145 0.0607917986886676 0.0463468442370903 0.0508759476089342 0.0346587073303117 0.0484664203232846 0.112035599792645 0.0404231207795934 0.313843988564283 0.0857952860777984 0.0360961177447264 0.0741070973790345 0.0728759017552826 0.08082206481969 0.118400673991535 0.0852994075404636 0.0797986618540824 1 0.108015535301026 0.0482704832758203 0.999999999999995 0.210817966534409 0.0348623178566483 0.0900980472690549 0.0519442020835783 0.0990969962556154
0.0179006953908919 1 0.999999999378914 1 0.053171392432842 1 0.0177426603882871 0.016065569956438 0.0214481180535254 0.0404991959921207 0.0160328987761252 0.018712511556049 0.040068834032793 0.0162218244925482 1 0.0563122612651794 0.0273842454289507 0.0261688242218309 0.0284650395551851 0.0170402872795071 0.0176854349719834 0.0181180603265589 0.023812015186606 0.01850462741458 0.0187754531251699 0.0761512152198597 0.0232298083955276 0.0168206035875468 0.0292749924063116 0.0742426124248617
0.0616910775145513 0.0761612108366239 0.999999999946963 0.142692304016527 0.0909441983582293 0.326762134279517 0.999999999998308 0.0441561402821797 0.0167547906223051 0.0216229337654145 0.0167582780515327 0.0196412392801567 0.0209105836557004 1 0.0200754899407444 0.017568066795172 0.0320728070596809 0.0197778972151234 0.0236941890806682 0.0167617471487341 0.0175902490790822 0.0179411236894061 0.0205718285168893 0.0543807976764804 0.0273281856468077 0.0179209160149688 0.0522371597294707 0.151848544743881 0.0630270292931349 0.0451484718774233
0.0225620444555144 0.999365073745386 0.999999999999998 0.0438683150361213 0.0273104350449574 0.033873730222534 0.0257328958240196 0.026116645173622 0.0529648018530081 0.0310204604029826 0.0238294407546079 0.0251270295805144 0.0331550640278885 0.0756477609628821 0.0534754172710364 0.0272054259659035 0.503847247925731 0.0622961347040034 0.0284155424779305 0.0268051361050309 0.0603611979822077 0.0249673932029429 0.154150234158387 0.0231401644575664 0.0227740044599629 0.0225439444014864 0.0740483974321307 0.0298458126400186 0.050564908741686 0.0995973028351668
0.0663986110217195 1 1 0.0532221930612582 0.027026968207028 0.0643639720527834 0.0238749180370493 1 1 0.0362245088620935 0.085348062024284 0.0627535124774266 0.0241999033004066 0.0240099649369461 0.0298590251629036 0.0248548843840408 0.0879532719153603 0.0264274020780824 0.0501986171965564 0.0238743201502215 0.0631741278903822 0.0776705495578794 0.0285953285956984 0.0240153052210061 0.0239463427338179 0.0311387329896484 0.0329789667410699 0.0255631568112403 0.0238724168259775 0.030489916378912
0.125926240743352 0.0359208129705431 1 1 0.0257244276774193 0.0616501887715428 0.0329823355635613 0.999999665034635 0.0264876666017415 0.0409145501701522 0.0256374634954358 0.0325149741574379 0.0296614113538543 0.0480988064942133 0.0677234293470447 0.0320075883136669 0.0271512145603313 0.0258382602353429 0.0421963441463618 0.2626781460989 0.0269432766039616 0.101112146310784 0.0304497632818213 1 0.0416945527436183 0.0956143258182396 1 0.0256178495941459 0.0832028458654812 0.0306379059123029
0.0239856224150184 0.0189696859478562 0.461013696399597 1 0.0693796829525066 0.0171650689899999 0.0228443221054528 0.0171057796020856 0.999539358342544 0.0312622132841802 0.0513302578904683 1 0.0205203313989989 1 0.0181882320638769 0.0828169613649273 0.052092510449127 0.0290118948284015 0.019590980420063 0.0444910497725208 0.01719568925292 0.0172936411945603 0.0207869463997425 0.0308067588532809 0.0810622638454758 0.0177086407422794 0.038694353754583 0.999990491247169 0.0174323006318798 0.0801694932944989
0.0211130061872713 0.999999999996804 1 0.167999239154708 0.0239264340015918 0.0222203543832068 0.192059789969415 0.02170180745301 0.0286182986933687 0.0268982491487293 0.0599910704425235 0.0289202199363807 0.0478078169169542 0.0374223140705537 0.0258288789770305 0.0222565669093873 0.0271873984531007 0.0211771785732707 0.0511667351530174 0.999999999758808 0.0243578040793301 0.0223899790976164 0.0212018762417447 0.999999999999733 0.999999999556212 0.0216324078778428 0.0263984563804505 0.0219826223682431 0.0260747174334288 0.0281020389930478
0.999525741267458 0.99999999999451 1 1 7.06766469704689e-06 4.40780424479925e-05 1.33271332602991e-05 5.26193144291254e-05 6.46304605433912e-06 0.000502614885465213 4.17336123551548e-05 2.2801321918009e-05 6.76957207013107e-06 1.73851272209369e-05 1.0050060793132e-05 1 8.14931665049645e-06 7.09064065440579e-06 7.81799555737983e-06 1.28301394417552e-05 6.82786541050806e-06 8.78094846357147e-06 6.41604144480112e-06 2.94639857832957e-05 1.02206458371112e-05 3.06491318634583e-05 6.39778254329926e-06 6.18918838120042e-05 1.55645260448978e-05 8.19506857374641e-06
0.246313215127394 0.0454698142501727 0.0323844629128053 1 0.119923142570098 0.0324261886211338 0.051595481984414 0.0363469746788799 0.0723021296537273 0.0414792887255949 0.0382995655066301 0.0444970040800698 0.040575358658493 0.0484552771508751 0.133279031500591 0.115716916259993 0.0731613125959082 0.10531547968883 0.12422576305055 0.0463605058596976 0.18679641257359 0.0364366691189386 0.0370110370284296 0.917702088348588 0.0324267266786998 1 1 0.0321967424559598 0.0510483728185228 0.045090693372141
2.473879179965e-05 1 0.000171280703539445 1 3.02443592476997e-05 1.14318986293993e-05 1.07644528846151e-05 1.56645803635058e-05 2.81819423862961e-05 1.27372582864327e-05 0.990239693765937 4.11668209002736e-05 3.26700545602021e-05 3.04161017066207e-05 1.1883572885063e-05 3.6412930800811e-05 1.43601643418645e-05 0.997730460875672 3.78754881219523e-05 1.08963538691942e-05 1.12844789147415e-05 0.0025727297968311 1.07628686812911e-05 1.05896734303723e-05 1.3348083861997e-05 0.999400763602459 3.27517364626662e-05 1.13990150686361e-05 2.47655417249248e-05 1.39323752842424e-05
0.999999947395754 0.036529100267025 0.999999999998275 1 0.00161906564150605 0.00156901016081401 1 0.00186425062722595 0.00175404526810996 0.00154112498875769 0.00154630427548375 0.00155866833244234 0.00177181960876682 0.00290558254201623 0.00232865050019948 0.00254691596721757 0.00242382576605871 0.00201222165641823 0.00191371309173705 0.00155489967423772 0.00154793096277539 0.00153101202372319 0.00221389855619847 0.00380294783183155 0.00166029560282066 0.00166866017014322 0.00154746953670559 0.00247320392010952 0.00167792874516337 0.00168130288757273
0.0880521510673987 0.999996673554384 1 1 0.133014103685566 0.0863683490015489 0.0306776304666679 0.0257864422785674 0.021307387006566 0.0355309815072169 0.0278700086288349 0.026096351818408 0.0462865887134514 0.0208180353036639 0.0479449713869509 0.0272502743044768 0.0444604046747858 0.0686038696316551 0.0504868447346976 0.0220022322081791 0.0209809169379287 0.0202827949874199 0.0792325984626577 0.110024670823547 0.0313596348359447 0.0215945528767572 0.040197610641389 0.999999999999996 1 0.070114110095712
0.103914729038777 0.999999999999999 0.0492110585173918 1 0.0163171075942504 0.230953363394607 1 0.0284466914706052 0.0241280074975564 0.17086926273263 0.0285643900492848 0.151582154859985 0.0869927280231373 0.0269822115163602 0.0528221905534643 0.154848744172759 0.0203896128729065 0.473291310971786 0.0493701843941797 0.016864431639942 0.0771238006284338 0.0554952240309806 0.0218487909715865 0.345884939867549 0.0181086219882477 0.0222434831187306 0.999557760647485 0.356334638247425 0.0167831137794767 1
0.0197443730523007 0.330018009678825 0.999658034789633 0.0785390706408701 0.101258220560836 0.0767333451489894 0.0261505596242475 0.0196183802251213 0.0197573004891727 0.0239322971681367 0.0239182681038743 0.0467012553371459 0.0232841793155533 0.0196255087185903 0.0204896150071752 0.0196661562089686 0.083152814320575 0.026172749878399 1 0.0804660184287408 1 0.0245505041346178 0.0203315612461198 0.0196251587542315 0.0196192375846131 0.0265311624955072 1 0.0370699948151362 0.0201738390672677 0.0399867196909951
0.00999909673455046 0.0093838472857487 1 1 0.0291796204840139 0.0270675430247908 0.00984015613153477 0.0104085764094478 0.99965012309036 1 0.0108276434971004 0.016613465910964 0.00961185732123804 0.0240156681087111 0.00959790331379051 0.0183308092466034 0.0151316609743619 0.00992094304139934 0.00961381335714206 0.0153210058548642 0.00995984134342343 0.0137044233253464 0.00946687863636309 0.0211899628136487 0.0154530510020865 0.00936440665993643 0.00981769622338002 0.0162375640646976 0.00961694941075686 0.999985579982307
0.0830302441143493 0.26388727068662 0.151692749035222 1 0.0736917361552449 0.0259167973856858 0.0950945659082891 0.0419207817607331 0.0258939642703939 0.0270716839778682 0.999999999996661 0.0388612195395419 0.0267096336730382 0.0306011482421518 0.0493591668250722 0.0383358612218062 0.165241265657129 0.039849262145824 0.0276733825787344 0.0292575651904484 0.0541456204538897 0.0337888534975143 0.0263181568288061 0.0258304662023702 0.982378819781079 0.12075053675174 0.0260436383198237 0.0350108943923514 0.0273116937896891 0.0285265949430081
0.0588688528193625 0.20001638617941 1 1 0.0215942388994503 0.0667131211698876 0.0188698848050569 1 0.0185769795685872 0.0278583410014518 0.0173335210122423 0.0172861648205834 0.0341491554377448 0.0175564787323578 0.017340853943158 0.0197912961445598 0.0267484940828729 0.0196176690680021 0.0220412637361335 0.0394182559092981 0.0317209271730017 0.0245703271717096 0.0467687537227041 0.0279733988943324 0.0286417005940542 0.0181352878887662 0.0169617717670647 0.0174870127097346 1 0.0333749977071368
0.417745132652284 0.374728185315846 1 1 0.0147989546295956 0.0217233992033281 0.08736827682029 1 0.00771505396357208 0.0263920053861031 0.0195171012815977 0.0454582628213552 0.00944209192792533 0.0079875851321638 0.0483577277814723 0.0077509922622585 0.00773797858611669 0.00975382861689955 0.0243523228082883 0.999999998024775 0.0078274762866708 0.00771993682628691 0.0091098385074786 0.00796048922198289 0.136502560563049 0.00771763471856124 0.0108189431041812 0.999929406001598 1 0.0412288828192047
0.00990201001175228 0.103522928467056 1 1 0.0133930379799719 0.0108290209758125 0.00666798711840499 0.0111848603749128 0.00717238068270187 0.00677870832367855 1 0.0184798759153808 0.00994544834872702 0.00787858964718813 0.0208725745025173 0.0120919976259399 0.00710774770310318 0.999989261702929 0.00679716103932604 0.00678187795212848 0.0070239162012723 0.00668937828644478 0.0105295531113866 0.00727686451933285 0.0486942586644525 0.00746664058054536 0.00670930495944966 0.0526661026070731 0.00670150730379837 0.00673871616747601
0.999999999987104 0.229684814190738 0.999999252691961 0.0781882931470094 0.0431663638294547 0.13869878197917 0.13274116217096 0.0389959404984938 0.32995229637216 0.272446208835337 0.0612358226631856 0.0960201193437547 1 0.0424930824668845 0.0419661706593886 0.19318182669247 0.0395223148014631 0.999999934953282 0.0428212701678712 0.0403861651136789 0.105304517809362 0.0926104379776235 0.211432405287851 0.143929533022266 0.119572127426204 0.175369479026288 0.0374858864633596 0.0387830414310326 0.12315077810067 0.0389113194481343
0.00902588928598203 0.99999991387558 1 1 0.0168651173643766 0.0056485640517997 0.00581958159454987 0.0103934442589475 0.00581397142260587 0.00689268013356492 0.0224872161390457 1 0.00641708184941459 0.00675719887199322 0.0138845585920009 0.00666230971323278 0.00547407044741088 0.00551644929449868 0.999895183804204 0.0138700671976261 0.00752132166463826 0.00562157007013508 0.00685862839397955 0.00550777734280317 0.00565184889443959 0.0054628877674654 0.00722369981420412 0.0104403076987966 0.00909362671256908 0.00552897312023137
0.01428142371665 0.291337966195812 0.348674974879364 0.99999999888216 0.0143836488990603 0.0201998622190208 0.0141329952888468 0.116933617262785 0.014640259146348 0.0163677996303899 0.0219130225619699 0.0175177538142273 1 0.0242086441719591 0.0233394632451529 0.0193869480068074 0.032105470149462 0.0330119951334513 0.0308413263282078 0.0206159801632121 0.211134628032861 0.0277684116826911 0.147858295480016 0.0438911121363214 0.121443900191969 0.135184472718327 1 0.0398011745628591 0.0494127646771073 0.0232629610342108
0.0915642759324182 0.243821417457178 1 1 0.0392639448042518 1 0.0536776974853901 0.0441205208413749 0.187181028309626 0.161686534679988 0.0614271931961967 0.0811847070077522 0.0411436898357166 0.1074755224531 0.0478602930803546 0.0497593339257146 0.0431081365657998 0.0446691785339413 0.0451837378460604 0.0444740925652202 0.169534415975759 0.145310185593534 0.0561494597750638 1 0.0442497181784735 0.0440767091970476 0.0390961824087178 0.0470713786797019 0.0442371050761068 0.0446448207106873
0.0495714426015764 0.452697746167954 1 1 0.0361256608759967 0.0442348770128879 0.163299038754602 0.0329827625379536 0.20225565816739 0.0318823695306087 0.0370361808156607 0.218678122684289 0.0316178863626032 0.0323320271764008 0.0359050851603319 0.0941797156623796 0.0354896645477772 0.0925298363949891 0.158845502672573 0.0345163084445724 0.112827566185948 0.0316788788656194 0.0782351763288417 0.954649875880978 0.19158047623601 0.0809222466237947 0.0334608442233589 0.0817821395605612 0.0315807609528072 1
0.148559694745247 0.379555915485836 0.0704553771759201 1 0.0249826179060572 0.0380101764575177 0.336038889335326 0.0250126041733044 0.121921541030872 0.0268121188662345 0.0308957338235051 1 0.0728176093885843 0.0750546400912075 0.0395808011070922 0.0260002175879904 0.049147491284466 0.41771613303449 0.0776457906734115 0.0720954187135737 0.214601753662361 0.025751708983678 0.0605159469712611 0.0527407200143033 0.0265468860063262 0.0282144478464731 0.0487378546880397 0.042968892470133 0.148352005399466 0.322312506262499
0.113839793348104 0.999997920818574 0.999999999148741 1 0.020919181400475 0.0348044931787216 0.0180363328678245 0.0207098311324455 0.999982138820454 0.0757521531649266 0.020737094895123 0.0292250583108284 0.056248292214137 0.038396899993656 0.0178160833417541 0.156099165840783 0.0168819424118118 0.999999999282806 0.0803533622753877 0.0168920093649958 0.0182008371747105 0.0774743795563625 0.0480638521633532 0.0277253852741155 0.022027696627576 0.0475357996344581 0.0773206870345553 0.0245518557138821 0.999946910367493 0.0255542208417513
0.244869185445623 1 0.999995213168764 1 0.0244775357818363 0.019079216262692 0.0494514697907649 0.0162512071867946 0.0159475078548967 0.999999999999971 0.103892653518101 0.0162760659658483 0.977891565423705 0.0186318994537376 0.0156435331921169 0.155832942603741 0.015495383751175 0.0180720822248869 0.0752891611549888 0.0233719773366521 0.0173900152154801 0.015440445559907 0.999913075720851 0.0154585694885802 0.0789587174031314 0.0272596145277624 0.0310868659289143 1 0.0260194988576576 0.0264368206943957
9.39100553611905e-05 1 1 1 1.04920674698361e-05 9.12628139038141e-06 5.51691399053311e-06 4.06336302405386e-06 5.04712556539388e-05 4.0291900567313e-05 1.00824300480751e-05 4.31597094574521e-06 4.19130395112877e-06 5.74231698124983e-06 5.7002049047572e-06 6.86837074248547e-06 5.59870772853799e-05 2.44582982036334e-05 4.25186149033419e-06 1 4.06123904239664e-06 4.5119667857918e-05 4.10363309444328e-06 8.09335048967963e-06 4.1014637616188e-06 5.59240373576575e-06 5.68413440171778e-06 7.4138721652961e-06 4.27944359082666e-06 8.23840040764523e-06
0.0472886526834 0.497527644005308 1 1 0.0466931293997057 0.02110470767151 0.216624034508539 0.0433509809503531 0.0178403951338925 0.0173474225653655 0.0508524112172547 0.0182410905357261 0.0173641955932303 0.0286935927298601 0.0267781599567899 0.0442265479197544 1 0.0328218080941513 0.0176186102972522 0.0309120470704347 0.0184043395447772 0.0210998061366976 0.019095454804319 0.0430252916618299 0.0172782792120909 0.0328007159866603 0.0201191680528942 0.97756236594639 0.392307032368641 0.0627505020138829
0.999999999999672 0.520452474738805 1 1 0.156308026880233 0.0238892218430459 0.0152393555845184 0.0365651428654422 0.0286848902619614 0.0226671777827835 0.0168838077263634 0.0252161823616394 1 0.0291359941657522 0.0543427799420375 0.153924603929735 0.270517625792061 0.0199604640685206 0.020153761700739 0.0149913731946595 0.0430802385501478 0.0429727691843522 0.0300648950939502 0.154248045815271 0.999948922572621 0.999767777728697 0.999577433778104 0.0400001350177881 0.0267702375592158 0.259938213397132
0.00869281749564288 0.0124539353242108 0.999999999998499 0.025947698063404 1 0.00679700500798608 0.00633750734081751 0.0233439718676085 0.00778524421865179 0.00548063663901477 0.0128517745956058 0.0734542735368928 0.00831013830600191 0.014882895575313 0.999999832142946 1 0.220540831661849 0.0541365405038526 1 1 0.00619416359503522 0.00883118120945792 0.00544739923927096 0.00695951929062677 0.0070415765069316 0.144766380448687 0.0286177202760722 0.00617942296841656 0.009249510119271 0.0113188613483527
0.999900071517652 0.997391583920205 1 0.0361787567981172 0.0354274168856954 0.0259851241647078 0.0382368264545728 0.0953787962998996 0.0259160283463269 0.051485772527787 0.0328209728449671 0.0342918828409013 1 0.0267590813441897 0.0384733711393275 0.0500936171320079 0.030423021430966 0.0369592927900763 0.0320162165239606 0.0289467327514259 0.0263061037002819 0.0268417199839166 0.0261701458530531 0.0441576238106504 0.0731300557658159 0.100473780038146 0.0275657997480798 0.0259444766576957 0.054038173548083 0.0472738238284701
0.000554907827370443 0.999998238856585 1 1 1 0.000450780332518219 0.000480918616343029 0.00630519277856234 0.022525011490634 0.0146341701852615 0.00126164454710775 0.000673682468047443 0.000726247262282431 0.999999999999411 0.000492152285670233 0.000593312521590672 0.00158986347241619 0.000451153798053161 0.00140511592955017 0.000820517472487126 0.000487548468827592 0.00113914126058889 0.000469190637807038 0.00126285988295449 0.000455461357474429 0.000454706970645979 0.0014841827294495 0.00046573963211749 0.00051476652723681 0.000605654570344005
0.0767518202691431 0.99938185044638 1 1 0.0989101778163443 0.0286087746061614 0.0455614389500916 1 1 0.0454662577233862 0.110033697894155 0.0350684075629754 0.027576419571582 0.0303827311489082 0.0292098890754616 0.0317314515706831 0.0548324116969936 0.0593006304069792 0.0436043131954237 0.104880578247913 0.0634810816901493 0.0278493932560621 0.0354955935553478 0.0275504990938877 0.0464296727886299 0.0842808113256444 0.190000439682156 0.113262670010867 0.0402101932799578 0.0844149813396483
0.0288275492791582 0.0312628254936225 0.999999661898057 1 0.260917720801575 0.999951801607288 0.0289255055493344 0.0463372764380894 0.0283308709219974 0.0321712771529099 0.0290035273164295 0.0295338332874303 0.0442776065413926 0.0494336024647053 0.0909681124892038 0.0429743112795518 0.0286867587967354 0.0355318233757512 0.0283216376993186 0.0401385424933446 0.0386949940805351 0.12478134068111 0.0296978603625585 0.068086082723314 0.0296397218570036 0.0360861741117056 0.0834171099201894 0.028278148456224 0.0285460496341521 1
7.37854912786773e-05 1 1 1 3.42398099992813e-05 0.779601450285586 3.51580171306098e-05 0.000110280725627021 4.14553408876195e-05 2.70372274345787e-05 2.78054036586539e-05 3.03537668657761e-05 1 5.76377435337339e-05 0.204359912338315 2.71365041120131e-05 0.000916653451165428 0.999999952388339 0.000101750457854988 0.0011305433374027 2.86599264771592e-05 2.70908556888605e-05 2.70825108042994e-05 0.999999999999996 0.000114446873090368 3.41622784694184e-05 5.13140012826652e-05 2.71414722352592e-05 0.00146915193343811 3.01839139219551e-05
0.0036894712855613 0.999998444583625 0.999999888163093 1 0.00226792173376322 1 0.0025374969780172 0.0023804130009536 0.00976536912111292 0.00486734873479633 0.00413856288260883 0.00265496918564101 0.032087504220629 0.00231625871377383 0.00445737236872046 0.00608049837333602 0.0162451513906716 0.0023741280306856 0.00242249878909295 0.00244469984456486 1 0.00286708295496885 0.00251571506745063 0.00277479436001982 0.999999999989797 0.00537973296054917 0.00459351960455567 0.00231906851001284 0.00254749528273257 0.00411789092862891
0.160714923028516 0.999999999958946 0.999999967046659 1 0.048107589934192 1 0.0575109952230572 0.0467925860830405 0.0749188047679141 0.0470129123945739 0.124771470727522 0.0485935481362305 0.0358024918420731 0.0539582107703542 0.0368018800445835 0.0473009658595125 0.0357643854048139 0.0480831096579234 0.379526010148001 0.0363709003490509 0.0435735631673 0.149791283645403 0.036600465260718 0.0444201665624971 0.0388920925815752 0.999896934794333 0.0988358481489605 0.112595550269425 0.0358949099238918 0.0376298458202364
0.277536706548342 0.0873759194251578 1 1 0.0634162005411221 0.082189823999169 0.135932071844173 0.099063713071246 0.0998718414386487 0.0661690788846249 0.132173526699543 0.999953851957336 0.0708494600578105 0.108300722104173 0.0884294384369573 0.0649055090977235 0.0687205364993008 0.0621560991122289 0.0676802694333692 0.062077268533088 0.0625051881515858 0.150614855634237 0.0625309130413596 0.999794141463562 0.0708414855622425 0.0809714255773715 0.10279288867319 0.0622130567722271 0.0638484853757577 0.127904491764891
0.0947191777808594 0.999999962684552 1 1 0.0346421499709194 0.326985176185709 0.0375483182498644 0.0375726831145677 0.034119919148204 0.0344642727874207 0.0344149633016037 0.0783544862558327 0.0926582835797595 0.0377270196453009 0.244797492942934 0.053416763869413 0.0344667832998901 1 0.0443447847549648 0.0352856496752534 0.0526671139760645 0.0431889289715491 0.0358341013785335 1 0.0566112986823369 0.120668749110739 0.0546269670113448 0.0375129681905161 0.0354713354524289 0.0730664496914247
0.39569607739341 0.16350881079468 0.999999997817778 1 0.268320340808971 0.0708610547098298 0.0453134765412438 1 0.178783187916729 0.0326439531169315 0.0184807323460529 0.995150888470068 0.0298253481061298 0.999999999991671 0.0574763628425404 0.0231987883381185 0.0313504179114871 0.0655461321124251 0.0858851938698114 0.0220334731330867 0.0239619390805271 0.0327834669246371 0.0760752211889035 0.992553280463847 0.0222025005038247 0.0322471938372716 0.0570455301388613 0.0318968818006222 0.028638038950894 0.0246204249955918
0.999999987667683 0.211557870482586 1 1 0.0505232426971355 0.0429567163263384 0.0672887969738061 0.3497024226751 0.0398166214499441 0.999956348965748 0.0767633609632983 0.0368998022043601 0.0700176071244799 0.144363545629592 0.0364247244967449 0.0365171224390232 0.0509301845567711 0.0550409263343564 0.0440950944633877 0.330984644427832 0.0540246951728204 0.0644286478085192 0.206744335557408 1 0.085212364770366 0.0448370747537107 0.0570567107305704 0.0979258587997787 0.0804011885373902 0.148843892870676
0.161900917952334 0.999999586807626 1 1 0.114227299431187 0.0715003849216054 0.0230482690893552 0.0417165922920721 0.0514034865807028 0.0249324891151574 0.999999441174735 0.0238647493795473 0.0231045560549903 0.0231450503602563 0.0410609063666582 0.0968016598026089 0.0634401182117298 0.0278911366544236 0.0407717233256285 0.977315871654833 0.0259699242857783 0.0245801771656591 0.031090772719939 0.329675035048009 0.0233163338613251 0.0251894229704791 0.0281206710084969 0.0241693067706222 0.0484876116042133 0.150244840641709
0.0778550712564395 0.0451852726476558 0.999999959270116 1 0.375907521767132 0.0450517406486796 0.0714529493914259 0.113578373447445 0.0518222075869764 0.0625430910329337 0.0705128710074986 0.170309163195174 0.0416645577154061 0.177142537532473 0.0416188724194559 0.0415241973657134 0.086142113738547 0.0415820860453492 0.160474115371681 0.118288487950397 0.0689721755779447 0.124604966204372 0.0438298059363211 0.348337819431766 0.0506701174974858 0.0798477066643073 0.0496480263921552 0.294601489832023 0.0629309289992033 0.074477294540828
0.133271202452148 1 1 1 0.0473556751124707 0.999394951097574 0.0596667928382428 0.960024617081667 0.038672344986904 0.0367168243778115 0.0550093939323759 0.0554982798319983 0.0363434799433724 0.0366277773308351 0.0781783952341568 0.0995310520120846 0.0599581014191675 0.0872094123791498 0.040226889474571 0.0379287839661242 0.0443184542880268 0.0378891382221878 0.039344082598233 0.0363935408166021 0.063017964559964 0.999959342056068 0.0845553019259822 0.0815770470748963 0.0426204900049756 0.999999080802328
0.0488904377895851 1 1 1 0.993955656240691 0.0647564162712222 0.0525844242181509 0.0759881259215601 0.0481707954191386 0.0498431064041316 0.0890268297654531 0.063982058255638 0.0478572239014636 0.048165837392543 0.142131959299886 0.1091752977734 0.0719770775957068 0.0591187788445622 0.0481747146274553 0.0483992405529233 0.0894175580118557 0.0871461829089059 0.0480045613489926 0.0858384321696144 0.160493420859395 0.0559814709708149 0.0790938541968971 0.0480975901416035 0.0975093141343458 0.0479205717632017
0.393635525984525 0.999999999994648 0.0539710036128103 1 0.0360860227495943 0.999999991054502 0.0641568579871288 0.0938899561522993 0.0368349671414274 0.0805541211253233 0.0341201960007109 0.276089807432708 0.038179813573093 0.0780958100664492 0.0366109749023956 0.0343655745953831 0.176309684934396 0.0347709715519842 0.0340543492738702 0.034526625399785 0.0392603509444925 0.237398541018768 0.0489630614274229 0.0517547284225455 0.0522220542358973 0.200734158809719 0.041368957847422 0.0347943135877119 0.0355418996688287 0.0378160886968848
0.0150885067701829 0.999999966460164 1 1 0.0345923751944193 0.0210443468857126 0.0239475508596441 1 0.049222153854093 0.0152342773285645 0.0292224280676681 0.0163154137970872 0.0152513640413701 0.0216271523503139 0.0205353158968177 0.0500512229344371 0.0544097566877676 0.0192976279141549 0.0486074355909613 0.0301573426088986 0.0163485218586731 0.0572407621020318 0.0154890399717508 0.016248049279995 0.0348982012534456 0.0173128564900543 0.0298381274445531 0.0394787243635977 0.0768903829325752 0.0658436012726223
0.00686068908813087 0.99637244781989 1 1 0.00208589591757768 0.00208575980380088 1 0.00368475754342168 0.00289393219683165 0.00223352788491926 0.00216163644942702 0.00236456812072106 0.0158317171612946 0.00259499252938078 0.00324739199386048 0.00212527547552177 0.00212835005011847 0.0132251893895601 0.00635104396957342 0.00603875471416204 1 0.00213298520078919 0.00208785186543092 0.00342296025838318 0.00255024741861876 0.00221496030192547 0.999544548866441 0.0223164118183786 0.00212585943848964 0.00287040436329034
0.0323090671855154 0.277296723298334 1 0.335474321837697 0.0277972100125693 0.0160574790397827 0.0157394265704577 0.0263314133412905 0.999973524014448 0.0290640715101939 0.51166728683205 0.0464771133256565 0.0177356496734484 0.0233384104205798 0.0475534279295772 0.0501330954253087 0.0961816517011161 0.0478088913404783 0.0150990212094629 0.0184484607410955 0.022435674197063 0.427332393706297 0.195785839716288 0.0466825559336571 1 0.0553381747704939 0.182134328034726 0.0701255766660113 0.18189840775464 0.0433490946214283
0.0141649260163411 0.103115359606196 1 1 0.00479408249542479 0.00422985318617297 0.0043883205555989 0.0121508352976217 0.00429019206847259 0.00649198839104026 0.0143262507399639 0.999990615671093 0.0127261454686072 0.00472111596504898 0.00582675680660116 1 0.00432211049450659 0.00494951731931792 0.00425392729899687 0.00730365451873549 0.00475502267918548 0.004240231749982 0.00511546811618158 0.00457829585264258 0.00611126262842288 0.0050567470588373 0.00425786618341661 0.00485621486161447 0.00530186844415415 1
0.0329695471605853 1 1 1 0.0149991629149353 0.0152045527521393 1 0.999999999741313 0.047068713070027 0.0320012679151679 0.0146799574461459 0.181372461384842 0.0996982320196885 0.0159215349537329 0.408958045360261 0.0339664668695882 0.0210967527966739 0.0158394013248717 0.0232716875287921 0.0163784551174898 0.0208140446080149 0.0148564907481874 0.073264261560257 0.0277058578325649 0.0713545243361079 0.0146423690188677 0.0158520981677183 0.0146178056721374 0.0151678298702823 0.0239943281813518
0.00953368080573491 0.0356897743112931 0.999999999994871 1 0.0114664792945538 0.0197734479630627 0.0116077249741037 0.0257089732012447 0.0107467502881202 0.0135091671760346 0.0154977058504702 0.0159007927591616 0.0120463768960573 0.009609193968668 0.0101315872806148 0.0243764611762523 0.0111717860528905 0.0136990775321624 0.0255842785311668 0.0294104639055834 0.0117236357728935 0.0388742789371314 0.00949539381907738 1 0.0183447449806737 0.0266070748943965 0.0139064764020452 0.042408263145711 0.0113124599304542 0.0138005220950141
0.000115940170001716 1 1 1 4.92955296128583e-05 4.29626401442507e-05 9.24011346807863e-05 0.000134754599130371 5.49587718992051e-05 4.48427918859906e-05 5.59522425913617e-05 4.4738226743668e-05 4.23034409622325e-05 0.000140781588942041 6.47586403849099e-05 4.15101265655027e-05 4.73900960124007e-05 4.02000062891261e-05 5.81429008114087e-05 4.1157590551788e-05 4.53801689647149e-05 5.01329278491669e-05 8.7845517770635e-05 0.000166805144543258 4.01169152328684e-05 7.79150631657899e-05 4.12305400526725e-05 1 4.50846493105228e-05 4.25501719197863e-05
0.0242471871892008 0.999997573724452 1 1 0.0414389578691122 0.0206871852093383 0.0279675403121435 0.0174297561973838 0.0189320433224412 1 0.046174225233592 0.0329899311527945 0.0375860726133023 0.0217106348266943 0.0646883774589876 0.0195565946224765 0.0547813898920514 0.0177286894644341 0.0222209720085065 0.0247954003231019 0.0537901794917394 0.0178364187208813 1 0.0645308848055509 0.0207616545854566 0.0408793363300672 0.0207785635836781 0.142675152554679 0.999719250482041 0.0969632089369225
0.985322018480298 0.0152823212275708 1 0.999999991863515 0.0122910862841467 0.0154573239633378 0.0118801117604385 1 0.0126789375192218 0.0271167472556954 0.0118126530737026 0.0117046815633421 0.0123296435320236 0.034665592939513 0.0148230685648938 0.011745943853397 0.0144206929372843 1 0.0117107412042401 0.0137309887971888 0.015512201025508 0.0132052313513813 0.0117068427020867 0.0233098067006439 0.0172728906708927 0.013733019265656 0.0127806846692665 0.014875848225496 0.0183614438543437 0.999999991049049
0.0435478546030758 0.999999999707376 1 0.0167017544250097 0.0251812060373547 0.0170983501379309 0.0152641704955614 0.0133006720897629 1 0.021353986522588 0.0152048643794989 0.0160229146144575 0.0152455066579744 0.0143369502518234 0.018714984569226 0.0136041317531568 0.0136951740436423 0.0196356979046851 0.0142021436637518 0.0132637911651186 0.999787227608436 0.0316433360925599 0.0386286529390444 0.0292083162946388 0.999957020951117 0.999845810767733 0.0132934601271698 0.0211596670287376 0.0141331758459546 0.999999999999995
0.00463392788196293 0.175774287139818 0.999999999424075 1 0.999976664328427 0.00390909728263356 0.00430197326823267 0.00407387716595209 0.00314128230129573 0.00275162747051017 0.00280535829925865 0.00261724076922742 0.0025469567549169 0.00253950879351017 0.00254500227780829 0.00259700135379004 1 0.00327121221285387 0.00341516225563088 0.00279073375724626 0.00442058011106039 0.00752390258816593 0.00592491378766291 0.00268463838321709 0.00428786017920268 1 0.00484622844980398 0.00262948039592881 0.00254124159011082 0.00553835522528467
0.0612005254860434 0.0278547825484644 0.999999999999943 1 0.0144415090079604 0.0160719914434675 0.0169398600775833 1 0.0278667167133595 0.998108175629943 0.0166403132360478 0.0318191982427291 0.0140981011623008 0.043266410173264 0.017147104965875 0.18116955792509 0.0276731622933246 0.148843687881352 0.0139315959459527 0.0149085665634336 0.0138402583351147 0.0136605179916504 0.0138943083325176 1 0.014678123696066 0.167606942871464 0.999999952935019 0.078111320163567 0.0243415338501715 0.0143958855950395
0.0193868359494098 0.536009960699336 0.357059483858922 1 0.0193195791810176 0.0940614446183469 0.0465764223867373 0.0238949752368597 0.0209838018237658 0.0241066055255074 0.0394659937019928 0.0502813860236891 0.161771609669564 0.211143080838675 0.0253395778102279 0.0327282024952631 0.999999818104268 0.0288256117417253 0.0299376089676706 0.286871528143881 0.0319929334711326 0.999999640176632 0.0268113679881608 0.0214932933464913 0.0191969748074461 0.0384385705255526 0.0277271983721215 0.0357075347724053 0.0219479593158417 0.0262916094526739
0.0131049354454471 0.999999999998765 1 0.00342588516109643 0.0155132125452515 0.0106946058466919 0.00233706571290304 0.00519369114115364 0.00371061971797526 0.0110296867866126 0.00219687984333683 0.00246047988641152 0.00262678226098434 0.00875848577197569 0.0029673102937563 0.00228091815731124 0.00290736854295992 0.00245138157017599 0.00236733697005509 0.00647768147851091 0.00227002678507104 0.999999985351242 0.00236808815568512 1 0.00397331795601841 0.00299004994437968 0.00467502935072961 0.00280542760507918 0.00221011767140988 0.00242570327102598
0.0361583915663269 0.99980127190509 1 1 0.203335440774211 0.0532680480305509 0.0395218552303014 0.316006128051208 0.222032242600967 0.043761426461725 0.0627414184141317 0.106711841482547 0.0377616325996872 0.0416393856241959 0.137025749781952 0.0577714360724931 0.0652457531418345 0.0363616486674554 0.036602572978721 0.235051023414634 0.166972737641645 0.999903667532027 0.049085344038417 0.061233064316531 0.0641953417193002 0.0376217796044659 0.0489797957877395 0.108516388298895 0.03631916849228 0.0413394533391179
0.0152908719875714 0.999604849286243 1 0.0959467987548688 0.0157325163347275 0.0207085748315433 0.0290114723638416 0.0192782435788736 0.0353321832436272 0.0141552037487055 1 0.0205943055810911 0.0137646838883541 0.0172026958472508 0.0588245627059921 0.0156810750311788 0.0234821008343954 0.0144500824268202 0.01661536620798 0.0185668925117494 0.0150311407584878 0.0204766739599991 0.048379477017801 0.0212037390096823 0.12649946622426 0.0252902459502847 0.0393558541364438 0.0604260663556456 0.0410545366595892 0.0196334657551243
0.0028700117426973 0.0449583636707771 0.999999999999996 1 0.00137956160586905 0.00622639799019808 0.00251726387456219 0.00177937344739709 1 0.000746358397871072 0.00226308156266264 0.000783664209337842 0.000988971918667314 0.00214814747961545 0.00386085017266324 0.00188955996855145 0.000777003834876111 0.00141853490087807 0.00329739593631817 0.00110509905482037 0.000858236710556959 0.00135632027830734 0.00085359876286828 0.000933716470398971 0.000747185574784481 1 0.0013964928138126 0.000753926530058124 0.00275998521478737 0.00370614778452938
0.183983608321262 0.0308310115654447 0.999999887004755 0.0462496151555132 0.125754802771653 0.999999997720932 0.996231694185311 0.0856242366062022 0.999999967081773 0.0320930934276323 0.030078672227665 0.0316760741346342 0.10884856884153 0.0855972667351756 0.0301645704379667 0.0414583041699845 0.127793644951049 0.175596251117651 0.0423436115234791 0.0673133850932606 0.232245382893904 0.0991739939866717 0.0383841251460286 0.0581683542881041 0.0299251572059509 0.0318581511492145 0.029952466066397 0.0319480863020964 0.124453396940987 0.0306602522321702
0.127773232124146 1 1 1 0.0453643007154284 0.0604742400089778 0.0237070869442813 0.0224285323257236 0.0435452989091647 1 0.0300772852867917 0.0222715807844827 0.027865818414337 0.0331555090067455 0.0491981097944416 0.0249248008410123 0.0260360648788068 0.999999982814488 0.0227878807078462 0.134352589457308 0.0751515509672558 0.086920810738063 0.0289710776399756 0.0262024617130782 0.0650996047345326 0.0386377300625623 0.258137010303362 0.171005825142431 0.0270631883238701 0.0534796175210973
0.0285414566224632 0.012966427576062 1 0.9999999999999 0.0143733284598832 0.0669016294450495 0.0333609381584425 0.999999741221736 0.0283215162708849 1 0.0155915634295601 0.0128930557971016 0.0372398106775397 0.0137158038050308 0.998748329514706 0.0211047758374961 0.0135253441328853 0.0248428687797182 0.01634239303229 0.034172279334416 0.0517544257201333 0.0220627892045862 0.0140308392404155 0.0137029302234393 0.219039978051983 0.122571882987272 0.271211222773502 0.125375835421457 0.0130514957931314 0.0228240017217269
0.000929467122558369 0.991939810604614 1 1 0.00106428554673599 0.00107817775418495 0.000684735689405747 0.00150844214971335 0.00233754711159939 0.999999979935287 0.00057741964516167 0.00147948097127482 0.00057589902676336 0.00325761926541623 0.00984985721611598 0.000570996027993709 0.00234740677773304 0.000853312819027896 0.000585108260118483 0.00739657374180269 0.000575326397744491 0.000861117259145172 0.000677560953278311 0.000572263877959389 0.000753032641467644 0.995873481709928 0.000713567240793855 0.00222385108264778 0.000728378039270616 0.000669931085577669
0.0583531312447035 0.151516617553073 1 1 0.0203432193572535 0.999999999999239 0.0298586837773122 1 0.0180116717310119 0.0178923988146523 0.0245507733807533 1 0.0179156314088278 0.0249780177863276 0.0558249088800155 1 0.0305013199973948 0.0181913278506368 0.0221802816779885 0.0486958718424267 0.0547281813329037 0.263174391040541 0.0243939088907917 0.12888532775808 0.0413496380176057 0.0285268240827151 0.999981387316928 0.0275359238457594 0.0253594607306882 0.0179108179197531
1.72340356446865e-05 5.05834537409822e-05 1 1 1.48264994725977e-07 1.40006350068944e-07 1.65545456343175e-07 2.43431544033612e-07 0.995809653540751 1.43677975072976e-07 3.88677880214239e-07 1.39446856728398e-07 1.40923653635383e-07 1.45067414303313e-07 2.3441491214804e-07 2.51075424118063e-07 3.66371996074477e-07 1.58396153859819e-07 2.54961964318845e-07 0.00419044761264586 1.55113728306233e-07 1.4172955831171e-07 1.76563765830196e-07 1 3.1177047010722e-07 1.98377626103863e-07 3.36246944843133e-07 1.41059006253386e-07 1.56160602449162e-07 1.39965601331227e-07
0.0641061024938409 0.56789818463748 1 0.113902232366761 0.0443271028552553 0.0403987190868103 0.0411024257551295 0.0384254052958151 0.0538666183352635 0.0384927208755821 0.06052095804757 0.0414542480274535 0.0614759440909175 0.0412073970855094 0.0397150537254202 1 0.0408024827450607 0.0407401838593604 0.0406544725484733 1 0.0400176529697588 0.0394478652855103 0.0387602761560685 0.0552765292417968 0.0565212914505441 0.0483447968958531 0.0389655842943558 0.0386188333654244 0.0404129846563265 0.0431086237828266
0.134958554777442 0.0316344088127866 0.999793278083651 1 0.0361389691345047 0.0946220294067079 0.0686435553736254 0.0435497785692589 0.156281791762771 1 0.100155549318792 0.036470009818258 0.0320812207073999 0.0353783270823345 0.0309072645894245 0.0472564683396064 0.0958189619662506 0.0339706541299295 0.0426337131437803 0.0354189199502205 0.0767286015866283 0.039616747900924 0.0301204550552232 0.0301035897461103 0.0307738574126202 0.0347357410575715 0.0338533781787066 0.0382611736577407 0.0346514041867421 0.030271738007397
0.0392986119485322 1 0.455917802774418 0.999987128633126 0.0366471619490226 0.021824652648749 0.0170921495617332 0.0230079977372949 0.0702817134437299 0.0170370257983062 0.0170745678647364 0.033927924572122 0.0949251949449554 0.0574088130343186 0.0242481167285203 0.0291156354057572 0.0169556975406424 0.0169940839097862 0.0791875653934231 0.0722854967332549 0.0168846414281431 0.0227298183687865 0.0387258437654213 0.0334092279656441 0.0180684013875669 0.0428733828164871 0.166354693651273 1 0.0330565612430294 1
0.151134930065121 0.205852425373538 1 0.0154523235155946 0.017238661252255 0.0155515536214731 0.0289173665154464 0.0438437545062301 0.0163862510687764 0.0312391955438456 0.0419692861750839 0.0158690722201927 0.0263287588727913 0.0187700370941996 0.0156788420425222 1 0.0959872191009405 0.020151056968189 0.039492304747949 0.0154710709383264 1 0.0204228016787059 0.0180063482161659 0.0169764090810784 0.999999836814796 0.0155010641524848 0.0677569020163938 0.020010860503888 0.0195102681426703 0.0183858297048475
5.00104830946091e-05 0.000121529460778036 0.999999999999253 1 0.00659004021600407 4.33728783072462e-05 7.76419428910602e-05 4.03967591489085e-05 0.999809516142014 8.86166270575028e-05 3.89521264340109e-05 0.000873925329250014 0.000127593765350098 6.28668094091456e-05 8.3457407133336e-05 4.76277934289282e-05 6.97800894896572e-05 0.000336871477208844 0.000347129637809251 5.20522763796105e-05 0.00510736752757412 9.28550351341206e-05 0.00190340908688658 0.000558972525800394 5.13624054203632e-05 0.00427261785115829 0.000103548707499734 8.82307015370731e-05 0.000134109388095882 4.03122526266841e-05
0.00569876714039241 0.001660124110341 1 1 0.999999999998743 0.00105192908473473 0.000567410661960532 0.000560558796047994 0.000838921098282874 0.0147627505793727 0.000972420906494187 0.000891584451824357 0.00414683183626308 0.00286302559703921 0.000575505532106391 0.000586332858408034 0.0051465880710857 0.000617832801888762 0.00154948944143218 0.000960651355654041 0.999810120777145 0.000570655035952661 0.000864032003151105 0.000750508598880151 0.0011239808272836 0.000679603384436067 0.000551748397141005 1 0.000678806538803367 0.999859463793892
7.72799418680137e-07 0.999999768747529 1 1 2.72657505462348e-08 1.33944994817892e-06 5.15815385959684e-08 2.82591242628527e-08 0.000101935149399601 4.38601302166219e-05 5.89669424400086e-08 0.999859636217631 1.05342446543588e-07 0.999822386557895 1.00098272448612e-07 4.62056583772075e-07 0.000370744277377044 0.00174238467618493 2.74061164873274e-08 3.03405891642905e-05 3.24754563241214e-08 1.36281956908402e-06 1.22836879778987e-06 3.30052818923177e-05 3.90830757757143e-08 3.13958452125007e-07 0.997884388474158 9.52362514405891e-08 3.88611746116041e-08 0.000103762731144097
1 0.217891568236916 1 0.146754148755023 0.0365157309000684 0.00814607178515514 0.00834075961978742 0.0784606047627601 0.345106620665877 0.0119420845196299 0.0367057121742675 0.0204746288190184 0.00948030321964688 0.0147211022802208 0.0119095100190899 0.00803290377528942 0.0772067913921979 0.0220239811446328 0.00881696384163544 0.00823775272026861 0.0243731707997366 1 0.0120144103055916 0.0162714956990684 0.00893272674273637 1 0.00825893955980361 0.00797641888622691 0.0209390291633328 0.00805011236532549
0.000563619375139712 0.999877902222413 1 1 0.000562627139246485 0.997673881026562 0.000228194555012884 0.999999161515317 0.00965272914858561 0.000199402434644447 0.000208561285754083 0.000295628356472011 0.000350293993056749 0.000208041980149454 0.000574387713310531 0.000296716490287063 0.000446326423559906 0.000188664675046302 0.000204438040280475 0.000201915644534423 0.000183429421577785 0.000297218780980324 0.000264958323582531 0.000215266033264272 0.000199585444572659 0.000634668395809057 0.000440035661247951 1 0.000381550575550116 0.000728166443045075
0.178444851067079 0.13404674733767 1 1 0.0449647505921547 0.0363740088283311 0.041059439169447 0.0712619701294493 0.999893593871789 0.0499278990184192 0.0363439123757271 0.0364155952774382 0.0360937019103821 0.0883842177689993 0.079429118890703 1 0.124424654382089 0.0361616472388389 0.045988611938227 0.040807861306279 0.0363792153403458 0.0365446765932478 0.0837565808689099 0.0361237662649192 0.0526470238509757 0.0409733639964408 0.0363204932029515 0.0781712228951779 0.0710423874070243 0.0716137982680946
0.0714946632781952 0.374517593494804 0.10729007459796 1 0.0177974544017837 0.0517022560666677 0.015555597485742 0.0166355746670187 0.0176637339216111 0.0156871552722557 1 0.0187345518422286 0.048060442046161 0.022737061959082 0.0413064447241719 0.0154094928365689 0.019138445248727 0.0420723563347465 0.111840407670914 0.994360187266797 0.0781071071910547 0.0887662802685113 0.999999999999993 0.0173080714778919 0.0384875388445499 0.0644658123469318 0.017206634411652 0.212623865753622 0.0154322396938169 0.0158747922095396
0.0238009200863705 0.291807225560015 0.458095470422386 1 0.0239239217306563 0.0239018943113725 0.0254326203010334 0.0269826329820395 0.0326471677700542 0.0279154643558066 0.0393669691424693 0.0520066196785763 0.0282122941348222 0.999999999994589 0.0630484594897939 0.0260292416962437 0.126989973735141 0.0273254106517398 0.0261534560143252 0.0372307611250644 1 0.0749270598506344 0.0266923641451067 0.0663891242136483 0.0261268198072701 1 0.0251264097889605 0.0236208162242426 0.0350049318936402 0.0312978327247089
1 0.419613553334682 0.0130508520268937 1 0.0206351753359962 0.0150973991227091 0.0566578997518632 0.018046244446321 0.999370357958671 0.0144693724804739 0.0129205992262886 0.0210567533242673 0.0136420762446698 0.0417443965673833 0.0256534771995407 0.0379376049843992 0.0168766763333092 0.0327885700460911 0.0287599927389633 0.0140003571238283 0.0515711522944045 0.0762767687417922 0.0144607064034898 0.0187857227348048 1 0.034719857710394 0.0121843607989542 0.0125094737867155 0.0126647026663848 0.0153182277756174
0.0194722605755318 0.117657981912907 1 0.0268063726416672 0.0177190975162319 0.0210019034609863 0.0190604900899073 0.0204527548009573 0.0456025639861505 0.018078968079599 0.0345587409665052 0.0188294907075092 0.077052808879986 1 0.0212339413485263 0.0187034050979398 0.0530180936970852 0.0202735423987094 0.032837220239287 0.021722545738374 0.0605814755435254 0.0235588295821106 0.0345125291771637 0.0180647910203428 0.0200937900024555 0.0186141387517185 0.0284976192292191 0.0180011028788134 0.999951683282343 0.0682493254414916
0.0306961659890415 0.303179529747785 1 1 0.153511820483405 0.0217248132808391 0.0202216317139945 0.0203293288694658 0.069079666443095 0.0325133811687922 0.0921113919259802 0.0508653689848536 0.0444792330968745 0.0202746930580749 1 0.036307174806867 0.052124788895761 1 0.0221435750244983 1 0.0202573662776606 0.0234015405731886 0.0358356823024367 0.0539794920045494 0.999768520231036 0.0625125557838052 0.0503429134421748 0.0235127179613482 0.0859272278196148 0.0230894765326655
0.999999999829499 1 0.0276729600036287 0.02379609009148 0.0303311555211268 0.0437366567874152 0.024630616113915 0.0794386476511789 0.065375068846234 0.0752273939547297 1 0.0225531609850791 0.0276694485906739 0.0237327287850995 0.0427538945204626 0.155233655048267 0.0244557233388323 0.0244333674133955 0.0228718425214368 0.0229991668981357 0.037301486782419 0.999999999278708 0.0233206306436998 0.0321377582796659 0.999989621799488 0.0234045088195926 0.0704648772255217 0.0240586862864334 0.0234325226545147 0.0337486950705268
0.999512897046041 0.999999999999999 1 1 4.99109048313073e-07 1.33194950857618e-06 4.04470887283015e-06 4.68208228521227e-07 6.26699135697351e-07 1.30414442589544e-06 4.4073327032379e-07 5.88184780547785e-07 7.15259731998152e-07 0.999999497879346 0.00463226148010953 1.66143914037686e-06 4.62632080755476e-07 7.16339588979764e-07 2.16394357921423e-06 5.17004757338846e-07 5.58663545646709e-07 1.20011452309221e-06 4.59125850782449e-07 4.25692564531843e-07 9.56463919288275e-07 1.06390418297408e-06 2.45323871539416e-06 1.27270828716997e-05 6.46716783458956e-07 6.59175555139946e-07
0.999485484019633 0.999999951538917 1 1 1 0.0115720915293512 0.0234300670380523 0.0113363575238213 0.0113388791144413 0.0096705122487345 0.0118631726921686 0.0729629846176256 0.019013465131359 0.0104481654463422 0.0110342887819422 0.0106226581309676 0.0547916602517138 0.0180268535706181 0.0116169508629833 0.0363017152723556 0.00966893259830082 0.00989977581594015 0.0456381077982497 0.0120158942326586 0.00965955475421831 0.0140335232796852 0.0128864619852013 0.009757073679867 1 0.999999999960232
0.000911945345101306 0.594016143711357 1 0.999043039499647 0.000994179658988847 0.000847586198251093 0.000765259862517853 0.000671167732553046 0.000583739732808786 0.000623526441466682 0.00055392915446284 0.0025144398165734 1 0.00149199288533131 0.000581533531662459 0.000839480195955922 0.00071783413774229 0.00060453095586166 0.00071718600740367 0.0066507086465899 0.00148313355858065 0.000786174246630522 0.00163287712684212 0.00117547309498067 0.00577922378137752 0.000954159888944539 0.00142499376843375 0.000849949273770467 0.0116162067349723 0.00153242753085081
0.152520883374726 0.234596146442109 0.0129590384175217 1 0.0287051101412782 0.01895157218583 0.999999999945149 0.0174192079926785 0.0214403568406744 0.0242421535190126 0.051397561557436 0.999959547210254 0.0314131911155741 0.0151883566631997 0.355517182473357 0.013075960501077 0.0342207437606015 0.0143483959013264 0.0134464460028668 0.0137652776378802 0.142911024305146 0.0150356785628115 0.0589756239061647 0.236582029420266 0.013615470426416 0.0128049417522604 0.0126494370121671 0.189035678400508 0.0132634170944921 0.413721421005087
0.119201484827538 0.0133936072413554 0.0332791839798613 0.0838854303039002 0.0282514837318485 0.142649239815759 0.0133439576118732 1 0.394831634308231 0.0148200917207206 0.0136053466191738 0.0743029436913153 0.0247647022883897 0.0133850119733208 0.0176922585137869 0.0779085830920909 0.0892238614785987 0.104259947047331 0.0200219756394053 0.0537327533731792 0.210793033943167 0.0415219602030815 0.0220389269245417 0.0717382230514586 0.117426396703646 1 0.0195954039459733 0.0169885992774615 0.396669334412091 0.013342212763622
0.999998343950797 0.251731371262944 0.207578037888688 1 0.0479924382059691 0.0494017445335055 0.0251294943317315 0.0395313337874859 0.0251468190288584 0.0265928396185937 0.0263571131697878 0.0728469848506097 0.0457574822402643 0.0607154770947412 0.0392510303257192 0.0308845322652701 0.059312733777817 0.0267222028303097 0.0678515944917671 0.0539840461652048 0.0252026541225853 0.0267593086821543 0.0333060539244779 0.0257187269976653 0.0510333292770992 1 0.0267760578256167 0.0322560367988525 0.0256342510963247 0.062763347418182
0.999999972463937 0.196469541999489 0.999995439939782 1 0.0171725254530387 0.0200945793567543 0.023157835727299 1 0.0350890884401954 0.0173363745785546 0.0149993691425238 0.0159074084354512 1 0.0157025973059912 0.0213171182295084 0.999999978575528 0.0217331690641357 0.0777665987387295 0.0154667031972088 0.0150955436739062 0.0673117788679106 0.0225685773907088 0.0370676544726404 0.0549299600695171 0.0150088390213708 0.0168816447230058 0.0167156770729792 0.0204755621663896 0.0449451722377967 1
0.0314479367415199 0.999998198706269 0.0354873897294656 1 0.0365520640938706 0.107462060497886 0.0325753485318441 0.03089506439842 0.036526099270359 1 0.040746145033878 0.0582683245961074 0.0337522086314277 0.0600387236580748 0.0314910769597427 0.135650636205523 0.0349903510358346 0.999999999907003 0.0346643849332137 0.0421018439815086 0.049452174160292 0.0329600173555623 0.0633838116247322 0.0459809275717922 0.0314402388589938 0.0411369815094117 0.0531737232748977 0.0412443762744392 0.0469395705124919 0.0308277677949357
0.999999998944842 0.0269853107322211 0.99999999999997 1 0.048633851752553 0.072174181688156 0.0612632263745911 0.99999999996365 0.033705980607538 0.127792808837822 0.0630679307436292 0.0422790014674242 0.021359327411104 0.0231044155769291 0.016933708234625 0.0728746272479034 0.999295569847897 0.127792581020093 0.0165850229151955 0.0324439781994635 0.0170195712700717 0.038314268950171 0.0348900191630308 1 0.0165487751219481 1 0.0260283211793525 0.266934591661698 0.0275103734903032 0.0168167083014035
0.202586802812647 0.365796214930936 1 1 0.043456027167574 0.0367960603919166 0.135894077205475 0.0232484686476153 0.0863647912599816 0.7067690478832 0.0233501698326172 0.132471716237646 0.0238479208760621 0.0232100495653956 0.0232156567551808 0.0237304107628279 0.0325261701392922 1 0.212181699335781 0.0360999244738782 0.0377197810681663 0.0455849958816752 0.0312929462441742 0.0261676532550595 0.0904811621642291 0.999870928337874 0.247324582097831 0.0523661930262515 0.029877796118303 0.113565504880874
0.000380665856135276 0.99961372214131 1 1 0.000342337069910936 0.000339731145682309 0.000571372182620489 1 0.000355382810877658 0.000797982717577805 0.00038310018393739 0.000511095219259405 0.000400463970280929 0.00199099332101349 0.000417368919464423 0.000920628799916501 0.000854603087760419 0.00420928909317497 0.000391629190996223 0.000373416637933999 0.000841215283208574 0.000445740670063199 0.00112099718189418 0.000380342682729795 0.000402750400796292 0.000591102220237616 0.00183858041289398 0.00182346053410543 0.000563011778937472 0.000662203560021113
0.210737930174099 0.999976347022368 1 1 0.0369509588126122 0.0619203256819204 0.0330103254116945 0.030481271964259 0.0298625538272326 0.0298630802130022 0.0299972803782511 0.0359695824317968 0.0415358250041401 0.0607168355604801 0.0431378529235285 0.0464037499540635 0.071610971944055 0.0302175544124895 0.0793126417954213 0.997254660617844 0.044051172184997 0.0411697850175384 0.0308179017587783 1 0.030452875171867 0.189405709826258 0.0323587654466611 0.0529518133894725 0.0314888163200492 0.0305484173650437
0.00380502972334729 0.999999999999753 0.999999998855868 1 0.000977568950866869 0.00288238259068629 0.00139163825008926 0.0019654144114033 0.00110525419487828 0.000938524594154777 0.00118661417940691 0.00104701301880761 0.003745270072949 0.00308698988177614 0.000980858407910401 0.00121811961501683 0.00123838123415043 0.00117670599761766 0.00121258533094104 0.00111455580527065 0.001038252832116 0.00119976497143182 0.00150762253103565 1 0.000936185458044969 0.00172609813792735 1 0.000925810884335077 0.000925789421701295 0.000988409940420598
0.139735192382189 0.0865162931563184 0.999999899341358 1 0.0460887962301819 0.0497847342594583 0.0604136556615958 0.0449494948941576 0.287674200401411 0.998653843618063 0.0418045381332298 0.0611966321088131 0.0505697878433186 0.0524911124078494 0.0688985790647458 0.0489976256650413 0.0505721467126679 0.0449705689647979 0.0962426732201425 0.186546247049127 0.055147644286928 0.0407729269917042 0.0418788582741851 0.0497984350565612 1 0.0696351123624002 0.041435299864792 0.046677867864978 0.0570994590997534 0.0594208185560902
6.61603931639831e-07 0.999688462078633 0.999999999999949 1 4.19133464490962e-07 4.34045639541303e-07 1 3.85011037273841e-07 3.97199858781505e-07 4.95158005597851e-07 3.79689404583772e-07 4.35585422509099e-07 4.89011945825624e-07 3.77721132149844e-07 3.91824393930484e-07 7.77387850647848e-07 3.87798839929232e-07 3.74939035596711e-07 4.03619149214052e-07 1 4.24638187057624e-07 7.8563257011055e-07 3.9464711987236e-07 4.05240550338526e-07 4.71992454009751e-07 5.17985900394535e-07 3.7408027842023e-07 3.87921597289065e-07 5.29029028473182e-07 3.93203089532612e-07
0.177733842858321 1 0.0797704992216454 1 0.0539859221780979 0.0798293545205795 0.0600386974773189 0.0378558822773802 0.0850678494766859 0.109327092123167 0.11858694237338 0.29963037289344 0.0570509048389046 0.0455653317907597 0.0457616582094532 0.0691884537978444 0.0381624827082248 0.0947675203441142 0.999981203694721 0.0467527964346484 0.151933073064013 0.0384559809645297 0.0361534501392683 0.0501539461823571 0.0462288149604962 0.0364317314750339 0.0368219464196501 0.0529238060988935 0.176731947497301 0.999998883111356
0.000232678420638122 0.000975183933494383 1 1 3.13013019016539e-05 0.99834000034559 2.97091872230038e-05 0.00116340929387693 1.94551746509619e-05 1.53171451932055e-05 1.47587041906538e-05 0.000983368568271636 1.32718001057963e-05 0.000604013852115948 1.4112455999471e-05 4.87954472873087e-05 1.16554986088202e-05 0.000123690086921258 2.97861551200596e-05 1 2.43463511235831e-05 1.19207360276263e-05 6.5467207455483e-05 1.49207855819622e-05 1.50900720364833e-05 1.15335444192954e-05 5.1361027929353e-05 1.24814428800191e-05 1.1482514618355e-05 1.4393939463675e-05
0.0227900023559642 0.999940406888434 1 1 0.00978444914654675 0.0120100361509493 0.0156652418325215 0.0307007192688445 0.0106585364023435 0.0146096840333845 0.00965412928535736 0.0103807735105844 0.010880255283793 0.0096758937818221 0.0188471439079302 0.0154329299497574 0.00997964269221907 0.0113574215699574 0.0103770463074875 0.0158095771112876 0.0110379613359908 0.0169369929652288 1 0.014398072264211 1 0.0187178655299335 0.0125815764736158 0.00967108282248086 0.0227053394414269 0.0131006019139319
7.57742559440722e-05 0.999999999368177 1 1 2.31687816494297e-05 2.16985609676756e-05 4.26061116490795e-05 2.28772757483453e-05 5.75529871598146e-05 0.0028154348388657 2.3311796099601e-05 7.82836409348731e-05 6.49399405865392e-05 3.35174198389243e-05 3.44070945744734e-05 2.20281856921911e-05 9.67796232829166e-05 2.15421472135047e-05 2.40551355883412e-05 2.38867879686078e-05 0.000405729064468674 2.15906456143555e-05 2.31176271489053e-05 2.18537876839342e-05 4.84643079444735e-05 3.54865372045321e-05 0.998155261556289 2.15423003312454e-05 0.000107745263416503 2.26892472632301e-05
0.081332167799956 0.00451020203567554 1 1 0.166988650125479 0.00244751689997003 0.00326264233338669 0.176581846206836 0.00279299267265765 0.0023356606377124 0.00231604631214444 0.999999992547771 0.0261430085261768 0.0576230061779259 0.0201698158616522 0.00267978435931138 0.0044214735851108 0.0224800337144163 0.0344650237576944 0.0025108888551808 0.00305662875800328 0.00289162075352312 0.00606940223770991 0.00538661973856214 1 0.0464086847524754 0.015118624704784 0.999999980287762 0.0276100302485516 0.00903337181102537
0.0344415148591241 1 1 0.0320817337746843 0.0214937069492234 0.0119699179906837 0.0280950938232721 0.0134733862680999 0.0121580236185673 0.0143047990113842 0.0124104315131708 0.0229630244475126 0.0132899167094359 0.01277304899557 0.0252258938422704 0.012314271317296 0.0212325013966547 0.0127999175584164 0.012072318460951 0.0501149563640828 0.068682945676981 0.0141052702439783 0.0119392733612408 0.0279197046160362 0.0119814151395489 0.0462623796447409 1 0.0131476025339099 0.0241345411053788 0.0130366586453544
0.997696449708304 0.999999996711657 1 1 0.0076125585212341 0.999999999999592 0.00740855189627265 0.0219607839976227 0.0110768014247605 0.0243465660095574 0.00764774516367028 0.012380381134847 0.00840472014698712 0.0153552197798836 0.0102890338312338 0.0184561777473107 0.0085596244705366 0.028165504024532 1 0.00731734544454898 0.00743663301374375 0.00758565534718747 0.00740154844446339 0.00941077654376998 0.0261789289198071 0.00966650685835213 0.00984148329827106 0.00791501812967432 0.00768278123086086 0.0109903158895082
0.115518074093029 0.999976103204993 0.999999999993138 1 1 0.016398785836107 0.0186800968090136 0.0144081368702093 0.0645502598793659 0.0291459339694881 0.145187205078166 0.999999999993359 0.0327090064181449 0.0438886133042969 0.0200965369585893 0.0171989285242792 0.0481432831647294 0.0824299941952428 0.0133124160816451 0.250205176628827 0.99999963363016 0.0131005044042536 0.999891394113292 0.0309728309910757 0.0230483030928372 0.014385872622881 0.0165618547367542 0.0131970437799108 0.0212868468347374 0.0157341431277167
8.96326027832739e-06 3.13590707305966e-05 1 1 8.47011926341512e-06 8.1138501523137e-06 0.00159374095439735 8.27731387054165e-06 9.15073550977752e-06 1.050526272528e-05 1.07927555732523e-05 1 1.50987346678733e-05 0.00019633629566973 1.8214697688923e-05 1.83429110436339e-05 0.92962173841627 9.78373938953503e-06 1 8.60509753330962e-06 4.9044404954568e-05 3.45490641632251e-05 6.80399482325678e-05 8.286230303578e-06 0.000414583261042489 1.74490342524924e-05 8.48423044996771e-06 7.91526319920965e-06 2.80201787313805e-05 1.48502287762309e-05
0.00549868469261372 0.999999999881026 1 1 0.000898944967155257 0.000939638407785881 1 0.00103290509335463 0.000957479580235732 0.00106402512681558 1 0.00243330037350187 0.0032658670690866 0.00132246961798588 0.000945565184194419 0.00138637141324027 0.00114217773502867 0.00100153378264878 0.00160462552830842 0.0230849323913846 0.00169989808031579 0.000962189001967095 0.00161230073552299 0.000914974281387981 0.000951608222812594 0.000898032934336435 0.00113782341504531 0.00138332424310361 0.00183002241518571 0.000917010231408999
0.0696046868882405 0.207978205499887 1 1 0.0285505852607008 0.0302337954673549 0.0292810303029768 0.0338954648661181 0.0484708698622885 0.999999999999953 0.0358823301405283 0.0669097334007257 0.0320265949861114 0.0346178326873684 0.0431421668831642 0.0328294525274062 0.0380873886661535 0.0342211499613623 0.0335622764842789 0.121224930605138 0.0298293284171933 0.035845598015869 0.0285657976453108 0.0425400176863667 0.0288776147716913 0.0285564808965639 0.0290374145826157 0.0310870368172381 0.0285501547161222 0.0376334818139077
0.198295407147966 0.0461374353112373 1 1 0.0444751359888416 0.225732061548176 0.169147482839845 0.169636576260126 0.115440267489167 0.0586905260318801 0.0853148810167393 0.460985037495622 0.0451055282458293 0.0559299680327244 0.054014184141552 0.0573884606661226 0.0457102997759588 0.0439470258749128 0.0467447300522381 0.0471457769774084 0.0605591116007675 0.0460437500245087 0.0758806514146214 0.456383352483938 0.100254142573724 0.0465010427200413 0.192573421716227 0.0460162263474948 0.0725255409341229 0.132344187307087
0.488182719022047 0.999999999996983 1 1 0.244836878785567 0.0218147253175959 0.0408831595181747 0.020411837316382 1 0.0204841756317483 1 0.0598044524432686 0.12949745706084 0.0240203373248216 0.0705132317168219 0.0303002439697435 0.0233121999240403 0.0523035801975055 0.999999998348685 0.0284590914916277 0.0276019896629403 0.999985531373623 0.0813032941940945 0.024179029197306 0.0482319159443708 0.0208391500845353 0.114267182702399 0.0231657493331648 0.148029035944813 0.0205491715886644
0.0299118059046346 0.0158045223898782 1 1 0.0172466747495024 0.0226160315102591 0.0159377258227885 0.0374557415453409 0.994172186120218 0.023786107801228 0.0175267847075213 0.01661972100649 0.0172909587623425 0.0176099065892321 0.0179045582099407 0.0183353223269025 1 0.0230248607483364 0.0262908136018241 0.016040336437478 0.015144840731139 0.0245600318879852 0.0527169500499829 0.015409993741698 0.0152413172948762 0.0257276535534213 1 0.0171934420793307 0.0234926465966152 1
0.0220604704665966 0.999999999999911 1 0.0238537050747966 0.0885553259883375 0.030086577191538 0.0435918880870765 0.0197926006139018 0.0166874555171234 0.0243507833878537 0.0280154161676278 0.0154928165869329 0.0157104881222756 0.0153910429165596 0.01594152567476 0.0186260984482655 0.0232784833259324 0.0161979880768569 0.0153568927089478 0.0155018282606105 0.081981228524715 0.0186609170274419 0.990840976417658 0.0156910685976124 0.0247772794624928 0.0167184848325674 0.999999958222328 0.02078706043374 0.0408594933184329 0.0239428132929658
0.0194183255255448 0.999996263850033 0.999980196954188 1 1 0.0264879142172507 0.101578878611774 0.0167386516298518 0.0243478070311931 0.519761987899281 0.016252756394026 0.0188397172719528 0.0826070919707128 0.208332809223185 0.0654515679910613 0.053625441978578 0.0361653693222672 0.0135437583593242 0.0149228222218194 0.0146641125003102 0.0398852531779419 0.128580685609831 1 0.013732108346993 0.238756974124287 0.218877137366607 0.0264754969012198 0.0154638172409008 0.996638731727062 0.0130912066722748
0.046051450107108 0.0503538374008194 1 1 0.0778151078206584 1 0.123468382593916 0.0704605228903793 0.168947977087742 0.040446184990615 0.90290704799514 0.150201119400153 0.0390506221685729 0.10549836721113 0.0399611950213674 0.082656145873486 0.0531105973457155 0.222628691179166 0.200353027521186 0.0517175291654429 0.0464168556912598 0.0384864810011116 0.103448214381641 0.0406557172287565 0.0624929354308281 0.0612225992312884 0.04438987861889 0.0693301498739234 0.0638397158261351 0.0627221691833548
0.0653887913431165 0.999884084844779 1 1 0.028102721472685 1 0.0193318263643399 0.0371276449558582 0.0213848782172417 1 0.036061661785866 0.0387675516878414 0.0196691828461096 0.0283768137721463 0.0227772454254291 0.0611037795938447 0.0450243839532659 0.99999996517267 0.0189733638711852 0.0191611926409326 0.0191652277540221 1 0.0439371592715632 0.0190670700971191 0.136119722450121 0.0507570453899682 0.0193443959351431 0.0189746744882456 0.020534094794629 0.0334417423685874
0.133265741820201 0.113555811449244 1 1 0.0579886482773908 0.22129699486826 0.0421545052127996 0.0369329815302717 0.0248768918706611 0.0594081222401881 0.0350194477945714 0.0331721595856443 0.498473170282438 0.0253276959274558 0.0240511112519813 0.0236500509153404 0.0242097539374666 0.0758039844141191 0.0264223126179769 0.0254948556392134 0.0241410718754441 0.0994206515625133 0.0245273374955669 0.999999999994915 0.0261171048919565 0.0249081918858555 0.0455825617382508 0.0323398806508775 0.999984363954307 0.456024861351676
0.0918783778137029 0.0131592355907306 0.999999999999979 1 0.0942154348235223 0.0240742141940599 0.072930152628684 0.013629451177933 0.0131469775957448 0.0362777000007292 0.999999999999292 1 0.0724082876983914 0.01320839972746 0.13349808199686 0.143075606138208 0.243661212073414 0.0142320708756023 0.0135888096225278 0.0535282568739557 0.0159630411706588 0.189317036198065 0.0160858871938874 0.0425860048409025 0.0346931350138234 0.0245299034357345 0.0180618149882208 0.0179775044200522 0.0134999480895055 1
0.371617649681143 0.999999999996932 1 0.0975065771313082 0.999988579973798 0.0346978216846543 0.0391798152620153 0.120905255918534 0.0222418513495066 0.0418323517125524 0.0891854966666948 0.0958739713057004 0.0879332943041085 0.0258966645442457 0.0230606397668484 0.0444946761163577 0.0607951069341125 1 0.06019599767267 0.0376400113470333 0.0234432979500691 0.0295964539420314 0.0275839781943266 0.0222127311930015 0.177365068147435 0.053279495106538 0.0277769329179797 0.0347617444444228 0.026074781772738 0.0224736616419493
0.0444347657079409 0.999999867937121 1 0.0360082606729376 0.999950429357398 0.034828823434174 0.0355334615569322 0.11193075825846 0.0583221952666613 0.0680855458855025 0.0530604683215159 0.0432829871398945 0.0347025243015505 0.0441184932805341 0.160517606307354 0.0452647710942434 0.137246126901003 0.0485384068696744 0.034696273726022 0.0640143857071266 0.0391933943314083 0.0354838991870298 0.034799956636037 0.035189190633019 0.0346924430168192 0.0347176516280101 0.0438294775659404 0.191297710291802 0.0388604473833155 0.138843759507356
0.0358237061760879 0.0275249312131993 1 1 0.0553508848881239 0.0243159522474844 0.021670005104459 0.0310062599539901 1 0.0210130684141318 1 0.0208415641596889 0.995504105043432 0.0222071479091983 0.0238759746302903 0.0211256113286959 0.0227266371993959 0.0393134482733979 0.105441314506726 0.0372699725733018 0.0526953090614461 0.0426152980183248 0.113502589882586 0.0216492709713016 0.0364591763747282 0.0227706266278571 0.0209713601116115 0.0315077620073839 0.0388926763037581 0.0255524577765763
0.000243013663088099 0.999999999999998 1 1 7.07144084372002e-05 6.77170954368478e-05 0.000326563217756259 0.00011273433015635 0.000454249811093099 6.96791832366372e-05 0.000526907900667783 0.000206652854777167 0.000113232117858741 0.000186243931775132 0.999999996494917 0.917078118058923 0.000359624712149231 0.00046110841753666 7.36955093005864e-05 9.21887453024794e-05 0.000285615534363015 0.00028872808784608 0.0175625997855833 0.000107280710698765 0.000199807051766032 0.0466001852426011 0.000132291955301844 0.010169672583183 7.36638601369632e-05 0.000134517138128731
4.48139058416563e-05 0.999999619798284 0.999999959829202 1 1.38030815237666e-05 1.74659450258297e-05 1.71851082382268e-05 5.10261194640593e-05 1.3909169329307e-05 1.41922160253882e-05 3.38106530908266e-05 2.81719623916876e-05 8.58830407580724e-05 1.68115585356121e-05 1.53887530639496e-05 1.24448341556338e-05 2.41970322691909e-05 1.42877560131982e-05 1 1.50441420042613e-05 1.69891916738107e-05 3.81575794853317e-05 2.59025431454951e-05 1.43458671985064e-05 1.37046816113262e-05 1.24350777352955e-05 1.38870782383504e-05 1.51478497683044e-05 1.38607639610377e-05 1.25594367622606e-05
0.00823402628891945 0.999999999889654 1 1 0.00542329139347786 0.997582297866018 0.00535309422934038 0.0115101291879244 0.00646959008159353 0.00570707705020335 0.00647692987220716 0.0430579447430904 0.00592934812294343 0.0102443589581139 0.00589122088493221 0.999999995716 0.00580243442306783 0.00574123189369735 0.0109534974601504 0.0133206045312577 0.00618591826365211 0.0131354386092731 0.00536359222683891 0.00700998940374653 0.00548560937136189 0.0120923845140269 0.01206999962097 0.0102376409812528 0.154399059091107 0.00538018071955859
0.0762652947005737 0.99225073874531 0.99999997851014 1 0.0778395098816946 0.051467562179666 0.0601785139658694 0.0441290814077242 0.0363775597798753 0.0318858904069026 0.0450313839132601 0.0307149988787916 0.0311572784921565 1 0.0481742391560708 0.029206274498483 0.105013578975238 0.0493951678234407 0.0706932883176766 0.0320546828110954 0.0758909862937077 0.046654135934538 0.0455305149476648 0.0407414988489014 0.0366725610126079 0.0306367014712517 0.99999999992976 0.0299469581302025 0.0309644290869553 1
0.999999999982502 0.0928820855907544 0.385821500851133 1 0.0369107157527082 0.0229859929088225 0.0179777456044451 0.0231835878931022 0.0173029850712455 0.030136015815528 0.0173568616736014 1 0.0173568679989432 0.050701315364072 0.0205859516195837 0.0329993156960181 0.0195318300979991 1 0.0172826954967181 0.0483318967772274 0.0296852950415823 0.0268369171634998 0.0524962528877049 0.0190987831411086 0.0547934172118445 0.0472898318837206 0.0327017628665671 0.01729684528818 0.0173067580084573 0.0173293958430892
0.99999999963377 0.238296792865904 1 1 0.0441570377742778 0.0117469156755731 0.0181171017859133 0.0120795188698692 0.0322671067341227 0.999999999999971 0.0508105471867024 0.0122259167825277 1 0.0461008871384615 0.0242636051761075 0.0219827553849571 0.0123059268257715 0.0630391688405408 0.0246304033290663 0.96880798731874 0.0117716779176055 0.0129712991593998 0.0126608777226627 0.013990873385423 0.0120141049974422 0.0134051703412748 0.0276083322496229 0.0201751928633888 0.315955344159791 0.0124814102279084
0.158266274032923 0.999999983931114 0.16977346291215 1 0.939237182553401 0.0243232547829219 0.0252975922910167 0.0224188012381057 1 0.0251869323074462 0.0318343368204413 0.0326343138160911 0.0964617240926657 0.142081549776173 0.0639565327554811 0.999999661003489 0.0288912537967376 0.999999270801723 0.0570267436337747 0.080668758146559 0.0251278750611449 0.0605130335437396 0.0519147264299408 0.0326012021253435 0.0442415223217557 0.0911448382827308 0.0639966291261328 0.0437945497957366 0.0285930037873893 0.0229321654173997
1 0.99638107436772 1 1 0.0142870264125071 0.00345206508859697 0.00325234900885185 0.00297187860714943 0.00321483033057801 0.0198066097456173 0.00300079460178349 0.0152586708763061 0.00297402058685015 0.00312965431250878 0.00628554076027088 0.00539572441879166 0.00367698980839637 0.00437364648612071 0.00318823587146455 0.00342370136581815 0.0038910521773623 0.0111516845002502 0.00316439125336887 0.00738971735082505 0.00463407345469813 0.0033464644956217 0.0103857972042746 1 0.010412573914936 0.00318904229014272
0.226386861513292 0.999999999999944 1 1 0.122779623882145 0.0489320443578255 0.192321782237286 0.0731256456874559 0.179139993574094 0.0281727350414456 0.0474344287953767 0.0796940565570355 0.0471857570612215 0.999999961434079 0.0396030568757388 0.0365790988421237 0.0667444557060669 0.211084222087508 0.204284601673217 0.170786581581102 0.0281810385138159 0.0281701236888086 0.225146690386985 0.0918695369330619 0.0339127845584508 0.065846577447185 0.999536065045264 0.0284112784166239 0.0828143889725823 0.0380615095179266
0.0355172227356152 1 0.998225369008679 1 0.0301695235448036 0.0323326184669329 0.0418043553360663 0.0755954257010478 0.0449180682102379 0.0324873538885027 0.0314259094115898 0.0314277813931402 0.130265621912315 0.106624292882398 0.041300347738477 0.0339862591932203 0.0474806349979496 0.0348881706974858 0.0313296927304612 0.0394373301254751 1 0.0299606741379906 0.0392473531414222 0.0316577511787045 0.099648267820819 0.0339140067820793 0.056551718903367 0.0622142025194999 0.0331302548835419 0.0352661069425549
0.0587783580518927 0.995983012248384 0.999999999999287 1 0.102051413727598 0.0567446800419517 0.0338775863391618 0.0339057965525373 0.118829146135867 0.0663204282646626 0.248405030747635 0.130275770575059 0.100471926596926 0.178052004673826 0.0434204920956843 0.0710688897693982 0.0542646248335817 0.0392300381734976 0.116902698554045 0.979117468825494 0.0350978417051063 0.32558686664009 0.290133427954395 0.105277855225255 0.381261481769453 0.0454092472828762 0.0398116585779369 0.0408534193654478 0.965565555754824 0.0604124166511748
0.0112228086943524 0.544914897154695 0.0123091796723283 1 1 0.140259130861921 0.01129087194253 0.99531240874966 0.0156533989340333 0.0161385336296039 0.262085045925715 0.0112114857127646 1 0.106676254686865 1 0.042351081424595 0.0117627144447573 0.29176215653891 0.0178787472149694 0.234090818027817 0.0140980745626264 0.0112670956327666 0.0218496827281508 0.0112024073420931 0.0463692487315617 0.219743543484266 0.298666215095147 0.0112262562283962 1 0.0482612600632977
0.36143187874171 0.999813447967634 1 1 1 0.0282167948606885 0.101195102903728 0.0168672134054121 0.0423805216815889 0.999999999999989 0.0728340544223135 0.073340016769711 0.115102706935904 0.240127073465701 1 0.0169269230723152 0.019427501131318 0.016782745172947 1 0.0187070612308086 0.0413358224822326 0.0603977218685575 0.0449449850369604 0.999999999982006 0.0174616912202099 0.0661557692934105 0.0269293383652244 0.0646506786299955 1 0.10480798293146
0.126040844487699 1 0.0490695131785307 1 0.0686177615454694 0.0545084353393462 0.0457980675489571 0.0659140066411746 0.0466322477689179 0.212487239250157 0.0553194287968096 0.0452239420128681 0.137196427155447 0.0661820525970745 0.262256521125966 1 0.0664548783344808 0.339925920653771 0.0451616177604465 0.275066473767944 0.948469830887276 0.0481722300404451 0.0469458121507327 0.0552433366330898 0.0766586379332881 0.10991207705181 0.232387116911312 0.109977577688605 0.0821528104284664 0.164354336975812
0.0168443704294795 0.0181031751017341 1 1 0.0158830804045166 0.0347638465217082 0.015328433703459 0.190064421194264 0.0159224459057943 0.0176042721255345 0.999999749388999 0.0443425685737049 0.0594453214567909 1 0.0151010615204695 0.0490483001850996 0.999999999999999 1 0.0188593678959951 0.0172480401175058 0.0156390943021423 0.0360030281780206 0.0797207675200663 0.999999999653806 0.0160381983328489 0.0150436533273041 0.0391436900668921 0.0629831257971551 0.0156417233396782 0.0707312807297706
0.43027712779038 0.103337365760577 1 1 0.0586380636800243 0.0804127179929711 0.091934052554951 0.999999706978673 0.0294911957646009 0.0308713579397405 0.0446083371504238 0.0335880914033271 0.0373110769934712 0.244311278966413 0.0418281533795929 0.0293487932204866 0.0530481530820942 0.037042985308706 0.153923568185315 0.0316590674509996 0.0442655089547558 1 0.0389802649419236 0.0312471471284667 0.0295519176190777 1 0.0293880807142072 0.0488770671322315 0.466737931940146 0.0312810878645801
0.388995767766755 0.0538902587318184 0.999999999992634 1 0.0133847438527578 1 0.0131201247336881 0.022900006129512 0.0195223359553927 0.999999999999995 0.0792231159323533 0.0138015627210981 0.0146946689071107 0.0793454741436098 0.0131824964431616 0.0193012365743628 0.0732010196978443 0.0196237976411832 0.019016454414907 1 0.0131317691561165 0.0134419514741755 0.013308979548789 0.0398705722412286 0.0157148054816908 0.21245669763056 0.139105164780726 0.0141309583136947 0.0598344493262762 0.0747163869657353
