[1] "Average PIPs: "
 [1] 0.22759983 0.58099444 0.85823755 0.87224358 0.14912782 0.16164399
 [7] 0.12035041 0.17514728 0.15265438 0.15499925 0.12983312 0.14130567
[13] 0.10550020 0.11089138 0.09650812 0.13564895 0.08053247 0.14483910
[19] 0.11058237 0.14365592 0.11393287 0.11018436 0.07625045 0.15494359
[25] 0.14922217 0.13499240 0.14884768 0.11063012 0.11661691 0.14721241
[1] "Percent of time PIP >= 0.1: "
 [1] 0.4080460 0.7471264 0.9080460 0.8908046 0.2126437 0.1954023 0.1724138
 [8] 0.2068966 0.2068966 0.1724138 0.1896552 0.1839080 0.1321839 0.1666667
[15] 0.1321839 0.1724138 0.1091954 0.1781609 0.1551724 0.2011494 0.1609195
[22] 0.1609195 0.1034483 0.1781609 0.1896552 0.1896552 0.1954023 0.1781609
[29] 0.1609195 0.1954023
[1] "Percent of time PIP >= 0.5: "
 [1] 0.14942529 0.53448276 0.83333333 0.86206897 0.10919540 0.12643678
 [7] 0.08620690 0.14367816 0.10919540 0.13218391 0.09770115 0.10344828
[13] 0.06896552 0.07471264 0.05747126 0.10344828 0.04597701 0.10344828
[19] 0.07471264 0.10344828 0.07471264 0.06896552 0.04022989 0.12068966
[25] 0.11494253 0.09770115 0.10919540 0.06896552 0.07471264 0.10344828
[1] "Percent of time PIP >= 0.9: "
 [1] 0.14942529 0.50000000 0.83333333 0.86206897 0.10919540 0.12068966
 [7] 0.08620690 0.13793103 0.10919540 0.12068966 0.09195402 0.10344828
[13] 0.06896552 0.07471264 0.05747126 0.09770115 0.04022989 0.10344828
[19] 0.07471264 0.10344828 0.07471264 0.06896552 0.04022989 0.12068966
[25] 0.11494253 0.09770115 0.10919540 0.06896552 0.07471264 0.10344828
