[1] "Average Estimates for Betas: "
 [1]  0.060980828  0.102991158  0.203894193  0.296886154  0.008707238
 [6] -0.006263788 -0.001028686 -0.001384866 -0.007500344  0.003911853
[11] -0.006806617  0.007201162 -0.004320535 -0.006802514  0.008140890
[16]  0.005618964 -0.006426667 -0.003884041 -0.012156367  0.010026425
[21] -0.001587520  0.003376709 -0.005471810 -0.001587635  0.002982212
[26] -0.003659836 -0.009899581 -0.006831822 -0.001717256 -0.006405830
[1] "Standard Deviations of Betas: "
 [1] 0.07556420 0.08780250 0.12579612 0.09593722 0.09656373 0.08728092
 [7] 0.08180143 0.09144276 0.11371364 0.08657921 0.09773264 0.09793096
[13] 0.10819887 0.10859272 0.10534623 0.09719388 0.09959503 0.10173757
[19] 0.07651339 0.09896728 0.11186027 0.11363350 0.09731283 0.09744319
[25] 0.11066478 0.11947038 0.10177977 0.09023415 0.09514051 0.09424518
[1] "Average StdErrors for Betas: "
 [1] 0.05987792 0.06256101 0.06367057 0.06527623 0.06625499 0.06577653
 [7] 0.06173645 0.05966198 0.06171718 0.06176796 0.06250253 0.06422735
[13] 0.06323298 0.06617270 0.06271597 0.05972333 0.06560242 0.06110485
[19] 0.05892790 0.06342959 0.06742741 0.06120929 0.06462597 0.06347010
[25] 0.06679232 0.06601933 0.06529018 0.06370110 0.06260804 0.06116496
[1] "Positive rate for exposures: "
 [1] 0.29885057 0.53448276 0.83908046 0.92528736 0.16666667 0.13793103
 [7] 0.14942529 0.14942529 0.14942529 0.14942529 0.09770115 0.13218391
[13] 0.16091954 0.14367816 0.16091954 0.14367816 0.10919540 0.15517241
[19] 0.10919540 0.13793103 0.16091954 0.15517241 0.09770115 0.13793103
[25] 0.12068966 0.14942529 0.14942529 0.17241379 0.16666667 0.13793103
[1] "Q-value positive rate for exposures: "
 [1] 0.14367816 0.32758621 0.71839080 0.83908046 0.08045977 0.05747126
 [7] 0.04022989 0.08620690 0.07471264 0.03448276 0.04597701 0.05747126
[13] 0.07471264 0.08045977 0.07471264 0.06321839 0.05747126 0.08620690
[19] 0.05747126 0.05747126 0.08045977 0.09195402 0.07471264 0.06896552
[25] 0.06896552 0.07471264 0.07471264 0.09195402 0.07471264 0.06321839
[1] "Precision/Recall/F1 based on p-values:"
[1] 0.4124088 0.6494253 0.5044643
[1] "Precision/Recall/F1 based on Q-values:"
[1] 0.5308271 0.5071839 0.5187362
