[1] "Average Estimates for Betas: "
 [1]  0.054242612  0.100789486  0.207249567  0.296003485  0.014193306
 [6] -0.005811393 -0.001695092  0.002246518 -0.013552592  0.003814254
[11] -0.003312048  0.017544879  0.001134700 -0.003889143  0.007996622
[16]  0.004243975 -0.003251876 -0.000149593 -0.010908743  0.007314841
[21] -0.004448443  0.006786121 -0.002268012 -0.006974964  0.001656120
[26] -0.003591600 -0.005743962 -0.007828026 -0.008493504 -0.003481887
[1] "Standard Deviations of Betas: "
 [1] 0.08213726 0.08400099 0.10194805 0.10352670 0.09147637 0.09404964
 [7] 0.08470403 0.10120475 0.10287082 0.09588358 0.08305898 0.10107773
[13] 0.10824360 0.10865010 0.08944709 0.09539936 0.09321248 0.09002147
[19] 0.07580969 0.10328638 0.10193536 0.10505395 0.08769790 0.09454870
[25] 0.10526607 0.11001457 0.10337258 0.09501157 0.09638565 0.11203722
[1] "Average StdErrors for Betas: "
 [1] 0.05365586 0.05471435 0.05551296 0.05499626 0.05529095 0.05549988
 [7] 0.05510670 0.05343697 0.05403141 0.05287344 0.05423316 0.05377398
[13] 0.05394392 0.05694357 0.05442486 0.05394660 0.05505463 0.05439911
[19] 0.05270240 0.05447589 0.05615977 0.05433223 0.05378775 0.05516617
[25] 0.05623670 0.05464361 0.05370632 0.05494407 0.05453448 0.05470238
[1] "Positive rate for exposures: "
 [1] 0.2931034 0.5804598 0.8563218 0.9655172 0.1896552 0.2011494 0.1609195
 [8] 0.2126437 0.2183908 0.2011494 0.1494253 0.2068966 0.2011494 0.2298851
[15] 0.2183908 0.1896552 0.1321839 0.2126437 0.1494253 0.1954023 0.2011494
[22] 0.1724138 0.1436782 0.2068966 0.2068966 0.2126437 0.2183908 0.2126437
[29] 0.2413793 0.2126437
[1] "Q-value positive rate for exposures: "
 [1] 0.13793103 0.41954023 0.77586207 0.91379310 0.12643678 0.13218391
 [7] 0.10919540 0.14367816 0.14367816 0.10344828 0.10344828 0.14367816
[13] 0.14367816 0.14367816 0.12068966 0.12068966 0.08045977 0.14942529
[19] 0.09195402 0.13218391 0.13218391 0.12068966 0.09195402 0.13218391
[25] 0.13793103 0.12643678 0.13218391 0.13793103 0.13218391 0.10919540
[1] "Precision/Recall/F1 based on p-values:"
[1] 0.3458702 0.6738506 0.4571150
[1] "Precision/Recall/F1 based on Q-values:"
[1] 0.4094241 0.5617816 0.4736523
