[1] "Average Estimates for Betas: "
 [1]  0.0538144707  0.1009286818  0.2066141892  0.2956749023  0.0137701756
 [6] -0.0056902586 -0.0016960022  0.0023244403 -0.0134056103  0.0037204459
[11] -0.0031607368  0.0173700795  0.0010841114 -0.0039971522  0.0076539171
[16]  0.0043163644 -0.0029231905  0.0001318072 -0.0108213164  0.0075892217
[21] -0.0044437880  0.0069939417 -0.0024394381 -0.0068544434  0.0011296017
[26] -0.0038100099 -0.0054977646 -0.0076947667 -0.0086155581 -0.0034634563
[1] "Standard Deviations of Betas: "
 [1] 0.08069457 0.08233362 0.09917411 0.10243342 0.09007720 0.09218437
 [7] 0.08270341 0.09938482 0.10107391 0.09482803 0.08162761 0.09986503
[13] 0.10577759 0.10725395 0.08811002 0.09355041 0.09156330 0.08849743
[19] 0.07468433 0.10139032 0.09900267 0.10195809 0.08654480 0.09309863
[25] 0.10230069 0.10701074 0.10146429 0.09380875 0.09455754 0.11029545
[1] "Average StdErrors for Betas: "
 [1] 0.01888687 0.01913779 0.01960414 0.01944002 0.01951467 0.01942321
 [7] 0.01946347 0.01894886 0.01903169 0.01862378 0.01910089 0.01891270
[13] 0.01904764 0.01990242 0.01918779 0.01906311 0.01938207 0.01915607
[19] 0.01863240 0.01935157 0.01972903 0.01914047 0.01895671 0.01935021
[25] 0.01996856 0.01920125 0.01884598 0.01930119 0.01923840 0.01928076
[1] "Positive rate for exposures: "
 [1] 0.7126437 0.8850575 0.9770115 0.9942529 0.5574713 0.5804598 0.6091954
 [8] 0.6091954 0.5689655 0.5919540 0.4885057 0.5804598 0.5804598 0.5919540
[15] 0.5862069 0.5632184 0.5287356 0.5517241 0.5459770 0.6091954 0.5689655
[22] 0.5402299 0.5459770 0.5574713 0.5747126 0.5804598 0.5689655 0.5747126
[29] 0.6321839 0.5632184
[1] "Q-value positive rate for exposures: "
 [1] 0.6839080 0.8678161 0.9712644 0.9942529 0.5172414 0.5344828 0.5574713
 [8] 0.5574713 0.5689655 0.5632184 0.4540230 0.5459770 0.5114943 0.5459770
[15] 0.5574713 0.5172414 0.4712644 0.5402299 0.5229885 0.5977011 0.5517241
[22] 0.5229885 0.5344828 0.4942529 0.5344828 0.5689655 0.5517241 0.5402299
[29] 0.5862069 0.5114943
[1] "Precision/Recall/F1 based on p-values:"
[1] 0.1937598 0.8922414 0.3183799
[1] "Precision/Recall/F1 based on Q-values:"
[1] 0.2012496 0.8793103 0.3275355
