[1] "Average PIPs: "
 [1] 0.22539582 0.59998000 0.85152656 0.84186167 0.11443934 0.11516788
 [7] 0.09056941 0.12047989 0.11896907 0.11124974 0.10153541 0.09963247
[13] 0.07596200 0.09680937 0.07785441 0.09825302 0.06865902 0.09994504
[19] 0.09287210 0.09714014 0.08672938 0.10250634 0.06663641 0.13637829
[25] 0.11046382 0.13977538 0.09692938 0.08782739 0.09719742 0.12488087
[1] "Percent of time PIP >= 0.1: "
 [1] 0.41379310 0.74712644 0.90229885 0.86781609 0.18390805 0.14942529
 [7] 0.13218391 0.16666667 0.16666667 0.12643678 0.14942529 0.15517241
[13] 0.12068966 0.14942529 0.12068966 0.12643678 0.09195402 0.14367816
[19] 0.13793103 0.12643678 0.14367816 0.15517241 0.08045977 0.15517241
[25] 0.15517241 0.17816092 0.13218391 0.17241379 0.17816092 0.17241379
[1] "Percent of time PIP >= 0.5: "
 [1] 0.14942529 0.55172414 0.82758621 0.82758621 0.07471264 0.08045977
 [7] 0.05747126 0.08045977 0.07471264 0.08045977 0.06321839 0.05747126
[13] 0.03448276 0.06321839 0.04022989 0.06321839 0.02873563 0.06321839
[19] 0.05747126 0.06321839 0.04597701 0.06896552 0.03448276 0.10344828
[25] 0.07471264 0.10344828 0.06321839 0.04597701 0.05172414 0.08620690
[1] "Percent of time PIP >= 0.9: "
 [1] 0.13793103 0.52873563 0.82758621 0.82758621 0.06896552 0.08045977
 [7] 0.05747126 0.07471264 0.07471264 0.07471264 0.05747126 0.05747126
[13] 0.02873563 0.05747126 0.04022989 0.06321839 0.02873563 0.05747126
[19] 0.05747126 0.06321839 0.04597701 0.06321839 0.03448276 0.09770115
[25] 0.06896552 0.10344828 0.05172414 0.04597701 0.05172414 0.08045977
