0.304848780958474 0.990950675956292 0.999999999999982 1 0.00354572144267618 0.00416163784376755 0.00313057433802011 0.00334558918239114 0.00399399876474871 0.00296641511312135 0.00382303006875861 0.0035038474604181 0.00309039308907033 0.00294547145242796 0.00371735722134803 0.00374163687342544 0.0037797439644861 0.00439185671608233 0.00311646528688037 0.00366069500487165 0.00400686110037485 0.00290880868199728 0.00289213472473759 0.00324352544207052 0.00350781953782386 0.00279861785302804 0.00453372426838983 0.00337243886223615 0.00351546342618203 0.00339463912033944
0.0505031736976873 0.999845270938996 0.999999999989309 1 0.0019705818247574 0.00273505543675345 0.00263700333444805 0.00290916194222046 0.00301934499115475 0.00260285061779764 0.00315921170142541 0.00286442573165158 0.00432088029643785 0.00310529991165709 0.00230178929719804 0.00230452514548463 0.00268039781368423 0.0030331000723639 0.00224742371612574 0.00492017908370912 0.00248197572631992 0.00221119811314063 0.0042024119410542 0.00191905082535238 0.00300660191857316 0.00289556685476611 0.00284258769157786 0.00277608999342238 0.00320771271617626 0.00249743751397202
0.00706724427330008 0.973088094750802 1 1 0.00414020962827588 0.00231264517389562 0.00234416713306729 0.00197165456109716 0.00221201758816814 0.00248591031988099 0.00708433068930747 0.00294144753370029 0.00257304635366307 0.00284104151067577 0.00292198840222913 0.00257126700054888 0.00603362433431942 0.00227206837160143 0.00224015674613309 0.00312311741703386 0.00297987828772939 0.0023937399400058 0.00264113877302996 0.00221929741285598 0.00219428981623127 0.00228556888828535 0.00196018270858811 0.0024470911308021 0.00467369957045261 0.0033024477069189
0.0460072041864428 0.988328476409995 1 1 0.00259439883975987 0.00254959836446833 0.00320014874008379 0.00284682062100605 0.00246494770350236 0.00249237118707291 0.00282516185311243 0.00257232151113918 0.00262132384215141 0.00462931864429661 0.00250912304117656 0.00314736353988443 0.00329767077553378 0.0024461296818904 0.00360088101586309 0.00222203783197283 0.00202548241849709 0.00252504552881205 0.00297881695216429 0.00290734400274539 0.0021618944520756 0.00191819129738013 0.00247243513029816 0.00219448140629896 0.00203491537786238 0.0023722931213408
0.00906906257002849 0.93313316558781 0.999999999969089 1 0.00362856782415133 0.00308235566180171 0.00202062806259307 0.00345005272948951 0.0037269989168015 0.00243021312594804 0.00369984064525086 0.00345985922271885 0.00236677827508625 0.00309535441912234 0.00250617778187034 0.00308322368022829 0.00305541324447867 0.00225198833808737 0.00219117987509876 0.00377360584392716 0.00261376445636319 0.0020017159192468 0.00209866772887546 0.00216113592157696 0.0022469611129512 0.00285195296797236 0.0021618164307784 0.00205674271993417 0.00234990489007691 0.002994598900525
0.00394665836612584 0.999999945905902 1 1 0.00230005042922155 0.00209456994874568 0.00178059829505195 0.00221670569269672 0.00206717627985675 0.00260134934557388 0.00179079937525284 0.00214430791860776 0.00164124248367226 0.00210650278945346 0.00458260560816015 0.00171534333761214 0.00204620516983334 0.00182142832849475 0.00184014788666409 0.00187270517239668 0.00199316961619989 0.00283897448586079 0.00187530090180421 0.00192992437965522 0.00153517382554769 0.00226069054559208 0.00174817479707834 0.00193208703247427 0.00199425844492751 0.00187206915081473
0.0414892133124649 0.155664321903099 1 1 0.00228395550566263 0.00221779492076735 0.0041678236516316 0.00218942637088237 0.00203125055799069 0.0148918475762421 0.00231638538907797 0.00343985798068713 0.00263435934225109 0.00208095576697664 0.00260005836200583 0.00343580297132273 0.0024146535793047 0.00208710918875643 0.00242524943433342 0.00261141638162843 0.00273474281852659 0.00219303699090534 0.00294368144644863 0.00206038201787306 0.00702647745710394 0.00297935072076627 0.00231053333394249 0.00214188444597763 0.00353678599174745 0.00368240278991805
0.00305090976398015 0.0657751391502945 1 1 0.00154038904113674 0.00167432070458717 0.00145683245212203 0.0012284290586333 0.00240746620945642 0.00127857554773958 0.00140758567693988 0.00140503246554302 0.00127884248315124 0.0012416170744477 0.00117516267944273 0.00136520437824827 0.00123537609342139 0.00239008625467929 0.00128936686835734 0.00211775029449812 0.00134120479036481 0.00135018738189452 0.00161991102836212 0.00143928930177917 0.00195096055155364 0.00164864472584181 0.00149041995933186 0.00127363692379734 0.00140194549841888 0.00144993479656597
0.0135684736385178 0.0902764936001597 0.999999980881225 1 0.00144056292894912 0.00268368490499316 0.00169830829294992 0.00373666673113393 0.00182917880298672 0.00123443629358988 0.00143382016693838 0.00214891456089095 0.00171245232506056 0.00223612280809549 0.00282428291330661 0.00140039506265699 0.00307733687497802 0.00416328546959699 0.00222320594743308 0.00207805151482299 0.00130231786011015 0.00135349459545175 0.00167764812927962 0.0035054157436577 0.0028561348800592 0.00220028761415614 0.00181206901492581 0.00276626032549832 0.00156749080470175 0.00154974432968857
0.0705270961447677 0.935663521926442 0.999999999996293 1 0.0024177961176044 0.0034021521483556 0.00451240694373312 0.00244421773044179 0.00292065708631195 0.00251789208329212 0.00241493529564296 0.00280528167731287 0.00268873157476957 0.00231685574941953 0.00274438893335027 0.0028947178225569 0.00409557024488461 0.00382121271928282 0.003807323589059 0.0023809659021381 0.00242537961162403 0.00257887958827152 0.00222267089937767 0.00473106251454092 0.00304425321114443 0.00320244345514209 0.00287808399138512 0.00322645236408092 0.00395894584423795 0.00257427093949203
0.0295322800943704 0.591863341393185 1 1 0.00464947499349022 0.00209015940078672 0.00231006614917439 0.0023630779902617 0.00227589026069208 0.00260849679630148 0.00232487916524982 0.00249521701300615 0.00201136306792726 0.00239692650219225 0.00334437860578829 0.00866927962696074 0.00264325743607907 0.00342191594458519 0.00212592913083687 0.00516634327392296 0.0022736461918057 0.00335525963895544 0.00229267746865547 0.00415278334358049 0.00222278409701337 0.00250533229908889 0.00213330686421964 0.00239167123984951 0.00335987720757125 0.00509304764559459
0.00657186113488917 0.898725284009811 1 1 0.00265073546475947 0.00195084285520675 0.00221470837286952 0.00237755076367463 0.00322385192269214 0.00249689084868343 0.00248040267307159 0.00425717512293133 0.00224097252554134 0.00267071126171292 0.0023826626090323 0.0021647466757696 0.00272297686762502 0.00253083114831731 0.00257640115091473 0.00258608034759544 0.00226846179048823 0.00340560893766773 0.0029620144918685 0.00322209819900099 0.00236437259122591 0.00269048570316888 0.00264482710124014 0.00275586284469775 0.00221631068946693 0.00274177499442663
0.0622783702881515 0.975093880883627 0.999999999999745 1 0.00243253397677157 0.00247010611928056 0.00291621864754077 0.00571134776205395 0.00596765955614043 0.00424441722270175 0.00286369456374647 0.00428454414555735 0.00283829515701506 0.00309397328223737 0.00295253880347324 0.00257049284210298 0.00232222146808325 0.00261937144180024 0.00571816198614383 0.00378582299252916 0.00282941091776467 0.0034108317862982 0.00297306238442252 0.00475874518957964 0.00396025745219186 0.00309955493167169 0.00241661627196232 0.00285458208889955 0.00262360398586181 0.00226020480926181
0.00754714197509077 0.916695300191398 0.999999999999925 1 0.00361150797875809 0.003949745041541 0.00268923634239793 0.0019177142882747 0.00229783065927691 0.00227482891717334 0.00273903614959359 0.0169659215565636 0.00184570904983516 0.00508116705154105 0.00242259439226178 0.00212306019605624 0.00392574261280321 0.00281467443827466 0.00214245943003533 0.0029237603205019 0.00265933984276379 0.00235817697179541 0.00232249432018417 0.00251514813895037 0.002823701378317 0.00446314750469767 0.0025049265223569 0.00292190646745027 0.00278005668429715 0.00280190862047813
0.00319820664628112 0.778898962094304 0.999999999999998 1 0.0016792367373073 0.00230490222803692 0.00230273822021188 0.00211856213883499 0.00222344316543832 0.00267430336500329 0.00165356057613131 0.00181625356683723 0.00147138322969342 0.00189106345520107 0.00165461398257116 0.00227115936501043 0.00196834144750058 0.0019946536692329 0.00137793836437061 0.00153736931908621 0.00155200776501241 0.00184901247775882 0.00195441402497409 0.00182854708609625 0.00561135575300531 0.00176381328920372 0.00177141523734059 0.00159235256081813 0.00178187252402062 0.00198329955896726
0.18838934123481 0.915598855600201 1 1 0.0031518917271921 0.00252989501403911 0.00307235197376377 0.00400512056897351 0.00316302721296247 0.00306776718789781 0.00332599145238821 0.00626215048518519 0.00259158394244396 0.00344409919463218 0.00277089336616132 0.00244073319128935 0.00273579699542637 0.00404707412250427 0.00338807073325254 0.00292169979401069 0.00417652965560467 0.00296638241436498 0.00595013638716291 0.00320727849530655 0.0046876502158365 0.00412697087390468 0.00278406067238168 0.00555206123130092 0.00308659624667462 0.00337546310844139
0.00597433394757518 0.0142796652312627 1 1 0.000873828548743849 0.000862147818617709 0.00115880497925336 0.000849426219809768 0.000857350829820192 0.00165730244419704 0.000914403647427453 0.00133289626752875 0.000884615961451174 0.00231616558283421 0.00270944253542516 0.000868962539460783 0.00110899868767145 0.0012257055725855 0.00102639781179659 0.000914247866865892 0.00151755869285486 0.00111051716674471 0.000955004645957769 0.00132057413437836 0.00124480222842549 0.00107372583359844 0.00088328533664761 0.00186125720979857 0.00119429315867881 0.00086323014952816
0.0191914650504634 0.959967870357704 1 1 0.00281867359396293 0.00220463104713109 0.00216611720788673 0.00273290472449605 0.00326674998918663 0.00300004470547421 0.00215896504986857 0.00259325867778371 0.00236519368056076 0.00245642281573843 0.00389798067910652 0.0022480120086783 0.00242313472415678 0.00203037273352791 0.00274448030786978 0.00238485267537347 0.00251873448107276 0.00325885541713322 0.00269112405740668 0.00294544274245034 0.00214730907589022 0.00255102560338649 0.0028293429326629 0.00372365023567389 0.00227839649515327 0.00533550386945292
0.0211908124633693 0.218337356817656 0.999999999522774 1 0.00184164463197467 0.00182430546154111 0.00262810298653804 0.00167930496725988 0.00219174380840492 0.00185416128749816 0.00209168945861726 0.00190439526503117 0.0034156643469897 0.00207016707594643 0.00254143925661465 0.00192871381832727 0.00198632382082431 0.00214714367215241 0.00205712747171305 0.00251833160078718 0.00169552991202848 0.00156946062482799 0.00229165666056852 0.00390418384496971 0.00242570110956508 0.00216141467853459 0.00183661784830658 0.00214882270627892 0.00328482547183917 0.00231598511871356
0.0106161532194866 0.814425527484611 1 1 0.00264502787531751 0.00165250418601326 0.00259738039783908 0.00545062746292702 0.00158791688818816 0.00166894079891133 0.00187823255288466 0.00180433603447028 0.00235764128994553 0.00200173589115227 0.00191917368163552 0.00181863763383316 0.00232760967801005 0.00202670809135475 0.00172938101688469 0.00188977601544138 0.00178772667504135 0.00232829837573512 0.00188300396261132 0.00197853396874581 0.0021573842286392 0.00180630149547445 0.00169864335434011 0.0024151778406688 0.00168215560843687 0.00220901668363493
0.00203264877008946 0.959211988737445 0.999999999999942 1 0.00160524612884128 0.00151923796011599 0.00153481046210058 0.00185815589691596 0.00160127301800528 0.00188821365752689 0.00210151040411655 0.00173031352988573 0.00157386574502472 0.00190710871453714 0.00156094746122704 0.0012713855433083 0.00194516822977908 0.00175368742658621 0.001572668821057 0.00172278519700853 0.00188049366529919 0.00227529172274876 0.00165748173424696 0.0016790816962613 0.00129228850262175 0.00176734174154236 0.0015998723876387 0.0023520410438731 0.00229486111480237 0.00173360977115722
0.0252069498931266 0.997113523376535 0.999999999999999 1 0.00214030168214097 0.00319680826624591 0.00250192594639942 0.00226779883444117 0.00317140126575388 0.00264610617289085 0.00300761083514189 0.00236660646494669 0.00273918409448992 0.00290823776411808 0.00357479393243676 0.00238728614815442 0.00815712849148542 0.0037589135108318 0.00263600749260373 0.00258767031938045 0.0098464504621858 0.00292847766355164 0.00300843806276829 0.0035725918474524 0.00326511575579724 0.00296001476695884 0.00236908080476128 0.00534088451741022 0.0032797858767396 0.00359842849458847
0.125160353137893 0.73854676228814 1 1 0.00309432989836467 0.00234624167089237 0.00220279549199653 0.00435672335653381 0.00486406145113305 0.00217740605734074 0.0114038274983685 0.00364391800975061 0.00204234711454787 0.00250632141030294 0.00247386287857354 0.00189054918452747 0.00226113511049075 0.00188958547459606 0.00235596662846282 0.00249059162943888 0.00219364367540564 0.00237885990821785 0.0113596494676397 0.00198235145526426 0.0025481958464264 0.00219386403946153 0.00361940005351546 0.00294023946472832 0.0111928568483775 0.0024717250803008
0.00681434354919286 0.662267255808527 1 1 0.00406126442603616 0.00187759536658405 0.00176421814189498 0.00273796882652233 0.00173754729322095 0.00192049225836932 0.00174105523844215 0.00199156335487094 0.00298066513395234 0.00265374152101971 0.00189663575074117 0.00217019179331845 0.00201820132581099 0.0044096676048877 0.00197671723668202 0.00201253363886356 0.00445049254554875 0.00183486593062354 0.00207932016493606 0.00173928073101781 0.00203783907969213 0.00224401449385681 0.00206626344981131 0.00188232752917206 0.0023404276563409 0.0018337810400566
0.0200011387860054 0.985518765979962 0.999999999996942 1 0.00303737227960987 0.00243771672052173 0.00363351523134803 0.00251398502917288 0.0028465803670179 0.00284454648840526 0.002620874370305 0.00338616412759407 0.00274919815325103 0.00333583223155165 0.00240349728597899 0.00323987171259443 0.00285546813386583 0.00256332901009737 0.00344028234297888 0.00303561507160688 0.00218594231894442 0.00277217915510708 0.00270706801492815 0.00267077381683833 0.00276273902911206 0.00263180299610377 0.00242833334784365 0.00245762624521528 0.00228404312092811 0.00372469975440948
0.0910584477061623 0.937825574987123 1 1 0.00274608856038583 0.00241754151499707 0.00218505969474703 0.00238595942434994 0.00243974952096482 0.00284691783086233 0.00276912894284476 0.00206045790328768 0.00243510526249124 0.00233126059645794 0.00311843063089001 0.00246739496331005 0.00239928599994821 0.00249236891115312 0.00197816832289888 0.00212919505353792 0.00270778080676071 0.00285833337582353 0.00302427954097761 0.00233530100563961 0.00231456643219052 0.00272765457589985 0.00227189203243872 0.00234593197023969 0.00257486416580843 0.00343746944995504
0.0672145465130829 0.999880182372771 1 1 0.00233276123067372 0.00354679034326955 0.0029560847648239 0.00331209509801522 0.00232044592613267 0.0024531434094196 0.00238242475858952 0.00399565124406454 0.00288923723091816 0.00304763052523882 0.00242142092838582 0.00221491508822724 0.00706990818513908 0.00247545296733387 0.00285099829930924 0.0034314107922776 0.00699403689126954 0.00456330718476072 0.00328778923273843 0.00208208984956659 0.00310635148684968 0.00267174083772348 0.00423993354751118 0.00211939545198314 0.00240301675929411 0.00282034022755628
0.0190589467962183 0.970888139366562 0.999999999999986 1 0.00181470974435405 0.00344430911749471 0.00237731983543699 0.00196224134767042 0.00258530867254414 0.00266166441444893 0.00202046984244875 0.00190982781642213 0.00260306283579981 0.00465968285335283 0.00302271908420682 0.00225208104933894 0.00500146494460829 0.00209399106851904 0.00306672260798357 0.00226974875366781 0.00384687475539724 0.00285173037520969 0.00236086097877619 0.00202130449482241 0.00350443716255866 0.00230350076524899 0.00285705600456687 0.00197075452842332 0.00261183760838202 0.00249827083650844
0.169580180241149 0.999853799664467 1 1 0.00354800684616885 0.00391767720249825 0.00252490604817091 0.00339640289223508 0.00302355260688381 0.00511981882059154 0.00331501023419334 0.00358490211601969 0.00283376974654825 0.00283063541265527 0.00306449725748903 0.00275445025185861 0.00300389781814003 0.00264339688980741 0.00332989500357805 0.00344069343589382 0.00284995657175047 0.00379050640402867 0.00262726258697032 0.00271938939499605 0.00368692555402861 0.00248606163115128 0.00651241089108945 0.00592343555637675 0.00293854227884749 0.00304687846665075
0.525522079200277 0.998349103171133 1 1 0.00376908485371941 0.00334232220761677 0.00311800654455174 0.00336011646737111 0.00456173753458233 0.00328699198133053 0.00365769357965617 0.00333938594343175 0.00460285748332478 0.00317135953647296 0.00332385956400072 0.00507247804324984 0.00336239211585532 0.00320250792439969 0.00305454933348037 0.00586634362778549 0.0039478819954486 0.00306695814849101 0.0031421440438083 0.0037901903553561 0.00343217489590719 0.00388668081309385 0.00341709517759869 0.00377302079128405 0.00418524733976622 0.00351008876913816
0.088857268235052 0.511837199654127 0.999999999999791 1 0.00324126586340112 0.00274033550745323 0.00265128921713342 0.0022650026250296 0.00267914504591982 0.00323545825020388 0.00271509877286813 0.00411889871079274 0.0033170094963505 0.00463233410682662 0.00316335089524111 0.00277617290436527 0.00697203071011598 0.00357854146568093 0.00285215493781454 0.0020731721213032 0.00313453286478915 0.00204992829775064 0.0024124559275065 0.00221196843622407 0.00221096616397631 0.00295105294048259 0.00237378781411213 0.00216297240648111 0.00312137696761849 0.00301323448501722
0.0191146470451434 0.998948901386999 1 1 0.00209039070503703 0.00218369303995924 0.00272516658545541 0.00211045549559363 0.0030558666511592 0.00234376732721697 0.00261596840177125 0.00236398117027925 0.00201552085561529 0.00172053068828604 0.00249680981890299 0.001705566571784 0.00341454885166192 0.00193226066220642 0.00196191199427476 0.00294718125376137 0.00226267422044457 0.00289339763816154 0.00270062851608255 0.00195381650876036 0.00232934417162911 0.0025304948566458 0.0024816236431332 0.00194376912232619 0.00245363506041085 0.00223252131356122
0.0139049039317157 0.934352430174263 0.999999999999999 1 0.00194447838660128 0.0020275629583365 0.00211955167037858 0.00227261884688046 0.00193662698782859 0.00288783351810951 0.0017730964750492 0.0017818727310901 0.00182398374743153 0.00161475321146698 0.00293801569659302 0.00181598020576734 0.00202993492752268 0.00222287542822674 0.00198950154053668 0.00190990396921764 0.00143349571336515 0.00170366603281169 0.00159587398657302 0.00173879117705689 0.00262594887868495 0.00167349744762868 0.00203111631445774 0.0016939334834033 0.00283755064956148 0.00210014797732871
0.00430545134128912 0.924500712612069 0.999999997312038 1 0.00544264373438985 0.00242021843229512 0.00238349913457403 0.00218259070684401 0.00207771978520388 0.00298855072994175 0.00349708916774871 0.00354632043369507 0.0022308386286034 0.00405641108884602 0.00379283939350517 0.00231507682119703 0.00385624552341468 0.00268833633168064 0.00780766722498027 0.0030915800464465 0.00321595426913757 0.00260967459988704 0.00428761765188501 0.0025793721066143 0.00444583278001731 0.00248885878295779 0.00252945493421541 0.00202900760451519 0.00329298012976198 0.00252772801104928
0.0132202725056513 0.211151180167701 0.999999999999988 1 0.00192754447311494 0.0018800761509562 0.0020977115213936 0.00187576384809041 0.00254794722902185 0.00232733940763297 0.00207179401264856 0.00193422441455759 0.00293590045343395 0.00217075637960507 0.0018974648261838 0.00211898155186474 0.00281875095448925 0.00211196203528885 0.00274349750302616 0.00226554811414958 0.00174812381684153 0.00447271943164862 0.00220863995173848 0.00187819083568908 0.00200807218937649 0.00230690403663436 0.00295140271234018 0.00285348256721529 0.00361806616159888 0.00334707526490408
0.0136413806998317 0.996923556296622 0.99999999991302 1 0.00280774837287323 0.00737897300591317 0.00318744179982278 0.00372754453259216 0.00223970096408932 0.00372712952942678 0.00308863759321276 0.00357721156899538 0.00347204098662313 0.00326860204773882 0.00339956974433597 0.00278432504077852 0.00347432163455097 0.00369529416776826 0.00419505091627637 0.00261634866316207 0.00300617832286854 0.00361713595173541 0.00340086521692273 0.00291791363723681 0.00284259108434881 0.00420082558859936 0.00298826003492569 0.00292709277128322 0.00280334003589744 0.00476014861233542
0.00670842875936184 0.693807256284726 0.999999999928795 1 0.00224371891172481 0.00195051154582726 0.0018045566136774 0.00214887719706569 0.00165987679085722 0.00177902017265719 0.00165539052037322 0.00141971389851736 0.00224281143703098 0.00157060102911444 0.00130619553636502 0.00164492907024361 0.00472626172680801 0.00178343215089516 0.0018590757944692 0.00196825097856346 0.0018373540908051 0.00283982613559175 0.00175878742167324 0.00166217340622243 0.00182321274217545 0.00209144643659431 0.00198419577435216 0.00145136400643575 0.00235071325073211 0.00161440407979141
0.0386419094554066 0.96894276457867 0.999999999999736 1 0.00307311359350271 0.00399137543326678 0.00272921040094865 0.00318305412459152 0.00304424908956857 0.0024365070733513 0.00359797483316637 0.00566216431249711 0.00250874433823378 0.00236202207186276 0.0026075731913171 0.0026448492356711 0.00236754790333171 0.0047357902083035 0.00232152876506431 0.00248365406957396 0.00263403317149535 0.00224491240475666 0.00377010153533308 0.00233904289219466 0.00253071709695152 0.00281553459907125 0.00228708485716966 0.00251696375648902 0.00296397121167891 0.00219983381141309
0.0602463077433244 0.99983970034782 1 1 0.00259141095483861 0.00222808018353082 0.00256755674438924 0.00229254596507655 0.00235857788265315 0.00266015543890408 0.00249059224709403 0.00229050268261033 0.00215159976164925 0.00250723432107203 0.00255592424948892 0.0027727902412743 0.0026437859177193 0.00294114997302874 0.0026701156629817 0.00352331175723231 0.00351861029698142 0.00193550110745055 0.00260887667940679 0.00271252510955511 0.00254444376814289 0.00260158342001204 0.00199294324973409 0.00267113096198845 0.00424757033808321 0.00255876291362889
0.180160972281605 0.812522716873586 0.999999999999997 1 0.00275887292048571 0.00291474027407956 0.00280563778808918 0.00250481234894151 0.00261165121345519 0.00322275175348707 0.00460154008047531 0.0025209639471786 0.00263349874591889 0.00344672693409709 0.00240582690109026 0.00282350536089115 0.00301117905658455 0.00735178205579368 0.00323264593425565 0.0026055749832764 0.00288984798764125 0.00300330261438253 0.00360593932295283 0.00243900583630807 0.00375579517951996 0.00276210239452623 0.00281189953271554 0.00237102805243317 0.00293512578376853 0.00388105404033057
0.00609526649902958 0.674125317406652 1 1 0.00203117636133476 0.00182008446955351 0.00229112837732182 0.00223335594411156 0.00168421715690681 0.00185883483267535 0.00212042877967988 0.00175982705051747 0.00229585274471744 0.00209583425051818 0.00211757961271108 0.0053183181022558 0.00173549619083979 0.00442460270688072 0.0022765382523654 0.00182754478387603 0.00324652567661998 0.00171814942160853 0.00186388953803951 0.00173759832592746 0.00323465869363504 0.00155466621748346 0.00184993160413394 0.00245518042805515 0.00184141131955873 0.00203440667491139
0.104454712991397 0.933627622460974 1 1 0.00339637538104265 0.0027932891384248 0.00302619639511892 0.00350054705399239 0.00252814459666628 0.00282382832750261 0.00282705881522893 0.00241542659477345 0.00265228967343967 0.00338327858834564 0.00488127424649787 0.00272021498622155 0.00493513559074854 0.00262682804192749 0.00286230367847229 0.00310492932271689 0.00319736134437199 0.0035137683799179 0.00294127211390538 0.0031797891642219 0.00268471308449714 0.00477221752511992 0.00270599820665562 0.00256102681207826 0.00268083577282641 0.00452046690762342
0.0629801071076146 0.132257915909247 0.999999999999994 1 0.00317361831355623 0.00202825940038986 0.00162837012169881 0.00160825227074179 0.00196754489807893 0.00192762565753368 0.00209127417498078 0.00154337496238688 0.00160003080485349 0.001948283920858 0.00153415689566061 0.00296490798382143 0.00142950272204201 0.00180278270786471 0.00180471191581832 0.00194310731417113 0.00203346492516165 0.00175840756783108 0.00168759322184708 0.00153874615246286 0.00271526755820362 0.00139284556534414 0.00253957704179664 0.00174347468607527 0.00194708158787726 0.00311893904779237
0.122538105816823 0.999960192751594 0.999999999776019 1 0.0024420963184183 0.00332326833055507 0.00311737712440496 0.00404350087080907 0.00302905510865259 0.00273511635757451 0.00329606358319701 0.00310486802378473 0.00299225121505975 0.0045696556358954 0.00501128505855497 0.0029028797790126 0.00272002533103821 0.00527045059191356 0.0133964230754853 0.00346686929984197 0.00258862058944898 0.00296759052564233 0.00304540052051672 0.00273521688339984 0.00348658225791842 0.00307843855785239 0.0110620451407117 0.0124700962767438 0.00376455634829631 0.00317760830482416
0.00864263560881473 0.999335994874057 1 1 0.00278232862177608 0.00182555505804682 0.00219826836579418 0.00177908131345672 0.00248422841459273 0.00203264177006579 0.00178871308821626 0.00164871235011477 0.00189407536828989 0.00177116880270156 0.00165559531122395 0.00272828786193258 0.00213221274847675 0.00181188113754782 0.00286794373959354 0.00189751821904072 0.00206139937843164 0.0020693248880953 0.0026382871328845 0.00165723316335387 0.00209375913784948 0.00228690801520537 0.00303228096967278 0.0016459021452031 0.00213049185165093 0.0019272724543602
0.102658373318182 0.985942957027987 0.999999999996116 1 0.00275978127577237 0.00392460487674995 0.00325678123651463 0.00245479457909448 0.00273976330663828 0.00292731014645053 0.00471743732106833 0.00610191756687217 0.00405901975842893 0.00275501124039501 0.00374022556712506 0.00284972693831209 0.00233123259204893 0.00316749364108027 0.00254690886867448 0.00251185690489264 0.00387482300022624 0.00225576668544092 0.00288484385110466 0.00339708206732026 0.0036415015752882 0.00246437179253522 0.00268648636220736 0.00344204377226642 0.00225117331857683 0.00273831786780554
0.0153337943059191 0.996694158494939 0.999999999999981 1 0.00241350196563828 0.00263569176878264 0.00816095284237639 0.00408759747683696 0.00308246426571046 0.00269727961553801 0.00271648809272529 0.0028678339505197 0.00271082589394622 0.0035060582352141 0.0022444144693321 0.00495592976103798 0.00521440670197615 0.00420756222527041 0.00264341429002901 0.011480932567536 0.00308227139251527 0.00309229481305495 0.00305844365498698 0.00240314627606109 0.00268564414569272 0.00249454409610184 0.00315680467963086 0.0024451495642358 0.00354707912142427 0.0022232311097431
0.0464487911824281 0.579296602659802 1 1 0.00202264650037753 0.00224433975915617 0.00215637510994571 0.00249069692917592 0.00328622100523857 0.00350860749717097 0.00255737354121888 0.003594882957628 0.00232692202739138 0.00476233188512898 0.00234089880021637 0.00315695418696849 0.00338950987055298 0.00379471622457739 0.00274580980308925 0.00403882999534555 0.00240217899043838 0.00303908963627608 0.00290181366048214 0.00241078460586763 0.00231788861337201 0.00231769231100099 0.00229474738439006 0.00570809048999166 0.00259812517505198 0.00204883576054271
0.00663817796761523 0.947243525359818 1 1 0.00233146257460792 0.0021319280762131 0.0029138882890577 0.00353807022116415 0.00308475211781023 0.00258770295277067 0.0031512725415821 0.00274842104303707 0.00294968631440429 0.00223879598357302 0.00217971652119031 0.00228257476958749 0.00196147013737735 0.00340842828631305 0.00331918690626243 0.00313751524920336 0.0021726077788462 0.00202209246640617 0.0022218190572002 0.00203816641602517 0.00253252090390899 0.0022582436972145 0.00302404199564954 0.00248140884024572 0.00216040305436327 0.00206522761572991
0.0218761886471116 0.941871305094331 1 1 0.0028673862805918 0.00197479744182416 0.00209906073843824 0.00173400347464814 0.00225438440407022 0.00260729820699734 0.00177802283824458 0.0021446712512978 0.00208028913366831 0.0026280472663236 0.00220425107310007 0.00241295260863916 0.00231719084831217 0.0025785146839935 0.00223477772547231 0.00192161251472422 0.00192020719754871 0.00238432273383382 0.00187198595387272 0.00229606656160786 0.00268749139467184 0.00270796016329311 0.00196203267799211 0.0021040299770777 0.00195106728118588 0.00175101594113392
0.0754649375105547 0.858250822852288 1 1 0.00303215215350761 0.00335816249370813 0.00344735537977892 0.0031144801212436 0.00274941507777482 0.00259998100074599 0.00309895732541465 0.00223142568662626 0.00316288225097205 0.00282038725743972 0.00270174138248314 0.00231092534343624 0.00316987111252853 0.00223360264074657 0.00312580617278579 0.00212439846421164 0.00253379652985752 0.00288855273556377 0.00298226656691236 0.00240874548081338 0.00233111248993045 0.00312150395819266 0.00240115590516432 0.00337884981223335 0.00261379201027545 0.00272582243670039
0.0506514728948261 0.998426047473642 0.999999999818747 1 0.00226664192558357 0.00242678715509448 0.00248375800349288 0.0027064749876321 0.00667921500892765 0.00310223219256778 0.00275469964956476 0.0030478293116194 0.00244437600832959 0.00283496518391957 0.00421386681171665 0.00308123250597336 0.00251495768651511 0.00301561723682242 0.00293771379858532 0.00241539626157672 0.0087215175358959 0.00205457254598762 0.00206021577377258 0.00326362436848837 0.00361920468109134 0.00264182925419842 0.00275934479515438 0.0048377166153647 0.00271104557238211 0.00357300284259987
0.00841714284275696 0.947697298902166 0.999999999998211 1 0.00311743919044993 0.00273322562219402 0.00307495484372811 0.00248706051155856 0.00326176829228331 0.00343604707894452 0.00708966446215853 0.00262998351713273 0.00258814831853904 0.00260238139556501 0.00453487223409688 0.00274677785154809 0.00285803099718063 0.00274237991340998 0.00263539371045907 0.0047713390486146 0.00302500812679807 0.00595115207209196 0.00263299838485076 0.00467538276304125 0.00427153143369308 0.00277662448195792 0.00263383804885697 0.00243832644217079 0.00301669423952255 0.00280321750324941
0.0130411366194298 0.707522603989925 0.999999999999697 1 0.00284556831261595 0.00221901849435335 0.00416834268068311 0.00196390244162237 0.0022882743693925 0.00336398367152801 0.00221173716680867 0.00333355631958909 0.00242695636943346 0.00271229978023435 0.00230212559072618 0.00253563349329289 0.00342594469038005 0.00260652770006653 0.00239630126550516 0.00239045103150548 0.00312131727038534 0.00440528680683927 0.00399476256180098 0.00220913938046696 0.00556838780751645 0.00229243431200088 0.00233153174774325 0.00302083020897381 0.00243612955467976 0.00237640469623734
0.0600728334122379 0.613884335758689 0.999999999865676 1 0.00284054587184768 0.00250219277043884 0.0033118961675872 0.00261566982740002 0.00277371372201785 0.00230273873741949 0.00237781548155391 0.00252906999515512 0.00382657579582546 0.00289856565686575 0.0030748079757883 0.00299711461747321 0.00245871462994118 0.00284957620396387 0.00240609555394733 0.00293942054865348 0.00238031192156585 0.00215071853218129 0.00292374329942646 0.00292694686260642 0.00303309087554438 0.00270715511474617 0.00404587849173454 0.00247020215645066 0.00257268797119503 0.00247214660877915
0.0184473861793951 0.999735327045006 0.999999999415515 1 0.00239257551567118 0.00260299727187241 0.00210206868659613 0.00195340412376055 0.00214010061754444 0.00314262896926387 0.00238967655528044 0.0020186920932338 0.00248008536831923 0.00251490729472426 0.00265770019984868 0.00271344482022895 0.00260804279878035 0.00286891142058376 0.00326346705792679 0.00255640081809794 0.00276336204812966 0.0019779692948988 0.00231592051304186 0.00472732134909304 0.00217035959962375 0.0024619665523794 0.00278047229234579 0.00404960129724552 0.0018675106842031 0.00270502588623189
0.00669965921907922 0.997300303300146 1 1 0.0028518442266654 0.00345035454363163 0.00326087334942726 0.00288970600345806 0.00259278070692048 0.00295569371178406 0.00329299972742558 0.00283503117532202 0.00257070357226896 0.00261054624965018 0.00298415296292576 0.0027242445904001 0.00306872738748554 0.00274519669925155 0.00291622947362213 0.00334088231346008 0.00343353869487473 0.00344751736772553 0.00227407087477927 0.00349842389098864 0.0031041949375048 0.00269252928389319 0.00337786430348053 0.00321941451528351 0.00330998873324151 0.00346154030001256
0.0089576749512198 0.999958234304995 0.999999999999998 1 0.00641820397272497 0.0107817921155747 0.00351191909477155 0.0263263786948003 0.00323171639451314 0.00332661891802388 0.0038096872377501 0.00640434982511162 0.00438468441043838 0.00365420070854261 0.004136943116821 0.0057769990603258 0.00415078618595932 0.022981208232113 0.00401786666147275 0.0030767160669285 0.00337672043669535 0.00414628323899369 0.00341735174536684 0.00378592670315658 0.0039051240969239 0.0037869719202045 0.00380446560769632 0.00503844128517206 0.0108068508497098 0.00399804573070528
0.00823871019595546 0.822991047510557 1 1 0.00190938492777148 0.00395407317930585 0.00188495451783155 0.00196892967774787 0.0028206334090245 0.00232401587459263 0.00185479129663679 0.00316945462775653 0.00204951214468729 0.00305631078304636 0.00203006297273189 0.0044056222535982 0.00260177712408527 0.00195735166606359 0.00331198637468311 0.00222098168915108 0.00257944441905922 0.00217709227137453 0.00210109179398155 0.00177012654357145 0.00197445097811433 0.00227414557437189 0.0034120579320206 0.00312314292986615 0.00229511471731469 0.0021216824028597
0.51620211459699 0.890252640775379 0.999999999999992 1 0.00336649342105899 0.00392434892951665 0.0038037205424678 0.00443753136791247 0.00865782713159891 0.00386364610951018 0.00474352470426531 0.0047158135707206 0.00434616119535924 0.00366387812971547 0.00421329631278822 0.00400048150525933 0.00403821147703054 0.00379513063580827 0.00383291645490613 0.00332146160932267 0.00604132264188162 0.00386381652702428 0.00573830710304557 0.00347293723530395 0.0120321733984712 0.00490098943706241 0.00327882565055104 0.00367883667868585 0.00382406266426649 0.0047563447638338
0.100507029310522 0.980212767847343 1 1 0.0049026191993452 0.00313713933134041 0.0046253064128523 0.00555810404227208 0.00289071580942601 0.00396120348614792 0.0032373525405025 0.00533551239107655 0.00388934856968093 0.00312340032383429 0.00505303577999117 0.00308298861360223 0.00826392292207423 0.00311717181705806 0.00354581235635099 0.00280148509842348 0.00284510239750169 0.00243078177660028 0.0045827464057856 0.00279730492660168 0.00446603593480399 0.00245971487493923 0.00262101783948598 0.00273803669675754 0.00301878000411959 0.00279468062915023
0.238585920921625 0.999998516652277 1 1 0.00410174498983396 0.00492464437107887 0.00447031931940434 0.00319866003630964 0.00395115978322158 0.00323253085379682 0.00358720197003704 0.00346592140331792 0.00377885947547851 0.00279150778900239 0.00400600724493638 0.00343887439478985 0.00479562620544816 0.00329215249436943 0.00323607880967225 0.00323624311593396 0.0041956963202916 0.00312836390917837 0.00561238629771754 0.00382850563636661 0.00220218612769474 0.00518506143830633 0.00304146482354295 0.00280667486890196 0.00338821207781215 0.00375448567514092
0.0155033920874923 0.99094271768876 1 1 0.00253855274599368 0.00231572852541995 0.00332793491176153 0.00227423404553906 0.00211940661507115 0.00213727691553767 0.0019885089425038 0.00209390934907128 0.00277203685813576 0.00187178453201553 0.00402107923816641 0.00210364611302405 0.00280420879580745 0.00485914351268413 0.00194583249305569 0.00184876247126942 0.0024769179984041 0.00373185703278933 0.00233433966691698 0.00418644833340753 0.00298241545845046 0.00324065799217677 0.00210719787344005 0.00232894281932072 0.00207113504726797 0.00184968444523848
0.241627936060007 0.724343380886122 1 1 0.00297683727233022 0.00317287190526849 0.00278859462714831 0.00271532921522089 0.00405170941539301 0.00356998512433426 0.00393524564116288 0.00287315213573158 0.00352939784053696 0.0050796629061145 0.00498603330036618 0.00333389054428135 0.00359801788681269 0.00412272165828287 0.00318092410956283 0.00281468077998703 0.00379836799021804 0.00391143967508589 0.0028456905105938 0.00366187386557437 0.00335360578494714 0.0033840491531002 0.00240595422539647 0.00401658525920912 0.00352966090223117 0.00296268714939507
0.00772707375005233 0.931119608501099 1 1 0.00234439458060398 0.00208648479953299 0.00416939142909034 0.0019162607689045 0.00252536561405658 0.00298139330402603 0.00295876892301195 0.00198873332146976 0.00191739386213197 0.00247301381422738 0.00229528265428269 0.00189528741677025 0.00223029036168831 0.00211017701800886 0.00224581390022915 0.00392778232271884 0.00239071520639056 0.00255293502265153 0.00211824678415951 0.00179162060729876 0.00195166167928096 0.00201037581520247 0.00227225455692026 0.00194579868999567 0.00242527523377567 0.00231844643768164
0.111744984658653 0.999994918478106 0.999999999929987 1 0.00271400867872518 0.00290839202720805 0.00379826232268221 0.00258200744204096 0.00249053440818248 0.00237701763007592 0.00309599703198704 0.00276561221617799 0.00365836649272988 0.00290400002598434 0.00295654475196183 0.00263786112332176 0.00236786477999218 0.00285113818705574 0.00343407072900659 0.00284494572903926 0.00248749241604707 0.00759779491427315 0.0027756696240524 0.002893791855199 0.00292983815005954 0.00542315700879625 0.0035113787547989 0.00301531456663728 0.0032364392399864 0.00256809640646294
0.227895071673423 0.826253185111505 0.999999999997687 1 0.00379670039682045 0.00292634250168766 0.00289685250441518 0.00345469587710479 0.00248127941697596 0.00299047919693163 0.0030394113098714 0.00470941381875789 0.00281551529073809 0.00308987264225136 0.00295791396039979 0.00293835904551076 0.00295444465297134 0.004966060309889 0.00260665670992832 0.00279297011931734 0.00355980484207596 0.00408686109210299 0.00288429349233432 0.00294763423162414 0.00283280649151441 0.00278424671794919 0.0032820670351682 0.00327594964057321 0.00264475186988988 0.00352208793534359
0.0522316801188566 0.95486864145979 1 1 0.0023309806182249 0.00262377885206899 0.00739490352027072 0.00241914647308639 0.00334416786706848 0.00259575819018865 0.00236523310850167 0.00292387734796307 0.00284151197209648 0.00299487878818527 0.00322282800797669 0.00210339937621373 0.00237150140458353 0.00567847301440738 0.00255870328489061 0.00238019662197975 0.00315031561406354 0.00249595171851791 0.00274713848689212 0.00269151403312839 0.00401468898615898 0.0026784550770661 0.00231806012325519 0.00281933419365588 0.00474425917409382 0.00236965498830477
0.159393148107715 0.995623217029171 0.999999999999992 1 0.00304089909383309 0.00515409509325027 0.00334912201618787 0.0029928828307284 0.00252827643041242 0.0022135377046143 0.00209371219561749 0.00371951286176109 0.00275855781790157 0.00233020715083121 0.00228944786412189 0.00242703354226459 0.0029809642997467 0.00284985258407611 0.00277225258369973 0.0030919080022348 0.00271833941727462 0.0022867402944623 0.00292796064196066 0.00231093711551722 0.00237570198553472 0.00256908144806145 0.00261486161224767 0.00284605110967451 0.00210543992500112 0.00232718401518306
0.0152039102901042 0.912120942637449 0.999999999257236 1 0.00247608942094246 0.00234040845179728 0.00183631429435882 0.00216925025673531 0.0019820844721451 0.00210307615343019 0.00211529058794047 0.0019790936630516 0.00201657377819109 0.00186624726597728 0.0023248913304551 0.00228355271357417 0.00329684639670158 0.00204914160718417 0.00212233800486383 0.00195484743155361 0.00188933756263876 0.00227709159706357 0.00201096347921048 0.00295245522144683 0.00203569384573055 0.00239931358655676 0.00185593446844812 0.00231709028082405 0.00203018038679037 0.00583584766317324
0.514861845293541 0.998065028983877 0.999999999818372 1 0.00337190556268829 0.00401313214345778 0.00322723712578055 0.00273225059672977 0.00453892337775008 0.00347220990290054 0.0029769104263605 0.00308902335648276 0.00398053450294111 0.0035452686994808 0.00312758362571897 0.00412004624090356 0.00459202963767946 0.00301833780098493 0.00307458963842167 0.00636198932191256 0.00258015557418068 0.00349024559817002 0.00376698961311162 0.00475108828972459 0.00351391025793668 0.00338431654123617 0.00310775394660867 0.00358990803468517 0.00377238473580233 0.00355054026323465
0.0067950210846387 0.331456830725776 1 1 0.00159394071864039 0.00177098507639439 0.00145669308010321 0.00153080145338436 0.00180691613277961 0.00207340716690763 0.00113811736578484 0.00155024172268037 0.001923375999896 0.00174543635477187 0.00177039599706585 0.00147384985343624 0.00199145410604151 0.00140253210839081 0.00159333263351968 0.0015885753276591 0.00150735665219448 0.00133248099481542 0.00169335469783471 0.0017454041626096 0.00156002076688677 0.00152705659400021 0.00148761560743604 0.00252506669463493 0.00308911451782046 0.00141093162585815
0.214553198820872 0.354511240899644 1 1 0.0107747732176476 0.00718889793944921 0.00538869186787505 0.00614365882856405 0.00835754065026451 0.00640806604505606 0.0688594348761969 0.00672572705972518 0.007398176470092 0.00681309109914785 0.00650029559280629 0.0088516292230254 0.00601366085363364 0.00738761887476902 0.00684466288784413 0.00600750476186263 0.00655741283618994 0.00819081210171069 0.00650052290999403 0.00563217622656431 0.00737997908044141 0.00755055888714207 0.00629494836139288 0.00569344890937118 0.0104013387075249 0.00653480650557048
0.00434437942281685 0.996264608548768 0.99999999999982 1 0.00182573860579871 0.00122794773668811 0.00145029341047309 0.00133026107734624 0.00157413928897365 0.00165133596159794 0.0026026449351223 0.00145358785585714 0.00145818324147273 0.00172093882900137 0.00168312542130078 0.00167496764418762 0.00146547441198241 0.00141162252973892 0.00124142792803084 0.00199692076168168 0.00151064454910776 0.00199471979567489 0.00197388734449233 0.00134480995200281 0.00157474012791214 0.00157112232131928 0.00355208237296067 0.00564087493923149 0.00150683262511397 0.00175894348780781
0.0139678587626237 0.99967688856978 1 1 0.00222331756247462 0.00263321384245851 0.00271591669177118 0.0029851440665859 0.00281547083422418 0.00298764397259066 0.00241450732932269 0.00334449935966175 0.00256609955282483 0.00362541006013606 0.00316480399835406 0.00245084964908293 0.00278440491762344 0.00214402936507874 0.0022970808847208 0.0031452167729813 0.00244897344570416 0.00248174206364027 0.00293815227861238 0.00224336196921182 0.00408084449741164 0.00322892601714853 0.00226854155543321 0.00288789335399309 0.00208886857809831 0.0024594893407105
0.0133867573240573 0.542783953323479 0.999999965190662 1 0.0101452850609478 0.004020524906303 0.0022571037102207 0.00266225868975145 0.00228721152838196 0.00214486107109457 0.0020384595306423 0.00268130264934296 0.0026951548579156 0.00345866292611219 0.00242317361815481 0.00306584297703949 0.00331269707444204 0.00237382099280203 0.00246909487532043 0.00256253394731831 0.00213428077309463 0.00275625143605673 0.00257867628240793 0.00275419388825415 0.00244398725559236 0.00271209175948151 0.00357335898118938 0.00262199323839973 0.00252366531167347 0.00324366174805713
0.0492108287203119 0.817849882245476 0.999999999995566 1 0.00312827172341923 0.00236575953008167 0.00268699320207599 0.00197284168239342 0.00209167042119451 0.00240528381360139 0.00258389717524432 0.00262693218880383 0.00371642343071499 0.00256680047457347 0.00242439705666686 0.00684409158010291 0.00264391741594139 0.00211262164437653 0.00278898508181469 0.00277339403311938 0.00292575321702804 0.00264519359265214 0.00308242735892039 0.00268983899014785 0.00267448220847943 0.00287904578420994 0.00234744472805182 0.00213933598668292 0.00286077305325338 0.00279944129248222
0.104807159642365 0.971034167153779 0.999999999795444 1 0.00312547007749375 0.00299967734344608 0.0031913746551101 0.00547484766581996 0.00265704136179756 0.00328777771348732 0.0031622245944708 0.00702729690906401 0.00308129479751129 0.003615466289698 0.00305214572274859 0.00285520509299342 0.00428648636363316 0.0030419592355907 0.00251840178818663 0.00323639621169947 0.0043985012221246 0.00324528539780267 0.0032807019894453 0.00295618680653997 0.00402017908806462 0.00400325869102702 0.00273852039286748 0.00307147967045429 0.00291545206710109 0.00330979960381295
0.0063196020155708 0.811250216351549 0.999999999993756 1 0.00215945731543665 0.00219975609043954 0.00177796472688252 0.00217988134816316 0.00162609076013043 0.00156599634158816 0.00213583331732858 0.00230025452059934 0.00244134711428623 0.00173158967060938 0.00186879012748309 0.00178420073176977 0.00174290826606738 0.00198234153005716 0.00156161522537679 0.00193568829335566 0.0016653687447481 0.00172393359505263 0.0031162483552325 0.00199436511565187 0.00507726860752578 0.00182588088902669 0.00194153047176526 0.00503038991947091 0.00156421223912484 0.00263460381361702
0.0359192188647148 0.997494218397036 1 1 0.00255540508558338 0.00260000052943588 0.00872938223882536 0.00322868618741978 0.00634241624582088 0.00245408639421041 0.00376271699966102 0.00286093245766095 0.00500067139791105 0.00315232170029445 0.00336896892201 0.00246325893852983 0.00267725598131197 0.00263667055740424 0.00231649323575001 0.00277639217286274 0.00308745329625526 0.00276893361220709 0.00285934181147918 0.00315811202431204 0.00304972334933451 0.00324852453919111 0.00295751750487949 0.00258878011421126 0.00304713996683825 0.0028470097429093
0.0583989453388915 0.169525959123921 1 1 0.00211509458997006 0.00195825704072217 0.0026980750005634 0.00261697241956171 0.0030780062612733 0.00333218212224018 0.00215144512167542 0.00191081977166296 0.00223248278418342 0.00179206770772367 0.00222125426849773 0.00228459153255667 0.00242817643508519 0.00214772169602562 0.00230721295937297 0.00235362226659863 0.00375306127407027 0.00196717427037696 0.00194462679866647 0.00235013767374403 0.00543498663565611 0.0069856841182645 0.00918408861395859 0.00219180647748396 0.00194043789806053 0.0020063396818627
0.0100504926496576 0.979662586229133 0.999999999999992 1 0.00232332841247962 0.00172025449619218 0.00246915134049974 0.00186950689291865 0.00187958380813047 0.00166355834961174 0.00159484043382629 0.00226181213625853 0.00165951601138059 0.0020648686460899 0.00195759707159249 0.00165569039996116 0.00203199160030421 0.00174806481482503 0.00290015752690631 0.00172838860093283 0.00175168068536946 0.00170845937270436 0.00200257565282469 0.00154813053343339 0.0022805200633319 0.00175647454480676 0.0021368897781826 0.00196321905787067 0.00159717582457963 0.0018648009323583
0.0622169155696985 0.991119269241003 1 1 0.00665953698466026 0.00290102332918341 0.00288505535072858 0.00454265758670547 0.00270591231273254 0.00219740482374575 0.00345076031528435 0.00264064259242613 0.00538946897613524 0.00243196584410821 0.00271350378504243 0.00403774382121291 0.00260821266879674 0.00260063434960989 0.00320109407244273 0.00251073593794149 0.00249524556158354 0.00265998020632008 0.00303187688250472 0.0034960501536887 0.00233199716463339 0.00645814341338224 0.00292576036259584 0.00256136574278376 0.00281733375193649 0.00861696586330551
0.342121160557854 0.983382019475006 1 1 0.00379877345582891 0.00344378003073165 0.00414701820532426 0.00425125638569357 0.00395015982305835 0.0130309434932598 0.00360772039878465 0.00343285748694788 0.00468510404645106 0.00452013293954412 0.00432156002020201 0.0039227270518376 0.00446267699416802 0.00333451246270888 0.00360128649393798 0.00516344190852824 0.00386406916723292 0.00507250986619467 0.00382095602727939 0.00400739291561814 0.00321145754380692 0.00369819427778095 0.00361895581660543 0.00379831649194784 0.00417432452323308 0.0087973980997833
0.0355320986379598 0.694182465379325 0.999999996996332 1 0.00303006506476178 0.00231777691106805 0.00297131308043408 0.00297012056938728 0.00237480060509798 0.00239304332333945 0.0021883032933695 0.00232799383276017 0.00204034855848345 0.00219468037938109 0.00218785831569923 0.00461847509865998 0.00224082894257938 0.00358792418594478 0.00760372742552684 0.0023221327566485 0.00279485723482553 0.0038543370746803 0.00257404440755338 0.00277790269749789 0.00997606968526121 0.00287502275896356 0.0022836840019429 0.00620249566076736 0.0035022498326166 0.00273923566247569
0.0786763401762007 0.596548521228448 1 1 0.00382661996880473 0.00257939990209888 0.00241565094649854 0.00296190853446143 0.0026841041817115 0.00254890487587855 0.00258374897392688 0.00289710102117091 0.00495247031305268 0.00283940947988082 0.00234808776366424 0.00296676819872621 0.00317492288928822 0.00368556773685202 0.00420095648674279 0.00337501986910627 0.00266287313889924 0.005516675409585 0.00271569298469743 0.00245575247017116 0.00263685802810176 0.00267626053446279 0.00342057796744799 0.00220844154188626 0.00194318367331159 0.00243649224574582
0.00967900517741527 0.997624269215487 0.999999999999658 1 0.00435355995339526 0.0022923466330339 0.0032422042737742 0.00360725582934773 0.00301666267362422 0.00899537874394429 0.00302267983242532 0.00258925331497295 0.00279006237187696 0.00416619976432964 0.00246945325069914 0.00257920980572757 0.00276491961804248 0.00518245878029533 0.00251867327751321 0.00210834263960813 0.00289239554849274 0.00535089992396809 0.00261572684407041 0.00310079407731656 0.0028616567108295 0.00226087910185491 0.00304072885721907 0.00358608285265494 0.00268301809494864 0.00321383420337928
0.00873951530405515 0.992898172269222 0.999999999998576 1 0.00198820356942508 0.00259004348827896 0.0022475561609071 0.00226159833477846 0.00482308362272088 0.00367455254108062 0.00218285225708559 0.00367707420174923 0.00307782211043317 0.00268678143827539 0.00227056010550852 0.00254654563997714 0.00311940258302357 0.00275202499048333 0.0023589693111572 0.00212723646106605 0.00211479396562753 0.00639019843563826 0.00243941349686283 0.00246077927599697 0.0025004283442378 0.00227100891774601 0.00226823143434529 0.00478460556892346 0.00200751790349485 0.00230604731987161
0.0260242604695268 0.799249999277286 0.999999999928998 1 0.00301824898555259 0.00194032952119316 0.00230496059240459 0.00191418259193754 0.00208418271394328 0.00214748526306796 0.00228589420934322 0.00219250785809866 0.00181067393550194 0.00228887703047786 0.00268120461747001 0.00177819924046929 0.00234015921773989 0.00237112208364421 0.0035510922445503 0.00434372220836754 0.00178934404374897 0.00195712010554494 0.00345953359311879 0.00253189108892116 0.00408462867908954 0.00215985196283475 0.00200313632536409 0.00179333802841619 0.00246505742708414 0.00186602541835368
0.728290418214348 0.90551105997011 1 1 0.00416239147566355 0.0039418850072559 0.00352344686796668 0.00419421259991148 0.00393468466280478 0.00269696780879713 0.00376805102506694 0.0036111188931377 0.00337489215942288 0.00314012511052997 0.0034612895484436 0.00357114144351078 0.00634258499874896 0.00405544922461087 0.00348701947215135 0.00325022254053842 0.00306589418139258 0.00405908977121427 0.00419024037572835 0.00321945494050602 0.0046715839317053 0.00341758048751684 0.00395501158469946 0.00386525536392879 0.00322903548318443 0.00363080045387454
0.0134044277202807 0.966469127989927 0.999999999999666 1 0.00171784486255244 0.001996834722096 0.00165821317602899 0.00174039389690284 0.00164147327895636 0.00218493624235316 0.00218367334484615 0.00185466291033032 0.00173341878262567 0.00168791051285722 0.00188787895659492 0.00155875450540433 0.00143575379393901 0.00169199290057931 0.00173660182657509 0.00162719157176938 0.00184475949613871 0.00231828105006682 0.0023728046879552 0.00183628563807237 0.0018296326156727 0.0015331282964165 0.0019400849312019 0.001666535596616 0.00166194485374771 0.00338302197930729
0.0343523267453772 0.999868154356577 0.999999999999988 1 0.00240429018360777 0.00225130741464363 0.00208203300133614 0.00272650254638751 0.0022781843442945 0.00246989623069571 0.00220919145041931 0.00301503900018085 0.00247823844758877 0.00265837435332983 0.00223239529319874 0.0074135579268938 0.00256443210728619 0.00215609428346042 0.00287168294937556 0.00232715546025075 0.00258063804329589 0.00238524128402184 0.00274773880654999 0.00285861194428705 0.00246488033238923 0.00302288852841881 0.00346518249789585 0.00404521447147554 0.00217444974018399 0.0027226635565768
0.0144678042094526 0.905264708806974 0.999999999999997 1 0.00363473358199617 0.00253116673455511 0.00278968575597549 0.00241000044983897 0.00216783204956128 0.00278209466801815 0.002404852568201 0.00816226704085188 0.0021922618027802 0.00225649598631295 0.00222898853217024 0.00227960077696465 0.00187310127683848 0.00217609021614318 0.00263370637045102 0.00262989703410399 0.00229463368052651 0.00245926195507096 0.00273792741228918 0.00233377756586106 0.00273783426605023 0.00254979338801997 0.00450292383426543 0.00183526230118691 0.00232752569014261 0.00299703863248346
0.0341311659088598 0.998494574931953 0.999999999637131 1 0.0028387181508287 0.0026990881850284 0.00265617337807356 0.0026149029738507 0.00513386820578532 0.00349892298415377 0.00291253017242032 0.00273322962545497 0.0028953194050394 0.0027717322117915 0.00272836145448563 0.00370787545037676 0.00373872092876593 0.00331195133948925 0.00282295607620675 0.0026437918729566 0.0165548601847905 0.00336568087434996 0.00304281657145933 0.00333137350456669 0.00256999596445984 0.00260798308324739 0.00333037150777016 0.0027650714407963 0.00292067488964498 0.00239245893395035
0.00815944135058855 0.999432912007372 1 1 0.00206792658284183 0.00261872319772538 0.00373686115362082 0.00201931586697968 0.00210385001230173 0.00207153166107166 0.00414526362919554 0.00432984999121133 0.00168529859471978 0.0025151646990389 0.00190387503659661 0.00197685483971732 0.00201022806068518 0.00469128289918952 0.00398625427199173 0.00216700975648076 0.00541970663323599 0.00182857390498692 0.00178664820331176 0.00224533396259818 0.00314403157643606 0.00339307472570261 0.00194660842412775 0.0021207596552909 0.00228819276360226 0.00206983113559078
0.0775200967524163 0.992491700638392 0.999999999126869 1 0.0022876793526474 0.00441942337544787 0.00235594459504362 0.00302406988094917 0.00226125610316252 0.00349076898671175 0.00289094500940157 0.0027584781370793 0.00195746934338981 0.00262032470630291 0.00296500363111918 0.00233392979898983 0.00216159493346901 0.00246453438549488 0.00248828384229327 0.0022432227750756 0.00255022056940357 0.00211239058704749 0.00302022038503424 0.00280612145274406 0.00325131375209209 0.00831370582740243 0.00272600124744315 0.00254968378353315 0.00350359632283093 0.00245981785389848
0.0132025230947335 0.999613958235027 1 1 0.00205568098156128 0.00153560433703004 0.00242170474323578 0.00201337521336165 0.00185095224735754 0.00170239193231314 0.00184547678782976 0.00156905675061536 0.0017628498366592 0.00308419829378004 0.00165030203101757 0.00153970108571422 0.00177922979690759 0.00196496092947385 0.00210997171577409 0.00175775287313784 0.00174036686870305 0.00166924011968128 0.00165829448082677 0.00208898148292003 0.00230552785440941 0.00200958706220478 0.00153172840082028 0.00252655499160992 0.00184362202949429 0.0020365223729254
0.634621157137715 0.902628588465389 1 1 0.00243614305853335 0.00242013727538815 0.0027068534397553 0.00234458315159125 0.00230787698638935 0.00204739758565253 0.00262712481133387 0.00226281846602061 0.00274642895886057 0.00273096498877767 0.00239533580388018 0.00233964723528013 0.00247794840923443 0.00244085764307111 0.00240202178947502 0.00280855292399529 0.0025804285833344 0.00238242159435464 0.00242757034260588 0.00288836198733022 0.00352557487764504 0.00265507535286369 0.00380849400796834 0.00229980330235346 0.00196887772676846 0.00226255709954559
0.0157419959462598 0.962030255783941 0.999999993251055 1 0.00226753593821383 0.00221274148058292 0.00199760862059284 0.00262188176494627 0.00317694503529564 0.00209707007338966 0.00205826249181429 0.0026244554640068 0.0031048477222716 0.00232459214510239 0.0022947641242026 0.00249552671307451 0.00266739193375731 0.00224702929095189 0.00277482150885511 0.00207036503343327 0.00265064248558489 0.00257672261473996 0.00296615610035544 0.00333241903711479 0.00252005612854789 0.00215693128320937 0.00274235946628498 0.00278767510210143 0.00225645924093498 0.00265668117350037
0.00465767548868157 0.883897326784409 1 1 0.00268083926167462 0.00300371219456697 0.00236440077386801 0.00302347536828163 0.00302692803163951 0.00321724621376052 0.00340960840237792 0.00246487837469933 0.00226482999031963 0.00278546101709587 0.00329705154991677 0.0059298895310349 0.00264255452541395 0.00216468633285927 0.00286545528714166 0.00246797959528611 0.00252619098329554 0.00247901198356826 0.00253808805688582 0.00286272527198017 0.00254066226259575 0.00263351797665323 0.0035279327749691 0.00254518451518171 0.0022564280418943 0.00248573210361114
0.0111157664822636 0.88239148911847 1 1 0.00301740190482536 0.00251420144162973 0.00501584091260576 0.00268310279636086 0.00533541812694427 0.00375586398448935 0.00327456984085817 0.00401295543649116 0.00286929676755532 0.00237178584967224 0.00223030537949886 0.00475971459595537 0.0033690558066487 0.00229029404638659 0.00250375955846416 0.00277098164042378 0.00248493625462498 0.00223046692111983 0.00191196010831518 0.00289611287518843 0.00205588914448473 0.0035478719734785 0.00313032773500344 0.00250776742686676 0.0027965353577778 0.00271341673113945
0.26382441672225 0.999335586826032 1 1 0.00247225723529909 0.00252887876364505 0.00369435125505335 0.00374139179296473 0.00243455119039482 0.00222273662383732 0.00408773279881436 0.00449385866004515 0.00315837189015489 0.00266533187389228 0.00184727926325812 0.00300045696280105 0.0029018661714687 0.00214375126567823 0.00259552238522698 0.00245777621027798 0.00225530453213973 0.00334386818928867 0.00233967045789985 0.002295028180755 0.0024034762136923 0.00260117247440594 0.00334774141162986 0.00283611012979257 0.00210175371031629 0.00341253162407151
0.0554257981817667 0.993694267193773 1 1 0.00483657515521418 0.00250794536388821 0.00216884679531137 0.0031999321142554 0.00222709834069634 0.00243426085652998 0.00285174045757741 0.00391820252639263 0.0023127840772309 0.0027466601774504 0.00249592921913966 0.00322287842737035 0.00247666283316339 0.00489485615156515 0.00279559295219212 0.00183395352404381 0.00276982130143766 0.00278578060521739 0.00287509914861683 0.00251512308054525 0.00209328571473144 0.00229983351582808 0.00368707143781077 0.00249963261521813 0.00207096006253193 0.00263206993626453
0.00441196033470315 0.998996579759291 1 1 0.00302226661221761 0.00451962590441279 0.00312130835980551 0.00318375645156621 0.00313751006527752 0.00283641913063193 0.00262427670192134 0.00380100288292284 0.00275053542930259 0.00328834283646251 0.0030072538723902 0.0033807307265723 0.00377864134258754 0.00454571439034668 0.00299994663073611 0.00255788091281572 0.00477278954578597 0.00322678208748806 0.00328227762157307 0.00307401099583793 0.00415751871552161 0.00351169160159048 0.00224909268502194 0.00360167667887412 0.00266335258355344 0.00372743856816171
0.00622906793255706 0.999286139517966 1 1 0.00222396077643006 0.00388281372401411 0.00199946691037656 0.00328550220317403 0.00226653406477129 0.00214688347959258 0.00158170785559852 0.00238417320774831 0.00244347098307085 0.00175661847268793 0.00397677302115163 0.00202665749466757 0.00271122013928726 0.0020449024669944 0.0020626098475709 0.00224957338737197 0.00204422730714593 0.00195348021565456 0.00332301091265907 0.00201228645079998 0.00216484796755612 0.00193235716831774 0.00245983811248685 0.0033042843904616 0.00206461629883314 0.00465388082795459
0.00313091220754458 0.169558720022609 0.99999999995002 1 0.00166686658835113 0.00468519312181692 0.00227749455449688 0.00231950181370344 0.00194580610689488 0.00208165966067386 0.0017347682973029 0.00243034672201914 0.00377087714555335 0.00169239034168134 0.00189744789394297 0.00230820606917492 0.00322109401232307 0.00344524432534032 0.00183603041711611 0.0023001325369163 0.0032170918887261 0.00343842736048594 0.00168058348870559 0.00192233135037878 0.00255581030223651 0.00233036039574752 0.0018752697173321 0.00281522504731735 0.00220529556154425 0.00235325077492188
0.00972694028802745 0.914388304440508 1 1 0.00202725034394657 0.00271752483167198 0.00241321823574292 0.00214003520596973 0.00228319173462233 0.00183562420351957 0.00259075030159683 0.00197046999764561 0.00243374518344286 0.00233686156423762 0.00313548104746553 0.00225745416200818 0.00297407408522277 0.0019409255505074 0.0034333132011759 0.00201994786100268 0.00225589169304508 0.00309483583640902 0.00248279835600262 0.00251494089531257 0.00203335912281277 0.00222806219054061 0.00252254875312297 0.00199124109783977 0.00192362820455028 0.00225993593493556
0.00409394498199056 0.995875361655699 0.999999999999946 1 0.00136549876065151 0.00145510743011135 0.00135272545987619 0.001917980010817 0.00127875787291798 0.00206965916170188 0.00209080416998753 0.00153249409275658 0.00143505414820766 0.00129942679187744 0.00259637739287955 0.00126704775487674 0.00171063127140114 0.00137233678390991 0.00367347956832709 0.00277861219910469 0.00143023852894264 0.0016340389003846 0.00232523910551341 0.00202325643551893 0.00142997384092491 0.00174057452824861 0.00160717269591393 0.00286914920507575 0.00167655238620734 0.00145002817532525
0.00598806412280795 0.955844024391137 0.999999999999982 1 0.00203118443621164 0.00210064220430939 0.00194819579080974 0.00191147578847506 0.00219689541978441 0.00180001643196648 0.00243902270834373 0.00240277441133641 0.00156319954273931 0.00204826792201762 0.00281644345562504 0.00282065111218854 0.00201499996793175 0.00412348113678629 0.00171488500027939 0.00210899568929246 0.00206987344792398 0.0043671419617568 0.00176299099847277 0.0019440404945793 0.00194949308253678 0.00213025948222911 0.00198736434864344 0.00218844536461249 0.00191235754118235 0.00193581120827524
0.00947289364137294 0.999983321797737 0.999999994269286 1 0.00414004010761104 0.00206291316758478 0.00222549995459087 0.00207783640269377 0.00258228717587972 0.0024413088347045 0.00209714116019888 0.002317744080791 0.00203584629543596 0.00188824295823398 0.0019858829705085 0.0123146892899959 0.00222294017248037 0.00219728518115425 0.0021038473348628 0.00232523444060762 0.00268668094522484 0.00250574727103858 0.00241523265970922 0.00243432956515366 0.00399207592639561 0.00222987416751852 0.00223821309064232 0.00215326013222727 0.00314826822808845 0.00339715258542972
0.00804155263438999 0.968726180503254 0.999999999999998 1 0.0023257886201381 0.00224792743257007 0.00269887051425521 0.00262204127747123 0.00239616132331433 0.00356994303713998 0.00210220206636824 0.00207454780023975 0.00277420617660551 0.0132187369596716 0.00297918627131588 0.0019604910391835 0.00855943312579011 0.00234607276456411 0.00201732632457707 0.00456838386594205 0.00299133949695651 0.00261359321831189 0.00299727751122847 0.00207410166818411 0.00227272788871014 0.00310505326417965 0.00400622915759119 0.00249469137572456 0.0023896556461227 0.00404540655353391
0.042003939362353 0.999527148784413 1 1 0.00229748047333955 0.00206660363033451 0.00350313257196522 0.00235275871559715 0.00246792438555143 0.00278531648627522 0.00270864942074833 0.00237822536361298 0.00495093260836021 0.00299560763771833 0.00237130695768573 0.00255898695434742 0.00254885255513893 0.00181056607232077 0.00250086865654964 0.0022861137036303 0.00238931883730908 0.00264182326243689 0.00210156418704155 0.00221685684313877 0.00251914126067787 0.00201344144104187 0.00234960448504418 0.00196094389298984 0.00235520440864889 0.00200287142494127
0.00912095099005716 0.997298691713011 1 1 0.00248532726836992 0.00255096562076496 0.00201581613418311 0.00378697990251831 0.00277791127484472 0.00271710597235342 0.0026804180506117 0.00276085548694616 0.00288666097745116 0.00254068974552379 0.00276816661403767 0.00252726914547186 0.0026403095837042 0.00201688376319475 0.00285735889617256 0.00306700362333179 0.00372246175469548 0.00241839417571166 0.00401020400486674 0.00244090412744713 0.00334540850162479 0.00245378762090653 0.00225727690291955 0.00232331678537467 0.00224617469313515 0.0023501259350599
0.00695760513035737 0.996452724623277 1 1 0.00237706062347476 0.00245160595650473 0.00255902944249231 0.0028781035531249 0.00234408882058912 0.0025440296906748 0.00222253831730779 0.00305998632001303 0.0024958859315527 0.00251735328124614 0.00855289531914705 0.00241621525938718 0.00227870488813187 0.00526954116486067 0.00314584968015019 0.00286153928281907 0.00292873990605225 0.00397456301539489 0.0042693468037539 0.00266408223337533 0.00238503703785531 0.00254272450606796 0.00253364945486156 0.00261847659256476 0.0028937817720347 0.00578433013834101
0.0857512013293396 0.996048564398502 1 1 0.0021707693360743 0.00221190829907714 0.00260001090275774 0.00194888120782377 0.00246272498918942 0.00193923503701809 0.00260938619938256 0.00217737514666727 0.00270360719432317 0.00304601686146266 0.00354178468194766 0.00289049177962597 0.00212360084727103 0.00320773305553257 0.00226935392386962 0.00337287762688232 0.00253317764991423 0.00267772720283543 0.00254489366785893 0.00311827360122829 0.00242836948775726 0.00230966562639212 0.0030510552009011 0.00231565615897344 0.00331901123337874 0.00248394323912005
0.0906236759472633 0.600646848672755 1 1 0.00286902506497766 0.00201389129511453 0.00340017968021367 0.00268765396019688 0.00270158663000863 0.00231737087273498 0.00217395931069242 0.002398899659104 0.00202705866613062 0.00278104425703052 0.0019318817513807 0.00223785960110934 0.00250522809232268 0.00284621828470633 0.00184124305314481 0.00322809372106769 0.00236465632713068 0.00257522129926402 0.00241145086441996 0.00276786238767524 0.00217521739187732 0.00288238126266849 0.00246652513381818 0.00192735817808654 0.00303510510371896 0.00176513135102596
0.00238504308052312 0.839724307644562 1 1 0.00200869548235161 0.00253009096059131 0.00217352027051732 0.00368613785115379 0.00272870780487 0.00257988617407456 0.00239552380353891 0.00238870646645373 0.00207519267591572 0.0031544850627524 0.00267821719226213 0.00209314307005193 0.00214112656001364 0.00199002064638076 0.00210401319877818 0.00183754763624511 0.00184772099135333 0.00199190072440136 0.00185060873238285 0.0032483524795538 0.00208539490048931 0.00277345044735544 0.00233226208273418 0.00412798267675707 0.00311492288851145 0.00202310331933531
0.0316272200086047 0.934433181955146 0.999999999999997 1 0.00195161917666986 0.00217299876569388 0.00223330720433201 0.00232991223198231 0.00225375977638975 0.00262663478087011 0.00243442614864264 0.00205679716937723 0.00232918053008024 0.00283230908694365 0.00408914984786979 0.00360413770196311 0.00188831489614816 0.00263348174229672 0.0024303531807669 0.00218317173045879 0.00532741092668854 0.00185968358931343 0.0022386531759051 0.00252937066798908 0.0018557346469027 0.00209668751223913 0.00211283737183665 0.00206369215217439 0.00266080631669974 0.00196733084570777
0.0619448351518008 0.997257428740521 1 1 0.00251685225054454 0.00324237221128931 0.00235396984202563 0.00270078699205822 0.00236608507566838 0.00253462219157019 0.00269092401721471 0.00318841877523113 0.00364592133446617 0.00274660664882165 0.00284214862977261 0.00233711545864468 0.00258023393512541 0.00267335121502066 0.00658047378439497 0.00306468333156595 0.002521389895764 0.00255922353237881 0.00276293581025622 0.00284652790373496 0.00268800626529098 0.00213543266757932 0.00305741606356991 0.00478277962237572 0.0032676796356117 0.00323652980605937
0.00776840320391869 0.106258841994418 0.999999999992467 1 0.00179547565769911 0.00176381990999619 0.0016525394747795 0.00202132031136559 0.00243395652701472 0.00129649542442234 0.00156588545796199 0.00151007828293048 0.00149477010642196 0.00154898508846235 0.00237081892211843 0.00185811319439211 0.00166550069577409 0.00143776564778952 0.00190096564259024 0.00202045299222142 0.00237240848769082 0.00189820413045649 0.00205702813235176 0.00175366606935035 0.00171105952879536 0.00198965704198917 0.00318613331108453 0.0018263064973203 0.00189202182740278 0.00227750323227849
0.0223443951164547 0.765945692417476 0.999999999999995 1 0.00361698188393733 0.00259006869597778 0.00289670517302398 0.00249895250027854 0.0057625503498735 0.00275103145335254 0.00217680245043805 0.00270747409032346 0.00386941711081878 0.00250644550878965 0.00314845951906761 0.00241689701811587 0.00339715980704491 0.00283711914845097 0.00261573875943699 0.00244535181841232 0.00354802473243332 0.00280018237868096 0.00264616772558568 0.00263554955256851 0.00271885417217632 0.00213930303768251 0.00256387433273453 0.00205058538477898 0.00270774463917556 0.00266988017067982
0.0493998262605603 0.886146285463384 1 1 0.00422456517731251 0.00304455499591993 0.00228920106618191 0.00225066441317168 0.00290133596836439 0.00257755340462007 0.00472469830022948 0.00223304166732297 0.00793338243225694 0.00245694134153285 0.00298607595959188 0.00224018099316003 0.00913348093689692 0.00252306023196958 0.00252288424289082 0.00278979230231113 0.00249109145815918 0.00254230712292047 0.00292583416533287 0.00261515346430152 0.00239545758604232 0.00203675728285879 0.00327540799840853 0.00233266753941075 0.00283844306686609 0.00291503679430849
0.0216328100210899 0.985837402720675 0.999999781960203 1 0.00290502657193004 0.00885862890976585 0.00277264925489751 0.00503486602334413 0.00388795719677215 0.00330720898718906 0.0028618462515988 0.00270987167497772 0.00344713021220366 0.00298317831774153 0.00298863433616214 0.0029022369374011 0.00949895809752388 0.00446224728470357 0.00468117442752913 0.00286136933682435 0.00267685305437138 0.0029829375489685 0.00386926151219635 0.00251337174029664 0.00334971985788779 0.00346214828574121 0.00276084663181009 0.00278467658741588 0.00238431751544965 0.00249801150164786
0.010561164128051 0.988085084089121 1 1 0.00325530500776283 0.00202347238099476 0.00184327279286756 0.00234024771319696 0.002350447612116 0.00191297525320722 0.00149291394815176 0.00213041010339554 0.00201612757211633 0.00294514003782165 0.00260548073261235 0.00183480571374295 0.00183093337067564 0.0026227744798466 0.00198321289191949 0.00186613618570286 0.00147324377869285 0.00198825333532138 0.00177437256280621 0.00210069283180137 0.0017485205054325 0.00185389360067689 0.00180432302951716 0.00174170888496206 0.00209235826364773 0.00152999530363462
0.013762402240271 0.996794349058847 1 1 0.00255946624281711 0.00285648364874325 0.00211176712180972 0.0015639894292242 0.00176403259498059 0.00174240218243382 0.00304694758202761 0.00200295722237265 0.00164646892153342 0.00275210634323475 0.00180357530900266 0.00183758751736851 0.00207612869670049 0.00178182736025556 0.002141059590831 0.00255110039170114 0.00173068761673445 0.00241665300796368 0.00155534284613557 0.00363463488933569 0.00254410652323234 0.00228486028558184 0.00168280469728987 0.00184664094864784 0.00323130891729906 0.00230756040572833
0.0317243037809978 0.302371369636553 1 1 0.00228872540247538 0.00350134285284431 0.00256983804075961 0.0025962886752291 0.00318430813504011 0.00239023606384003 0.0045375936522436 0.0033246140599914 0.00359531107488831 0.00244575682009385 0.00199897391553705 0.00306472370114419 0.00233596506230693 0.00384114437209326 0.00220331074628421 0.00325059370655123 0.00180827502742686 0.00216398944376717 0.00241717404288755 0.00354236590061863 0.0033368694163346 0.00195345361880228 0.00291525186511299 0.0030613221959872 0.00582622791668019 0.00315086273867315
0.00802295766948002 0.639210520505007 0.999999935374901 1 0.00432742566370525 0.0026205777677536 0.00230006052900433 0.00325109050697991 0.00206614311223019 0.00267484167791343 0.00233272374356541 0.00212163032904089 0.00200328604138322 0.00233896029546454 0.0031386098266375 0.00260052336885119 0.00290262909655703 0.0023202087387042 0.00502226149469642 0.00275434456271118 0.00231949635833895 0.00265387264160966 0.00188695033662312 0.00252073190815827 0.00371926456282767 0.00269242483537369 0.00220560857339858 0.00358768920350783 0.00242599779944364 0.00231484235099444
0.0289741813326954 0.997193980975303 1 1 0.00373626939783789 0.00301502439565837 0.00400044579116199 0.00308860814920675 0.0040084738854903 0.00331347266143911 0.00380365791288928 0.00296453489082948 0.00295659441201723 0.00240654804681362 0.00351292443949625 0.00354501024261178 0.00313927933092228 0.0073407356249563 0.00272143851394702 0.00282974050282336 0.00274894177391449 0.00315440824563762 0.00282537766272606 0.00240546834960842 0.00249357618776025 0.00258398842095187 0.00344329381475539 0.00272247121277724 0.00576920375489509 0.00254794316490026
0.00645117795459438 0.998039233802931 0.999999999998304 1 0.00187277491755966 0.00177634083841172 0.00169233883609365 0.00165053941585414 0.00215057803005725 0.00184492025537986 0.00227496771103031 0.00161311146074472 0.00181320930905549 0.00186080220532503 0.00547803596976759 0.00196095116566442 0.00210965637737281 0.00230708118602918 0.00167690068268433 0.00308143281182993 0.00203421361337175 0.00180060427427253 0.00171473638555097 0.00186067559939851 0.00199262491665719 0.00256846122018362 0.00170547141359523 0.00219610053857988 0.00164558996765563 0.00152243298900268
0.005670557546259 0.987171180476221 0.999999999999994 1 0.00263283380465784 0.00410094709054554 0.00241702016313061 0.00270705161289686 0.00249889210083498 0.00353681830646679 0.00251091151049643 0.00220771074151749 0.00314703113938741 0.00258069850448839 0.0024625297720311 0.00255570168438934 0.00363478228212666 0.00350005819123889 0.00280444786772405 0.0028140335427197 0.00230846977008059 0.00418433718995592 0.00443883318599236 0.00528499197889409 0.0032895835491209 0.00338690177449308 0.00257073606277713 0.00366886748037198 0.00283750769562841 0.00381727556732525
0.0753413977558716 0.995540729845687 0.999999407171527 1 0.0029455160904609 0.00294964899307415 0.00296152100022118 0.00276416863230466 0.00323388737082275 0.00238801405641131 0.00286791318907187 0.00259792908740342 0.00291549691546888 0.00325552967977605 0.00281217879227624 0.00319361358679726 0.00455545096823262 0.00283176482282754 0.00255492215524933 0.00272765046857981 0.00270225364075727 0.00418098032838587 0.00454433184480962 0.00276574274092445 0.00627005568561023 0.00343887157063638 0.00290744508420404 0.00597803310558387 0.00398975654450584 0.00263553433926678
0.0889285125173572 0.999992729814539 0.999999999999429 1 0.00286195973920911 0.00277484864402455 0.00265578137827649 0.00255418586229306 0.002365679938786 0.00318283319615364 0.0023750058320966 0.0027890360625733 0.00622182181294495 0.00279726375444789 0.00259360616957649 0.00276984944231717 0.00539174919613683 0.00593366598897249 0.00407922460754062 0.00331518810737208 0.00464338962213662 0.0070523609346248 0.00302557266835246 0.00264880398485401 0.00300346818223374 0.00351623671368828 0.00529425385826277 0.0041115621433685 0.00763001544168862 0.00298713162765007
0.0128256787036837 0.0499390053204646 1 1 0.00117290160097416 0.00143765674599494 0.00176894136760175 0.00397705556364458 0.00144979153008185 0.00226519512454637 0.00138100227940596 0.0011916670738602 0.00169725666484821 0.00160653389475041 0.00113979381896334 0.00167516412959323 0.00157592229365289 0.00140963028166163 0.00159910607596936 0.00123168960522901 0.00142932334631052 0.00164225885766467 0.0016032694104855 0.00137638446878707 0.00149429542262902 0.00141974490193453 0.00300460722141704 0.00175489362351033 0.00178847548060224 0.00181049745811179
0.0141117830211268 0.787599371810341 0.99999999999598 1 0.00298480048070449 0.00236624340045377 0.00301129380087828 0.0029436071877057 0.00209077920798784 0.00245909369016051 0.00245991764664044 0.00301151937579136 0.00263858068526146 0.00280941256877842 0.00195589107107064 0.00249009167333603 0.00195930822299983 0.00243772325231406 0.00223213454138027 0.00285549934753782 0.00221978300089043 0.00239131444587048 0.00211922470296877 0.00183702103277261 0.00195040453049078 0.00204178001508193 0.00221326665275401 0.0021498764037361 0.00240803156534064 0.00248352654607042
0.0104962327396239 0.994570624889087 0.999999999999999 1 0.00198160888911614 0.00176987262741612 0.00178096984726761 0.00194711902078615 0.00209662866291205 0.00241975254978755 0.00195886615794116 0.0025629906427268 0.00241616025763836 0.0018323374095669 0.0024551860861326 0.00237198271215522 0.00188886138846112 0.0018120518910073 0.0019437270274183 0.00180062109594559 0.00175610370948731 0.00243940650853491 0.00195626060944931 0.0019906962876225 0.00187989372675312 0.00197427384196269 0.00234465838331244 0.00214746826483558 0.00261954864896219 0.00195865123056982
0.333371140660066 0.756247705282206 0.999999999999957 1 0.00276898378397117 0.00402558219747495 0.00249307524877229 0.00318791396842633 0.00233898776171093 0.0024608235637259 0.00347189854011898 0.00342553532548928 0.00431067446634981 0.00286083733232767 0.00430491211334649 0.00313357902023215 0.00236706927456742 0.00430972270385732 0.00223697943540768 0.00317170404922607 0.00256924162995953 0.00404345172115816 0.00290513789662994 0.00278804800814736 0.00310460409131108 0.00275110640628784 0.00300703158935978 0.00310923846108613 0.00243186493195091 0.00302913023186968
0.0997130753883835 0.896791220173923 1 1 0.00232746048491717 0.00283751517103303 0.00267442076356983 0.00254955245319999 0.00272630771829396 0.00349911428441507 0.00379957751417026 0.00352707848484668 0.00473581834631309 0.00236492487307738 0.00272564037151202 0.0029684359792127 0.00240737723942563 0.00231040375595526 0.00370120568740362 0.0030855671422606 0.00240332086097705 0.00265143424743985 0.00240010243862232 0.00268214857871574 0.0025143863882221 0.0030390949170952 0.00299289599808372 0.00234497000900535 0.00228632590377431 0.0032691899327939
0.0262072382234192 0.99330691238552 0.999999999999968 1 0.00270845644758522 0.00301341011223255 0.00410469870500052 0.00219307060052709 0.00262059983305973 0.00217442929526579 0.00395183931753995 0.00188797733612478 0.00233342417432247 0.00233038434296395 0.00209667516733947 0.00373618585609581 0.00189506725902855 0.0019838777066653 0.00748204197675995 0.0024161461486879 0.0023119111005786 0.00198679133111646 0.0020612386082911 0.0028611701006177 0.00218333741741927 0.00240983954887219 0.00251571817755314 0.00194742231387046 0.00241142529444682 0.00240266088423047
0.0387781143486675 0.781468442991284 0.999999998121703 1 0.00248688535223762 0.00318885934566138 0.00278546598435336 0.00276853640316843 0.0027903781880827 0.00201548900070336 0.00227925446178923 0.00343963222954813 0.00450783956043299 0.00241122404793481 0.00286707562543187 0.00215517607079019 0.0023782235567934 0.00244075365050189 0.00333045233870288 0.00247398013923283 0.00261586863379437 0.00285236308490688 0.00288687069342342 0.00320918366928202 0.00313318151179764 0.0023898605989453 0.00338207986612415 0.0028486522006469 0.00259575285981106 0.00242369289338418
0.00423420865524238 0.76922976570495 0.999999999999961 1 0.00215714628158858 0.00567923148549199 0.0021634869617283 0.00250077345766597 0.00262300945186256 0.00715804899498673 0.00218574390188897 0.00240716027896692 0.00291054977006899 0.00223632121587825 0.00232772311248197 0.00222741834354212 0.00266557296898939 0.00295823784561566 0.00250751530746351 0.0026603591899802 0.00360605728763708 0.00243273012093248 0.00257216629417312 0.00182832109446773 0.00383758183155902 0.00217141126271114 0.00213090812651606 0.0026741325896017 0.00186176808519212 0.00231574799799805
0.0146963342167408 0.966973734542029 0.999999999999995 1 0.00327585521961804 0.0113905354791477 0.0027541422864602 0.00282977628797243 0.00339526532082624 0.00403925091035617 0.00253165893136098 0.00521990015439666 0.00300079439649814 0.00357820791181773 0.00348187217954232 0.00293894010143425 0.00265701462795176 0.00244754407024539 0.00429695008759434 0.00497203945771629 0.0029296717433589 0.00257839251332548 0.00381346797277005 0.00356229669393882 0.00259559417184763 0.00243194662096702 0.00429654394836154 0.00249038638281707 0.00206663456914724 0.00316517561463403
0.686314980711505 0.226849162216012 0.999999999999708 1 0.00299946980052801 0.00363393091267505 0.00213636059006161 0.00337228081497198 0.0028301515788155 0.00286555799917987 0.00303318017397902 0.00871906367338215 0.00366263419617219 0.00278694930238588 0.00437966270100854 0.00538197078190683 0.00364711008722607 0.00693632963632673 0.0035246492306068 0.00348637265716911 0.00375432940834497 0.00293429440382786 0.00297447432845976 0.00267439583494733 0.00372163083157961 0.00500689489056816 0.00253583846261407 0.00263401552512388 0.00338174461000873 0.00293416302114546
0.00389811138397878 0.955575686367067 1 1 0.00274349410048147 0.0035953912631268 0.00324957596480391 0.0056016645598852 0.00288236925833574 0.00287198619941365 0.00236893298832308 0.00239894011702046 0.00303526910131913 0.00327616591854052 0.00320687305109291 0.00241652495658229 0.00350755924109447 0.00213886912167904 0.00398038455275629 0.00211196311529094 0.00247509046327998 0.00223979875473979 0.00231674833364082 0.00226793770290534 0.00210909182569219 0.00368757116402141 0.00223264195618822 0.00247360085521442 0.00254409717663695 0.00475055030564153
0.109981290838861 0.949038644119381 1 1 0.00245044917532156 0.00282700989463636 0.00252236841174824 0.00285870093360419 0.00351043973921761 0.0028954310733772 0.00251558765177928 0.00310978595886546 0.0025141961101709 0.00365844589153197 0.00314998331271421 0.00402212040129146 0.00249922344983622 0.00293378523593035 0.00269579164935574 0.00294778913752547 0.0024915181266616 0.00280601857340612 0.00276160534851611 0.00275513299774 0.00342094163505247 0.00374898367616117 0.00303074502899503 0.00314846243724554 0.00263950641006061 0.00379236545724237
0.186923089620553 0.909010784322311 1 1 0.00244810364896064 0.00257374786156317 0.00323656184543719 0.00300979874237706 0.00264707986640189 0.00255577400094431 0.00406945852914797 0.00317678021209022 0.00397589041107149 0.00334413146026635 0.00369496383307188 0.00509727394765269 0.00429274576879835 0.00322784392445108 0.0027534936881406 0.00515143816578323 0.00246136041779788 0.00269784706069409 0.00460441877582984 0.00311664829361813 0.00357932797390836 0.00489912066597464 0.00250838294697009 0.00252652837313816 0.00288991025271113 0.00288559296067559
0.0589750907468042 0.978238820833837 1 1 0.00286085468028763 0.00266468969182365 0.00284517852658406 0.00295278207251515 0.00248708554769195 0.00265531405163433 0.00315600076500533 0.00228887557535817 0.00270621401392757 0.00322501303210065 0.00257247609672573 0.00637958089402213 0.0116494317660266 0.00314666155211918 0.00260812577662406 0.00362180933842449 0.0132644812448828 0.00238261076499779 0.00311457677243321 0.00617509808014216 0.00448264430148226 0.00499161476568721 0.00278639314018447 0.00343433104622382 0.00423913588619085 0.00234095381502963
0.0202961893946753 0.999581184457365 0.99999999999999 1 0.00203765647999166 0.00243139882724563 0.00195981732534323 0.0040854928665206 0.00181551810518132 0.00250217167218814 0.00624327789184376 0.00198269424318454 0.00225032753300836 0.00197094227000516 0.00285379202836011 0.00328300379678537 0.00195759523664973 0.00311829491873461 0.00190656163287994 0.00172428623531162 0.00175848528502565 0.00227419989524125 0.00253971730822145 0.00188403266466797 0.00208943534413963 0.00189306604093209 0.00203027445860282 0.00190905649350215 0.00158849552275442 0.00186426377848481
0.0467981953171115 0.593817960501797 1 1 0.00241216965587709 0.00347212780480088 0.00211782694480844 0.00242882787304111 0.00246333561475098 0.00641117062790575 0.00204546643119952 0.00225599978664548 0.00196364839889274 0.00222915812843749 0.00261361394372484 0.00400068738159376 0.00235111288230805 0.00193228364700737 0.00410878324196862 0.0019294520379457 0.00432767154880076 0.00226136105800601 0.00217228875286457 0.00286616202462497 0.00170222960527755 0.00216812828883328 0.00187436822496745 0.00223107195882644 0.00220651061951993 0.00192478575656285
0.0100850654814405 0.991412668577969 0.999999999999982 1 0.0018261955147334 0.00159863594850396 0.0015590873172443 0.00179948940007357 0.00179661986171564 0.0020610132067661 0.00169533167129499 0.00179840196663139 0.0015365691828183 0.0022351826719853 0.00162566657113905 0.00163051723502072 0.00224623633689069 0.00390740901977882 0.00235436116716359 0.00167660809197356 0.00221019187699811 0.00135535954316202 0.0018493984406055 0.00265048735490248 0.00158432068797298 0.00139272789735856 0.00148674225909984 0.00181846027771815 0.00187813554253979 0.00225025931138012
0.00516280137317182 0.994953137779986 1 1 0.00220570873416959 0.00122805919312297 0.00164428662827221 0.00120230996055903 0.00144841984187349 0.00128687440373643 0.00153877050606499 0.00131378132192828 0.00161689467561266 0.00124928942230262 0.00181916351202627 0.00206770175456406 0.0013430669019695 0.0016241283931212 0.00144360755057249 0.00192360186494522 0.00238158079726591 0.0013590627597333 0.00190821460344837 0.0015961981734568 0.00148988968455421 0.00137531198090124 0.00152784476346923 0.0013244188242596 0.00161076287822937 0.00163802943541369
0.36783532723254 0.995051686146808 1 1 0.00250787230416227 0.0033013245508241 0.00263164128575377 0.00254774993769824 0.00326685877827493 0.00239402051491555 0.00226154168719506 0.00294755774183952 0.00238187922281186 0.00282111633565074 0.00279040421319166 0.00278468199050397 0.00263215350547286 0.0027113139903614 0.00370521372369281 0.00342642404194393 0.0023759408919598 0.00242635631546095 0.00561734155404991 0.00267195200432824 0.00290518814160723 0.00266279757591925 0.00272304462255757 0.00270651678262446 0.00335655501520082 0.00292740641651767
0.0149224974711908 0.999268525128344 0.999999999999813 1 0.00231766834148905 0.00201920071148565 0.00197775607448947 0.00195469635284329 0.00236373491141595 0.00445344407437398 0.00263041774769357 0.00204665016979799 0.0054637947781484 0.0039264168717118 0.00251363136461147 0.00251882786094038 0.00177821680616963 0.00350183876725041 0.00160244239324248 0.00205889362898759 0.00208991325783525 0.00215918356197131 0.00242471108478703 0.00317981316008054 0.00404992114020941 0.00179094261612711 0.00208538115669066 0.00223345410056508 0.00313227289762896 0.00235716378964479
0.278694667604463 0.794065512726127 1 1 0.00292944127700112 0.00309186512724524 0.0031607574940512 0.00329904576535645 0.00330162105178589 0.00312693344803749 0.00303780938456921 0.00409964649581085 0.00311351117863612 0.00306408491295462 0.002982229137657 0.00354831461459393 0.0044034916464164 0.00333933866352421 0.00426003575435319 0.00312973043193177 0.00568339000077978 0.00327189060307609 0.00313855904707883 0.00417203201068694 0.00483222438149289 0.00352330396814304 0.00344072678154406 0.00322710853438735 0.00293430663131677 0.00292933500387527
0.00886490657158223 0.883328851846345 0.999999999999976 1 0.00194906348657209 0.00275320226853693 0.00254516370213131 0.0020816164891212 0.00323770033838011 0.00201340728171462 0.00333365714947209 0.00316623953133044 0.00266718216794448 0.00217353931467412 0.00206170498868496 0.00241425613932089 0.00296941997760336 0.00196953238987374 0.00223218038459116 0.00233160982097846 0.00198075924348962 0.00210710244591705 0.00243467788539342 0.00216604383269869 0.00259889262381741 0.00254144950685831 0.00222506418490998 0.00204002827915417 0.00219816199396672 0.00205110145852871
0.0051542220661519 0.979863818834703 1 1 0.0020781354877567 0.00224859248702647 0.00189303802856622 0.00179896865294848 0.00167456943356736 0.0028992498820809 0.00253228848275067 0.00165439908272813 0.00172889062415138 0.0017843655965768 0.0019348832904188 0.00168094073989677 0.00207630115286339 0.00145992229624992 0.00179974535560734 0.0015952526007601 0.00227574468710734 0.0013475909191335 0.00166030093337688 0.00219869600030309 0.00287042080789612 0.00148389315939856 0.00185040036531159 0.00215435517147611 0.00260586979134259 0.00203975946496249
0.052354949279394 0.996664133024788 1 1 0.00264290874805584 0.00849349883402939 0.00363519666479262 0.00223843935268431 0.00258736517087221 0.00255979662669303 0.00262029289075438 0.00367169945360546 0.00221993322327285 0.00266704181009836 0.00460668080951676 0.00237391475477344 0.00224919452111627 0.00213277497183784 0.00281696800601938 0.00332849290780879 0.00265622254098186 0.00286054070701225 0.00260365147832398 0.0027735313961611 0.0025210931537708 0.00236949294493705 0.00269707221029081 0.00219968418000471 0.00258933650096249 0.0020472146518985
0.108097201890678 0.97693905233442 0.999999999955398 1 0.00275308455053214 0.00666567771527704 0.00354363487829268 0.00315425594991059 0.00288610912061416 0.00225371990316492 0.00251691093506978 0.00770974362725052 0.00213404498886161 0.00254836431202454 0.00199925595927619 0.00242683336935146 0.00278831167071836 0.00260555913686167 0.00947541183631018 0.00299684785227239 0.00223181730173505 0.00363668277102669 0.00276171356238786 0.00533607745261999 0.00338607554639936 0.00281585395681183 0.00452851576193214 0.00239087066658838 0.00261124225663611 0.00290968827163129
0.00415284648126346 0.528962926937824 1 1 0.00294898062533766 0.00152905223322819 0.00143906248018377 0.00166490581418233 0.00137638095364301 0.00182750172556378 0.00147509593067663 0.00235276164272891 0.00172481810154257 0.00152336268132858 0.00191114699151873 0.00148530953079262 0.00153575730956246 0.00141581551176329 0.0016221598535564 0.00136033431028881 0.0017304711950159 0.00149305147337642 0.00150013512337699 0.00138750293630896 0.00155664600302052 0.00156453717413618 0.00164175930252963 0.00272325500383841 0.00169050966120721 0.00156059883884108
0.25692287736976 0.970683222179196 1 1 0.0036398947646209 0.00454295711670949 0.00316892991039397 0.00264251636265889 0.00273430649486184 0.00270061595078663 0.00268041157861076 0.00360314826465147 0.00357285235017968 0.00268254232844201 0.00244166573343085 0.00322545418495901 0.00336670422479701 0.00310631159378649 0.00482391218371547 0.00292180941155684 0.00262247160604256 0.0026348286884601 0.00297573180252875 0.00246456038160892 0.00350932579698215 0.00302458860612376 0.00298499044523159 0.00283285536083555 0.00299444425423323 0.00328407481758053
0.019217855876605 0.998407256416482 1 1 0.00271518546157279 0.00264635536225921 0.00297771694163829 0.00260869366081873 0.00330711378846404 0.00422318332117921 0.00272092148448977 0.00268622145960318 0.00246983955434465 0.00309276040984485 0.00240555358152716 0.00230215441503678 0.00434838499945644 0.00248876989220326 0.00252069108178432 0.00224844082021736 0.00250603757815526 0.00374820824774336 0.00438462160624842 0.00249844951554212 0.00224295558027399 0.00278581850362536 0.00250547795645895 0.00344298772811835 0.003771869448849 0.00293368787867676
0.00790618498512496 0.99997151011899 1 1 0.00209242645383323 0.00205888579335389 0.00207701874630883 0.00246636148171797 0.00164757296352214 0.00214934744066608 0.00172148763180369 0.00226476196435565 0.00158228037431085 0.00229987105191654 0.00184451334570768 0.00189042510663262 0.0020905064294533 0.00188491941265734 0.00193481883340962 0.00200113921151457 0.0019727894936804 0.00300684432082998 0.00183660118115181 0.00206380289759134 0.00155916534884604 0.00175286366273197 0.0017553911120648 0.00187058572215548 0.00212449523785863 0.00166714819684155
0.0117618231770944 0.954743334716908 0.999999957461114 1 0.00289306799517686 0.00184376804989439 0.00201395371803981 0.0033464246544086 0.00351585357152306 0.00222142483369381 0.00224960196814539 0.00304928910296487 0.0028845276182401 0.00307320349607387 0.00331204996627599 0.00220205884922842 0.00227703542311608 0.00246562172400477 0.00203273556098083 0.0022962501327175 0.00248546411406414 0.00324925426988532 0.00254199619023066 0.00254349551382871 0.00291587673962979 0.00260496446830483 0.00224892588076697 0.00312372154818863 0.00237005055756578 0.0034766035162116
0.00780861501438956 0.463471841646859 1 1 0.00186658659125083 0.00177740105518931 0.00200973132678472 0.0017765414496046 0.00228724113549728 0.00457984694732549 0.00202449340593103 0.00203334205810712 0.00151213375464843 0.00210283433128433 0.00186664275905835 0.0015887565845355 0.00171977407154944 0.00162195367514184 0.00254721850839912 0.0018519718374147 0.00208484351721017 0.00206185022604632 0.00181200987962971 0.00206413840653563 0.0015241619019456 0.00170809263374438 0.00188093986770643 0.00193705870399541 0.00142608220156426 0.00184145888679699
0.133413476828692 0.912079844243735 1 1 0.00465794044912649 0.0078439446794546 0.00277162744779913 0.00383208102914923 0.00458451251168623 0.0023754703392076 0.00271058139723213 0.00293790138816119 0.00302671075390404 0.00398966351693275 0.00438175014256681 0.00356736527510104 0.00264536071822308 0.00273096987100496 0.00315844694838718 0.00247176896421641 0.00225406509231907 0.00244809436179194 0.00272102341639957 0.00426596741037832 0.00366551117199865 0.00264328705445527 0.00264425523567335 0.00219669216263785 0.00383716260410949 0.00244544962032878
0.0102667038021222 0.999430896983867 1 1 0.0019893600137374 0.001654063521496 0.00198224840976868 0.00196229328894004 0.00166579892829233 0.00205606560770499 0.00201742313131981 0.00233002386618653 0.00192700207254159 0.00215152857400902 0.00224180174867339 0.00212224362730495 0.00159723927018685 0.00173711841929847 0.00190185200269866 0.00210474059339361 0.0016385871209551 0.00219892914742559 0.00225507257969648 0.00199948034960107 0.00255012681570421 0.00184014292128643 0.00186079086802615 0.00184051851947997 0.0019986202507043 0.00197502284690776
0.0119225054237442 0.913955750306892 0.99999999999998 1 0.00207650600870679 0.00219837297251735 0.0017441260106239 0.00291824121548201 0.00253342545248181 0.0019993963456455 0.00329472209470771 0.0021651336098395 0.00376713447820554 0.00229324722195323 0.00387354326155287 0.00204282312520809 0.00177526116326243 0.00270949066947934 0.00222791057942362 0.00184821601609764 0.00221045402763065 0.00187231922292774 0.00260315274359846 0.0031333242641064 0.0018790761716545 0.00191083947089221 0.00329124973542649 0.0022083736017996 0.00185965426390033 0.00200327659179722
0.0355643733394435 0.776986896080499 1 1 0.00250120666277653 0.00239018012369452 0.00272191233262975 0.00184433808732054 0.00306457184051045 0.00270513769120628 0.00190531828166662 0.00205991947463258 0.0018460014311853 0.0021902313359482 0.00193918568755924 0.00495350301451347 0.00191054028770576 0.0024735049235638 0.00185167879955506 0.00199767648955906 0.00281484704240731 0.00232080689663328 0.00204637471640667 0.00174375489272816 0.00213454658448098 0.00201897587988242 0.00248299110218753 0.00197316208194054 0.00235910428124653 0.00301865802070189
