[1] "Average PIPs: "
 [1] 0.3751393 0.8552902 0.9999842 1.0000000 0.1144010 0.1196268 0.1137010
 [8] 0.1168517 0.1222587 0.1159184 0.1368210 0.1182232 0.1122771 0.1173574
[15] 0.1226403 0.1343560 0.1301005 0.1283019 0.1154008 0.1191134 0.1161129
[22] 0.1155619 0.1134015 0.1157596 0.1199664 0.1150614 0.1212864 0.1205561
[29] 0.1144109 0.1275426
[1] "Percent of time PIP >= 0.1: "
 [1] 0.9161677 0.9940120 1.0000000 1.0000000 0.5868263 0.6167665 0.5808383
 [8] 0.5868263 0.5868263 0.5808383 0.5688623 0.5688623 0.5628743 0.6047904
[15] 0.5988024 0.6227545 0.5988024 0.5868263 0.5808383 0.5928144 0.5628743
[22] 0.5988024 0.6107784 0.5688623 0.5688623 0.5688623 0.5988024 0.5389222
[29] 0.5928144 0.5988024
[1] "Percent of time PIP >= 0.5: "
 [1] 0.299401198 0.856287425 1.000000000 1.000000000 0.000000000 0.005988024
 [7] 0.000000000 0.005988024 0.005988024 0.000000000 0.029940120 0.000000000
[13] 0.000000000 0.000000000 0.011976048 0.017964072 0.011976048 0.011976048
[19] 0.000000000 0.005988024 0.005988024 0.000000000 0.000000000 0.000000000
[25] 0.005988024 0.005988024 0.000000000 0.005988024 0.000000000 0.017964072
[1] "Percent of time PIP >= 0.9: "
 [1] 0.143712575 0.778443114 1.000000000 1.000000000 0.000000000 0.000000000
 [7] 0.000000000 0.000000000 0.000000000 0.000000000 0.017964072 0.000000000
[13] 0.000000000 0.000000000 0.000000000 0.017964072 0.011976048 0.000000000
[19] 0.000000000 0.005988024 0.000000000 0.000000000 0.000000000 0.000000000
[25] 0.000000000 0.000000000 0.000000000 0.005988024 0.000000000 0.011976048
