[1] "Average PIPs: "
 [1] 0.072476883 0.844476429 0.999999994 1.000000000 0.002831004 0.002947811
 [7] 0.002736553 0.002883614 0.002791694 0.002866914 0.003150756 0.003000348
[13] 0.002779658 0.002784457 0.002828721 0.002902426 0.003066706 0.003017334
[19] 0.002908224 0.002759536 0.002925921 0.002800410 0.002781164 0.002704041
[25] 0.002960901 0.002740525 0.002764423 0.002837107 0.002829545 0.002802692
[1] "Percent of time PIP >= 0.1: "
 [1] 0.1916168 0.9760479 1.0000000 1.0000000 0.0000000 0.0000000 0.0000000
 [8] 0.0000000 0.0000000 0.0000000 0.0000000 0.0000000 0.0000000 0.0000000
[15] 0.0000000 0.0000000 0.0000000 0.0000000 0.0000000 0.0000000 0.0000000
[22] 0.0000000 0.0000000 0.0000000 0.0000000 0.0000000 0.0000000 0.0000000
[29] 0.0000000 0.0000000
[1] "Percent of time PIP >= 0.5: "
 [1] 0.03592814 0.90419162 1.00000000 1.00000000 0.00000000 0.00000000
 [7] 0.00000000 0.00000000 0.00000000 0.00000000 0.00000000 0.00000000
[13] 0.00000000 0.00000000 0.00000000 0.00000000 0.00000000 0.00000000
[19] 0.00000000 0.00000000 0.00000000 0.00000000 0.00000000 0.00000000
[25] 0.00000000 0.00000000 0.00000000 0.00000000 0.00000000 0.00000000
[1] "Percent of time PIP >= 0.9: "
 [1] 0.0000000 0.6586826 1.0000000 1.0000000 0.0000000 0.0000000 0.0000000
 [8] 0.0000000 0.0000000 0.0000000 0.0000000 0.0000000 0.0000000 0.0000000
[15] 0.0000000 0.0000000 0.0000000 0.0000000 0.0000000 0.0000000 0.0000000
[22] 0.0000000 0.0000000 0.0000000 0.0000000 0.0000000 0.0000000 0.0000000
[29] 0.0000000 0.0000000
