[1] "Average Estimates for Betas: "
 [1]  0.0446940625  0.1058030614  0.2100768051  0.2908336620  0.0044122307
 [6] -0.0103808870 -0.0078672003  0.0007063235 -0.0015352525  0.0045162865
[11] -0.0196199960  0.0102881586  0.0076369037  0.0002324144 -0.0063499297
[16] -0.0174057909  0.0079451216  0.0078774103  0.0134782758 -0.0109046439
[21]  0.0005989335 -0.0005173551 -0.0118918626 -0.0162456956 -0.0147371093
[26]  0.0038643241  0.0125807939  0.0158706625 -0.0090780351 -0.0104921590
[1] "Standard Deviations of Betas: "
 [1] 0.1327703 0.1284833 0.1308323 0.1161042 0.1345142 0.1242622 0.1204835
 [8] 0.1368467 0.1237497 0.1195515 0.1215461 0.1210286 0.1254967 0.1257715
[15] 0.1151456 0.1262474 0.1296637 0.1278921 0.1215895 0.1427064 0.1332461
[22] 0.1298816 0.1177034 0.1257065 0.1179530 0.1378397 0.1274343 0.1383548
[29] 0.1343999 0.1342800
[1] "Average StdErrors for Betas: "
 [1] 0.1229232 0.1240475 0.1227168 0.1234601 0.1229668 0.1240255 0.1239585
 [8] 0.1226870 0.1241887 0.1222474 0.1230630 0.1244458 0.1228887 0.1252783
[15] 0.1243260 0.1226447 0.1253720 0.1234343 0.1247314 0.1234874 0.1223617
[22] 0.1245730 0.1237709 0.1230024 0.1239171 0.1235945 0.1237804 0.1236782
[29] 0.1230169 0.1253018
[1] "Positive rate for exposures: "
 [1] 0.08982036 0.16167665 0.39520958 0.64670659 0.04790419 0.02395210
 [7] 0.04191617 0.07784431 0.01796407 0.04191617 0.02395210 0.05988024
[13] 0.06586826 0.04790419 0.03592814 0.05389222 0.04790419 0.07185629
[19] 0.05389222 0.10179641 0.06586826 0.05389222 0.03592814 0.03592814
[25] 0.04191617 0.07784431 0.05988024 0.05988024 0.06586826 0.05389222
[1] "Bonferroni-corrected positive rate for exposures: "
 [1] 0.000000000 0.017964072 0.077844311 0.191616766 0.005988024 0.000000000
 [7] 0.000000000 0.005988024 0.000000000 0.000000000 0.005988024 0.000000000
[13] 0.000000000 0.000000000 0.000000000 0.000000000 0.000000000 0.005988024
[19] 0.000000000 0.011976048 0.000000000 0.005988024 0.000000000 0.000000000
[25] 0.000000000 0.005988024 0.000000000 0.023952096 0.017964072 0.000000000
