[1] "Average Estimates for Betas: "
 [1]  0.0454113294  0.1068293755  0.2069997708  0.2900633235  0.0075869981
 [6] -0.0114051061 -0.0114656197  0.0008373303  0.0019812205  0.0020172023
[11] -0.0222439765  0.0126291846  0.0063226805 -0.0046697029 -0.0013910553
[16] -0.0118628251  0.0139289696  0.0107644136  0.0142132572 -0.0053266274
[21] -0.0015802507  0.0014111709 -0.0090901438 -0.0184065906 -0.0133885579
[26]  0.0021433274  0.0112354483  0.0130040659 -0.0107645256 -0.0092212565
[1] "Standard Deviations of Betas: "
 [1] 0.1277464 0.1230939 0.1204621 0.1131200 0.1294637 0.1201383 0.1179761
 [8] 0.1282312 0.1216769 0.1160501 0.1138610 0.1164380 0.1238123 0.1186619
[15] 0.1110840 0.1216914 0.1255491 0.1198823 0.1197892 0.1367908 0.1300342
[22] 0.1253575 0.1146582 0.1192407 0.1146082 0.1342068 0.1225684 0.1345696
[29] 0.1291925 0.1262595
[1] "Average StdErrors for Betas: "
 [1] 0.02830578 0.02851242 0.02820223 0.02837260 0.02823623 0.02856506
 [7] 0.02855496 0.02808486 0.02853533 0.02816600 0.02840631 0.02867182
[13] 0.02825374 0.02877200 0.02854771 0.02816654 0.02880286 0.02847531
[19] 0.02867833 0.02853011 0.02815106 0.02861129 0.02841839 0.02830942
[25] 0.02843879 0.02845433 0.02851232 0.02839482 0.02837715 0.02868048
[1] "Positive rate for exposures: "
 [1] 0.7125749 0.7245509 0.9281437 0.9880240 0.6886228 0.6766467 0.5928144
 [8] 0.6586826 0.6287425 0.6467066 0.5628743 0.6347305 0.6946108 0.6407186
[15] 0.6227545 0.6167665 0.7065868 0.6227545 0.6167665 0.6646707 0.6586826
[22] 0.6706587 0.6287425 0.6047904 0.6646707 0.6826347 0.6107784 0.6167665
[29] 0.6586826 0.6227545
[1] "Bonferroni-corrected positive rate for exposures: "
 [1] 0.5628743 0.6167665 0.8502994 0.9760479 0.5089820 0.5209581 0.4371257
 [8] 0.4790419 0.4850299 0.4191617 0.4610778 0.4610778 0.4191617 0.4970060
[15] 0.4670659 0.4251497 0.5029940 0.4191617 0.4131737 0.4910180 0.4970060
[22] 0.4790419 0.4311377 0.4790419 0.4550898 0.5029940 0.4371257 0.4550898
[29] 0.4670659 0.4431138
