[1] "Average Estimates for Betas: "
 [1]  0.0351047453  0.0826042302  0.2016059232  0.3004233163  0.0091608955
 [6] -0.0092723641  0.0093642056  0.0021314597 -0.0110685302 -0.0001280250
[11] -0.0075100759 -0.0151651882  0.0109864674 -0.0104530988 -0.0048489402
[16] -0.0149896270  0.0159009471  0.0204042791  0.0051556747  0.0042503045
[21] -0.0003405733 -0.0009010220 -0.0039683577 -0.0082539304 -0.0146079930
[26]  0.0084962242 -0.0029045616  0.0096928799 -0.0059182729  0.0093665345
[1] "Standard Deviations of Betas: "
 [1] 0.08982477 0.08533576 0.07687101 0.08796932 0.09412427 0.08975184
 [7] 0.08853600 0.09881894 0.09037087 0.08258850 0.09222459 0.08115793
[13] 0.08000520 0.08831707 0.08941149 0.08399249 0.08643321 0.09424186
[19] 0.08473086 0.08419961 0.10108724 0.08678130 0.07518258 0.08200201
[25] 0.08963316 0.09105004 0.08044216 0.08317679 0.09758182 0.08554798
[1] "Average StdErrors for Betas: "
 [1] 0.07779416 0.07296151 0.07099549 0.07236646 0.07434742 0.06863516
 [7] 0.07187173 0.07349531 0.07258708 0.07058067 0.06997452 0.07704121
[13] 0.06911385 0.07168466 0.07141728 0.06841826 0.07469243 0.07182846
[19] 0.07416238 0.07091837 0.07082846 0.07012024 0.07229933 0.07149202
[25] 0.07291663 0.06918839 0.07102498 0.07580978 0.07428378 0.06687775
[1] "Positive rate for exposures: "
 [1] 0.16161616 0.33333333 0.76767677 0.93939394 0.07070707 0.11111111
 [7] 0.12121212 0.05050505 0.10101010 0.12121212 0.15151515 0.09090909
[13] 0.12121212 0.11111111 0.08080808 0.11111111 0.10101010 0.15151515
[19] 0.15151515 0.11111111 0.11111111 0.06060606 0.06060606 0.07070707
[25] 0.09090909 0.07070707 0.08080808 0.05050505 0.12121212 0.09090909
[1] "Bonferroni-corrected positive rate for exposures: "
 [1] 0.04040404 0.11111111 0.48484848 0.73737374 0.01010101 0.02020202
 [7] 0.00000000 0.01010101 0.02020202 0.01010101 0.02020202 0.02020202
[13] 0.01010101 0.01010101 0.01010101 0.00000000 0.00000000 0.03030303
[19] 0.00000000 0.00000000 0.00000000 0.01010101 0.01010101 0.02020202
[25] 0.02020202 0.01010101 0.00000000 0.01010101 0.03030303 0.00000000
