[1] "Average Estimates for Betas: "
 [1]  5.023534e-02  9.733211e-02  1.986636e-01  2.990673e-01  1.054758e-03
 [6] -8.578648e-04 -4.551369e-04 -9.477234e-05  8.514173e-04 -1.202911e-03
[11]  7.357059e-04 -6.755121e-04  5.433440e-04  1.923150e-04  1.979485e-03
[16] -2.326819e-03  1.490583e-03  6.172124e-04 -1.773236e-03  1.102174e-03
[21]  1.445854e-04  8.599209e-04  6.341569e-04 -2.465106e-04 -1.689525e-03
[26] -2.758948e-05 -6.925008e-05  6.251067e-04  5.476484e-04 -2.265000e-03
[1] "Standard Deviations of Betas: "
 [1] 0.01518149 0.01441409 0.01586592 0.01518538 0.01387196 0.01434645
 [7] 0.01410386 0.01520979 0.01516344 0.01567751 0.01518010 0.01658763
[13] 0.01577354 0.01470593 0.01545145 0.01544486 0.01649182 0.01568332
[19] 0.01584609 0.01438250 0.01572771 0.01433802 0.01514914 0.01400235
[25] 0.01557501 0.01360657 0.01476470 0.01489454 0.01494071 0.01496880
[1] "Average StdErrors for Betas: "
 [1] 0.02142613 0.02158982 0.02129879 0.02141158 0.02136064 0.02158753
 [7] 0.02157032 0.02124557 0.02162554 0.02128119 0.02143752 0.02162686
[13] 0.02137251 0.02171098 0.02153740 0.02130617 0.02174084 0.02151932
[19] 0.02162099 0.02159040 0.02128352 0.02163631 0.02143733 0.02138799
[25] 0.02143774 0.02154937 0.02152585 0.02150417 0.02147536 0.02172076
[1] "Positive rate for exposures: "
 [1] 0.712574850 0.994011976 1.000000000 1.000000000 0.005988024 0.005988024
 [7] 0.000000000 0.011976048 0.005988024 0.011976048 0.017964072 0.017964072
[13] 0.011976048 0.000000000 0.011976048 0.005988024 0.011976048 0.017964072
[19] 0.011976048 0.005988024 0.011976048 0.005988024 0.005988024 0.011976048
[25] 0.017964072 0.000000000 0.029940120 0.011976048 0.005988024 0.005988024
[1] "Bonferroni-corrected positive rate for exposures: "
 [1] 0.269461078 0.928143713 1.000000000 1.000000000 0.000000000 0.000000000
 [7] 0.000000000 0.000000000 0.000000000 0.000000000 0.005988024 0.000000000
[13] 0.000000000 0.000000000 0.000000000 0.000000000 0.000000000 0.000000000
[19] 0.000000000 0.000000000 0.000000000 0.000000000 0.000000000 0.000000000
[25] 0.000000000 0.000000000 0.000000000 0.000000000 0.000000000 0.000000000
