[1] "Average Estimates for Betas: "
 [1]  0.0456918918  0.1071138184  0.2076903951  0.2908356614  0.0076728116
 [6] -0.0116132093 -0.0115307683  0.0007646509  0.0020479616  0.0020974666
[11] -0.0224994240  0.0128560255  0.0064938251 -0.0046215259 -0.0014203693
[16] -0.0118144956  0.0141109150  0.0106270556  0.0142654848 -0.0054961548
[21] -0.0017058769  0.0013327182 -0.0092367358 -0.0184075373 -0.0133156605
[26]  0.0020882034  0.0113922755  0.0131490588 -0.0109229892 -0.0092866461
[1] "Standard Deviations of Betas: "
 [1] 0.1291368 0.1244003 0.1218237 0.1144102 0.1308299 0.1213133 0.1190911
 [8] 0.1293770 0.1227905 0.1172735 0.1150862 0.1177888 0.1251451 0.1199524
[15] 0.1120219 0.1229875 0.1266949 0.1211684 0.1209837 0.1381454 0.1313498
[22] 0.1264621 0.1160261 0.1205802 0.1156489 0.1356712 0.1238928 0.1361670
[29] 0.1304073 0.1276920
[1] "Average StdErrors for Betas: "
 [1] 0.1205974 0.1216318 0.1203385 0.1212179 0.1206777 0.1217719 0.1217861
 [8] 0.1201954 0.1218441 0.1200551 0.1210446 0.1224133 0.1207367 0.1229981
[15] 0.1218527 0.1202763 0.1230206 0.1210428 0.1227577 0.1216082 0.1200929
[22] 0.1221940 0.1216273 0.1211654 0.1215712 0.1215318 0.1216955 0.1213771
[29] 0.1207485 0.1228433
[1] "Positive rate for exposures: "
 [1] 0.07784431 0.14970060 0.44311377 0.67065868 0.04790419 0.02994012
 [7] 0.05389222 0.05988024 0.03592814 0.03592814 0.01796407 0.05389222
[13] 0.06586826 0.03592814 0.02395210 0.04790419 0.05389222 0.05389222
[19] 0.05988024 0.07784431 0.05988024 0.04191617 0.02994012 0.02994012
[25] 0.02994012 0.08383234 0.05389222 0.05988024 0.06586826 0.06586826
[1] "Bonferroni-corrected positive rate for exposures: "
 [1] 0.000000000 0.017964072 0.071856287 0.221556886 0.000000000 0.000000000
 [7] 0.000000000 0.000000000 0.000000000 0.000000000 0.005988024 0.000000000
[13] 0.000000000 0.000000000 0.000000000 0.000000000 0.000000000 0.000000000
[19] 0.000000000 0.011976048 0.000000000 0.005988024 0.000000000 0.000000000
[25] 0.000000000 0.005988024 0.000000000 0.017964072 0.011976048 0.000000000
