[1] "Average Estimates for Betas: "
 [1]  4.972781e-02  1.008301e-01  2.026738e-01  3.060489e-01 -6.951817e-04
 [6]  7.871001e-04 -6.608821e-03 -2.193573e-03  5.536247e-03 -2.428123e-03
[11] -6.505262e-03  2.867637e-03 -4.405992e-03 -2.654311e-03 -3.170355e-03
[16]  2.116995e-03 -2.223408e-03  1.171790e-03  7.637645e-05  1.429787e-03
[21]  9.284162e-04 -4.787161e-03 -4.228844e-04  6.763663e-04  1.875309e-04
[26] -8.649429e-04  1.367064e-05 -3.141924e-03  1.668186e-03  1.388978e-03
[1] "Standard Deviations of Betas: "
 [1] 0.03454153 0.04100543 0.04010145 0.04030436 0.02956017 0.03590792
 [7] 0.05050564 0.03537821 0.03588701 0.04499788 0.04907822 0.04901969
[13] 0.04772243 0.03829248 0.03439117 0.03539697 0.04444129 0.04397132
[19] 0.04575812 0.03943449 0.04314183 0.04819872 0.03446942 0.03332419
[25] 0.03538688 0.04840616 0.03580459 0.04527390 0.04723035 0.03663457
[1] "Average StdErrors for Betas: "
 [1] 0.02826239 0.02698623 0.02663932 0.02686235 0.02638275 0.02774586
 [7] 0.02608346 0.02759041 0.02673340 0.02842123 0.02688421 0.02678629
[13] 0.02826741 0.02646858 0.02522361 0.02785986 0.02744097 0.02875761
[19] 0.02698073 0.02646111 0.02820657 0.02787510 0.02630401 0.02630755
[25] 0.02827326 0.02860436 0.02645166 0.02819109 0.02736107 0.02619175
[1] "Positive rate for exposures: "
 [1] 0.60189573 0.90521327 0.98578199 1.00000000 0.05687204 0.06161137
 [7] 0.10426540 0.04739336 0.08056872 0.08530806 0.09004739 0.08056872
[13] 0.09478673 0.04739336 0.08530806 0.06161137 0.08530806 0.06635071
[19] 0.10426540 0.09952607 0.07109005 0.08530806 0.08056872 0.09952607
[25] 0.10900474 0.07109005 0.08530806 0.05687204 0.09478673 0.07582938
[1] "Q-value positive rate for exposures: "
 [1] 0.402843602 0.838862559 0.971563981 0.990521327 0.014218009 0.014218009
 [7] 0.037914692 0.018957346 0.023696682 0.033175355 0.033175355 0.028436019
[13] 0.037914692 0.009478673 0.047393365 0.009478673 0.018957346 0.009478673
[19] 0.018957346 0.028436019 0.023696682 0.023696682 0.018957346 0.023696682
[25] 0.028436019 0.028436019 0.042654028 0.023696682 0.018957346 0.014218009
[1] "Precision/Recall/F1 based on p-values:"
[1] 0.6267007 0.8732227 0.7297030
[1] "Precision/Recall/F1 based on Q-values:"
[1] 0.8355995 0.8009479 0.8179068
