[1] "Average PIPs: "
 [1] 0.13210604 0.63948874 0.96313045 0.99379006 0.03419978 0.03376981
 [7] 0.04349248 0.03635534 0.05031761 0.04067040 0.03524305 0.04505747
[13] 0.05695282 0.03611766 0.04613566 0.04625507 0.04192874 0.04177013
[19] 0.03888417 0.03930612 0.04068183 0.03251049 0.03828795 0.04099199
[25] 0.04319063 0.03482664 0.03725405 0.04131017 0.04730339 0.04179720
[1] "Percent of time PIP >= 0.1: "
 [1] 0.3127962 0.7819905 0.9810427 1.0000000 0.1848341 0.1658768 0.2085308
 [8] 0.1990521 0.2037915 0.1895735 0.1706161 0.1943128 0.1990521 0.1990521
[15] 0.1895735 0.1895735 0.1753555 0.1706161 0.1848341 0.1800948 0.1800948
[22] 0.1658768 0.1895735 0.2132701 0.1848341 0.1848341 0.1563981 0.1753555
[29] 0.1848341 0.1611374
[1] "Percent of time PIP >= 0.5: "
 [1] 0.094786730 0.625592417 0.966824645 0.990521327 0.000000000 0.004739336
 [7] 0.004739336 0.000000000 0.014218009 0.009478673 0.000000000 0.009478673
[13] 0.023696682 0.004739336 0.014218009 0.014218009 0.009478673 0.009478673
[19] 0.004739336 0.004739336 0.004739336 0.000000000 0.004739336 0.009478673
[25] 0.004739336 0.000000000 0.004739336 0.009478673 0.009478673 0.014218009
[1] "Percent of time PIP >= 0.9: "
 [1] 0.056872038 0.530805687 0.947867299 0.990521327 0.000000000 0.000000000
 [7] 0.004739336 0.000000000 0.014218009 0.000000000 0.000000000 0.004739336
[13] 0.018957346 0.000000000 0.009478673 0.014218009 0.009478673 0.004739336
[19] 0.004739336 0.004739336 0.000000000 0.000000000 0.004739336 0.000000000
[25] 0.004739336 0.000000000 0.000000000 0.000000000 0.009478673 0.004739336
