[1] "Average Estimates for Betas: "
 [1]  0.0377704823  0.1052199201  0.2107300403  0.2965953944 -0.0047992775
 [6]  0.0065925741  0.0046108192  0.0019477048 -0.0012904493 -0.0027977297
[11] -0.0097260927  0.0011295088 -0.0178849689 -0.0087481287 -0.0008234155
[16] -0.0177787408  0.0096028709  0.0086835444  0.0050329792 -0.0077996117
[21] -0.0061602113 -0.0055395967  0.0067816106 -0.0033291618  0.0018845198
[26]  0.0003542131  0.0020142828 -0.0078175707  0.0029187857 -0.0277228392
[1] "Standard Deviations of Betas: "
 [1] 0.1240162 0.1307138 0.1201403 0.1148943 0.1370721 0.1197796 0.1238470
 [8] 0.1194667 0.1074853 0.1287364 0.1378427 0.1348447 0.1214153 0.1277499
[15] 0.1319087 0.1157939 0.1360032 0.1226124 0.1167243 0.1228176 0.1319292
[22] 0.1294422 0.1317228 0.1314057 0.1321208 0.1288055 0.1141144 0.1322003
[29] 0.1258286 0.1209500
[1] "Average StdErrors for Betas: "
 [1] 0.04270281 0.04232507 0.04255150 0.04126128 0.04189382 0.04281207
 [7] 0.04250729 0.04251242 0.04201327 0.04218824 0.04259419 0.04322178
[13] 0.04291490 0.04264822 0.04373868 0.04160913 0.04286147 0.04369568
[19] 0.04216931 0.04240702 0.04228469 0.04163962 0.04219778 0.04195026
[25] 0.04144354 0.04297597 0.04281289 0.04238697 0.04152428 0.04240363
[1] "Positive rate for exposures: "
 [1] 0.475 0.660 0.835 0.945 0.535 0.440 0.435 0.445 0.445 0.470 0.495 0.435
[13] 0.450 0.490 0.460 0.455 0.490 0.440 0.460 0.410 0.475 0.500 0.480 0.510
[25] 0.490 0.475 0.445 0.430 0.480 0.465
[1] "Bonferroni-corrected positive rate for exposures: "
 [1] 0.245 0.395 0.710 0.910 0.275 0.175 0.230 0.180 0.155 0.255 0.230 0.235
[13] 0.215 0.205 0.220 0.230 0.235 0.185 0.200 0.180 0.225 0.220 0.280 0.280
[25] 0.245 0.220 0.195 0.220 0.230 0.200
