[1] "Average Estimates for Betas: "
 [1]  0.0358365509  0.0967444452  0.2079658630  0.2902966837  0.0019187265
 [6] -0.0012839930  0.0030803655  0.0055389897 -0.0084154568 -0.0031539750
[11] -0.0117016063 -0.0007963954 -0.0157543312 -0.0045778691 -0.0035057177
[16] -0.0166194269  0.0187218710  0.0007836570 -0.0007828665 -0.0080682008
[21] -0.0069797883  0.0015816994  0.0091181225  0.0079636657 -0.0007092295
[26]  0.0083858919  0.0003809083 -0.0182760347  0.0013619006 -0.0366233108
[1] "Standard Deviations of Betas: "
 [1] 0.1385752 0.1391844 0.1376966 0.1367903 0.1304635 0.1202919 0.1260434
 [8] 0.1220171 0.1258979 0.1397176 0.1373650 0.1378853 0.1375788 0.1264154
[15] 0.1359906 0.1206750 0.1461205 0.1349733 0.1220048 0.1216579 0.1332407
[22] 0.1339859 0.1308841 0.1395380 0.1365915 0.1318352 0.1170513 0.1316974
[29] 0.1348052 0.1335545
[1] "Average StdErrors for Betas: "
 [1] 0.1195304 0.1177213 0.1187662 0.1167138 0.1187906 0.1186432 0.1185434
 [8] 0.1194102 0.1196444 0.1182045 0.1185890 0.1185626 0.1201791 0.1198789
[15] 0.1207323 0.1177283 0.1189393 0.1202033 0.1182812 0.1178647 0.1182035
[22] 0.1179050 0.1184372 0.1188695 0.1183203 0.1192878 0.1176148 0.1192513
[29] 0.1188711 0.1180905
[1] "Positive rate for exposures: "
 [1] 0.090 0.165 0.420 0.715 0.080 0.050 0.085 0.040 0.060 0.085 0.095 0.085
[13] 0.100 0.060 0.080 0.045 0.095 0.070 0.040 0.045 0.075 0.065 0.065 0.085
[25] 0.090 0.085 0.045 0.075 0.075 0.075
[1] "Bonferroni-corrected positive rate for exposures: "
 [1] 0.025 0.030 0.125 0.290 0.000 0.000 0.015 0.010 0.000 0.010 0.015 0.010
[13] 0.000 0.005 0.005 0.000 0.015 0.000 0.000 0.005 0.010 0.005 0.000 0.005
[25] 0.010 0.005 0.000 0.015 0.010 0.000
