[1] "Average Estimates for Betas: "
 [1]  2.794804e-02  7.727445e-02  1.701518e-01  2.430755e-01  1.307217e-03
 [6]  7.892253e-05  5.277525e-04  3.151041e-03 -6.691733e-03 -4.557880e-03
[11] -1.229500e-02  2.583363e-03 -1.500515e-02 -4.057262e-03 -2.977924e-03
[16] -1.526428e-02  2.166267e-02  1.718732e-03 -1.254763e-04 -7.637111e-03
[21] -4.356012e-03  2.161489e-03  7.589599e-03  1.065997e-02 -2.233436e-03
[26]  5.156256e-03 -3.346239e-03 -1.644677e-02 -5.445986e-04 -3.421845e-02
[1] "Standard Deviations of Betas: "
 [1] 0.1270737 0.1295455 0.1290808 0.1278062 0.1243690 0.1181489 0.1219973
 [8] 0.1190882 0.1193280 0.1333955 0.1318432 0.1289477 0.1322741 0.1197019
[15] 0.1321088 0.1159015 0.1417841 0.1297065 0.1192620 0.1102700 0.1249101
[22] 0.1320427 0.1270740 0.1350197 0.1298547 0.1214138 0.1098309 0.1274998
[29] 0.1312221 0.1280065
[1] "Average StdErrors for Betas: "
 [1] 0.02628169 0.02587161 0.02611050 0.02566633 0.02613156 0.02603027
 [7] 0.02608040 0.02623040 0.02626729 0.02600026 0.02604622 0.02607817
[13] 0.02646084 0.02632488 0.02649144 0.02584564 0.02611592 0.02639228
[19] 0.02594662 0.02594582 0.02600423 0.02591714 0.02608843 0.02610811
[25] 0.02599230 0.02621754 0.02588624 0.02615594 0.02614335 0.02596742
[1] "Positive rate for exposures: "
 [1] 0.680 0.760 0.870 0.930 0.630 0.655 0.680 0.700 0.725 0.695 0.635 0.680
[13] 0.690 0.680 0.675 0.650 0.730 0.720 0.740 0.645 0.680 0.720 0.705 0.685
[25] 0.720 0.665 0.650 0.680 0.690 0.685
[1] "Bonferroni-corrected positive rate for exposures: "
 [1] 0.510 0.615 0.790 0.910 0.520 0.445 0.505 0.485 0.490 0.520 0.500 0.515
[13] 0.520 0.505 0.500 0.510 0.525 0.535 0.500 0.495 0.495 0.575 0.560 0.555
[25] 0.505 0.450 0.525 0.545 0.515 0.540
