[1] "Average Estimates for Betas: "
 [1]  5.290029e-02  9.830086e-02  2.029778e-01  2.933263e-01 -2.417445e-04
 [6]  2.688328e-03 -4.737977e-03 -3.372176e-03 -6.758151e-05 -1.732871e-03
[11]  4.230312e-03 -6.061961e-04 -6.804455e-03  2.896741e-04 -1.653993e-03
[16]  5.330069e-03 -5.743683e-04  6.853190e-03 -4.849295e-03  2.430029e-04
[21] -7.164195e-03 -3.295186e-03  1.410798e-03  9.135029e-03 -7.989178e-04
[26]  3.542681e-03  1.809477e-03  2.562188e-03  6.382728e-03  4.198033e-03
[1] "Standard Deviations of Betas: "
 [1] 0.05793079 0.04971779 0.05726240 0.06165374 0.04812820 0.04991467
 [7] 0.04764516 0.04647968 0.04165371 0.04311272 0.05020241 0.04533925
[13] 0.04997796 0.04748316 0.04020276 0.04436842 0.04298423 0.04513984
[19] 0.04347196 0.04196081 0.04845794 0.04775170 0.04556023 0.04727440
[25] 0.04189876 0.05471613 0.04339271 0.04258150 0.05474857 0.06960940
[1] "Average StdErrors for Betas: "
 [1] 0.03828338 0.03606237 0.03654787 0.03558464 0.03721860 0.03725224
 [7] 0.03590664 0.03876643 0.03545752 0.03661016 0.03782134 0.03942197
[13] 0.03771830 0.03610219 0.03525338 0.03677428 0.03558560 0.03493579
[19] 0.03671024 0.03549929 0.03741876 0.03898107 0.03823775 0.03609459
[25] 0.03518346 0.03701479 0.03779952 0.03505864 0.03513807 0.03942362
[1] "Positive rate for exposures: "
 [1] 0.39698492 0.78391960 0.96984925 0.99497487 0.08542714 0.08542714
 [7] 0.09045226 0.06532663 0.06532663 0.06532663 0.07537688 0.05025126
[13] 0.06532663 0.06532663 0.05025126 0.07035176 0.08542714 0.06030151
[19] 0.05025126 0.05527638 0.06030151 0.08040201 0.05527638 0.08040201
[25] 0.06030151 0.08040201 0.07537688 0.08542714 0.09547739 0.09547739
[1] "Bonferroni-corrected positive rate for exposures: "
 [1] 0.075376884 0.417085427 0.894472362 0.969849246 0.000000000 0.005025126
 [7] 0.010050251 0.005025126 0.005025126 0.000000000 0.005025126 0.000000000
[13] 0.010050251 0.010050251 0.005025126 0.005025126 0.000000000 0.005025126
[19] 0.000000000 0.010050251 0.005025126 0.005025126 0.005025126 0.005025126
[25] 0.005025126 0.000000000 0.005025126 0.010050251 0.010050251 0.000000000
