[1] "Average Estimates for Betas: "
 [1]  0.0552656932  0.1011169049  0.1961437317  0.2964239448 -0.0005511382
 [6]  0.0043948223 -0.0059416271  0.0060223405 -0.0027329514 -0.0010835256
[11]  0.0077985939  0.0039470534 -0.0088673022  0.0055272822 -0.0038489564
[16]  0.0011850225 -0.0051433525 -0.0003207740 -0.0049200277  0.0168704862
[21]  0.0030696297 -0.0103261206  0.0090168310  0.0110807054 -0.0098116760
[26] -0.0033121666  0.0048151423 -0.0046342843  0.0030366924  0.0001334906
[1] "Standard Deviations of Betas: "
 [1] 0.07791278 0.07528399 0.08161663 0.08491705 0.08267884 0.08428927
 [7] 0.07676986 0.08220171 0.08749875 0.07694182 0.09662110 0.08630572
[13] 0.07131263 0.08000570 0.08172192 0.07482029 0.08063838 0.08063157
[19] 0.07528624 0.07642772 0.08037027 0.07591902 0.07682713 0.07405019
[25] 0.07315952 0.08408228 0.07069314 0.07302433 0.08293814 0.08071363
[1] "Average StdErrors for Betas: "
 [1] 0.04452908 0.04496633 0.04416379 0.04403613 0.04430933 0.04428948
 [7] 0.04493053 0.04549149 0.04369245 0.04439998 0.04445313 0.04417112
[13] 0.04417153 0.04494884 0.04434208 0.04356859 0.04438826 0.04372311
[19] 0.04393038 0.04473166 0.04455770 0.04509358 0.04499834 0.04474570
[25] 0.04439367 0.04462858 0.04524073 0.04364754 0.04455809 0.04467133
[1] "Positive rate for exposures: "
 [1] 0.3969849 0.6532663 0.8844221 0.9798995 0.2060302 0.2763819 0.2160804
 [8] 0.2311558 0.2361809 0.2211055 0.2010050 0.2562814 0.2261307 0.2211055
[15] 0.2110553 0.1959799 0.2010050 0.1959799 0.1507538 0.2211055 0.2412060
[22] 0.2010050 0.2261307 0.1708543 0.1859296 0.2160804 0.2160804 0.2010050
[29] 0.2211055 0.2462312
[1] "Bonferroni-corrected positive rate for exposures: "
 [1] 0.13065327 0.36180905 0.76884422 0.94472362 0.06030151 0.06532663
 [7] 0.05527638 0.07537688 0.10552764 0.05527638 0.07537688 0.06030151
[13] 0.04020101 0.05527638 0.06532663 0.07035176 0.08040201 0.08040201
[19] 0.06030151 0.05527638 0.07537688 0.08040201 0.06030151 0.05025126
[25] 0.05025126 0.07537688 0.05527638 0.06532663 0.05527638 0.05527638
