[1] "Average PIPs: "
 [1] 0.2705396 0.6276251 0.9338662 0.9801464 0.1429748 0.1440479 0.1438108
 [8] 0.1331234 0.1548838 0.1562429 0.1287814 0.1423885 0.1465097 0.1533590
[15] 0.1558375 0.1402408 0.1376860 0.1506813 0.1387213 0.1645114 0.1243007
[22] 0.1589691 0.1282756 0.1455915 0.1318186 0.1458960 0.1397324 0.1650365
[29] 0.1329741 0.1321211
[1] "Percent of time PIP >= 0.1: "
 [1] 0.7738693 0.9145729 0.9949749 0.9949749 0.6683417 0.6532663 0.6733668
 [8] 0.6532663 0.6783920 0.6783920 0.6281407 0.6834171 0.6381910 0.6633166
[15] 0.6432161 0.6733668 0.7135678 0.6683417 0.6683417 0.7286432 0.6532663
[22] 0.6884422 0.6683417 0.6683417 0.6984925 0.6934673 0.6482412 0.6783920
[29] 0.6733668 0.6683417
[1] "Percent of time PIP >= 0.5: "
 [1] 0.14070352 0.57286432 0.90452261 0.97487437 0.02512563 0.02512563
 [7] 0.02010050 0.02010050 0.04522613 0.04522613 0.02010050 0.02010050
[13] 0.04020101 0.03517588 0.04020101 0.01005025 0.01507538 0.04020101
[19] 0.02010050 0.05025126 0.01005025 0.05025126 0.01005025 0.03517588
[25] 0.01507538 0.03015075 0.03015075 0.05025126 0.02010050 0.01005025
[1] "Percent of time PIP >= 0.9: "
 [1] 0.110552764 0.442211055 0.899497487 0.974874372 0.025125628 0.025125628
 [7] 0.020100503 0.020100503 0.030150754 0.040201005 0.010050251 0.010050251
[13] 0.025125628 0.020100503 0.030150754 0.010050251 0.015075377 0.030150754
[19] 0.015075377 0.045226131 0.005025126 0.040201005 0.000000000 0.030150754
[25] 0.010050251 0.025125628 0.020100503 0.050251256 0.015075377 0.010050251
