[1] "Average Estimates for Betas: "
 [1]  5.425689e-02  9.656217e-02  1.980376e-01  2.979399e-01 -1.436851e-06
 [6] -9.845003e-04 -6.431357e-03 -4.628537e-04 -6.350340e-03 -1.710387e-03
[11]  5.907536e-03  3.707452e-03 -5.140090e-03 -8.259586e-04  3.287740e-03
[16]  3.245516e-03 -4.606455e-03  3.654873e-03 -3.393595e-03  3.562445e-03
[21]  1.832230e-03 -6.893147e-03  2.597729e-03  3.800945e-03  5.341262e-03
[26] -4.211292e-03 -4.260923e-03 -2.083930e-04  4.415737e-03  4.059015e-03
[1] "Standard Deviations of Betas: "
 [1] 0.04629985 0.05650691 0.05994721 0.05384808 0.05503344 0.06025458
 [7] 0.05123790 0.04907236 0.06759637 0.05143948 0.06274383 0.06694473
[13] 0.05647347 0.06154982 0.06033509 0.04821500 0.05169637 0.05029468
[19] 0.04601121 0.05612264 0.05291076 0.05154512 0.05473745 0.04820807
[25] 0.05605916 0.04982873 0.06556861 0.04618795 0.04884172 0.05152847
[1] "Average StdErrors for Betas: "
 [1] 0.03633341 0.03619618 0.03546042 0.03604443 0.03675960 0.03668147
 [7] 0.03699508 0.03574307 0.03675128 0.03726322 0.03636189 0.03646531
[13] 0.03652016 0.03659435 0.03714098 0.03523819 0.03612717 0.03624906
[19] 0.03512666 0.03712570 0.03634404 0.03669535 0.03593019 0.03725011
[25] 0.03636687 0.03666908 0.03712406 0.03597769 0.03658937 0.03723234
[1] "Positive rate for exposures: "
 [1] 0.4117647 0.7647059 0.9477124 0.9934641 0.1176471 0.1241830 0.1307190
 [8] 0.1372549 0.1241830 0.1176471 0.1633987 0.1437908 0.1241830 0.1699346
[15] 0.1764706 0.1437908 0.1764706 0.1437908 0.1437908 0.1241830 0.1176471
[22] 0.1830065 0.1437908 0.1307190 0.1503268 0.1568627 0.2549020 0.1045752
[29] 0.1437908 0.1437908
[1] "Bonferroni-corrected positive rate for exposures: "
 [1] 0.104575163 0.457516340 0.869281046 0.973856209 0.026143791 0.045751634
 [7] 0.026143791 0.019607843 0.039215686 0.032679739 0.039215686 0.019607843
[13] 0.039215686 0.058823529 0.026143791 0.006535948 0.039215686 0.026143791
[19] 0.013071895 0.026143791 0.039215686 0.045751634 0.032679739 0.006535948
[25] 0.032679739 0.013071895 0.039215686 0.019607843 0.019607843 0.026143791
