[1] "Average PIPs: "
 [1] 0.3593344 0.5641555 0.8858577 0.9777029 0.2056409 0.2526461 0.2099845
 [8] 0.2115133 0.2381254 0.2287195 0.2368740 0.2115083 0.2202925 0.2288713
[15] 0.2316450 0.2237102 0.2116601 0.2001050 0.1965481 0.2361324 0.2178022
[22] 0.2356140 0.2115970 0.2006898 0.2052359 0.2237636 0.2284395 0.1996793
[29] 0.2167531 0.2234496
[1] "Percent of time PIP >= 0.1: "
 [1] 0.7085427 0.8592965 0.9447236 1.0000000 0.5577889 0.6532663 0.6432161
 [8] 0.6180905 0.6331658 0.6432161 0.6582915 0.6130653 0.6331658 0.6482412
[15] 0.6281407 0.5879397 0.5979899 0.6030151 0.6130653 0.6281407 0.6683417
[22] 0.6532663 0.6130653 0.6532663 0.6180905 0.6582915 0.6231156 0.5829146
[29] 0.6231156 0.6281407
[1] "Percent of time PIP >= 0.5: "
 [1] 0.25628141 0.49748744 0.86432161 0.97487437 0.10050251 0.13567839
 [7] 0.09547739 0.11055276 0.12562814 0.11055276 0.12060302 0.11055276
[13] 0.11055276 0.12060302 0.11557789 0.12060302 0.11055276 0.09547739
[19] 0.08542714 0.12060302 0.09547739 0.14572864 0.09045226 0.08040201
[25] 0.09547739 0.12562814 0.12562814 0.08040201 0.11557789 0.11557789
[1] "Percent of time PIP >= 0.9: "
 [1] 0.21608040 0.39195980 0.84924623 0.96482412 0.10050251 0.12060302
 [7] 0.08040201 0.09547739 0.11055276 0.11055276 0.11055276 0.09045226
[13] 0.09547739 0.10552764 0.11055276 0.09547739 0.09045226 0.08040201
[19] 0.06532663 0.12060302 0.08040201 0.11557789 0.08040201 0.06532663
[25] 0.07537688 0.10050251 0.11055276 0.07537688 0.09547739 0.09547739
