[1] "Average PIPs: "
 [1] 0.22381180 0.62149176 0.96948519 0.99406877 0.09879833 0.10331385
 [7] 0.09251394 0.08827306 0.10149717 0.09602810 0.10427271 0.09898352
[13] 0.09313584 0.09618185 0.09812158 0.09365163 0.10020850 0.11290071
[19] 0.10090481 0.09163827 0.09540502 0.10655257 0.09874669 0.09866132
[25] 0.09330316 0.09344945 0.10351506 0.10779461 0.09915196 0.09413262
[1] "Percent of time PIP >= 0.1: "
 [1] 0.6381910 0.8844221 1.0000000 1.0000000 0.4572864 0.4572864 0.4422111
 [8] 0.4221106 0.4371859 0.4522613 0.4472362 0.4020101 0.4170854 0.4371859
[15] 0.4572864 0.4623116 0.4422111 0.4522613 0.4673367 0.4271357 0.4020101
[22] 0.4623116 0.4673367 0.4321608 0.4422111 0.4271357 0.4422111 0.4623116
[29] 0.4673367 0.4472362
[1] "Percent of time PIP >= 0.5: "
 [1] 0.110552764 0.567839196 0.964824121 0.994974874 0.010050251 0.015075377
 [7] 0.005025126 0.000000000 0.015075377 0.010050251 0.020100503 0.015075377
[13] 0.010050251 0.010050251 0.010050251 0.005025126 0.015075377 0.030150754
[19] 0.015075377 0.005025126 0.015075377 0.020100503 0.015075377 0.010050251
[25] 0.005025126 0.010050251 0.020100503 0.025125628 0.020100503 0.015075377
[1] "Percent of time PIP >= 0.9: "
 [1] 0.090452261 0.462311558 0.954773869 0.989949749 0.010050251 0.015075377
 [7] 0.005025126 0.000000000 0.015075377 0.010050251 0.020100503 0.015075377
[13] 0.010050251 0.010050251 0.010050251 0.005025126 0.015075377 0.025125628
[19] 0.015075377 0.005025126 0.015075377 0.020100503 0.010050251 0.010050251
[25] 0.000000000 0.010050251 0.020100503 0.020100503 0.015075377 0.010050251
