[1] "Average Estimates for Betas: "
 [1]  4.957183e-02  1.002581e-01  1.998853e-01  2.996007e-01 -1.740189e-03
 [6]  1.330605e-03  2.256433e-04 -3.911457e-05  4.135062e-05  4.265119e-04
[11]  1.798125e-03  6.819888e-04  5.356684e-05 -1.917584e-03  2.734429e-04
[16]  9.507867e-05 -3.229150e-04  4.472262e-04  7.450833e-04  4.297650e-04
[21] -1.180655e-03 -1.290738e-03 -4.991501e-04  3.925271e-04  1.795657e-04
[26] -1.606001e-04 -2.149869e-03  1.123017e-03 -2.193806e-04 -2.982753e-04
[1] "Standard Deviations of Betas: "
 [1] 0.01263411 0.01256016 0.01430840 0.01442783 0.01531435 0.01730571
 [7] 0.01327915 0.01229847 0.01417895 0.01431596 0.01332513 0.01342755
[13] 0.01324702 0.02030182 0.02380574 0.01293618 0.01301775 0.01275671
[19] 0.01399774 0.01607148 0.01678823 0.01295750 0.01268344 0.01330560
[25] 0.01217425 0.01394184 0.01335472 0.01330267 0.01500878 0.01415549
[1] "Average StdErrors for Betas: "
 [1] 0.01729207 0.01721913 0.01735682 0.01742242 0.01806059 0.01828231
 [7] 0.01688956 0.01717883 0.01766895 0.01847045 0.01782086 0.01761647
[13] 0.01830007 0.01777262 0.01798444 0.01747525 0.01756618 0.01737537
[19] 0.01792406 0.01828576 0.01828323 0.01733141 0.01733861 0.01744074
[25] 0.01739328 0.01824025 0.01744112 0.01765726 0.01865204 0.01780709
[1] "Positive rate for exposures: "
 [1] 0.880 0.995 1.000 1.000 0.015 0.015 0.010 0.010 0.015 0.005 0.000 0.015
[13] 0.015 0.005 0.010 0.000 0.015 0.010 0.005 0.010 0.015 0.015 0.010 0.000
[25] 0.010 0.005 0.010 0.005 0.010 0.015
[1] "Bonferroni-corrected positive rate for exposures: "
 [1] 0.410 0.990 0.995 1.000 0.000 0.000 0.000 0.000 0.000 0.000 0.000 0.000
[13] 0.000 0.000 0.000 0.000 0.000 0.000 0.000 0.000 0.000 0.000 0.000 0.000
[25] 0.000 0.000 0.000 0.000 0.000 0.000
