[1] "Average PIPs: "
 [1] 1.106691e-01 9.156273e-01 9.999999e-01 1.000000e+00 3.911753e-05
 [6] 2.339688e-05 3.299954e-05 1.783873e-05 1.752888e-05 3.471619e-04
[11] 1.707401e-05 1.543717e-05 2.572817e-05 2.201516e-05 2.245393e-05
[16] 2.052871e-05 1.445156e-05 1.615538e-05 2.643257e-05 3.603524e-05
[21] 1.775517e-05 2.056692e-05 2.853241e-05 1.537915e-05 1.960162e-05
[26] 1.627840e-05 1.908953e-05 1.528395e-05 2.150595e-05 3.509913e-05
[1] "Percent of time PIP >= 0.1: "
 [1] 0.135 0.925 1.000 1.000 0.000 0.000 0.000 0.000 0.000 0.000 0.000 0.000
[13] 0.000 0.000 0.000 0.000 0.000 0.000 0.000 0.000 0.000 0.000 0.000 0.000
[25] 0.000 0.000 0.000 0.000 0.000 0.000
[1] "Percent of time PIP >= 0.5: "
 [1] 0.105 0.925 1.000 1.000 0.000 0.000 0.000 0.000 0.000 0.000 0.000 0.000
[13] 0.000 0.000 0.000 0.000 0.000 0.000 0.000 0.000 0.000 0.000 0.000 0.000
[25] 0.000 0.000 0.000 0.000 0.000 0.000
[1] "Percent of time PIP >= 0.9: "
 [1] 0.100 0.895 1.000 1.000 0.000 0.000 0.000 0.000 0.000 0.000 0.000 0.000
[13] 0.000 0.000 0.000 0.000 0.000 0.000 0.000 0.000 0.000 0.000 0.000 0.000
[25] 0.000 0.000 0.000 0.000 0.000 0.000
