[1] "Average Estimates for Betas: "
 [1]  4.912221e-02  9.928690e-02  2.004389e-01  2.992264e-01 -1.213536e-03
 [6] -1.542132e-04  2.241688e-04 -4.151865e-04  4.241401e-04  2.162411e-05
[11]  2.015543e-03  5.015003e-04 -5.256141e-04 -3.067463e-04 -2.729865e-04
[16] -1.301609e-04 -6.346846e-05  5.702079e-04  3.384731e-04  3.687055e-04
[21] -4.893014e-04 -1.286424e-03 -1.458906e-04  1.105792e-03 -5.873300e-04
[26]  5.954416e-05 -2.273169e-03  6.428454e-04  5.728080e-04  4.662998e-04
[1] "Standard Deviations of Betas: "
 [1] 0.01239165 0.01218847 0.01408871 0.01338031 0.01363245 0.01229628
 [7] 0.01277539 0.01213677 0.01294747 0.01223927 0.01292000 0.01338370
[13] 0.01297824 0.01158209 0.01173795 0.01253333 0.01217624 0.01254346
[19] 0.01340525 0.01293384 0.01259363 0.01229317 0.01275433 0.01301415
[25] 0.01175663 0.01337262 0.01287766 0.01311683 0.01384965 0.01414313
[1] "Average StdErrors for Betas: "
 [1] 0.01707157 0.01699202 0.01704029 0.01721108 0.01728229 0.01692260
 [7] 0.01665189 0.01703029 0.01725206 0.01727886 0.01749572 0.01742143
[13] 0.01693446 0.01695064 0.01706998 0.01715833 0.01711933 0.01717026
[19] 0.01717332 0.01720249 0.01712992 0.01703969 0.01708736 0.01725338
[25] 0.01718325 0.01752216 0.01718656 0.01730680 0.01771066 0.01748579
[1] "Positive rate for exposures: "
 [1] 0.880 1.000 1.000 1.000 0.020 0.005 0.010 0.010 0.015 0.005 0.010 0.025
[13] 0.015 0.010 0.010 0.000 0.005 0.015 0.010 0.005 0.010 0.010 0.005 0.005
[25] 0.010 0.010 0.000 0.020 0.010 0.010
[1] "Bonferroni-corrected positive rate for exposures: "
 [1] 0.390 0.975 1.000 1.000 0.000 0.000 0.000 0.000 0.000 0.005 0.000 0.000
[13] 0.000 0.000 0.000 0.000 0.000 0.000 0.000 0.000 0.000 0.000 0.000 0.000
[25] 0.000 0.000 0.000 0.000 0.000 0.000
