[1] "Average Estimates for Betas: "
 [1]  4.898003e-02  9.871103e-02  2.003659e-01  2.992089e-01 -1.363622e-03
 [6] -3.697481e-04 -3.995160e-05 -4.778837e-04  2.101692e-04  2.950126e-04
[11]  1.840469e-03  7.019761e-04 -3.805062e-04 -3.346937e-06 -8.324208e-04
[16] -2.044069e-04  3.445223e-04  6.306774e-04 -1.391296e-04  2.574244e-04
[21] -6.767276e-04 -9.984787e-04 -2.905701e-04  1.331375e-03 -6.737349e-04
[26]  3.212914e-04 -1.804705e-03  6.913725e-04  4.667544e-04  4.423297e-04
[1] "Standard Deviations of Betas: "
 [1] 0.01286536 0.01291087 0.01468984 0.01464469 0.01377438 0.01287020
 [7] 0.01320947 0.01284479 0.01372623 0.01245947 0.01397245 0.01405506
[13] 0.01379630 0.01218773 0.01253200 0.01287159 0.01261900 0.01275191
[19] 0.01397022 0.01350895 0.01320481 0.01287831 0.01267853 0.01374196
[25] 0.01217000 0.01370670 0.01303470 0.01356764 0.01374654 0.01429005
[1] "Average StdErrors for Betas: "
 [1] 0.01834325 0.01754229 0.01788899 0.01810685 0.01774987 0.01838925
 [7] 0.01718932 0.01851570 0.01813283 0.01795333 0.01856332 0.01832969
[13] 0.01763650 0.01767315 0.01823254 0.01850002 0.01784822 0.01826445
[19] 0.01748723 0.01752119 0.01812762 0.01859397 0.01745813 0.01785724
[25] 0.01807995 0.01834183 0.01799138 0.01808193 0.01855971 0.01830051
[1] "Positive rate for exposures: "
 [1] 0.811224490 0.989795918 1.000000000 1.000000000 0.025510204 0.020408163
 [7] 0.025510204 0.025510204 0.025510204 0.015306122 0.030612245 0.030612245
[13] 0.040816327 0.025510204 0.030612245 0.010204082 0.005102041 0.010204082
[19] 0.005102041 0.025510204 0.030612245 0.020408163 0.010204082 0.025510204
[25] 0.015306122 0.020408163 0.010204082 0.030612245 0.020408163 0.020408163
[1] "Bonferroni-corrected positive rate for exposures: "
 [1] 0.403061224 0.933673469 1.000000000 1.000000000 0.000000000 0.000000000
 [7] 0.005102041 0.005102041 0.000000000 0.005102041 0.000000000 0.005102041
[13] 0.000000000 0.000000000 0.000000000 0.000000000 0.000000000 0.005102041
[19] 0.000000000 0.000000000 0.010204082 0.005102041 0.000000000 0.000000000
[25] 0.000000000 0.000000000 0.000000000 0.000000000 0.005102041 0.000000000
