[1] "Average Estimates for Betas: "
 [1]  4.953504e-02  1.002955e-01  1.998358e-01  2.996155e-01 -2.108313e-03
 [6]  2.856736e-05  3.089484e-04  1.425418e-05  8.512157e-05  1.532319e-03
[11]  1.914768e-03  6.656507e-04 -1.044902e-03 -9.772624e-04  1.082916e-03
[16]  2.033584e-04 -4.057388e-04  5.051540e-04 -1.822126e-03  1.235908e-03
[21]  5.332634e-03 -1.325902e-03 -5.837904e-04  3.444380e-04  1.842498e-04
[26]  1.080772e-04 -2.188943e-03  1.130631e-03  6.627558e-04 -4.140939e-04
[1] "Standard Deviations of Betas: "
 [1] 0.01264759 0.01245287 0.01442421 0.01438665 0.01880008 0.02003922
 [7] 0.01330251 0.01236746 0.01392517 0.02323214 0.01346856 0.01343817
[13] 0.01386218 0.01226730 0.03249662 0.01318503 0.01302206 0.01275588
[19] 0.03343030 0.02507107 0.08207573 0.01287999 0.01269109 0.01333746
[25] 0.01220614 0.01375000 0.01338532 0.01328703 0.01569222 0.01405571
[1] "Average StdErrors for Betas: "
 [1] 0.01663558 0.01654672 0.01670189 0.01678479 0.01829774 0.02062150
 [7] 0.01624197 0.01652233 0.01700589 0.02165928 0.01716741 0.01693938
[13] 0.02225007 0.01955811 0.02128911 0.01688698 0.01694227 0.01670011
[19] 0.02396964 0.02130226 0.02349721 0.01667809 0.01669498 0.01678712
[25] 0.01676118 0.01906015 0.01675901 0.01700833 0.01970472 0.01716031
[1] "Positive rate for exposures: "
 [1] 0.895 0.995 1.000 1.000 0.015 0.015 0.015 0.010 0.020 0.015 0.005 0.030
[13] 0.025 0.005 0.015 0.000 0.025 0.005 0.005 0.025 0.015 0.010 0.015 0.005
[25] 0.010 0.020 0.020 0.010 0.020 0.025
[1] "Bonferroni-corrected positive rate for exposures: "
 [1] 0.460 0.985 1.000 1.000 0.000 0.000 0.000 0.000 0.000 0.000 0.000 0.000
[13] 0.000 0.000 0.000 0.000 0.000 0.000 0.000 0.000 0.000 0.005 0.000 0.000
[25] 0.000 0.000 0.000 0.000 0.000 0.000
