[1] "Average PIPs: "
 [1] 0.1109536553 0.9156541385 0.9999999229 1.0000000000 0.0004271467
 [6] 0.0004029651 0.0004305717 0.0003882735 0.0003913890 0.0007175888
[11] 0.0003903326 0.0003863243 0.0004118691 0.0004055127 0.0004075371
[16] 0.0003995850 0.0003854654 0.0003881172 0.0004083742 0.0004390086
[21] 0.0003918412 0.0003943179 0.0004227722 0.0003860042 0.0003979603
[26] 0.0003918793 0.0003943736 0.0003869561 0.0004080474 0.0004316916
[1] "Percent of time PIP >= 0.1: "
 [1] 0.135 0.925 1.000 1.000 0.000 0.000 0.000 0.000 0.000 0.000 0.000 0.000
[13] 0.000 0.000 0.000 0.000 0.000 0.000 0.000 0.000 0.000 0.000 0.000 0.000
[25] 0.000 0.000 0.000 0.000 0.000 0.000
[1] "Percent of time PIP >= 0.5: "
 [1] 0.105 0.925 1.000 1.000 0.000 0.000 0.000 0.000 0.000 0.000 0.000 0.000
[13] 0.000 0.000 0.000 0.000 0.000 0.000 0.000 0.000 0.000 0.000 0.000 0.000
[25] 0.000 0.000 0.000 0.000 0.000 0.000
[1] "Percent of time PIP >= 0.9: "
 [1] 0.100 0.895 1.000 1.000 0.000 0.000 0.000 0.000 0.000 0.000 0.000 0.000
[13] 0.000 0.000 0.000 0.000 0.000 0.000 0.000 0.000 0.000 0.000 0.000 0.000
[25] 0.000 0.000 0.000 0.000 0.000 0.000
