[1] "Average Estimates for Betas: "
 [1]  0.0490009205  0.0994695941  0.2001606587  0.2992891534 -0.0013577387
 [6]  0.0002634776  0.0003431171 -0.0005061300  0.0002811444 -0.0001401412
[11]  0.0019747344  0.0004758141 -0.0007844957 -0.0005797834 -0.0001118615
[16] -0.0001469543  0.0002111843  0.0001301528  0.0001209197  0.0007583475
[21] -0.0002524711 -0.0011941303 -0.0002267705  0.0012002004 -0.0008492284
[26] -0.0003016341 -0.0018576791  0.0005434347  0.0006665943  0.0009145500
[1] "Standard Deviations of Betas: "
 [1] 0.01222216 0.01211529 0.01358431 0.01343410 0.01347624 0.01242353
 [7] 0.01249954 0.01219192 0.01315188 0.01215874 0.01320924 0.01247012
[13] 0.01311594 0.01156472 0.01135482 0.01280644 0.01203406 0.01251970
[19] 0.01337893 0.01300663 0.01265026 0.01219875 0.01248151 0.01319302
[25] 0.01177981 0.01319137 0.01339000 0.01302143 0.01353974 0.01352543
[1] "Average StdErrors for Betas: "
 [1] 0.01543566 0.01536005 0.01546922 0.01562216 0.01566305 0.01534965
 [7] 0.01506876 0.01539175 0.01563632 0.01564778 0.01583528 0.01578724
[13] 0.01537231 0.01537317 0.01547078 0.01553848 0.01552754 0.01553286
[19] 0.01559276 0.01559245 0.01552957 0.01543266 0.01548362 0.01562218
[25] 0.01556962 0.01589778 0.01555858 0.01569414 0.01604128 0.01585012
[1] "Positive rate for exposures: "
 [1] 0.930 1.000 1.000 1.000 0.020 0.015 0.025 0.015 0.020 0.020 0.010 0.030
[13] 0.040 0.005 0.015 0.010 0.020 0.025 0.020 0.030 0.025 0.020 0.010 0.015
[25] 0.020 0.020 0.025 0.035 0.025 0.015
[1] "Bonferroni-corrected positive rate for exposures: "
 [1] 0.525 0.985 1.000 1.000 0.000 0.000 0.000 0.000 0.000 0.000 0.000 0.000
[13] 0.005 0.000 0.000 0.000 0.000 0.000 0.000 0.000 0.005 0.005 0.000 0.000
[25] 0.000 0.000 0.000 0.000 0.000 0.000
