[1] "Average Estimates for Betas: "
 [1]  4.916132e-02  9.905259e-02  2.000923e-01  2.990585e-01 -1.558645e-03
 [6]  2.374626e-04 -4.877034e-04 -3.949182e-04 -1.160256e-04  2.472785e-04
[11]  2.292602e-03  3.466551e-04 -4.802340e-04 -3.801277e-04 -7.940481e-04
[16] -5.093931e-05  2.777827e-04  4.235669e-04  6.105171e-05  9.250162e-04
[21] -7.940516e-04 -1.098927e-03 -5.948429e-04  1.325548e-03 -7.845352e-04
[26] -2.357672e-06 -1.754304e-03  5.048780e-04  6.218401e-04  9.847223e-04
[1] "Standard Deviations of Betas: "
 [1] 0.01264500 0.01280934 0.01452152 0.01452732 0.01370685 0.01313019
 [7] 0.01271451 0.01296639 0.01370534 0.01239871 0.01405398 0.01294237
[13] 0.01377022 0.01204583 0.01222309 0.01314490 0.01258237 0.01307244
[19] 0.01354215 0.01350642 0.01312312 0.01268933 0.01263541 0.01380422
[25] 0.01220119 0.01340753 0.01373192 0.01329060 0.01339620 0.01386524
[1] "Average StdErrors for Betas: "
 [1] 0.01756515 0.01702709 0.01735512 0.01755359 0.01725924 0.01771007
 [7] 0.01678794 0.01798269 0.01739953 0.01770971 0.01794915 0.01786203
[13] 0.01701551 0.01712975 0.01762776 0.01785034 0.01731128 0.01789007
[19] 0.01693282 0.01710264 0.01752091 0.01757118 0.01702187 0.01735126
[25] 0.01747004 0.01800437 0.01767176 0.01739668 0.01797813 0.01799927
[1] "Positive rate for exposures: "
 [1] 0.82474227 0.98969072 1.00000000 1.00000000 0.03092784 0.02577320
 [7] 0.02061856 0.02061856 0.03092784 0.01546392 0.03092784 0.04123711
[13] 0.04639175 0.02061856 0.01546392 0.01030928 0.03092784 0.02061856
[19] 0.01030928 0.02577320 0.03092784 0.02577320 0.01546392 0.02577320
[25] 0.01030928 0.01546392 0.01030928 0.03092784 0.03092784 0.02577320
[1] "Bonferroni-corrected positive rate for exposures: "
 [1] 0.417525773 0.948453608 1.000000000 1.000000000 0.000000000 0.000000000
 [7] 0.010309278 0.005154639 0.000000000 0.005154639 0.005154639 0.005154639
[13] 0.000000000 0.000000000 0.000000000 0.000000000 0.000000000 0.000000000
[19] 0.000000000 0.000000000 0.010309278 0.005154639 0.000000000 0.000000000
[25] 0.000000000 0.000000000 0.000000000 0.005154639 0.010309278 0.000000000
