[1] "Average Estimates for Betas: "
 [1]  4.908967e-02  9.923589e-02  2.004632e-01  2.992306e-01 -1.208328e-03
 [6] -1.408616e-04  2.315454e-04 -4.465336e-04  4.750942e-04  2.266650e-05
[11]  2.018089e-03  4.747772e-04 -5.407903e-04 -2.696189e-04 -2.769859e-04
[16] -1.390274e-04  2.379041e-05  5.892379e-04  3.292154e-04  3.720339e-04
[21] -5.199123e-04 -1.288030e-03 -1.791825e-04  1.142898e-03 -6.385337e-04
[26]  8.774540e-05 -2.277978e-03  6.081295e-04  5.881893e-04  3.672949e-04
[1] "Standard Deviations of Betas: "
 [1] 0.01239588 0.01220118 0.01416224 0.01339487 0.01367687 0.01230946
 [7] 0.01278810 0.01215388 0.01294846 0.01228336 0.01299714 0.01345524
[13] 0.01301837 0.01158736 0.01179718 0.01261746 0.01217960 0.01257562
[19] 0.01349988 0.01293669 0.01261868 0.01221819 0.01274837 0.01298799
[25] 0.01173935 0.01336595 0.01291318 0.01318823 0.01393571 0.01416418
[1] "Average StdErrors for Betas: "
 [1] 0.01593985 0.01583267 0.01589711 0.01605742 0.01610245 0.01577909
 [7] 0.01553329 0.01587418 0.01608374 0.01610137 0.01631489 0.01624406
[13] 0.01581941 0.01580576 0.01592248 0.01602288 0.01595799 0.01600315
[19] 0.01601532 0.01604327 0.01597448 0.01588730 0.01592976 0.01608406
[25] 0.01603284 0.01637422 0.01601766 0.01616338 0.01653058 0.01632371
[1] "Positive rate for exposures: "
 [1] 0.910 1.000 1.000 1.000 0.025 0.015 0.020 0.015 0.020 0.015 0.015 0.030
[13] 0.025 0.015 0.015 0.000 0.015 0.015 0.015 0.020 0.020 0.010 0.020 0.005
[25] 0.010 0.025 0.015 0.030 0.020 0.025
[1] "Bonferroni-corrected positive rate for exposures: "
 [1] 0.495 0.985 1.000 1.000 0.000 0.000 0.000 0.000 0.000 0.005 0.000 0.000
[13] 0.005 0.000 0.000 0.000 0.000 0.000 0.000 0.000 0.000 0.000 0.000 0.000
[25] 0.000 0.000 0.000 0.000 0.000 0.000
