[1] "Average Estimates for Betas: "
 [1] 0.084483370 0.122757512 0.224256618 0.344677810 0.027357373 0.030537791
 [7] 0.025198734 0.039665075 0.032473350 0.027694250 0.027679331 0.025655526
[13] 0.006743993 0.035257350 0.012441344 0.018539694 0.024105386 0.026018809
[19] 0.013759931 0.032190272 0.025401000 0.026440024 0.038251893 0.037666354
[25] 0.029334110 0.040640854 0.014670608 0.039653013 0.025234859 0.033679260
[1] "Standard Deviations of Betas: "
 [1] 0.1461060 0.1407612 0.1291067 0.1390938 0.1269804 0.1450164 0.1339106
 [8] 0.1270306 0.1338981 0.1397099 0.1219595 0.1311229 0.1450317 0.1313564
[15] 0.1309151 0.1279202 0.1428958 0.1341684 0.1275975 0.1410839 0.1255692
[22] 0.1320858 0.1393721 0.1389614 0.1463998 0.1442104 0.1337014 0.1464918
[29] 0.1458803 0.1300172
[1] "Average StdErrors for Betas: "
 [1] 0.1371201 0.1202108 0.1214696 0.1211756 0.1216687 0.1205021 0.1227787
 [8] 0.1220190 0.1199782 0.1214219 0.1207075 0.1197900 0.1221837 0.1202877
[15] 0.1218473 0.1209878 0.1206387 0.1207562 0.1209654 0.1209469 0.1222836
[22] 0.1216032 0.1207942 0.1216129 0.1217318 0.1200980 0.1214255 0.1208659
[29] 0.1210867 0.1207643
[1] "Positive rate for exposures: "
 [1] 0.130 0.215 0.435 0.755 0.070 0.085 0.065 0.085 0.085 0.075 0.070 0.100
[13] 0.115 0.090 0.080 0.070 0.070 0.075 0.075 0.095 0.070 0.070 0.085 0.095
[25] 0.110 0.095 0.100 0.115 0.105 0.085
[1] "Bonferroni-corrected positive rate for exposures: "
 [1] 0.005 0.045 0.095 0.370 0.005 0.005 0.000 0.005 0.005 0.005 0.005 0.000
[13] 0.005 0.000 0.000 0.005 0.010 0.005 0.015 0.010 0.005 0.005 0.000 0.005
[25] 0.005 0.010 0.005 0.005 0.005 0.010
