[1] "Average Estimates for Betas: "
 [1]  4.075848e-02  1.032473e-01  2.056755e-01  3.029815e-01 -3.158975e-03
 [6]  2.384722e-03 -6.503866e-04  4.331858e-04  1.771398e-03  7.303739e-03
[11]  4.617381e-03  1.531071e-03 -3.937505e-03 -3.386262e-03 -5.364634e-03
[16]  4.195020e-04  6.281573e-03  6.217239e-03  5.773195e-03  4.984342e-03
[21] -5.274852e-03  2.197211e-03  9.499854e-03 -6.709546e-03  3.492962e-03
[26]  6.799342e-03 -9.651714e-05  5.569221e-03 -2.519386e-03  3.023997e-03
[1] "Standard Deviations of Betas: "
 [1] 0.05217056 0.04081657 0.05290349 0.05493695 0.06696458 0.03432744
 [7] 0.06323212 0.05264541 0.05034099 0.05492936 0.04931641 0.04590281
[13] 0.07116575 0.06254365 0.04474622 0.05365310 0.05125750 0.05431150
[19] 0.05820994 0.05756800 0.04590036 0.05636736 0.05049500 0.06213727
[25] 0.05980099 0.07068327 0.05059025 0.03854477 0.04070477 0.05692512
[1] "Average StdErrors for Betas: "
 [1] 0.03173483 0.03461783 0.03407662 0.03687157 0.03438314 0.03043078
 [7] 0.03598092 0.03174805 0.03180350 0.03498469 0.03298599 0.03465793
[13] 0.03597657 0.03357653 0.03576153 0.03506493 0.03009000 0.03134911
[19] 0.03444542 0.03490425 0.03082590 0.03607263 0.03316619 0.03469822
[25] 0.03309684 0.03681150 0.03509015 0.03074170 0.03407970 0.03152354
[1] "Positive rate for exposures: "
 [1] 0.46666667 0.83333333 0.96111111 0.96666667 0.11111111 0.08333333
 [7] 0.05555556 0.11111111 0.13333333 0.13333333 0.12222222 0.10555556
[13] 0.18888889 0.16111111 0.10555556 0.11666667 0.14444444 0.13888889
[19] 0.12222222 0.08333333 0.07222222 0.11111111 0.08333333 0.07777778
[25] 0.08888889 0.07777778 0.07222222 0.11666667 0.10555556 0.14444444
[1] "Q-value positive rate for exposures: "
 [1] 0.31666667 0.67222222 0.91666667 0.93888889 0.05000000 0.03888889
 [7] 0.02222222 0.06666667 0.04444444 0.03333333 0.03333333 0.03333333
[13] 0.07777778 0.06666667 0.01666667 0.03888889 0.06111111 0.03333333
[19] 0.06111111 0.04444444 0.02777778 0.05555556 0.03333333 0.03333333
[25] 0.04444444 0.01666667 0.03888889 0.02777778 0.03333333 0.02777778
[1] "Precision/Recall/F1 based on p-values:"
[1] 0.5296263 0.8069444 0.6395157
[1] "Precision/Recall/F1 based on Q-values:"
[1] 0.7283073 0.7111111 0.7196065
