[1] "Average PIPs: "
 [1] 0.26719349 0.64192313 0.83367145 0.88413415 0.15412400 0.11560327
 [7] 0.16267606 0.13677252 0.15822855 0.14880606 0.12924682 0.12060137
[13] 0.12102763 0.09794392 0.12550786 0.11306733 0.13543911 0.14044639
[19] 0.15512701 0.15982875 0.13087901 0.10856321 0.13999911 0.14175478
[25] 0.12864090 0.10774246 0.14203780 0.15336867 0.12549381 0.13122145
[1] "Percent of time PIP >= 0.1: "
 [1] 0.4416244 0.8020305 0.9035533 0.8984772 0.1928934 0.1725888 0.2335025
 [8] 0.1827411 0.2385787 0.2081218 0.2081218 0.1827411 0.1725888 0.1370558
[15] 0.2081218 0.2131980 0.2081218 0.2233503 0.2284264 0.2842640 0.2081218
[22] 0.1624365 0.2030457 0.2030457 0.2081218 0.1675127 0.2385787 0.2284264
[29] 0.2335025 0.1878173
[1] "Percent of time PIP >= 0.5: "
 [1] 0.19796954 0.59898477 0.81725888 0.87817259 0.11167513 0.07614213
 [7] 0.11167513 0.09137056 0.10659898 0.10152284 0.07614213 0.07614213
[13] 0.07614213 0.05583756 0.07614213 0.06091371 0.09137056 0.09137056
[19] 0.10659898 0.10659898 0.08121827 0.06091371 0.09644670 0.09644670
[25] 0.08121827 0.06091371 0.08629442 0.10659898 0.07614213 0.07614213
[1] "Percent of time PIP >= 0.9: "
 [1] 0.18781726 0.55329949 0.79187817 0.87817259 0.11167513 0.06598985
 [7] 0.11167513 0.08629442 0.10659898 0.10152284 0.07614213 0.07106599
[13] 0.07614213 0.05076142 0.07614213 0.06091371 0.09137056 0.08629442
[19] 0.10659898 0.10152284 0.07614213 0.06091371 0.08629442 0.08629442
[25] 0.08121827 0.06091371 0.07614213 0.10659898 0.06598985 0.07614213
