[1] "Average Estimates for Betas: "
 [1]  0.0349595506  0.1057227214  0.1943569584  0.3049906563 -0.0099817320
 [6]  0.0001339973 -0.0021617988 -0.0019008473 -0.0040944971  0.0082952764
[11] -0.0062046242  0.0059532510 -0.0023373355 -0.0015547566 -0.0057167384
[16]  0.0057437191 -0.0058873743  0.0031528884  0.0102043961  0.0057742526
[21]  0.0030502168 -0.0095507008  0.0036721205 -0.0122732947  0.0148216367
[26]  0.0022874581  0.0100685527 -0.0022473675 -0.0067236578  0.0029819010
[1] "Standard Deviations of Betas: "
 [1] 0.08614812 0.09163090 0.09631605 0.11217842 0.09500465 0.10805942
 [7] 0.09134842 0.08973611 0.09963088 0.09490299 0.09985692 0.09426469
[13] 0.10777639 0.09189335 0.09795070 0.09209597 0.10208904 0.11064176
[19] 0.10547078 0.10734694 0.08507349 0.08405568 0.09164377 0.09229332
[25] 0.10523787 0.09953774 0.10091949 0.11015835 0.11212240 0.09235099
[1] "Average StdErrors for Betas: "
 [1] 0.07105088 0.06878485 0.07079213 0.07061690 0.06960508 0.06886674
 [7] 0.06943848 0.06986723 0.07063621 0.07100402 0.06823847 0.06887447
[13] 0.07026334 0.07088538 0.07262083 0.07048750 0.06995433 0.06908411
[19] 0.06766836 0.07009555 0.06886333 0.06925349 0.06474518 0.06949351
[25] 0.06779320 0.07106838 0.07238583 0.06993081 0.06964532 0.07048148
[1] "Positive rate for exposures: "
 [1] 0.1167513 0.4517766 0.7715736 0.9238579 0.1269036 0.1065990 0.1218274
 [8] 0.1269036 0.1218274 0.1319797 0.1116751 0.1167513 0.1269036 0.1218274
[15] 0.1421320 0.1116751 0.1167513 0.1624365 0.1065990 0.1624365 0.1167513
[22] 0.1167513 0.1472081 0.0964467 0.1573604 0.1116751 0.1218274 0.1218274
[29] 0.1522843 0.1319797
[1] "Q-value positive rate for exposures: "
 [1] 0.06091371 0.24873096 0.55837563 0.83248731 0.06091371 0.05583756
 [7] 0.04568528 0.06091371 0.04568528 0.05583756 0.05583756 0.07106599
[13] 0.06091371 0.07106599 0.05583756 0.05583756 0.07106599 0.08629442
[19] 0.05583756 0.06598985 0.04568528 0.06598985 0.08121827 0.05076142
[25] 0.05583756 0.05076142 0.05583756 0.06598985 0.06091371 0.03553299
[1] "Precision/Recall/F1 based on p-values:"
[1] 0.4076782 0.5659898 0.4739639
[1] "Precision/Recall/F1 based on Q-values:"
[1] 0.5242567 0.4251269 0.4695165
