[1] "Average Estimates for Betas: "
 [1]  3.335004e-02  1.058674e-01  1.988763e-01  3.048959e-01 -9.196473e-03
 [6]  2.422992e-03 -2.380093e-03  3.007784e-03 -6.772661e-03  9.699769e-03
[11] -6.649393e-03 -5.502290e-03 -9.467907e-03 -5.605707e-03 -1.016707e-02
[16] -2.762306e-04  7.104101e-03  4.262949e-03  6.657251e-03  3.705229e-03
[21]  2.737128e-03 -9.004430e-03  5.513694e-03 -8.055618e-04  1.345226e-02
[26]  4.281963e-03  1.705153e-02  4.095683e-03  2.165454e-05  1.083998e-02
[1] "Standard Deviations of Betas: "
 [1] 0.08942536 0.07008734 0.07214243 0.09481859 0.11937505 0.07024882
 [7] 0.07443829 0.07333168 0.08262952 0.06313246 0.07780968 0.06655050
[13] 0.11157802 0.07156447 0.08375810 0.09502359 0.05696493 0.12210460
[19] 0.06237067 0.07810089 0.04862379 0.07131017 0.06547930 0.05470567
[25] 0.11826716 0.09675890 0.09679409 0.07468628 0.07234954 0.05558444
[1] "Average StdErrors for Betas: "
 [1] 0.03231974 0.03210167 0.02972418 0.03002383 0.03323436 0.03057997
 [7] 0.03038037 0.02827438 0.03106357 0.03011489 0.03030757 0.02998020
[13] 0.03131358 0.02982737 0.03325800 0.03028856 0.02740969 0.03188829
[19] 0.03057417 0.03389649 0.02738758 0.02851736 0.02977964 0.02941760
[25] 0.03360847 0.03176204 0.03459752 0.02952260 0.03253627 0.02769207
[1] "Positive rate for exposures: "
 [1] 0.4842767 0.8490566 0.9811321 0.9937107 0.1698113 0.2138365 0.1257862
 [8] 0.2264151 0.2012579 0.1635220 0.1572327 0.1761006 0.2201258 0.1635220
[15] 0.1635220 0.1949686 0.2138365 0.2327044 0.2075472 0.1761006 0.1572327
[22] 0.1635220 0.1572327 0.1257862 0.1635220 0.2012579 0.2012579 0.2012579
[29] 0.2075472 0.2138365
[1] "Q-value positive rate for exposures: "
 [1] 0.33962264 0.72955975 0.95597484 0.97484277 0.11949686 0.11949686
 [7] 0.04402516 0.12578616 0.11949686 0.07547170 0.09433962 0.06289308
[13] 0.13836478 0.07547170 0.05660377 0.11320755 0.11320755 0.10691824
[19] 0.10062893 0.06918239 0.06289308 0.08176101 0.06289308 0.04402516
[25] 0.11320755 0.10062893 0.12578616 0.10691824 0.11320755 0.13836478
[1] "Precision/Recall/F1 based on p-values:"
[1] 0.4080683 0.8270440 0.5464935
[1] "Precision/Recall/F1 based on Q-values:"
[1] 0.5470183 0.7500000 0.6326260
