[1] "Average Estimates for Betas: "
 [1]  0.0482706263  0.0995017932  0.1994045685  0.2998930025 -0.0001896795
 [6] -0.0011372245  0.0009057958 -0.0010060753 -0.0015107439  0.0010140378
[11]  0.0001819559 -0.0007363090 -0.0004834822 -0.0005307290 -0.0011373162
[16]  0.0014127354  0.0014094978 -0.0012009895 -0.0004943842 -0.0006844983
[21] -0.0002206634 -0.0011815468  0.0002651665 -0.0024162447  0.0014449569
[26]  0.0009379271 -0.0012383776 -0.0020910389 -0.0014515252  0.0005472384
[1] "Standard Deviations of Betas: "
 [1] 0.01297678 0.01481674 0.01432084 0.01306457 0.01381533 0.01432312
 [7] 0.01350790 0.01458559 0.01343945 0.01444045 0.01404255 0.01504255
[13] 0.01326340 0.01450148 0.01353143 0.01468682 0.01529630 0.01468956
[19] 0.01350363 0.01322588 0.01400478 0.01449643 0.01329093 0.01363954
[25] 0.01473314 0.01437543 0.01517917 0.01239596 0.01412286 0.01459681
[1] "Average StdErrors for Betas: "
 [1] 0.01343035 0.01330895 0.01340044 0.01317151 0.01324265 0.01324954
 [7] 0.01329456 0.01352287 0.01326614 0.01347429 0.01333168 0.01312571
[13] 0.01337114 0.01333262 0.01361589 0.01336577 0.01316744 0.01317083
[19] 0.01328311 0.01329578 0.01322643 0.01347053 0.01340133 0.01323225
[25] 0.01341351 0.01332205 0.01318733 0.01310643 0.01325194 0.01340980
[1] "Positive rate for exposures: "
 [1] 0.900 1.000 1.000 1.000 0.050 0.080 0.045 0.070 0.040 0.060 0.045 0.090
[13] 0.050 0.030 0.040 0.060 0.090 0.080 0.030 0.050 0.090 0.080 0.040 0.055
[25] 0.060 0.080 0.065 0.035 0.090 0.060
[1] "Bonferroni-corrected positive rate for exposures: "
 [1] 0.720 1.000 1.000 1.000 0.005 0.000 0.005 0.000 0.000 0.000 0.000 0.010
[13] 0.005 0.000 0.000 0.000 0.000 0.000 0.000 0.010 0.000 0.005 0.000 0.000
[25] 0.005 0.000 0.005 0.005 0.005 0.005
