[1] "Average PIPs: "
 [1] 0.03000000 0.06499998 0.24999264 0.60005428 0.04504084 0.04998311
 [7] 0.02500000 0.06501190 0.06000000 0.06500000 0.04000000 0.05000000
[13] 0.06999988 0.09500000 0.04000000 0.06499911 0.05000000 0.06500000
[19] 0.07000000 0.06000103 0.03500001 0.06000000 0.06500000 0.05499215
[25] 0.04001687 0.03000008 0.07007504 0.04500004 0.03500078 0.05000000
[1] "Percent of time PIP >= 0.1: "
 [1] 0.030 0.065 0.250 0.600 0.045 0.050 0.025 0.065 0.060 0.065 0.040 0.050
[13] 0.070 0.095 0.040 0.065 0.050 0.065 0.070 0.060 0.035 0.060 0.065 0.055
[25] 0.040 0.030 0.070 0.045 0.035 0.050
[1] "Percent of time PIP >= 0.5: "
 [1] 0.030 0.065 0.250 0.600 0.045 0.050 0.025 0.065 0.060 0.065 0.040 0.050
[13] 0.070 0.095 0.040 0.065 0.050 0.065 0.070 0.060 0.035 0.060 0.065 0.055
[25] 0.040 0.030 0.070 0.045 0.035 0.050
[1] "Percent of time PIP >= 0.9: "
 [1] 0.030 0.065 0.250 0.600 0.045 0.050 0.025 0.065 0.060 0.065 0.040 0.050
[13] 0.070 0.095 0.040 0.065 0.050 0.065 0.070 0.060 0.035 0.060 0.065 0.055
[25] 0.040 0.030 0.070 0.045 0.035 0.050
