[1] "Average Estimates for Betas: "
 [1]  0.0400794270  0.1058321070  0.1904297914  0.2883713419  0.0051664606
 [6] -0.0154023512  0.0057545462 -0.0074398125  0.0069589744 -0.0014902181
[11] -0.0179800762  0.0008085778 -0.0025188798  0.0049306469  0.0023461993
[16] -0.0115731594 -0.0036238762 -0.0071104685  0.0068439516 -0.0071627655
[21] -0.0155240732 -0.0048983795  0.0145983081 -0.0100787081  0.0177416890
[26] -0.0005434311  0.0069686728 -0.0148004546 -0.0129167397  0.0057558714
[1] "Standard Deviations of Betas: "
 [1] 0.1201505 0.1205118 0.1163466 0.1060317 0.1075372 0.1095081 0.1154931
 [8] 0.1129303 0.1138579 0.1062152 0.1188242 0.1097426 0.1266694 0.1174650
[15] 0.1027155 0.1124949 0.1056027 0.1210012 0.1104709 0.1088079 0.1030857
[22] 0.1258463 0.1077896 0.1091468 0.1050845 0.1164279 0.1192802 0.1150393
[29] 0.1114257 0.1109533
[1] "Average StdErrors for Betas: "
 [1] 0.03294317 0.03240119 0.03261148 0.03161387 0.03231768 0.03253915
 [7] 0.03213921 0.03280419 0.03284134 0.03267155 0.03265001 0.03232647
[13] 0.03254019 0.03290194 0.03310454 0.03191564 0.03211906 0.03237839
[19] 0.03186385 0.03283310 0.03137741 0.03268501 0.03268218 0.03171674
[25] 0.03346060 0.03218927 0.03217571 0.03196710 0.03167424 0.03216233
[1] "Positive rate for exposures: "
 [1] 0.590 0.725 0.890 0.965 0.485 0.480 0.455 0.475 0.500 0.490 0.565 0.490
[13] 0.550 0.585 0.445 0.555 0.535 0.475 0.480 0.520 0.440 0.555 0.510 0.545
[25] 0.505 0.535 0.555 0.505 0.550 0.505
[1] "Bonferroni-corrected positive rate for exposures: "
 [1] 0.295 0.510 0.735 0.930 0.260 0.230 0.250 0.260 0.290 0.260 0.280 0.265
[13] 0.315 0.275 0.250 0.255 0.255 0.265 0.280 0.240 0.260 0.340 0.280 0.295
[25] 0.280 0.270 0.310 0.305 0.320 0.280
