1.81492029999175e-05 2.95025509600144e-06 0.0220242474840534 1 0.738560495111264 6.40086064918055e-06 1.99691111590905e-06 6.8477596735228e-06 1.7757375883054e-06 5.17936539989883e-06 2.32387098964004e-06 3.50527830172975e-06 1.90017078738336e-06 1.84513818279886e-06
0.0784425505436688 0.143646110416171 0.9998324162166 1 0.0221973058887847 0.13343101082628 0.0246321693446221 0.0242686985201718 0.0448107708455187 0.0242791089452536 0.0245020763664043 0.0847604971636849 0.023555983946998 0.019910890758442
4.15260290265174e-07 0.382426273602913 1 1 4.5679955551492e-07 4.25947828475159e-06 9.53976488693442e-07 0.00476916187387766 9.32405618451204e-05 4.52370055525897e-07 4.52744784884551e-07 4.21046626342125e-07 8.28793723650634e-07 6.32385010246317e-07
0.941618830103008 0.09134177719906 0.00318565994017006 0.999882821335901 0.00345147041222305 0.00558708684018128 0.0150538021082459 0.00296474355455389 0.00636002957542603 0.00444683271440638 0.00309651529938948 0.00411740418846995 0.998815312559457 0.0152558800624056
0.00327574835671429 0.726548028110478 1 1 9.69166556770151e-05 0.000176867382402524 3.38718468447796e-05 0.000151631689986553 2.8447531172926e-05 2.5021970272876e-05 2.91057685132268e-05 0.234728266410718 7.97262953965427e-05 0.000276676549103794
0.0134029307192874 0.998460832549196 1 1 0.0171678475326916 0.00141145042242019 0.00125410741582144 0.00112038435052786 0.00282908515285707 0.00110706109187098 0.00113636544790485 0.00178106178357396 0.00111167004211332 0.00129382520121668
0.000761830900986471 0.275594947111849 0.999999999985213 1 4.01113234611561e-05 3.44866846848646e-05 3.31341057503431e-05 0.000912986885355793 0.000113102923799513 9.0235110076442e-05 0.00061572163475998 0.273370019697258 4.67180462708772e-05 0.000159664872067977
0 0 0.999999993765244 1 0 0 0 0 0 0 0 0 0 0
4.49927206641609e-05 0.405230098467705 0.99999999990643 1 5.32897889428119e-05 4.84047701919676e-05 0.000543323937153617 5.06110844556984e-05 0.00713787602679394 4.58274046259977e-05 9.80405073229829e-05 5.60879734614605e-05 4.52336365662775e-05 8.91746984122976e-05
2.98828197211609e-05 0.0106153303142899 1 0.999999999999759 0.822148613841779 2.37363070200169e-05 0.000166538320075627 0.00118914809488035 0.00069439300770513 1.94404701973072e-05 2.27787077118347e-05 0.000233425120505948 2.2647731248826e-05 0.000201396422141009
9.55767884391889e-07 0.99974544440503 0.999999045118839 1 8.42796943345547e-10 2.01020411427777e-09 1.09656050906182e-09 6.94755586394535e-10 1.67383762406104e-09 3.34762795262122e-09 1.26289079194208e-09 2.34485619809988e-09 7.69168395642339e-10 8.74575190046301e-10
1.02165342852345e-09 0.999936624914244 0.999999999999998 1 1.21630150395902e-10 2.44756437339788e-11 2.3981927554928e-11 2.4500135253902e-10 3.51311202351212e-11 2.39941400081989e-11 6.22114582071731e-11 2.40970576825816e-11 5.63791295382643e-06 3.17548426347347e-05
0.000432576697862563 0.0665381739947711 1 1 0.000443811223633905 0.000765029306279641 0.000430897888227144 0.000533041898385433 0.000463557178581264 0.00055949120745602 0.00062960429739034 0.000435715914348878 0.00044675908259717 0.000463308120058348
6.29075840615778e-05 0.999924837539041 0.999999999995598 1 4.18465262441714e-12 2.656763697928e-13 2.00839345154691e-13 4.0600856010542e-13 1.15384739117763e-05 1.78039361031779e-10 2.00284233642378e-13 1.09456887997794e-12 1.5959789045894e-11 1.36712863252342e-12
8.55093773566296e-13 0 0.999999999998502 1 0 0 0 0 0 0 0 0 0 0
0.000421440004041207 0.999999999998294 1 0.99957855971298 1.11022302462516e-16 5.21804821573824e-15 3.33066907387547e-16 0 1.11022302462516e-16 0 0 4.04898337080795e-13 1.11022302462516e-16 1.11022302462516e-16
4.74131177464754e-05 0.999943529849984 0.985976994776715 0.999999999999712 4.19345752340483e-05 4.17387991873408e-05 1.96052185819084e-05 1.33271368297772e-05 0.000206793226140478 1.44682356594261e-05 1.3599918893159e-05 1.36159406151082e-05 1.34737454221545e-05 1.5690547540248e-05
0 0 0.981143977566819 1 0 0.0188546876268585 0 0 0 0 0 0 0 0
0 1 1 1 0 0 0 0 2.22044604925031e-16 0 0 0 0 0
1.35482240237739e-06 0.999897562697517 0.99999999999985 1 4.04406431675497e-08 5.15880076434883e-08 3.39782191272064e-08 3.73059146907551e-08 3.53946906228586e-08 4.67329374087555e-08 4.15004729470425e-08 3.58727914040458e-08 4.14872000087385e-08 5.7436551847978e-08
0.0128191418701198 0.10841812029438 1 0.999999989760464 0.0189444196021107 0.0591107402759062 0.0289729681420794 0.0138168490866537 0.0134558415266498 0.0242376224080229 0.0127623045824845 0.0133729952399297 0.0222638126749556 0.0180531066327158
3.21964677141295e-15 0.996435927540795 1 1 2.81885625952327e-13 4.44089209850063e-15 3.5527136788005e-15 9.99200722162641e-15 1.48769885299771e-14 3.21964677141295e-15 7.55976281574533e-10 3.5527136788005e-15 5.88418203051333e-15 1.93178806284777e-13
5.23156037758321e-05 3.13337267650038e-05 0.999999842526822 0.000143975308142696 3.18267416327123e-05 0.99904024055593 3.96700829971008e-05 4.6716799398383e-05 3.5132372511959e-05 5.79438037194846e-05 0.963236885672467 4.48126528277415e-05 0.999999900405816 4.30544925615894e-05
9.89432979991989e-11 0.0067139773472541 1 0.999999999996739 4.08329259293794e-10 1.41715750245908e-10 1.43945522168565e-10 7.61049001596348e-11 9.37949717894071e-11 8.52757087166367e-10 9.23444876121948e-10 8.30204793800249e-11 0.991684058780981 2.49185816425523e-09
3.14155057523635e-09 0.99998547099002 0.999997156268421 1 6.20153817187941e-10 2.18874918189726e-11 2.49588127942957e-11 2.56719090430124e-11 7.47495398911724e-11 7.06486529944428e-07 5.69342351042224e-11 1.47704071196131e-11 1.27750281480044e-05 4.33141300604234e-11
2.33687513784275e-11 0.999991134932098 0.999999942402566 1 2.48634446364804e-11 1.87764741532703e-06 3.60231844354075e-11 2.84535728312107e-11 2.31122898597391e-11 2.31575869591438e-11 2.35448327501331e-11 2.72857292316075e-11 3.03582714522577e-11 3.04051228638968e-11
3.28200622234931e-09 0.999999999253347 0.999999986362254 1.60030342266637e-05 3.45768980114514e-09 1.27793645665619e-08 5.06640129849245e-09 0.999996059931141 0.999984776778743 4.2783735443308e-09 1.86581469163727e-08 4.7470987141196e-09 1.33978984573346e-08 4.63241567327799e-09
0.972558105546385 0.999999999824117 0.999989902246696 1 0.00025452112828328 0.000181106508011508 0.00213219081609695 1.57119201971145e-05 1.58010974939948e-05 0.000443261250165694 1.41179131043501e-05 1.30724982978503e-05 0.000124702003552524 5.98053981095692e-05
0 0 1 1 0 0 0 0 0 0 0 0 0 0
0.173517850349868 2.24620732148795e-05 1 1 1.64164390540344e-05 0.800899741373385 4.05218272341301e-05 1.20837903090365e-05 1.55356782347571e-05 1.34809562911675e-05 2.66976651017714e-05 1.07578272559028e-05 2.49748765377422e-05 2.08876465377372e-05
0 0 1 0.999999999999993 0 0 0 0 0 0 0 0 0 0
0 0.999999999733727 1 1 0 0 0 0 0 0 0 0 0 0
7.35137573038003e-09 0.993985149996592 0.99999988152671 1 1.46896736996638e-08 5.6139731752225e-09 1.32852496670388e-07 4.7520084534014e-09 5.83489134786674e-09 0.00489512033373074 4.43063219446316e-09 7.86409570796565e-09 6.71972132382237e-08 6.03517857911129e-09
5.43236223382593e-06 0.41207466188333 0.999999937287069 1 6.55490863810115e-08 0.392926344897034 4.95424924418231e-08 1.2578606422009e-06 7.64407760422969e-08 1.01117220463465e-06 4.6116433449761e-08 1.73432454175781e-07 4.19220579361834e-08 9.40996567333485e-08
0.857661796530065 0.118846273168501 1 1 0.00187976777512144 0.00126018776885983 0.00449038076269692 0.00179277856797511 0.00156250028236427 0.0308451919020186 0.00150798676901254 0.00315286170771034 0.00131882282572438 0.00111588776692739
1.1476784966824e-08 0.999977162326989 0.999999999999986 1 1.39490419215349e-10 2.53694063978571e-07 2.35987895891299e-11 5.89170934262029e-11 3.44587691714082e-11 2.75476308431166e-11 9.47114608962352e-11 2.17480478070797e-11 7.91847698522474e-11 4.93194374229233e-11
6.98825441958206e-11 0.999999999838097 1 1 5.99520433297585e-15 5.88418203051333e-15 6.55031584528842e-15 5.88418203051333e-15 6.67651489649757e-11 3.04312131049755e-13 6.32827124036339e-15 9.76996261670138e-14 1.70974345792274e-14 1.31006316905768e-14
2.88657986402541e-15 0.999957475848162 0.999998755783609 0.99999999097436 1.99840144432528e-15 6.01013867562727e-07 3.44579592637118e-08 3.5527136788005e-15 1.99840144432528e-15 9.02564456506383e-09 2.1094237467878e-15 3.23802624998537e-05 2.33146835171283e-15 5.88418203051333e-15
5.34953287819606e-05 0.995876841236294 0.0435123953849477 0.956487801636907 1.76789839434477e-07 5.73727253816436e-07 1.70410347499761e-07 1.5486918725216e-07 1.66322760231097e-07 2.32569003388861e-07 2.80163009236389e-07 8.29824300274673e-07 1.57610872291158e-05 8.93810868762834e-07
2.77049721053579e-07 0.999873594455728 1 1 1.60673978344406e-06 5.06115982457089e-07 6.6805663112568e-08 1.85880152947515e-06 7.01958855486851e-08 4.73011892911934e-05 6.43453735849064e-08 4.86604677663038e-08 4.96833905128113e-08 1.63581102663457e-06
2.80396174723307e-07 0.999997965468771 0.99999999999988 1 4.57485682670011e-09 1.64693358950530e-09 7.1902725995443e-09 7.97220974790847e-08 1.43800871210686e-09 1.88898030550888e-09 1.4475907139655e-09 1.52725487811978e-09 2.02913330582533e-09 1.77522851974032e-09
4.20130596978652e-12 0.957379238774908 0.999999999999469 1 8.00359778452275e-13 2.81089385101296e-09 4.66238159191334e-12 6.81454892514921e-13 6.71129818385907e-13 3.96838117922016e-12 2.61901611509074e-12 7.87370169064161e-13 1.40299927231524e-09 1.27042820707857e-12
0 0 0.999999999999982 1 0 0 0 0 0 0 0 0 0 0
1.56052948341312e-11 0.700192453583866 1 1 2.19824158875781e-14 1.55431223447522e-14 4.9515946898282e-13 1.66533453693773e-14 1.72084568816899e-14 2.00950367457153e-13 1.47659662275146e-14 4.45754544387e-13 0.00610109347222398 1.4432899320127e-14
0 0.99999999008282 1 1 0 0 0 0 0 1.11022302462516e-16 5.89853721422173e-11 0 0 0
2.37062580338288e-05 0.193737573052838 1 1 3.45558362568887e-06 1.58352055801281e-07 0.0962920842373293 1.18078213651174e-07 1.29867737674871e-07 2.23013599809363e-07 1.07360014323099e-07 1.01967251420199e-07 1.4788545732447e-07 2.10963388758145e-07
0.0542935116058191 0.0527785234522469 0.999999999870369 1 0.0231649118708329 0.0256544653038344 0.0263815815678734 0.0373174986631334 0.0284391995747454 0.0236070619602042 0.0230339179562479 0.02895635728418 0.0315046050720391 0.0305296222267883
0 0 0.999999999995975 1 0 0 0 0 0 0 0 0 0 0
4.84168797276752e-08 0.91951695915085 1 1 4.60998428430948e-07 4.80335636821039e-08 5.40766205148202e-08 1.01174097544288e-07 4.75308037373168e-08 4.83564743802845e-08 5.17894452878309e-08 4.82289393977098e-08 8.48875081338463e-08 5.9147479913868e-08
0.000769293725531583 0.490050353738785 0.999999579257884 1 0.00066996760824678 0.000600348613951529 0.000633972450340248 0.000624988202549415 0.000573625873076078 0.0020631010625296 0.000508687231427607 0.0433861932390051 0.000469656639694005 0.000629276603293483
0.0194148646025749 0.979526324944858 0.999999998698747 1 1.71644243263103e-09 1.70033909174805e-09 1.19822783917201e-08 3.2328496546441e-09 8.73801730971735e-09 2.14442086310385e-09 1.81020654022035e-09 2.90221102705601e-09 1.71854108721448e-09 1.83505766138126e-09
1.30552268995388e-09 0.64991652848452 0.999999598424012 1 2.38620789794197e-10 1.95826688198508e-10 1.58491997304111e-10 6.33795349536115e-10 1.47493572910662e-10 1.59092627960433e-10 1.9137103013378e-10 0.0176147879964116 2.43329922877678e-09 8.38875191533361e-10
0 0 0.99999999990678 1 0 0 0 0 0 0 0 0 0 0
0.110512544955278 0.999895216901383 0.999999999999606 0.999999998692962 0.00193408297245012 0.00096046950749995 0.00187650425925223 0.000970139399534609 0.000989939329234191 0.030071691132207 0.00187445832359467 0.0030262609003594 0.0010711435249956 0.000975943740250229
2.36362812811031e-06 0.999616264373903 0.999999999995412 1 3.39913106994771e-07 1.00552412096722e-06 3.94372303480495e-07 1.46536896412641e-05 1.307303864162e-06 6.2882783881113e-06 3.69319317905514e-07 2.30651086075007e-06 2.88647946877774e-07 3.10162580396955e-07
7.63570905459865e-06 0.999992356804169 0.882878369684192 0.999999999999997 0.000640831420263166 0 1.11022302462516e-16 0 0 0 0 0 0 0
4.20130596978652e-12 0.957379238774908 0.999999999999469 1 8.00359778452275e-13 2.81089385101296e-09 4.66238159191334e-12 6.81454892514921e-13 6.71129818385907e-13 3.96838117922016e-12 2.61901611509074e-12 7.87370169064161e-13 1.40299927231524e-09 1.27042820707857e-12
2.86628831723812e-05 0.00212792206096279 0.000228699553622147 1 0.999999995440339 0.00418716128329799 0.000675800073295485 2.57316005363162e-05 0.973960702811567 0.000143018885389701 1.71303363043496e-05 0.00304485013260303 4.25109329825757e-05 2.15155189834393e-05
5.777045508637e-12 0.999999657424576 0.999999999998175 1 5.02820007852733e-13 3.73835447042836e-08 4.66293670342566e-14 1.86550774827765e-12 2.38253861084559e-13 4.90718576884319e-14 4.89608353859694e-14 1.78534964589971e-12 2.23199236870641e-12 3.19411164184658e-13
2.68528303482007e-07 0.999765733080739 1.83410321374922e-08 0.999999999999999 2.28320386798098e-05 3.75825705001276e-08 2.34383239483549e-08 1.87288162756261e-08 3.80815810907542e-06 1.22499664607645e-05 4.41440547449545e-08 6.306026811842e-08 1.92707989565832e-08 1.80500142610285e-08
2.69875393088537e-06 0.850225626312033 0.999999999993822 1 2.64039114783454e-06 2.78418213917053e-06 2.6347436231644e-06 2.67362060990539e-06 0.000151694451856366 2.65496113160957e-06 6.66756069589436e-06 2.71384148953224e-06 4.87608703358955e-06 3.26418264651185e-06
0.99996176128405 0.997507767123236 0.999999999705722 2.38704694899283e-08 1.45391563233233e-08 1.87656134402747e-05 1.26785375531568e-08 6.67428142753224e-08 0.999999999999956 0.000117883335237434 6.96760283913633e-08 0.999699168471409 8.79615236204501e-09 1.07722384345976e-08
7.84575022628742e-05 0.999228988038858 1 0.999999999999975 1.23434689858204e-06 9.79297192893469e-07 1.25753150004293e-06 3.32627733512503e-06 1.1939954184248e-06 1.03884365709739e-06 7.28065247312948e-07 1.05216663148777e-06 1.2895499890142e-06 2.75161389684531e-06
0.0670269054307017 0.930330377215358 1 1 1.69966462526538e-06 3.74564813487854e-06 5.38987145335401e-05 1.92131512488647e-06 2.15512821577502e-06 2.65148660594239e-06 1.80615285716446e-06 1.66212288255085e-06 3.43672593261513e-06 1.65292806741935e-06
3.00256806334831e-05 0.898637717034014 0.999728590800158 0.999999999999996 2.83758045486193e-05 3.46989321241553e-05 2.7218068059609e-05 3.2797259834072e-05 2.75123893902496e-05 0.0250888031980242 5.20115944345756e-05 0.000102450650452557 2.58221525266666e-05 3.88420213529583e-05
1.63363766958469e-10 0.999508070453806 1 0.999999999999962 7.20816739629981e-11 1.06379238751231e-10 9.03821462117094e-10 3.46334405598725e-10 6.75577371822556e-11 1.46474943285568e-10 6.4175442737735e-11 6.31780183724118e-11 3.85612275444203e-09 1.65348834624268e-09
0.0491420897935739 0.0314586356298528 0.999918145892672 0.999999999999844 0.0238829980489584 0.022262958237715 0.022138329587666 0.022521697772077 0.0223121615810791 0.0222393694045457 0.107456227451321 0.0244634824337351 0.0325331924171134 0.022144047324285
0.0309706145733649 0.999884319659379 0.999999926578919 1 0.00144576408222186 0.00149586889701125 0.00145273880947216 0.00144287949911581 0.0374369150352134 0.00144443752672785 0.00147088299131726 0.00145908191560473 0.00214949626274363 0.00158278377869914
8.9345086884407e-11 0.89642206996556 1 1 7.74436070827278e-12 9.33286781190645e-12 3.99005273266084e-11 5.11142239645324e-11 9.83402248522225e-12 1.0886069823357e-11 7.77999886736325e-12 2.78935591301321e-05 5.22607512820628e-11 8.37174773948846e-12
0.96998276932285 0.999999983895794 0.999999999999999 1 1.21949548792522e-07 5.75553801285267e-08 8.85095217562082e-07 2.34708391610994e-07 7.59564924290856e-08 2.76586401426471e-06 4.52170644260619e-08 4.22503201313873e-08 1.24830046356328e-05 1.18954392003268e-07
0 0.999999999999993 1 1 0 0 0 3.33066907387547e-16 0 0 0 0 0 0
0.000866628434733174 0.999897795886293 0.998472937801983 1 2.71929693762551e-07 3.60615153627286e-07 2.11439230568544e-07 1.08709339926572e-05 0.000409062038500996 2.02564748419398e-07 1.32186544932189e-06 3.7519959672494e-07 8.76689232320871e-06 1.98535339834827e-07
5.83513277085945e-06 0.110195535957534 0.000265595492070947 1 7.96615502862696e-06 0.296575771426398 4.74622958446247e-06 0.000100457554690236 2.5133502203234e-05 4.55630947981955e-06 4.67210019317044e-06 4.50189072764839e-06 0.0207761785902856 5.01034658084709e-06
3.21245847566543e-05 0.991280592790702 1 1 0.00012629404480724 7.67604271431077e-05 0.00142447791514488 3.51842770374144e-06 5.20306455031871e-05 4.26896225547146e-06 9.33161587524101e-06 3.58448430970437e-06 7.07225218987695e-06 4.4447725221497e-06
2.18040072774706e-07 0.999991669713534 0.999922609943354 1 9.06410042578187e-08 7.49207528238927e-08 7.68634264014523e-08 7.36741678775132e-08 1.95577477912767e-06 7.27269231504124e-08 1.60650225455861e-07 7.87557088433033e-08 7.74815271942231e-08 1.7672055907525e-07
0 0 1 1 0 0 0 0 0 0 0 0 0 0
8.35897462359014e-10 0.999999503643311 0.999999999839476 0.999999999999925 3.11677794684329e-10 2.09861128475097e-10 1.89826709906527e-10 1.31872275321854e-08 1.99740446404917e-10 2.05326089464108e-10 1.91861304621455e-10 2.39016140213266e-10 2.18584705891089e-10 2.04875671983018e-10
1.27389581550119e-07 0.999996571557409 1 1 1.37174049896771e-10 1.06021136314638e-09 7.91334775485097e-11 2.68657318613919e-10 3.25821480906541e-10 2.01396660459707e-08 4.44927428233655e-11 4.36625180455508e-11 5.8542171110787e-11 4.85180984277633e-08
6.42447572474225e-07 0.997198803404105 0.999999999997364 0.999959918883847 5.10641219864105e-07 4.76035251661955e-07 4.32509681802529e-06 0.00015440875333872 4.03536733299958e-05 2.34244106445125e-07 2.74854913606681e-07 9.93729746490146e-07 1.0882026558745e-06 2.65639654584149e-06
9.5767838104166e-13 0.99999906922326 1 1 2.10931272448533e-12 5.19584375524573e-14 3.27515792264421e-14 3.45279360658424e-14 3.30846461338297e-14 3.49720252756924e-14 5.17363929475323e-14 3.26405569239796e-14 5.99604454976088e-09 6.28386231937839e-14
0.0224418121069029 0.999691895667116 0.988130592095027 1 0.0222694482495261 0.0222012414744107 0.0221966919218923 0.0222501522541393 0.0228379904899929 0.022200055889259 0.02220325698773 0.0227473759731763 0.0222388798574914 0.0222008019521756
0.00304507551551281 0.0882050659390827 1 1 0.00223680363555923 0.000520562961703774 0.000486787611063577 0.00084512255838054 0.000489088181223396 0.00062724359037547 0.043655271916597 0.000527891973166161 0.000551940355741909 0.000695589344560599
0 0 1 1 0 0 0 0 0 0 0 0 0 0
0.313931404304962 0.0318548173727099 0.0355770691196137 0.999999999999983 2.11287948619354e-05 2.15636554495857e-05 2.10341371040812e-05 2.3191478620288e-05 2.13312326419191e-05 2.0778983499059e-05 4.81562565297633e-05 4.77518213755079e-05 3.08030424664985e-05 6.67943984699049e-05
0.000345461097189137 0.996642719442893 0.999964276969911 1 1.45391802053307e-06 5.26902258046746e-07 4.81840358945718e-07 5.28444560555785e-05 8.92369216631828e-07 9.95709467366268e-06 1.40278335680755e-06 1.26830119528965e-06 2.95163793528896e-06 1.08213369930388e-05
3.27567417635066e-10 0.997100954701684 0.999981843457022 1 0.00285846362217956 2.92738056018038e-11 2.10691464275214e-11 4.57655024987957e-11 9.98148896869111e-10 1.01127994867056e-11 3.2141844741318e-11 1.3576917368141e-11 3.13498116355504e-11 1.0806133765584e-11
3.17324515197726e-06 0.0224430847611762 0.999999999996668 1 3.21877237174917e-06 2.22777080276515e-05 3.16135597511202e-06 3.47447876292151e-06 1.58723305299091e-05 5.68609860618352e-06 3.15560306274332e-06 4.03284014249827e-06 3.18243982555533e-06 1.45562660048837e-05
0 0 0.981619604775651 1 0 0 0 0 0 0 0 0 0.00285688672159246 0
1.51096565257358e-05 0.434845476993339 1 1 0.000277869696966082 0.537889417394883 0.000708477262150065 1.59313908830727e-05 2.4211025906995e-05 0.000112484090783793 1.69679462460604e-05 2.98591416048044e-05 1.56445609184042e-05 1.59088467326374e-05
4.18614032327014e-11 0.99965189292621 0.999994019392021 0.999999999999999 1.35172983917187e-11 1.59589008674743e-11 4.63952998241979e-09 1.7984280731298e-11 1.14905862602654e-11 7.85443932116436e-11 1.04702913006349e-11 1.13753451103094e-11 1.76073600144377e-11 0.000343758593909782
0 0 0 1 0 0 0 0 0 0 0 0 0 0
0 0 1 1 0 0 0 0 0 0 0 0 0 0
3.36234928788315e-10 0.999997962841275 0.253873723882781 0.997225081387179 2.12935780119494e-10 1.53842161232376e-10 1.692082030047e-10 1.89567472830277e-10 3.08909120505518e-10 2.79040535122732e-09 8.81947977982023e-08 1.42202472019903e-10 4.74057259003402e-08 0.746037627966464
0 0 1 1 0 0 0 0 0 0 0 0 0 0
1.68966498570455e-08 0.999713533254211 0.99999999999887 1 1.46010252777273e-08 3.3179861969046e-08 1.74585834677998e-09 2.18577234090134e-09 6.95016777463309e-09 0.000277637981720757 1.01312058742309e-09 9.06054875571272e-09 1.16630816116015e-09 9.77166902949023e-10
5.00461724839418e-07 0.999719091181879 0.999999999263217 0.999999999997966 9.33378470069357e-08 9.28162915855291e-05 1.0275513595559e-07 5.44723546669346e-06 9.35247428390795e-08 9.23797592866649e-08 1.08177877100601e-07 1.07138741101132e-07 2.76485316419439e-07 9.99170474136335e-08
2.50033660442739e-10 0.999616531716822 0.999999999999993 1 2.59185450879329e-10 1.66255897937617e-10 0.000307728145728769 1.60108348801202e-09 1.82711734630914e-10 1.31123112367959e-10 2.51005438656193e-10 1.246192038451e-10 1.21657794949215e-10 5.21240572926018e-09
3.15938275541328e-10 0.733080752585176 0.999995758691254 1 1.90220728057966e-10 1.44200318352716e-10 2.52866172445465e-10 2.65293009782397e-10 5.95028248895346e-10 1.86397897117274e-10 3.12425566306729e-07 1.51538559478581e-10 1.48677625766425e-10 1.3356541428422e-09
7.57153595376536e-09 0.99957822772545 0.999998339517812 0.999999999994519 3.29537841459171e-10 1.6605306104589e-06 3.36315642002205e-10 2.85536316813051e-08 5.34932653728504e-10 2.89813617548873e-10 4.71829748706076e-05 4.09579370419522e-10 3.80650178044561e-10 2.81372147803438e-10
6.23151152778778e-06 0.965765723243742 0.999999999999999 1 6.16432554800816e-06 8.74105332204778e-06 7.13177464084502e-06 7.74103242873192e-06 1.2672353398524e-05 7.75342752235009e-06 0.000296552308401754 3.17120566060147e-05 0.00490844438562599 9.58647067635932e-05
