[1] "Average Estimates for Betas: "
 [1]  0.0789518553  0.1098580356  0.1841405540  0.2852012211  0.0003287453
 [6] -0.0021610727  0.0042810862  0.0062336849  0.0162720699 -0.0009893927
[11] -0.0061883611  0.0007564271  0.0031819343  0.0034200757
[1] "Standard Deviations of Betas: "
 [1] 0.19149664 0.12498814 0.14218686 0.08305551 0.11667009 0.15511433
 [7] 0.09045445 0.11422290 0.10076246 0.08593485 0.09196655 0.10610593
[13] 0.10506178 0.12934874
[1] "Average StdErrors for Betas: "
 [1] 0.09938163 0.09511081 0.08788095 0.07980656 0.09111329 0.08967453
 [7] 0.08122817 0.08620062 0.08004083 0.07935700 0.08443383 0.09443315
[13] 0.08412276 0.08366601
[1] "Positive rate for exposures: "
 [1] 0.16494845 0.39175258 0.64948454 0.88659794 0.02061856 0.05154639
 [7] 0.04123711 0.06185567 0.11340206 0.04123711 0.07216495 0.04123711
[13] 0.06185567 0.10309278
[1] "Q-value positive rate for exposures: "
 [1] 0.04123711 0.23711340 0.53608247 0.71134021 0.00000000 0.00000000
 [7] 0.01030928 0.02061856 0.03092784 0.01030928 0.01030928 0.00000000
[13] 0.02061856 0.03092784
