[1] "Average Estimates for Betas: "
 [1]  0.055367677  0.103225643  0.193467526  0.291259810  0.003823957
 [6] -0.002609637 -0.004352557  0.005454212 -0.004544215 -0.005303347
[11] -0.009790121 -0.002387154 -0.010591858 -0.003988956
[1] "Standard Deviations of Betas: "
 [1] 0.11702320 0.07342308 0.10103991 0.05503885 0.07727201 0.10067948
 [7] 0.04668325 0.05658274 0.06947509 0.06693623 0.05319356 0.06206172
[13] 0.08165982 0.06566508
[1] "Average StdErrors for Betas: "
 [1] 0.06781775 0.04999914 0.05706864 0.05064676 0.05613760 0.05745053
 [7] 0.04935853 0.05733874 0.05195723 0.05083598 0.04905924 0.05879069
[13] 0.04959318 0.05433413
[1] "Positive rate for exposures: "
 [1] 0.19 0.71 0.87 0.96 0.03 0.03 0.02 0.02 0.04 0.01 0.05 0.03 0.04 0.05
[1] "Q-value positive rate for exposures: "
 [1] 0.11 0.50 0.77 0.93 0.01 0.00 0.00 0.00 0.00 0.00 0.01 0.01 0.02 0.02
