[1] "Average Estimates for Betas: "
 [1]  0.0544348163  0.0987045251  0.1959021069  0.2852930892  0.0033283064
 [6]  0.0005043536 -0.0030213936  0.0041075922 -0.0047445524 -0.0075622163
[11] -0.0097120127 -0.0001987596 -0.0093333680 -0.0036214638
[1] "Standard Deviations of Betas: "
 [1] 0.11556714 0.07813971 0.10492004 0.06017695 0.07947859 0.10410269
 [7] 0.05498094 0.05867234 0.07114020 0.06801796 0.05651002 0.06534014
[13] 0.07957979 0.06797696
[1] "Average StdErrors for Betas: "
 [1] 0.06813293 0.05169574 0.05817176 0.05145290 0.05737368 0.05832720
 [7] 0.05061716 0.05801470 0.05326463 0.05246768 0.04926999 0.05999836
[13] 0.05151460 0.05498666
[1] "Positive rate for exposures: "
 [1] 0.23 0.62 0.86 0.96 0.03 0.05 0.03 0.03 0.06 0.04 0.05 0.02 0.05 0.05
[1] "Q-value positive rate for exposures: "
 [1] 0.11 0.45 0.76 0.89 0.01 0.01 0.00 0.01 0.00 0.01 0.00 0.00 0.02 0.03
