[1] "Average Estimates for Betas: "
 [1]  0.055365205  0.103222490  0.193459668  0.291249336  0.003823746
 [6] -0.002609952 -0.004353037  0.005453877 -0.004544773 -0.005301967
[11] -0.009789682 -0.002387472 -0.010591674 -0.003988408
[1] "Standard Deviations of Betas: "
 [1] 0.11702076 0.07342277 0.10103950 0.05503929 0.07727281 0.10067853
 [7] 0.04668142 0.05658097 0.06947237 0.06693072 0.05319237 0.06206043
[13] 0.08166001 0.06566524
[1] "Average StdErrors for Betas: "
 [1] 0.06332802 0.04661655 0.05335856 0.04721487 0.05226738 0.05352171
 [7] 0.04592048 0.05329619 0.04848584 0.04730486 0.04558970 0.05466995
[13] 0.04625648 0.05043958
[1] "Positive rate for exposures: "
 [1] 0.20 0.73 0.90 0.98 0.03 0.04 0.02 0.03 0.08 0.06 0.07 0.03 0.05 0.06
[1] "Q-value positive rate for exposures: "
 [1] 0.14 0.55 0.79 0.94 0.01 0.00 0.00 0.01 0.00 0.00 0.01 0.02 0.02 0.03
