[1] "Average Estimates for Betas: "
 [1]  4.778467e-02  1.107286e-01  2.055760e-01  3.027496e-01 -6.112257e-04
 [6]  8.075024e-03  1.565947e-03  1.808915e-03  2.073845e-03  1.717144e-03
[11]  1.277794e-02 -4.945262e-03  4.345254e-03 -1.884750e-03  8.925660e-03
[16] -1.052681e-03 -6.141531e-05  8.318447e-04 -1.158350e-02  3.726599e-04
[21] -1.576192e-02  8.019042e-03  4.181690e-03  9.490317e-03 -1.732418e-03
[26]  3.705171e-03 -1.203509e-03  3.630546e-03  5.166333e-03  3.015794e-03
[1] "Standard Deviations of Betas: "
 [1] 0.12535593 0.10316539 0.10787836 0.10782650 0.10435121 0.11152226
 [7] 0.10618280 0.10360786 0.10122613 0.10588042 0.10556162 0.10780552
[13] 0.10048350 0.09847973 0.11073762 0.10856113 0.11096175 0.10244136
[19] 0.10842346 0.10401432 0.10468224 0.11614299 0.10070086 0.09529360
[25] 0.10659838 0.11137961 0.10774526 0.09377475 0.10471508 0.10657965
[1] "Average StdErrors for Betas: "
 [1] 0.11824263 0.08965544 0.08968274 0.09110140 0.09047830 0.08853050
 [7] 0.08932050 0.08888637 0.09023853 0.08935240 0.08996552 0.08920202
[13] 0.08980451 0.08856737 0.09062653 0.09044808 0.09050958 0.08968372
[19] 0.08840244 0.09115883 0.08908188 0.09010676 0.08984381 0.08945878
[25] 0.08976815 0.09127270 0.09039483 0.09072100 0.08901168 0.09003844
[1] "Positive rate for exposures: "
 [1] 0.070 0.255 0.605 0.845 0.080 0.110 0.105 0.105 0.095 0.090 0.095 0.095
[13] 0.075 0.075 0.120 0.080 0.070 0.060 0.110 0.075 0.075 0.110 0.095 0.050
[25] 0.065 0.080 0.075 0.075 0.100 0.070
[1] "Bonferroni-corrected positive rate for exposures: "
 [1] 0.005 0.050 0.215 0.540 0.015 0.020 0.005 0.000 0.000 0.000 0.005 0.005
[13] 0.000 0.005 0.005 0.005 0.010 0.000 0.010 0.010 0.015 0.025 0.010 0.005
[25] 0.010 0.000 0.005 0.000 0.000 0.010
