[1] "Average Estimates for Betas: "
 [1]  4.577395e-02  1.054429e-01  2.053582e-01  3.068525e-01 -3.354878e-04
 [6]  1.186440e-02  2.950572e-03  1.000074e-03 -9.719061e-04 -7.864300e-03
[11]  9.734986e-03 -2.552596e-03 -4.285402e-03 -4.280149e-03  3.283955e-03
[16] -1.240829e-03  6.308239e-03 -8.656588e-04 -8.302862e-03 -1.178362e-03
[21] -1.305066e-02  8.294117e-03 -1.025196e-03  1.013672e-02  3.768030e-04
[26]  2.853779e-03 -5.953108e-03  9.289446e-03 -6.669692e-05  2.160105e-03
[1] "Standard Deviations of Betas: "
 [1] 0.09893192 0.10160759 0.10747332 0.10296238 0.10116667 0.11044710
 [7] 0.10142042 0.11078861 0.09640591 0.09854494 0.09973986 0.11281307
[13] 0.10157013 0.09791857 0.10618135 0.10075524 0.11841395 0.09658333
[19] 0.10546476 0.09885928 0.11115545 0.11825180 0.10509661 0.09691179
[25] 0.10869667 0.11482578 0.09832791 0.08701882 0.09656960 0.09899033
[1] "Average StdErrors for Betas: "
 [1] 0.04931118 0.04826138 0.04853973 0.04941923 0.04952936 0.04774298
 [7] 0.04781991 0.04774916 0.04857838 0.04839494 0.04887419 0.04846503
[13] 0.04828661 0.04806634 0.04885706 0.04854812 0.05009708 0.04839840
[19] 0.04724679 0.04971897 0.04811928 0.04761106 0.04886096 0.04851539
[25] 0.04842020 0.04958866 0.04835785 0.04945139 0.04831078 0.04854898
[1] "Positive rate for exposures: "
 [1] 0.390 0.545 0.845 0.970 0.300 0.380 0.295 0.330 0.325 0.305 0.305 0.370
[13] 0.340 0.330 0.350 0.305 0.395 0.305 0.355 0.280 0.350 0.305 0.320 0.295
[25] 0.310 0.310 0.315 0.230 0.315 0.310
[1] "Bonferroni-corrected positive rate for exposures: "
 [1] 0.155 0.325 0.700 0.915 0.115 0.145 0.095 0.105 0.090 0.105 0.115 0.155
[13] 0.110 0.125 0.125 0.100 0.115 0.075 0.130 0.065 0.140 0.140 0.115 0.075
[25] 0.105 0.155 0.110 0.040 0.115 0.085
