[1] "Average Estimates for Betas: "
 [1]  4.406494e-02  9.382155e-02  1.687410e-01  2.498412e-01 -2.970289e-03
 [6]  8.061904e-03  6.963610e-04  4.243541e-03  1.970150e-03  3.799960e-03
[11]  1.038647e-02 -3.943343e-03  5.195610e-03  3.658487e-03  7.282402e-03
[16] -5.981679e-03 -2.576984e-03 -7.650652e-04 -1.233676e-02 -4.645412e-03
[21] -1.608894e-02  7.629896e-03 -3.173294e-03  8.086928e-03 -4.481888e-03
[26]  7.088988e-03  4.230547e-05 -2.304243e-03  4.509079e-03  1.778523e-03
[1] "Standard Deviations of Betas: "
 [1] 0.09729097 0.09654134 0.09930823 0.10247838 0.09692137 0.10073339
 [7] 0.09586693 0.09687405 0.09529225 0.09954858 0.09645478 0.09744212
[13] 0.09411644 0.08993128 0.09855726 0.10219654 0.10275745 0.09407987
[19] 0.09707829 0.09720090 0.09570266 0.10638415 0.08889164 0.08469500
[25] 0.10280054 0.10242808 0.10017130 0.08392647 0.09505319 0.09100611
[1] "Average StdErrors for Betas: "
 [1] 0.01756074 0.01727504 0.01732352 0.01762825 0.01745468 0.01710387
 [7] 0.01725459 0.01712392 0.01743638 0.01723246 0.01735447 0.01723486
[13] 0.01732928 0.01711506 0.01746867 0.01743700 0.01745742 0.01731699
[19] 0.01704782 0.01757172 0.01721453 0.01737794 0.01735734 0.01726260
[25] 0.01733775 0.01760619 0.01742300 0.01749915 0.01719919 0.01737402
[1] "Positive rate for exposures: "
 [1] 0.720 0.855 0.935 0.990 0.680 0.720 0.660 0.745 0.710 0.760 0.760 0.680
[13] 0.750 0.740 0.715 0.740 0.700 0.715 0.690 0.710 0.705 0.745 0.680 0.770
[25] 0.775 0.735 0.770 0.660 0.710 0.725
[1] "Bonferroni-corrected positive rate for exposures: "
 [1] 0.575 0.740 0.875 0.975 0.520 0.590 0.510 0.610 0.565 0.585 0.560 0.555
[13] 0.575 0.555 0.570 0.605 0.590 0.575 0.505 0.535 0.525 0.585 0.525 0.565
[25] 0.645 0.600 0.605 0.490 0.560 0.545
