Average Estimates for Betas: 
0.02568708 0.07953163 0.1212349 0.2146871 -0.008343133
-0.02402486 0.00631693 -0.009500826 0.005933207 -0.01430409
-0.003405311 0.001730845 -0.003953994 -0.01084827 -0.01819077
0.0187593 -0.01745492 0.005711595 0.01521631 -0.003127122
-0.02093593 0.004675314 -0.003849053 0.009695445 0.00743538
-0.01070884 0.0007875905 0.01467812 0.006245403 -0.0146953
Positive rate for exposures: 
0.1818182 0.4318182 0.6590909 0.7272727 0.1477273
0.1022727 0.09090909 0.1590909 0.1477273 0.1590909
0.1477273 0.09090909 0.1136364 0.1931818 0.09090909
0.07954545 0.1590909 0.1022727 0.1363636 0.1590909
0.1363636 0.1704545 0.06818182 0.125 0.1477273
0.1818182 0.125 0.2045455 0.06818182 0.1363636
Standard Deviations of Betas: 
0.08124331 0.09432863 0.1300237 0.1054751 0.07175845
0.1061244 0.08958917 0.07556789 0.1389485 0.0795291
0.1224806 0.07660043 0.09761617 0.1026851 0.09540733
0.1013846 0.07638292 0.08168363 0.09168731 0.09060004
0.09077725 0.1319398 0.08361146 0.09849234 0.09677178
0.08287361 0.08105672 0.1126546 0.09926922 0.1061605
Average StdErrors for Betas: 
0.06293505 0.06514119 0.0714963 0.07176213 0.06091012
0.07470672 0.06555903 0.05643329 0.07902825 0.06730497
0.07508624 0.07090946 0.06996382 0.05960367 0.07528436
0.07918519 0.0642061 0.06614768 0.06769609 0.06400186
0.06373217 0.07487592 0.07536465 0.06376703 0.06775947
0.05693903 0.06115376 0.06633103 0.07393194 0.07974559
Q-value positive rate for exposures: 
0.07954545 0.2272727 0.5568182 0.6590909 0.03409091
0.03409091 0.06818182 0.04545455 0.09090909 0.04545455
0.05681818 0.03409091 0.02272727 0.06818182 0.02272727
0.01136364 0.04545455 0.02272727 0.03409091 0.04545455
0.01136364 0.04545455 0.01136364 0.04545455 0.01136364
0.06818182 0.05681818 0.1022727 0.02272727 0.05681818
Precision/Recall/F1 based on p-values:
0.3674322 0.5 0.423586
Precision/Recall/F1 based on Q-values:
0.5775862 0.3806818 0.4589041
Power at FPR threshold of 0.05: 
0.1022727 0.2840909 0.5795455 0.6590909
