Average Estimates for Betas: 
0.02307666 0.08186216 0.1437282 0.2199208 -0.01005298
-0.01941409 0.008547211 -0.001109836 -0.0005962891 -0.007891632
-0.002903674 0.01074874 -0.005633566 -0.004705633 -0.01232893
0.01773581 -0.006807006 0.001797071 0.0009879537 -0.0105777
-0.004836672 0.01380216 0.001277341 0.004964658 0.006584482
0.0003839904 0.003122033 0.01283188 0.002582094 -0.009521687
Positive rate for exposures: 
0.15 0.37 0.69 0.82 0.03
0.09 0.07 0.06 0.1 0.03
0.05 0.02 0.04 0.08 0.03
0.08 0.06 0.03 0.05 0.04
0.02 0.07 0.03 0.03 0.04
0.08 0.03 0.07 0.03 0.06
Standard Deviations of Betas: 
0.08532501 0.07983867 0.09418889 0.08873244 0.06902157
0.0981123 0.08523784 0.06935962 0.1153316 0.0665568
0.0962463 0.08198128 0.07685274 0.08314299 0.08424304
0.09593664 0.07101039 0.07570103 0.07656618 0.06713746
0.08266984 0.1085633 0.07385401 0.07392453 0.07601092
0.07423994 0.07276876 0.08212304 0.0819605 0.09543114
Average StdErrors for Betas: 
0.06694341 0.06777727 0.06976074 0.06559034 0.06352808
0.07332838 0.06737313 0.06307505 0.07659463 0.06878395
0.07309832 0.07226082 0.06843498 0.06290527 0.07298338
0.07596244 0.06577155 0.07129942 0.07173588 0.06825935
0.06759493 0.07652399 0.07096994 0.06193449 0.06756182
0.06162576 0.06248316 0.07000343 0.07835873 0.07852395
Q-value positive rate for exposures: 
0.01 0.09 0.49 0.7 0
0.01 0.01 0.01 0.03 0
0 0 0.01 0.03 0
0 0 0 0 0
0 0.02 0 0.01 0
0.01 0 0 0.01 0.01
Precision/Recall/F1 based on p-values:
0.6059701 0.5075 0.552381
Precision/Recall/F1 based on Q-values:
0.8896552 0.3225 0.4733945
Power at FPR threshold of 0.05: 
0.15 0.36 0.69 0.81
