Average Estimates for Betas: 
0.03724223 0.09690539 0.1648928 0.2488017 -0.008630163
-0.01021251 -0.003060644 -0.001351076 0.02370988 -0.01321262
0.001795035 -0.002537641 -0.006218015 -0.001407456 0.005242026
-0.004861221 -0.01115509 -0.0002552839 0.001157953 -0.0005895498
-0.003446305 0.002729164 -0.0081181 0.0003744266 -0.002205968
-0.00491744 0.00676944 -0.004839285 -0.003466409 0.005889434
Positive rate for exposures: 
0.1 0.32 0.69 0.87 0.03
0.03 0.04 0.02 0.11 0.01
0.05 0.05 0.03 0.03 0.02
0.09 0.05 0.07 0.08 0.08
0.04 0.06 0.05 0.03 0.09
0.06 0.05 0.09 0.05 0.1
Standard Deviations of Betas: 
0.05987802 0.06686572 0.08975605 0.07827487 0.07598211
0.07035342 0.06927337 0.06227334 0.09579816 0.05872261
0.07581286 0.07905848 0.07068755 0.06573728 0.06950234
0.09176074 0.0715724 0.07574665 0.08995554 0.08924749
0.0687486 0.07748531 0.1114286 0.06155198 0.08574177
0.08222261 0.08245193 0.08687077 0.07697949 0.08788115
Average StdErrors for Betas: 
0.0636303 0.06922463 0.06982471 0.06841125 0.0663682
0.06828094 0.06526278 0.06649884 0.06851867 0.06626462
0.0672745 0.07141393 0.06768242 0.06338638 0.0664501
0.06793477 0.06383473 0.06458707 0.06557073 0.0668805
0.06626136 0.06451116 0.06947146 0.06371688 0.06577523
0.06426342 0.06401969 0.06620028 0.06692739 0.06970488
Q-value positive rate for exposures: 
0.01 0.05 0.41 0.69 0.01
0 0 0 0.01 0
0.01 0.01 0.01 0.01 0
0.05 0.01 0.01 0.03 0
0 0 0.02 0 0
0.03 0.02 0 0.01 0
Precision/Recall/F1 based on p-values:
0.5840708 0.495 0.5358593
Precision/Recall/F1 based on Q-values:
0.8285714 0.29 0.4296296
Power at FPR threshold of 0.05: 
0.1 0.3 0.68 0.86
