Average Estimates for Betas: 
0.05304577 0.1398072 0.1846459 0.2922417 0.0009268412
-0.02300174 -0.0003105434 0.004055918 0.03203776 -0.02050675
-0.008158651 0.02747052 -0.003789515 -0.001658097 0.006903597
-0.003198948 -0.03082393 0.02821648 -0.006405406 -0.05673263
-0.01051382 0.007396592 0.0535822 5.641101e-05 -0.004479656
-0.009583235 0.009952902 0.02172914 -0.005922487 0.001935875
Positive rate for exposures: 
0.14 0.34 0.67 0.82 0.02
0.06 0.09 0.06 0.11 0.02
0.08 0.05 0.06 0.06 0.03
0.06 0.04 0.08 0.07 0.08
0.05 0.06 0.09 0.03 0.09
0.11 0.05 0.07 0.06 0.05
Standard Deviations of Betas: 
0.1132758 0.2017472 0.1640251 0.1223762 0.1058673
0.1377832 0.110843 0.141803 0.2243398 0.08482575
0.1672025 0.1879767 0.1270379 0.1097642 0.09960708
0.1512176 0.1589577 0.2769006 0.1476921 0.4035996
0.1085892 0.1148104 0.5402891 0.08687649 0.1242173
0.1375235 0.1215514 0.2462116 0.14624 0.1910971
Average StdErrors for Betas: 
0.4546275 0.2084372 0.2101605 0.2415177 0.2232419
0.2189717 0.2048545 0.1617967 0.3391959 0.1185945
0.1898453 0.4866107 0.345112 0.1844484 0.2423035
0.2140526 0.3609817 0.2070431 0.1328466 0.3853221
0.2578711 0.1911571 2.884039 0.1700202 0.1062259
0.398426 0.1126894 1.002222 0.1046105 0.123284
Q-value positive rate for exposures: 
0.05 0.11 0.48 0.71 0
0.02 0 0.01 0.04 0
0.04 0.01 0.02 0.01 0
0.02 0.03 0.01 0.01 0.01
0.01 0.02 0.02 0 0.01
0.03 0.02 0.01 0.02 0.02
Precision/Recall/F1 based on p-values:
0.5472222 0.4925 0.5184211
Precision/Recall/F1 based on Q-values:
0.7758621 0.3375 0.4703833
Power at FPR threshold of 0.05: 
0.12 0.29 0.61 0.81
