Average Estimates for Betas: 
0.03847724 0.08827588 0.09380432 0.1123192 0.01597361
0.002027682 -0.01440013 -0.004440549 -0.001942523 -0.005326059
-0.001138018 -0.003916659 -0.001348443 -0.003809133 -0.006733135
0.004380797 0.004501191 0.01237201 0.01092966 -0.01075017
0.0009582791 -0.005757021 -0.008594879 -0.0059929 0.01583313
0.001930249 -0.007113223 0.006608886 -0.008077313 0.008839558
Positive rate for exposures: 
0.2878788 0.469697 0.6818182 0.5909091 0.1666667
0.06060606 0.1515152 0.1666667 0.1060606 0.09090909
0.1666667 0.1212121 0.1666667 0.1363636 0.09090909
0.1666667 0.1666667 0.1969697 0.1212121 0.1515152
0.1818182 0.1515152 0.09090909 0.1060606 0.1666667
0.1666667 0.1363636 0.1666667 0.1666667 0.1363636
Standard Deviations of Betas: 
0.07857549 0.1437619 0.1251842 0.1415116 0.05684865
0.06186685 0.06522538 0.06638295 0.07073632 0.0606428
0.06250047 0.08422314 0.06840358 0.0554547 0.06472765
0.07551266 0.0760958 0.1134017 0.07267917 0.06300615
0.07130022 0.06859346 0.07299589 0.0510302 0.06984249
0.05533508 0.08272092 0.06960888 0.08394603 0.0647817
Average StdErrors for Betas: 
0.04464978 0.04876954 0.05383581 0.05713435 0.04459289
0.04508905 0.04489856 0.04672052 0.04671193 0.04621658
0.05050272 0.05292762 0.04428559 0.0435379 0.04763111
0.04634789 0.04167891 0.04661155 0.04504994 0.04533839
0.04717997 0.0432191 0.0475161 0.04289494 0.04636596
0.04257111 0.0420388 0.04242173 0.04688001 0.04662188
Q-value positive rate for exposures: 
0.1818182 0.2424242 0.5 0.530303 0.01515152
0.01515152 0.06060606 0.04545455 0.04545455 0.01515152
0.03030303 0.04545455 0.03030303 0.01515152 0.04545455
0.04545455 0.04545455 0.03030303 0.04545455 0.07575758
0.03030303 0.06060606 0.01515152 0.03030303 0.07575758
0.04545455 0.06060606 0.07575758 0.07575758 0.04545455
Precision/Recall/F1 based on p-values:
0.3544974 0.5075758 0.4174455
Precision/Recall/F1 based on Q-values:
0.5647059 0.3636364 0.4423963
Power at FPR threshold of 0.05: 
0.2272727 0.2878788 0.5454545 0.5151515
