1.35823386337997e-06 0.999468434729887 0.999999998038888 1 2.28713965777505e-06 7.701501911761e-07 1.08688349120811e-06 1.58382941339852e-06 8.28186751400395e-07 8.1436738275098e-07 7.63849068774469e-07 9.67514813710046e-07 1.07735464938141e-06 1.07607491495187e-06 9.54894116667049e-07 7.86678902353621e-07 7.89866044459409e-07 1.33838333582492e-06 7.59336115430109e-07 7.76298377136442e-07 3.34611989316613e-06 2.1501076684638e-06 8.25429895323637e-07 7.61257770265367e-07 8.43711262743518e-07 1.53793329749075e-06 8.33097779762149e-07 8.1241389993103e-07 1.30262167163941e-06 7.59480553225167e-07
0.000384083002111901 0.989301170999287 1 1 1.65055060658004e-05 1.45654994705424e-05 1.43131957148768e-05 1.43470980816796e-05 1.45316777017124e-05 4.47715311979735e-05 1.82641367065806e-05 1.91628969907764e-05 1.75392273483732e-05 1.61526356080577e-05 2.13481174943242e-05 2.13465006968505e-05 1.65424810740777e-05 2.14927315562718e-05 1.45608685193643e-05 1.43254478988109e-05 0.00129433818335223 1.58737448497925e-05 1.72769551296525e-05 1.73625263213406e-05 2.17043274158835e-05 3.87376645532012e-05 1.48967163837721e-05 1.55328769706475e-05 1.46195553707429e-05 1.43356553583551e-05
7.7715611723761e-16 4.05231403988182e-14 0.999999999999864 1 3.33066907387547e-16 1.11022302462516e-16 1.11022302462516e-16 1.11022302462516e-16 1.11022302462516e-16 2.22044604925031e-16 4.44089209850063e-16 1.11022302462516e-16 1.11022302462516e-16 1.11022302462516e-16 1.11022302462516e-16 1.11022302462516e-16 1.11022302462516e-16 1.11022302462516e-16 1.11022302462516e-16 1.11022302462516e-16 1.11022302462516e-16 1.11022302462516e-16 1.11022302462516e-16 6.66133814775094e-16 2.22044604925031e-16 1.11022302462516e-16 1.11022302462516e-16 2.22044604925031e-16 2.22044604925031e-16 1.11022302462516e-16
1.22124532708767e-15 3.26405569239796e-14 0.999999999999575 1 6.66133814775094e-16 1.66533453693773e-15 5.55111512312578e-16 5.55111512312578e-16 5.55111512312578e-16 5.55111512312578e-16 6.66133814775094e-16 5.55111512312578e-16 6.66133814775094e-16 5.55111512312578e-16 6.66133814775094e-16 5.55111512312578e-16 5.55111512312578e-16 4.88498130835069e-15 5.55111512312578e-16 5.55111512312578e-16 5.55111512312578e-16 7.7715611723761e-16 5.55111512312578e-16 8.88178419700125e-16 5.55111512312578e-16 5.55111512312578e-16 5.55111512312578e-16 5.55111512312578e-16 5.55111512312578e-16 6.66133814775094e-16
1.32528244906061e-05 0.999942299001953 0.999999999999993 1 5.43751320636332e-08 6.57427716710401e-08 5.43802707309027e-08 5.45071003887898e-08 5.47387336569116e-08 5.88969216730462e-08 1.39249530017871e-07 5.65418321052391e-08 5.43708651434827e-08 5.4696933204923e-08 1.16008572526027e-07 1.47443048437168e-07 1.26645174902684e-07 5.59244350828436e-08 6.63085186758394e-08 5.57205797058202e-08 8.32231276115536e-08 6.95344873902215e-08 5.45518719086147e-08 6.88237993262675e-08 1.02944233248969e-07 5.47811918050201e-08 8.38216149823268e-08 5.55784894773481e-08 5.64344617703938e-08 5.46926363087508e-08
0 0 1 1 0 0 0 0 0 0 0 0 0 0 0 0 0 0 0 0 0 0 0 0 0 0 0 0 0 0
0.000229329114872723 0.990016933455651 1 1 2.36221690312899e-05 2.05142451260576e-05 1.72454323676963e-05 1.85181066696405e-05 4.06150270044758e-05 2.08580106687561e-05 6.06083078046327e-05 1.78778809488689e-05 4.38041677400802e-05 1.95509026161833e-05 2.75143481731632e-05 2.04612992340536e-05 2.83858734412279e-05 1.73523148836452e-05 1.71866801191856e-05 1.88977359438791e-05 2.14525724876458e-05 1.71882059125661e-05 1.86605014186325e-05 1.90555656891522e-05 1.83573393663927e-05 1.88829760413567e-05 1.91316440775191e-05 1.91308238144394e-05 1.82691837766757e-05 3.83814461282217e-05
0.000142172045085931 0.999457135893677 1 1 7.03855388306529e-07 5.41644322171742e-07 5.12293805488007e-07 6.00692362739963e-07 7.23350391140798e-07 5.69501670044659e-07 5.74939139519337e-07 7.66731731660641e-07 6.4586386583354e-07 8.23374847969127e-07 5.11003613978822e-07 2.2308448921482e-06 5.81074471983634e-07 6.94959163660691e-07 5.21739683123634e-07 2.01613795806077e-05 5.095045516601e-07 1.32456401180647e-06 5.56444255006561e-07 5.76939566343526e-07 1.60382934577541e-06 6.3910451741922e-07 5.54668336150144e-07 2.11723468568348e-06 7.68264668660201e-07 6.13679893679553e-07
0 0 1 1 0 0 0 0 0 0 0 0 0 0 0 0 0 0 0 0 0 0 0 0 0 0 0 0 0 0
1.11287860593556e-07 0.999945197960285 0.999999999999955 1 1.19579107282775e-07 7.90138783290928e-08 3.61158142392348e-07 8.01903223823786e-08 9.438255732519e-08 8.62935293222122e-08 1.74614926851113e-07 7.65556130710721e-08 1.39731189841008e-07 1.12814640407244e-07 7.30662974568475e-08 1.35807303180968e-07 8.6921611242019e-08 1.16060577703969e-07 9.57990912153761e-08 1.00799840918597e-07 1.12140238428537e-07 9.15966293923987e-08 8.62726281525283e-08 1.2613626476643e-07 7.65982545170019e-08 8.20743190077522e-08 9.90695105951289e-08 1.1092265872481e-07 8.98265754001315e-08 7.2249208060704e-08
2.57113956536603e-06 0.999973550282662 1 1 8.59505493444601e-08 3.18440461777314e-08 4.19327090828148e-08 1.01618847225815e-07 3.98726839323515e-08 4.50152182751573e-07 3.51518467667233e-08 3.01441754890774e-08 3.0257162331182e-08 5.60255185577674e-08 2.99809840287324e-08 7.6634255941066e-08 3.55652229888648e-08 5.70065065153003e-08 3.24155624564781e-08 5.85639291506013e-08 4.02539135357927e-08 3.13656320916067e-08 1.10557312082982e-07 2.99537212811174e-08 3.11627580407148e-08 3.26065913158757e-08 3.99766736380869e-08 4.26213923043761e-08 2.9860973915774e-08 4.4373510332818e-07
0.000550789949279262 0.0065485076906413 0.974246068788037 1 3.83845887709233e-05 3.93424645070972e-05 5.81183693655341e-05 3.8012459560699e-05 5.12145734408165e-05 4.13930628944126e-05 4.24987749112482e-05 3.89775981246565e-05 3.9533366138933e-05 3.83674088216823e-05 7.50885816347413e-05 5.59665615609273e-05 3.80251487498429e-05 5.54381816958438e-05 4.60349853287356e-05 0.000110687733629877 3.89260850297557e-05 3.98929380832636e-05 3.83397870941105e-05 3.94362633939771e-05 3.84257417809231e-05 3.82256865104624e-05 4.05274883371609e-05 6.31085973471501e-05 5.55552497775169e-05 4.58012969710708e-05
1.92141857979777e-11 0.999999740330808 1 1 7.60347340644785e-12 2.41739961381882e-12 1.81554771216952e-12 9.40136857252583e-12 5.52569101586187e-12 9.63229496164786e-12 1.80888637402177e-12 5.97399907320550e-12 1.82698300932316e-12 1.87772020154853e-12 7.0119798856183e-11 2.74646971831771e-12 1.81021864165132e-12 5.08226793982658e-12 1.84885440290827e-12 2.74702482983002e-12 1.85407245112401e-12 3.29924976227858e-12 1.84674497916149e-12 1.83419945898322e-12 1.96187510681511e-12 2.92343926844296e-12 1.81576975677444e-12 1.8286483438601e-12 3.13060688483802e-12 2.08566497406082e-12
0.000550603007182238 0.970132501093635 0.999999999999187 1 7.24627483444928e-05 5.51456119154414e-05 5.32599512047538e-05 5.31996577340932e-05 6.5910393237445e-05 7.32433845083147e-05 6.05198667945617e-05 5.52474279558179e-05 5.32071743619689e-05 5.54985182474876e-05 6.40517301525589e-05 5.51178775987093e-05 0.000258349232819088 0.000237447098191401 5.54329671799136e-05 6.71540195504861e-05 5.68975413017814e-05 5.36504566378548e-05 5.41716266077019e-05 0.000130561451349487 5.82279431410315e-05 0.000116455829330508 0.000191094827472815 6.56247081024519e-05 0.000161206269185032 6.47069930147515e-05
1.4202816378539e-07 0.9999902237202 1 1 1.57442726633761e-08 1.61760481676154e-08 2.4251725738722e-08 1.76753227609794e-08 3.59285737827619e-08 2.30785192067984e-08 6.49511378014722e-08 5.02945687319567e-08 1.85817293774093e-08 1.86691726522525e-08 1.57443857951023e-08 1.09075884657805e-07 1.76138155172367e-08 3.84525078445108e-08 1.64858483531205e-08 1.76759672454452e-08 1.62224413902123e-08 1.57274748779912e-08 2.15399106329173e-08 2.79983083384394e-08 8.42672094325536e-08 2.04564064576473e-08 1.77723656902273e-08 2.25980714141372e-08 2.13822265449082e-08 3.72812610782702e-08
3.2635737556852e-08 8.57427363554208e-08 0.999994293701795 1 9.78071268420422e-09 6.96356017293454e-09 9.3634106024254e-09 7.83225850842229e-09 7.02579294742378e-09 7.45713835126338e-09 8.93770935039839e-09 7.22520510088032e-09 9.02997243645842e-09 7.92847199004854e-09 7.33062421875985e-09 7.73437658363463e-09 7.5852661929332e-09 1.37187285975671e-08 6.93356971837034e-09 1.89284873330919e-08 6.95973412234707e-09 7.09457048664319e-09 3.6211629139693e-08 8.75184624771208e-09 6.93236301696487e-09 1.22078654962721e-08 7.8590305374604e-09 1.15430206504286e-08 8.85002815476099e-09 7.39300831664735e-09
4.64924774790099e-06 0.999955252100375 0.999999999999809 1 1.84932593683129e-08 2.89975609968351e-07 1.11464490637481e-07 1.33054159912049e-08 1.27626834656169e-08 2.04121722857664e-08 1.37475236750007e-08 4.04726835379066e-08 1.62272860704249e-08 1.30986800295219e-08 1.54835920751495e-08 1.25086422331222e-08 1.42693541427263e-08 1.27293754426105e-08 1.27918496906076e-08 1.34186247668922e-08 1.47910121928163e-08 1.58342934319933e-08 1.744327926545e-08 2.24970229112387e-08 1.41770797323915e-08 1.28850431435623e-08 1.27427844942574e-08 1.2597701881667e-08 1.59966212498475e-08 2.69530778806981e-08
0 0 1 1 0 0 0 0 0 0 0 0 0 0 0 0 0 0 0 0 0 0 0 0 0 0 0 0 0 0
0.000117968503405952 0.978920714616851 0.999999330155981 1 4.10047949994663e-05 4.00445576173025e-05 4.8671931047406e-05 4.06957429783805e-05 4.02899381612976e-05 7.33140533134558e-05 4.00673533632601e-05 4.3488991421925e-05 4.04099373482181e-05 3.93903319210187e-05 3.94056521455521e-05 4.68949791382345e-05 3.93162670846436e-05 5.82924626891801e-05 6.92739982880441e-05 4.73406862337988e-05 5.78562329195398e-05 5.9407450666904e-05 3.93372280335091e-05 4.40559643730687e-05 4.5368122682854e-05 4.52580290454252e-05 3.93777106983961e-05 4.37734101090825e-05 9.67944144941724e-05 4.12326165227794e-05
0.000192272130108639 0.995776128447919 1 1 7.53675894504813e-06 1.07857384807897e-05 8.26471580195332e-06 7.48891486157532e-06 7.76864128493315e-06 9.60605015976057e-06 3.26053447270436e-05 2.85680909146713e-05 7.70205121103373e-06 7.58992032612316e-06 8.33907219577323e-06 8.10009333473971e-06 7.46086795000434e-06 7.52677503867982e-06 7.43351628773592e-06 2.04014513229822e-05 7.93920484243316e-06 7.49837984914681e-06 1.34361970196561e-05 7.43509434841805e-06 7.79248199023197e-06 7.73396728581677e-06 7.45676410485174e-06 1.12357694302956e-05 1.08093016705224e-05 1.16389147654106e-05
1.27963363272254e-06 0.999990453847553 0.999999999976616 1 1.77202396089982e-08 1.48218329831806e-08 4.71384019595789e-08 1.58821744644655e-08 1.41288536426032e-08 1.43699567800581e-08 1.74627924343085e-08 5.32330939329029e-08 1.37469451377825e-08 1.50819551292258e-08 1.37751050566237e-08 1.37417754952907e-08 1.39458208314736e-08 1.64849277561885e-08 1.48512055986316e-08 2.11481429035487e-08 4.78800824543768e-08 1.60031271567718e-08 2.06918202572126e-08 2.20642359938239e-08 1.49832217744006e-08 1.45664371675736e-08 1.51842299844773e-08 2.44579617669771e-08 2.18506740479185e-08 1.87337949597577e-08
0.000224856984618493 0.99773156980505 1 1 2.7875088790541e-06 3.18166912172124e-06 2.13100903201369e-06 2.21379529830035e-06 5.77818526081852e-06 6.36754466420975e-06 2.32164678415359e-06 2.71012652885982e-06 2.2002684085809e-06 3.4184870121301e-06 4.01640992808705e-06 3.48160260543739e-06 2.1876032044732e-06 2.12258666776322e-06 2.13662589676478e-06 2.7115689887891e-06 3.66938026286068e-06 2.68897565869342e-06 2.91762610094004e-06 2.62002198181399e-06 2.86402219840109e-06 2.85799675103782e-06 2.32834083557787e-06 2.1181106077961e-06 3.84903181493979e-06 6.79552493954017e-06
2.52913134879407e-10 0.99999995960212 0.999999999999995 1 3.33373328942344e-11 1.64271929392612e-11 2.09078310220434e-11 2.37723174478788e-11 1.82772685874966e-11 8.24517121245094e-11 1.81135106913644e-11 2.90012347470281e-10 1.96712646172159e-11 1.64747104847152e-11 1.65707447763452e-11 2.58914001349808e-11 1.21171406242127e-10 1.75514047739966e-11 4.52674564499489e-11 3.21969118033394e-11 1.84372517253450e-11 1.64606106523024e-11 1.768951651826e-10 1.80415682393686e-11 1.64858127149614e-11 3.23900906096242e-11 1.83060233638344e-11 3.9879544111443e-11 2.45149456290505e-11 1.77603487472311e-11
0.000646617736363542 0.957187636446453 0.999999999848638 1 7.79837779633086e-05 7.80771743189579e-05 0.000142513114256837 9.65970873505473e-05 0.000100570715652393 9.29355931638121e-05 8.14021424265787e-05 9.84463659166046e-05 8.18994747592283e-05 0.000108998286343587 0.000104986708271859 8.32466119687902e-05 8.52472810308758e-05 9.50194281299499e-05 8.5743458205445e-05 9.56217822231098e-05 9.78323185971686e-05 8.85249925789422e-05 9.96172249613236e-05 7.78985431556523e-05 0.000110468444985634 8.69560710949902e-05 9.23958859351259e-05 0.000114416609326762 0.000126400589727793 0.000108025352214658
2.27483125669892e-08 0.999999581382831 1 1 2.91831669940734e-10 1.68212221929309e-10 1.50776613416781e-10 9.32923738261593e-11 1.35737865392116e-10 2.09512407423063e-10 1.09112607837858e-10 1.04726338712169e-10 1.04428243830057e-10 1.09767417377782e-10 1.62327595809586e-10 9.77242731181605e-11 9.51126954973347e-11 9.27951049334297e-11 1.44138811997152e-10 9.70291624824426e-11 9.26789756050539e-11 1.32761912574608e-10 1.04368957920542e-10 1.07093223178367e-10 2.34653074748792e-10 1.79553039103553e-10 1.38371536451132e-10 1.24912080678996e-10 1.12745257574431e-10 1.13816067681682e-10
0.0140578589681404 0.9744238443512 1 1 2.68415883570849e-05 2.38230434046471e-05 1.54628329509521e-05 0.0001042697809297 3.372064832452e-05 1.6749278186734e-05 1.50515395748174e-05 6.92842018306106e-05 1.51195209905364e-05 1.88731734056535e-05 1.71548094057838e-05 1.55438837602384e-05 3.19028569299995e-05 3.65834339619564e-05 1.62189608878816e-05 1.96921067943112e-05 1.66655706267393e-05 1.49533243201105e-05 1.49602877801414e-05 6.74223639874905e-05 1.79413595802203e-05 1.48792025281841e-05 3.69300942747453e-05 1.49039241466031e-05 1.52394583909921e-05 1.56125975985244e-05
4.11160550051193e-10 0.999999966552005 1 1 4.02511357577851e-11 3.7723490997621e-11 3.60945717758909e-11 5.73230352074461e-11 3.54923868073342e-11 4.15421030908192e-11 3.52821105664702e-11 2.51099363524077e-10 2.26197061081734e-10 3.52877727038958e-11 4.57636151196539e-11 9.35338473340153e-11 3.92499366341781e-11 1.04397490652275e-10 3.74482667098164e-11 3.53794771257299e-11 1.2240375379946e-10 3.52758933175323e-11 3.75800501828394e-11 3.85739218344838e-11 1.38260847215577e-10 4.01905175806405e-11 3.68390873362046e-11 8.23473511601946e-11 5.1211590523792e-11 3.53191920154927e-11
2.64233079860787e-13 1.89070981093664e-13 0.999999999815555 1 2.88657986402541e-15 3.21964677141295e-15 3.66373598126302e-15 5.77315972805081e-15 4.9960036108132e-15 4.32986979603811e-15 2.88657986402541e-15 3.33066907387547e-15 5.10702591327572e-15 3.33066907387547e-15 1.31006316905768e-14 2.99760216648792e-15 3.21964677141295e-15 2.88657986402541e-15 3.44169137633799e-15 4.55191440096314e-15 3.21964677141295e-15 2.88657986402541e-15 2.99760216648792e-15 2.88657986402541e-15 2.88657986402541e-15 2.99760216648792e-15 3.21964677141295e-15 1.67643676718399e-14 4.10782519111308e-15 3.5527136788005e-15
1.83401432214403e-05 0.999366637976338 0.999999901551223 1 1.38184346931691e-06 9.52074600824027e-07 9.84410100435262e-07 1.40265758896696e-06 3.89487326757365e-06 9.54257004748271e-07 9.53149597360259e-07 9.48252035004593e-07 2.28377509836619e-06 9.77497389365034e-07 9.65592619972533e-07 1.00143751913251e-06 9.70388291943181e-07 9.64367794398235e-07 9.56718799960399e-07 1.11450706596905e-06 9.84312214069583e-07 9.47166805320698e-07 1.22325286644465e-06 1.09475955201166e-06 1.3618008293248e-06 1.06523277609849e-06 1.48488005446978e-06 9.61953695366446e-07 2.30321741312434e-06 1.01200179769556e-06
4.96025392315858e-07 0.000137084845392654 0.999631204755319 0.999999999930315 4.92763970183496e-07 8.10653747351786e-07 4.9624204445653e-07 4.65814116723529e-07 4.78283815108504e-07 5.41839150214329e-07 4.69156955062999e-07 4.98570601581427e-07 9.83178404578844e-07 5.40525898040656e-07 4.64812388023539e-07 4.62747476781544e-07 4.6273100740013e-07 7.12269034641722e-07 7.99966159203969e-07 5.63140546638863e-07 9.34909788696814e-07 4.8090993698402e-07 5.31097669953517e-07 4.72364128811797e-07 5.43553663079344e-07 7.23201828978226e-07 6.6138534160487e-07 6.83997390726887e-07 4.62120148259082e-07 5.55654068756795e-07
0.000126528231851886 0.993880329351646 0.999994056549711 1 1.02223834390625e-05 1.69913949628064e-05 1.15063384314995e-05 1.89176161340399e-05 1.16547070859729e-05 1.02267574374482e-05 1.91402889835324e-05 6.63840290078266e-05 1.27013927591069e-05 1.06083045392502e-05 1.18431665857566e-05 1.40028793360614e-05 1.41522527095095e-05 1.03582178583306e-05 1.061349239595e-05 1.25033527019758e-05 1.69000903800232e-05 1.20344511280734e-05 2.39426734088832e-05 1.08387439734514e-05 1.47661671774379e-05 1.04846893806965e-05 1.04872131424516e-05 1.03202211171327e-05 4.50762854958819e-05 2.67967281982751e-05
3.80207977396241e-05 0.998316248280503 1 1 6.18287339870793e-06 3.48807737771129e-06 2.96440456548641e-06 2.97716989616781e-06 2.93193539457892e-06 3.03944303747805e-06 7.93536898757718e-06 2.92993267725361e-06 3.30067375053922e-06 3.61160626305423e-06 3.76242020805329e-06 3.00065540936867e-06 4.17624365056657e-06 7.53538883824234e-06 3.37914548376173e-06 3.19140867321988e-06 5.87054885781146e-06 5.39613626771018e-06 3.9046284352473e-06 5.32793369556472e-06 2.92773595600426e-06 4.68619774696144e-06 2.97784148750591e-06 1.29097580868764e-05 3.73493756400389e-06 3.08140623750397e-06
0.0167137141361587 0.660278150674919 1 1 0.000335323897923123 0.000322159595079419 0.00229394633814106 0.000336221478628329 0.000320344733569788 0.000333183484957478 0.000379757668975134 0.000343337355608431 0.000350410761123188 0.000333325681240115 0.000558072783055641 0.000335787707375079 0.000448084176936647 0.000558550669105151 0.000322855809839262 0.000435257530197464 0.000539128809141975 0.000319050704273294 0.000344999683965619 0.000959994114462792 0.000438783113655195 0.00141751263504286 0.000344220479373325 0.00130266891067554 0.000318909431308967 0.000625511140836754
0 0 1 1 0 0 0 0 0 0 0 0 0 0 0 0 0 0 0 0 0 0 0 0 0 0 0 0 0 0
3.16201718320031e-06 0.999719899735295 1 0.999999999999998 4.51443166515908e-07 4.03827979722493e-07 3.9918071381706e-07 3.74572091010883e-07 5.45060734213898e-07 4.45915997127067e-07 3.98876839557971e-07 6.02080787004411e-07 3.71333749082936e-07 4.293322630744e-07 3.7594026280896e-07 3.90399981453626e-07 3.74304611527876e-07 3.71212301564228e-07 4.78283577964866e-07 3.70487259426788e-07 7.80016090051738e-07 4.49441628136427e-07 4.54943392846907e-07 4.79587867752151e-07 6.45902310747459e-07 5.27792783033831e-07 3.38352585793622e-06 3.93895467798444e-07 3.71406488786086e-07 6.30901318521282e-07
0.000362018300488431 0.982703321399424 0.999999999999964 1 3.34548749041375e-05 3.34923798622766e-05 3.40944907106788e-05 6.63787290342555e-05 3.33450042603323e-05 3.45882885532944e-05 4.09843108452046e-05 6.91432152997162e-05 5.50075429276431e-05 4.26787277582052e-05 3.36010067578663e-05 3.81353412843843e-05 3.67799335546648e-05 3.60897538942417e-05 3.5077552367202e-05 3.39774238629076e-05 3.71605733461289e-05 3.47002708434019e-05 3.34771330982031e-05 8.10754815816495e-05 5.61917806065626e-05 3.58652039010865e-05 4.60416002715514e-05 0.000101032785370658 4.71150603322812e-05 5.45340156934415e-05
0.805512821219938 0.176074296201249 1 1 6.76839614128788e-05 5.03853502030749e-05 9.00428336991776e-05 3.42839691670482e-05 3.87545197712003e-05 3.23152185275344e-05 3.16583763799727e-05 6.1024453712144e-05 5.82200757595075e-05 3.16687727293097e-05 5.13965197298516e-05 3.2725374473408e-05 7.05584786599989e-05 3.16595280550613e-05 7.60577430536369e-05 3.36591714511503e-05 3.28781979075377e-05 9.28486951792262e-05 9.13037661569582e-05 7.10731468915871e-05 3.16526151528107e-05 4.45629861950403e-05 3.6936032354884e-05 5.35118979525517e-05 5.94848978638929e-05 3.2823726535014e-05
3.10862446895044e-14 4.27669011315857e-12 0.999999999978506 1 8.99280649946377e-15 7.21644966006352e-15 8.88178419700125e-15 2.16493489801906e-14 7.66053886991358e-15 7.21644966006352e-15 7.54951656745106e-15 1.08801856413265e-14 8.10462807976364e-15 7.21644966006352e-15 7.21644966006352e-15 5.10702591327572e-14 4.61852778244065e-14 7.43849426498855e-15 7.32747196252603e-15 7.21644966006352e-15 8.10462807976364e-15 9.32587340685131e-15 7.21644966006352e-15 7.21644966006352e-15 7.21644966006352e-15 7.21644966006352e-15 8.99280649946377e-15 8.10462807976364e-15 1.17683640610267e-14 1.55431223447522e-14
0.000157480968286494 0.999742850273055 0.999999978175605 1 8.20112522337269e-08 2.02800322202101e-07 2.24591602759894e-07 2.70755341036377e-07 8.1597499979047e-08 1.2331136201027e-07 1.05079699164179e-07 8.18066157037833e-08 8.8724228297643e-08 8.25092686396189e-08 8.24975006086248e-08 1.10887048099251e-07 9.42868819686637e-08 1.0164445751748e-07 9.28662700072636e-08 8.37963415323273e-08 8.58458255592609e-08 2.03380932761732e-07 2.24198417941857e-07 3.83565790351703e-07 9.65488866633279e-08 1.19949450150258e-07 8.26308212964477e-08 3.16152411250492e-07 9.01554595422738e-08 9.05191268607553e-08
2.77267261372671e-07 3.06775807779047e-05 0.999769552459592 1 4.50034306487268e-07 5.71574572116873e-07 4.11143502354605e-07 2.66906173385095e-07 3.1732903238435e-07 2.84386504678658e-07 2.66031187967641e-07 2.5976732143107e-07 2.6070909275866e-07 2.61308176763286e-07 3.73695200450719e-07 3.22529756457968e-07 2.8040680710717e-07 2.59829570303793e-07 4.24527133779939e-07 3.66120612826926e-07 3.27359020779738e-07 2.60003380492257e-07 2.59763074605956e-07 3.41586484320366e-07 2.72592509675817e-07 1.01260919271873e-06 2.69388522156078e-07 7.43099496047783e-07 7.2216723878693e-07 2.75964620932712e-07
1.77804291401351e-07 0.000148419337601569 0.999799074808635 0.999999999999726 9.9605231174138e-08 9.18141264127925e-08 1.01271147245896e-07 1.13196871098786e-07 9.64618316334764e-08 9.69767072200867e-08 9.77972580695763e-08 1.73658106117358e-07 9.08876871541509e-08 1.66711572435752e-07 1.18795870363009e-07 1.03005619811469e-07 9.55479383391022e-08 9.27643208914475e-08 1.00779838807519e-07 9.10499017292565e-08 9.11984441298586e-08 9.4577800591189e-08 9.35384374400883e-08 9.0855107215404e-08 1.60868368737077e-07 2.43860180826339e-07 9.68319627814296e-08 9.12185733614734e-08 2.93970710774083e-07 2.10435239789142e-07
0 0 1 1 0 0 0 0 0 0 0 0 0 0 0 0 0 0 0 0 0 0 0 0 0 0 0 0 0 0
5.63354204239364e-05 0.998782721565146 0.999999999950615 1 2.1923078320496e-06 1.56727120248501e-06 1.56907472048662e-06 1.96768645321921e-06 2.41272079348764e-06 1.5745377934806e-06 1.55709257865233e-06 1.81343660277111e-06 3.96480412345745e-06 1.72244080376416e-06 1.79741915140585e-06 3.38492905138654e-06 1.83722085667082e-06 1.6766447931138e-06 1.64115037104562e-06 2.45590616587688e-06 1.67995011701727e-06 1.72330495107342e-06 1.56109299298546e-06 4.46468148140866e-06 1.59035541835717e-06 1.55747535401929e-06 1.84527123714417e-06 2.07367550120185e-06 5.80565342811479e-06 1.78516422510988e-06
0 0 1 1 0 0 0 0 0 0 0 0 0 0 0 0 0 0 0 0 0 0 0 0 0 0 0 0 0 0
0 2.22044604925031e-16 0.999999999999999 1 0 0 0 0 0 0 0 0 0 0 0 0 0 0 0 0 0 0 0 0 0 0 0 0 0 0
0.00392033550467474 0.995415607028483 0.999999999999998 1 7.04859024702742e-07 9.83689938172105e-07 9.02015885095864e-07 8.65240789016397e-07 1.78469764422484e-06 7.06446471765432e-07 1.07699832085917e-06 6.92270582636212e-07 9.50674799105045e-07 7.29635541540929e-07 8.95474370987692e-07 7.55432733590133e-07 1.11339737207672e-06 7.77481542035829e-07 7.40141053556798e-07 6.96181958970143e-07 7.05649919940932e-07 1.32812802200455e-06 6.95444597020867e-07 7.017137918508e-07 2.35930906156145e-06 6.91528484586534e-07 7.41151224392667e-07 1.11755575327166e-06 7.40477758887081e-07 8.04445424495981e-07
4.90824324983485e-05 0.997760662487378 1 1 3.43097957533622e-06 2.97281009853378e-06 8.88668713150409e-06 4.26879371051569e-06 2.97625187661854e-06 3.04297905202588e-05 3.89441817805203e-06 2.94957921453953e-06 3.67698467063082e-06 3.55513497951598e-06 2.98700673428964e-06 4.94931241057373e-06 3.27484571216452e-06 3.00215892767852e-06 5.53807628411729e-06 3.34381427280483e-06 3.78550704271952e-06 3.22664829799368e-06 2.95627494817374e-06 3.02807556651352e-06 6.14952639454991e-06 1.68547396246499e-05 3.23708171601211e-06 4.38941723523989e-06 3.37173858417916e-05 4.4016810549774e-06
9.14555077757839e-06 0.998447594288361 0.999999945055693 1 2.98103808982209e-06 5.61588457681506e-06 3.33293286036707e-06 3.37041874998167e-06 1.240994536722e-05 2.97060131992932e-06 3.03680608859658e-06 3.09124874586786e-06 4.57182339630435e-06 3.58239129749638e-06 2.95747051537454e-06 3.02508960026149e-06 3.41342877363537e-06 3.14026701608849e-06 3.91402817689901e-06 3.07017161693679e-06 5.51448290453393e-06 4.94073833356978e-06 4.40629529219194e-06 2.94299433767353e-06 5.04658426125904e-06 2.99245225843237e-06 3.91910915552574e-05 2.94052042482118e-06 3.93972968459888e-06 2.9334569827677e-06
3.54335374586068e-06 0.999961080580487 1 1 3.95255258522909e-08 2.62021219166186e-08 4.88853193814087e-07 3.07637991747711e-08 1.95461181573542e-07 2.63261523691938e-08 3.61164774753675e-08 2.43028687174629e-08 2.47902167682668e-08 2.93624092817524e-08 3.13902867032922e-08 2.45362425932427e-08 7.74170557105158e-07 2.45324495162791e-08 2.51640098758443e-08 4.11773960484751e-08 2.4313493329764e-08 2.77001621640238e-08 2.38555831755249e-08 2.50141461988207e-08 2.40588642341777e-08 2.81424178405487e-08 1.41792243613104e-07 3.8188883721979e-08 3.06236959124462e-08 2.45830514833401e-08
3.08843602211395e-05 0.999803580116305 1 1 3.10099970590727e-07 3.52343069387473e-07 3.42068666836504e-07 9.40511716618353e-07 3.04882307400334e-07 4.03785872293838e-07 2.9612886887076e-07 3.35018861097325e-07 3.0781018922621e-07 2.97439827878776e-07 3.51356168160066e-07 3.10935981739924e-07 3.16857998394759e-07 3.60369153074025e-07 3.5648165797042e-07 3.25752690821801e-07 3.35751898838943e-07 3.21413301418438e-07 3.70156847506742e-07 6.9155193616055e-07 6.84002201833955e-06 3.26120773608274e-07 3.13329233780912e-07 1.9092047690572e-06 2.98635319584406e-07 2.97233235690975e-07
0.00051373583319192 0.94696716865822 1 1 9.75487580546774e-05 0.000119976324686855 9.99705174956622e-05 8.78989823057674e-05 0.000116290763314542 0.000102981010113523 8.80464842069051e-05 0.000179313954829174 0.000253369144350812 0.000156592173930048 0.000117948236563081 9.22769415273583e-05 0.000165836177006495 9.20742613066405e-05 0.000381585903212911 0.000112380732676387 9.02312370172353e-05 9.60248083479165e-05 9.3704760313007e-05 0.000123695640361188 0.000106205264083337 8.81563325385581e-05 0.000125012038415195 0.000142046382427763 9.03021907886492e-05 0.000197565565444702
0 0 1 1 0 0 0 0 0 0 0 0 0 0 0 0 0 0 0 0 0 0 0 0 0 0 0 0 0 0
0 0 1 1 0 0 0 0 0 0 0 0 0 0 0 0 0 0 0 0 0 0 0 0 0 0 0 0 0 0
0 0 1 1 0 0 0 0 0 0 0 0 0 0 0 0 0 0 0 0 0 0 0 0 0 0 0 0 0 0
4.26717393764431e-06 0.999957631313267 1 1 7.54547420100948e-08 5.24272579793816e-08 1.93519334557024e-07 7.69487051854867e-08 6.09053399935888e-08 6.00444129972288e-08 5.15128263378628e-08 1.34814193808452e-07 2.10281454360306e-07 7.39845866792876e-08 5.70985244641165e-08 5.30546679922139e-08 5.72002460952348e-08 2.03830471168231e-07 8.6067190374628e-08 1.15825789515078e-07 1.30013888210989e-07 5.15934981404342e-08 5.15147928759063e-08 5.20735067288669e-08 5.7358570004773e-08 5.97354361531188e-08 5.96181394252326e-08 5.47893578284331e-08 4.39215944503246e-07 5.23866794388539e-08
1.34444765830244e-05 0.996907279030602 1 1 8.03360928236518e-06 4.86514118003267e-06 2.47075530631635e-05 4.38023807336485e-06 4.79085687299374e-06 4.77505577645143e-06 4.85953174544917e-06 4.91333587682163e-06 5.65161718968366e-06 5.81802660515329e-06 4.33895312701438e-06 6.3596415931233e-06 4.48920771978223e-06 4.41418776730984e-06 4.42623626173422e-06 4.71666005452676e-06 4.32656407445275e-06 7.46127081618919e-06 7.6636278349973e-06 8.22958740326341e-05 4.96508726166578e-06 4.63809519268832e-06 4.59958334575461e-06 4.39849801781023e-06 4.49806140256914e-06 5.88641589582828e-06
2.98700989942446e-07 0.999886252453436 1 1 1.46015717628067e-07 3.76220971709529e-07 1.74561251453653e-07 1.83587187452261e-07 2.16104139472151e-07 1.39630062845342e-07 2.34444800017997e-07 1.46745390505743e-07 1.44355731035439e-07 4.31110106169363e-07 1.50248363750549e-07 1.49257426529381e-07 1.75414415104491e-07 5.83444024648827e-07 2.09848778132127e-07 1.45404900786517e-07 1.40078460941773e-07 3.91660774368141e-07 1.42189122698255e-07 4.54978236752446e-07 1.39601651460985e-07 1.53084027898487e-07 1.75862775786406e-07 3.10183734697489e-07 2.43879720085438e-07 1.41705090661581e-07
7.95128162200953e-08 0.999999321222327 1 1 5.12283548914638e-10 1.36449707088815e-09 1.1431730007061e-09 4.35394109654652e-09 5.22767940047686e-10 1.46251455390711e-09 7.19913684221751e-10 5.33110111611279e-10 3.01170510752513e-09 5.33279420622534e-10 7.55336571067744e-10 6.48094355959472e-10 7.69568742065019e-10 1.40176514840107e-09 5.18170839569621e-10 6.27912055684021e-10 5.64547075754263e-10 2.90384527534826e-09 2.91931290252734e-09 1.00984987039254e-09 5.58585622201235e-10 7.01347868670155e-10 1.0340902578676e-09 5.28717847281257e-10 5.11316433637887e-10 5.1232418307734e-10
2.93751814520737e-05 0.999853175506435 1 1 2.06374860201031e-07 5.91129242555333e-07 2.6366729388716e-07 2.34970245260868e-07 2.13331459164579e-07 2.25874200676657e-07 3.88211000568184e-07 2.10994005711562e-07 2.18660716977404e-07 2.06632058796785e-07 2.0886812701626e-07 3.84454376778365e-07 2.23297967671954e-07 2.22430113216987e-07 2.06341953856715e-07 2.78844133561051e-07 2.06303689354037e-07 3.33839739519171e-07 2.24365528045389e-07 2.1574712927297e-07 3.2329352095406e-07 2.767610796095e-07 2.42989464327437e-07 2.50748933727785e-07 2.06254483936519e-07 2.25433358091998e-07
7.20867809889114e-13 3.196565234731e-11 0.999999999914069 1 1.12909681604378e-13 1.59205981731247e-13 5.26245713672324e-14 6.4170890823334e-14 4.69624339416441e-14 4.9737991503207e-14 2.80775402927702e-13 6.3726801613484e-14 7.0832228971085e-14 5.85087533977457e-14 9.11493103217254e-14 1.71862524211974e-13 5.98410210272959e-14 4.78506123613442e-14 7.89368570508486e-14 4.71844785465692e-14 9.10382880192628e-14 4.91939822211407e-13 5.01820807130571e-14 2.34146035893446e-13 8.69748717491348e-13 5.65103519534205e-14 7.46069872548105e-14 6.60582699651968e-14 4.6296300126869e-14 4.80726569662693e-14
8.76169137242755e-11 0.999999999746929 1 1 1.59872115546023e-13 1.71973546514437e-13 1.39221967287995e-13 1.38955513762085e-12 6.14619466432487e-13 1.4210854715202e-13 2.01394456667003e-13 1.49880108324396e-13 1.51212375953946e-13 9.02167229810402e-13 6.63025190306143e-13 6.00519634019747e-13 1.52766688188422e-13 1.25233157177718e-13 1.58650870218935e-13 5.44897460486027e-13 1.29452004671293e-13 1.30451205393456e-13 1.30118138486068e-13 1.37556632751057e-13 1.4521717162097e-13 3.08419956240868e-13 2.45914399954472e-13 5.32462962610225e-13 1.2223555501123e-13 1.45106149318508e-13
0.021583383907164 0.947971603601539 0.999999991132068 1 6.54081086473024e-05 5.39778495549648e-05 0.000121575172836619 6.34997238092572e-05 5.99480822529586e-05 0.000111606530367681 5.70749161679096e-05 0.00013101106507063 5.66268639788925e-05 0.0001169891869085 5.76970767743878e-05 5.27783820740702e-05 7.60556809377144e-05 5.36036904910109e-05 5.91301506803754e-05 9.36452224711282e-05 0.000184328584121984 6.53123319611648e-05 0.000237526971355373 5.49351229771622e-05 5.86411749795568e-05 6.00415608953409e-05 5.27027939192237e-05 5.26827833872145e-05 0.000110882629049791 6.25158648357438e-05
5.76336992014204e-05 0.999733663358438 0.999999999998161 1 2.86718026432098e-07 2.01617171291524e-07 2.35137151771703e-06 2.07204740365619e-07 1.99038653780903e-07 2.03345621008211e-07 2.74014549273005e-07 3.46052086097615e-07 2.6392369278927e-07 2.56611202509305e-07 2.15631363209567e-07 2.41902048725429e-07 2.30383375154908e-07 2.14855417124404e-07 1.99180803406307e-07 2.70259181478494e-07 2.70000406477067e-07 1.60940172133639e-06 2.31690242546989e-07 2.35163128303739e-07 1.9996785238785e-07 2.3605973253904e-07 4.41716214716337e-07 2.19073413854076e-07 3.11137226871594e-07 2.89019813415337e-07
1.46129340317103e-06 0.999680936795038 0.999999999998273 1 1.41803081477043e-06 6.5436641571992e-07 1.27108652325791e-06 1.06131344612681e-06 6.1435653064823e-07 6.49606907932032e-07 1.00641805178547e-06 7.71467046023488e-07 6.39523685230792e-07 6.40146820329868e-07 6.26840821471575e-07 7.24658790862698e-07 6.14782097452249e-07 6.76504441354808e-07 6.79971484118802e-07 6.77356948530772e-07 1.06170706504205e-06 2.06396919977259e-06 6.66087563994111e-07 6.14275114774188e-07 6.78417021671152e-07 6.15008770354919e-07 7.22930713403791e-07 1.1683668048601e-06 7.3840267988956e-07 6.14272788190817e-07
6.62978808296799e-07 0.99990210621459 1 1 1.61859448288837e-07 2.07212256131406e-07 7.00074368586989e-07 1.30665434916466e-07 1.2322618325733e-07 1.39851928149248e-07 1.39631123219353e-07 1.34281483710197e-07 1.22542553770977e-07 1.37474491679335e-07 2.86709268437768e-07 1.89362888258771e-07 1.22577370031962e-07 2.39918777289461e-07 1.93241041834824e-07 1.27729294807644e-07 2.87096997175773e-07 1.48639479546908e-06 1.04988401394834e-06 1.22676829250601e-07 2.63862907190493e-07 1.49456809928061e-07 1.37240542041894e-07 1.59772753693943e-07 1.28551867706328e-07 1.4407602455524e-07
5.08744490979041e-10 3.27777806563567e-07 0.999999354330062 1 4.57497373318461e-10 8.41376524007842e-10 2.79941625436209e-10 3.95984911527592e-10 2.69254285534259e-10 2.78979950252278e-10 6.86172674235763e-10 2.6358082383382e-10 2.7299140725745e-10 3.20474535797644e-10 2.90652280021675e-10 3.36929706357125e-10 4.45509629187768e-10 4.86575890690233e-10 4.45584902308838e-10 3.77818998309465e-10 3.66123131811946e-10 2.73657208005318e-10 2.65474198180016e-10 3.4804381598974e-10 3.39268724225406e-10 4.88655338415356e-10 2.68412070347779e-10 2.73876255008076e-10 3.10571679484895e-10 3.09791081676281e-10
1.28115732023204e-07 3.30676944304553e-06 0.999976988267101 1 3.76423008319193e-08 5.43269083053133e-08 3.69411480294346e-08 3.97696050535856e-08 2.17571872074274e-07 5.5450432356885e-08 3.69630190899528e-08 3.73974669010124e-08 6.13159414353248e-08 6.0968451842669e-08 5.84008347237486e-08 3.56280840385637e-08 3.68502540704085e-08 3.63378473977605e-08 4.70385570494614e-08 3.58398065669618e-08 3.58681376821934e-08 3.56108166288394e-08 9.39404347644057e-08 3.90912100467489e-08 4.04359353778361e-08 4.63116390791996e-08 3.87144081237523e-08 3.55193934264975e-08 4.81162096832577e-08 4.16758494381497e-08
0.00163274357911003 0.951140754920297 1 0.999999999999988 0.000364498145179692 0.000170272820327111 9.66165018716492e-05 9.70048630760667e-05 0.000107790897087123 0.000213602304822813 9.9487628183792e-05 9.41108309343575e-05 0.000109632842011487 9.40187965725592e-05 0.000164418200447103 0.000101521679650052 0.000166066414670762 0.000102093863882824 0.000110448955480291 9.45445346419715e-05 0.000105619754082187 9.61256046531078e-05 9.87639892239267e-05 0.000110219782349819 0.000100447413900695 0.000102725844746576 0.000209416101608295 0.000121421564137081 0.00013124470281034 9.97655861028068e-05
0.000361279940073844 0.977566380892006 0.999999999999998 1 6.5353264476431e-05 7.96438097150354e-05 4.34717666325524e-05 4.23186474373116e-05 4.36327120343361e-05 4.87580238888174e-05 5.55335876079033e-05 4.23334621100224e-05 4.91207509959457e-05 7.95746187419732e-05 4.82242312302983e-05 4.46287083093466e-05 0.000110948605036909 7.34991184669909e-05 4.60537661481908e-05 4.84068041290975e-05 6.26617018519848e-05 4.21851471166246e-05 4.24657413647944e-05 4.65744723587846e-05 6.18363955707801e-05 4.68077721439419e-05 5.27903877511893e-05 9.1412310820993e-05 4.27751452821701e-05 4.37438227895992e-05
0 5.55111512312578e-16 0.999999999999996 1 0 0 0 0 0 0 0 0 0 0 0 0 0 0 0 0 0 0 0 0 0 0 0 0 0 0
0.00058133975526542 0.967458271461945 0.999999999971234 1 8.84394389255583e-05 7.36662931889454e-05 7.34406279853106e-05 8.11527870567819e-05 7.21819468904039e-05 7.82489851062218e-05 8.20868903694816e-05 8.31184409020302e-05 8.2910876884057e-05 8.11676498111424e-05 7.26685712406638e-05 7.74455166193677e-05 0.000119287889004838 7.0502034727804e-05 7.12401755215142e-05 8.39851782999945e-05 8.27723514561507e-05 7.05793327068216e-05 8.22820464541074e-05 7.21755530380674e-05 9.0046254557774e-05 9.33636584392605e-05 0.000125711016528807 7.05667792181286e-05 7.81590355166673e-05 7.24700109810961e-05
2.94787792509688e-07 0.999976890184641 0.9999999999997 1 4.13232759122195e-08 4.50511765670569e-08 5.73699048267429e-08 3.94212535947958e-08 3.84602528713529e-08 4.53582280623976e-08 4.05290795368884e-08 5.50311003433279e-08 3.89907588438376e-08 4.02060397197701e-08 3.843146023641e-08 4.32640692160646e-08 3.95661964303073e-08 3.98016445357641e-08 6.49208442560223e-08 1.19002335208229e-07 7.22965779464957e-08 3.85856180340483e-08 1.90321552961947e-07 3.99653143912104e-08 4.78724851982193e-08 3.97820708597507e-08 3.90110264092414e-08 1.06736959160081e-07 3.85365355182188e-08 3.98819413049978e-08
0.000616828264573543 0.969395864787448 0.999999999999998 1 6.46990336841125e-05 0.000133009992262845 0.000180903980490976 8.6256004162899e-05 5.09534186927674e-05 6.72328993014393e-05 7.38261544788177e-05 5.03164139978862e-05 0.000148933267017815 5.05433602262517e-05 5.00745935376745e-05 0.000236549739117686 8.54800815349721e-05 6.80358233275946e-05 5.26394295961019e-05 5.90566015250538e-05 0.000105738713796377 7.22943348205884e-05 0.000215654456632963 6.1855307395775e-05 5.13861842770247e-05 5.64779387967063e-05 9.82879335926778e-05 5.37429178367743e-05 6.97025158226117e-05 0.000130616666281336
0.000166170501081475 0.921539644205741 1 1 0.000214504487419442 0.000149768794898031 0.000168147479173264 0.00114637708279697 0.000147331735122269 0.000170918427366828 0.000146466397997425 0.000286739328283936 0.000829708630028292 0.000175423445210487 0.000391524774925545 0.000186115532800346 0.00014684832095857 0.000173741486080958 0.00065627224348952 0.000154941312836887 0.00015032656776659 0.000200684206676294 0.000196491191130632 0.000163335751771632 0.000160399024488167 0.000150351169326046 0.000162664669967616 0.000162363116508302 0.000146328574316956 0.000354070403263407
0 0 1 1 0 0 0 0 0 0 0 0 0 0 0 0 0 0 0 0 0 0 0 0 0 0 0 0 0 0
1.11399778290888e-12 0.999999999870888 1 1 7.73825448163734e-14 6.86117829218347e-14 4.87387907810444e-14 5.35127497869325e-14 4.66293670342566e-14 9.14823772291129e-14 1.35225164399344e-13 4.65183447317941e-14 4.80726569662693e-14 2.27484697745695e-13 4.88498130835069e-14 4.37427871702312e-14 7.14983627858601e-14 5.86197757002083e-14 8.8928864272475e-14 7.38298311375729e-14 6.23945339839338e-14 4.56301663120939e-14 1.52655665885959e-13 5.67323965583455e-14 5.28466159721575e-14 1.64201985342061e-13 4.5852210917019e-14 4.6296300126869e-14 4.59632332194815e-14 5.05151476204446e-14
2.49134046725885e-13 7.93809462606987e-13 0.999999999931488 1 6.99440505513849e-14 1.44884104713583e-13 9.38138455808257e-14 1.18238752122579e-13 9.11493103217254e-14 1.03583808197527e-13 7.49400541621981e-14 7.70494779089859e-14 9.30366894635881e-14 7.49400541621981e-14 7.01660951563099e-14 7.88258347483861e-14 7.04991620636974e-14 1.02584607475364e-13 7.0832228971085e-14 9.54791801177635e-14 7.13873404833976e-14 4.93605156748345e-13 8.5265128291212e-14 1.10800257857591e-13 8.78186412478499e-14 7.73825448163734e-14 6.98330282489223e-14 1.00142116821189e-13 7.41628980449605e-14 1.48214773787458e-13
4.54211584877129e-06 0.999042323378796 0.999998575575128 1 4.42089653607258e-06 1.16916491440522e-05 2.51236305492952e-06 3.76368990906428e-06 2.07248741435073e-06 1.82588409658457e-06 2.04104225121071e-06 1.81515281083566e-06 1.88665343725525e-06 1.88457419791899e-06 2.2758175156623e-06 5.98149887820476e-06 5.02089620546542e-06 5.6929417042717e-06 1.89923594373642e-06 1.84505157940773e-06 1.78952163965018e-06 2.22551596007481e-06 1.93591265484905e-06 1.81999926329723e-06 2.55419122463518e-06 2.87313483293694e-06 1.84853635964988e-06 2.08038255733456e-06 2.55419381134381e-06 2.11058734000957e-06
1.18793863634892e-14 5.18585174802411e-13 0.999999999993299 1 2.33146835171283e-15 2.22044604925031e-15 2.77555756156289e-15 2.22044604925031e-15 2.22044604925031e-15 2.44249065417534e-15 2.44249065417534e-15 2.66453525910038e-15 3.21964677141295e-15 2.99760216648792e-15 2.1094237467878e-15 2.22044604925031e-15 4.10782519111308e-15 2.22044604925031e-15 2.22044604925031e-15 2.1094237467878e-15 3.88578058618805e-15 2.77555756156289e-15 2.44249065417534e-15 3.33066907387547e-15 2.22044604925031e-15 2.88657986402541e-15 2.66453525910038e-15 2.22044604925031e-15 2.66453525910038e-15 4.44089209850063e-15
0 0 1 1 0 0 0 0 0 0 0 0 0 0 0 0 0 0 0 0 0 0 0 0 0 0 0 0 0 0
0 0 1 1 0 0 0 0 0 0 0 0 0 0 0 0 0 0 0 0 0 0 0 0 0 0 0 0 0 0
0.000238039654414046 0.988556186168052 1 1 1.16527611012662e-05 1.16037743659314e-05 2.07843049745415e-05 0.000113288940102541 1.32093050422277e-05 1.02365237709678e-05 1.02196771647467e-05 1.03686815819959e-05 1.16228125894846e-05 1.31516469080717e-05 1.22472156435238e-05 1.09818836512288e-05 1.01769379763361e-05 1.43467294168032e-05 9.61439070901182e-06 9.60467869970394e-06 1.1318474956723e-05 1.63686262353302e-05 7.93717354793388e-05 2.10904545202562e-05 1.74520473205098e-05 3.81504279800549e-05 1.02310340780454e-05 1.03123387723558e-05 1.66454175853925e-05 9.71400448124271e-06
0.0962918792414126 0.999975716189805 1 1 0.068616016054979 0.0689752086663152 0.0694025540523504 0.0881743501957358 0.0881716904968269 0.0707828225159867 0.0712117401851943 0.068456551958727 0.0727072331744179 0.0802364333904804 0.0739553312086334 0.0709005317599674 0.0698715387188307 0.0685524584951419 0.0684555091501918 0.0687552046346134 0.0841260269369072 0.0698022318974727 0.0684519711313768 0.0733029009912963 0.0827122451369543 0.0687765140328406 0.0685196857022973 0.0718697118466179 0.068623309417677 0.0751483624708867
1.12389358930542e-08 0.999999623679643 1 1 1.14035436649118e-09 6.97735536014932e-10 6.42198738631805e-10 5.30297250556089e-10 1.15212561713207e-09 1.02402597512707e-09 6.59034493644128e-10 5.86777071376332e-10 6.86638634839198e-10 5.21746312820426e-10 3.05863834260123e-09 7.39655003911821e-10 9.71687397210985e-10 6.15900996869811e-10 5.67415781027591e-10 1.0753564705368e-09 4.44740722027603e-09 5.19699949741437e-10 7.89738718864896e-10 5.7193727531768e-10 5.369342748196e-10 5.74316483259452e-10 5.89139625972734e-10 2.40998410117044e-09 6.85401513322859e-10 6.10485662022597e-10
0.000619366107325603 0.993275517908892 1 1 9.97509824229859e-06 1.54847024856908e-05 1.13664938202751e-05 1.05463929594984e-05 1.0324315995347e-05 2.07251951747089e-05 1.01373221824685e-05 1.0456679851889e-05 2.6437525800449e-05 1.51653062040458e-05 1.82580225476237e-05 1.04035536950819e-05 9.95184598751031e-06 1.41909532155315e-05 1.01409026102006e-05 0.000145513428386312 1.37705705538504e-05 1.0483467127842e-05 1.00426773133044e-05 1.71631101396619e-05 1.0279665889068e-05 1.01843591020501e-05 1.00327757018848e-05 1.00128698194979e-05 1.8259367060125e-05 1.11404490904521e-05
0.00125464585092694 0.924777867950923 1 1 8.08919200129266e-05 7.49080599206087e-05 7.75210369353685e-05 9.57438675371902e-05 9.14603821499105e-05 0.000207997326610476 9.57656732759604e-05 0.000290624257580641 0.000114090395523458 0.000124805899126224 0.000110965036094091 7.59364317666211e-05 8.63789205807208e-05 9.71309913230245e-05 0.000229853618422426 0.000198501507499449 8.00135806978686e-05 9.0598598387448e-05 7.86266586099149e-05 0.000126113422327045 0.00157170553490016 7.4815987226029e-05 7.56984148327922e-05 8.13681984260795e-05 0.00011222352935425 0.000131600235018792
8.52302487386325e-06 0.999861957554206 0.999999114924593 1 3.18749976746524e-07 2.83781176446674e-07 2.48135359370849e-07 2.82047019739551e-07 4.83437929132968e-07 2.45841993762319e-07 3.946560924728e-07 2.8848773780954e-07 2.68054282104302e-07 2.45798962184018e-07 3.00518636309199e-07 2.49468425694843e-07 3.47948735601733e-07 3.18289521739068e-07 2.601101634081e-07 3.37052603605059e-07 2.5056362762399e-07 2.61888713382064e-07 2.4031407275249e-07 2.58969377386897e-07 2.61260383993545e-07 2.46839129913745e-07 8.03983504882311e-07 2.44100351487475e-07 2.40405946483335e-07 7.3460435578987e-07
1.11022302462516e-16 3.33066907387547e-15 0.999999999999793 1 0 0 0 0 0 0 0 0 0 0 0 0 0 0 0 0 0 0 0 0 0 1.11022302462516e-16 0 0 0 0
9.83152936839815e-09 2.17366433741262e-08 0.999999878817471 1 1.03327457701141e-10 1.68506542053137e-10 1.31718191909158e-10 1.82758697064855e-10 1.70900182894229e-10 1.18283161043564e-10 1.24198207274162e-10 2.31489605262425e-10 9.38219502089055e-11 1.72712399937325e-10 9.40865163556737e-11 9.99135219004188e-11 9.51037026908352e-11 9.38058519750484e-11 9.4167007524959e-11 1.60239710389476e-10 1.4267798054135e-10 1.00987440632139e-10 1.08511311047721e-10 2.54128162957556e-10 1.43658196449792e-10 2.22209250999583e-10 9.35203026131148e-11 9.61841717384004e-11 9.49620382328931e-11 1.97591720763057e-10
6.9491160381574e-08 0.999999571124794 1 1 4.61216731473257e-10 4.97049623682244e-10 4.95506857767225e-10 4.54051574116932e-10 8.42199421313694e-10 8.47272696447021e-10 4.55704918245203e-10 7.73704655898655e-10 4.39926428619231e-10 4.35834368595067e-10 5.55864421158958e-09 1.02917974142969e-09 4.25999346909123e-10 5.5278970290118e-10 4.38057146112669e-10 4.16842116379712e-10 4.63087013180541e-10 6.24964746620549e-10 4.58434290528942e-10 4.47422765503802e-10 4.87763052170465e-10 5.6041404850049e-10 4.16022583049624e-09 5.17155984702811e-10 4.15595668989965e-10 4.20474655093983e-10
3.40836687984236e-07 0.999918002859961 0.999999981003915 1 5.40688812611378e-08 5.28748371753096e-08 6.46215887467605e-08 4.86366577012731e-08 6.57740411025287e-08 9.8858918717859e-08 4.86859431658715e-08 4.84888537100048e-08 5.7530479158352e-08 5.32480092241272e-08 4.96993957099789e-08 4.9521456491064e-08 6.84530756522861e-08 4.85610860412322e-08 6.48866080865673e-08 7.73670636444734e-08 1.22755749121239e-07 9.72415659106218e-08 4.9499018772714e-08 4.84405259237874e-08 4.8439677491352e-08 5.03259816042601e-08 4.90431548705317e-08 5.15126429290191e-08 5.3891249685023e-08 6.72074915719634e-08
6.72006452040463e-07 0.99972054695958 1 1 5.11709826400697e-07 4.12538704308574e-07 3.65743957675413e-07 1.05419842233445e-06 3.91364414764617e-07 4.84619623764004e-07 6.87701595669665e-07 3.73860343794163e-07 6.30306836946204e-07 4.52857515154115e-07 5.06790522436518e-07 7.2044179244557e-07 9.7089014261531e-07 1.15222665741932e-06 3.69026696644958e-07 3.72482230281967e-07 5.40403082505136e-07 5.80086479740061e-07 4.515987049869e-07 1.4894348404626e-06 3.65132894475373e-07 4.28037809196979e-07 1.04110664811419e-06 3.74187661189573e-07 4.29721437211761e-07 4.04022665878578e-07
0.000358568156026196 0.994120147785959 0.999999719487751 1 1.084994580558e-05 1.13401835446503e-05 1.70343794371197e-05 1.18840890225291e-05 3.36213167035915e-05 1.10829068739049e-05 2.98711658693884e-05 1.0842936467359e-05 1.09206840107623e-05 1.29735142755383e-05 1.31195488446423e-05 1.08937671339238e-05 1.11568826631769e-05 2.26691620057728e-05 1.47089333422112e-05 1.08490301546915e-05 1.21058735372825e-05 1.3336063216407e-05 1.08972711672095e-05 1.35685790656481e-05 1.56621347476849e-05 1.83368849021592e-05 1.15098815813841e-05 1.12343140872273e-05 3.54356422886948e-05 1.14658229617426e-05
1.40836782847042e-05 0.999875448804902 0.999999999996802 1 1.57374584808245e-07 1.55868622453426e-07 2.89991360036268e-07 1.55843738247619e-07 1.57357136654213e-07 2.07879790825594e-07 3.35124950900934e-07 1.90558337220814e-07 1.75069620134138e-07 1.85461581647672e-07 1.54628972959259e-07 2.75713272657185e-07 1.63969204880487e-07 1.58793548421521e-07 1.54549913311541e-07 3.04485998303683e-07 1.66516637811753e-07 1.81688990186224e-07 1.68786503218499e-07 1.5551594645391e-07 2.61281254076984e-07 2.03625464711976e-07 3.3494405593526e-07 2.48152169368687e-07 1.7069533342351e-07 1.78899480673955e-07
6.66133814775094e-16 2.18047802036381e-13 0.999999999997516 1 4.44089209850063e-16 5.55111512312578e-16 5.55111512312578e-16 4.44089209850063e-16 7.7715611723761e-16 4.44089209850063e-16 5.55111512312578e-16 8.88178419700125e-16 5.55111512312578e-16 4.44089209850063e-16 9.99200722162641e-16 4.44089209850063e-16 4.44089209850063e-16 4.44089209850063e-16 1.22124532708767e-15 9.99200722162641e-16 1.11022302462516e-15 5.55111512312578e-16 2.1094237467878e-15 4.44089209850063e-16 8.88178419700125e-16 5.55111512312578e-16 6.66133814775094e-16 5.55111512312578e-16 4.44089209850063e-16 4.44089209850063e-16
0.00282177595633515 0.985198634201553 1 1 0.000271840219006947 1.6841361093145e-05 1.59147930219872e-05 1.7305341918683e-05 1.78696001013057e-05 1.55064745636091e-05 2.02086978143834e-05 1.56388736565205e-05 1.73286322043831e-05 1.83253680455797e-05 1.58851987247521e-05 1.49852996048638e-05 5.8380013114534e-05 1.57755532331771e-05 4.7013813824881e-05 1.61009793762101e-05 1.50734086450388e-05 2.33400805543793e-05 1.63369165526728e-05 1.5379484558764e-05 1.49235956170557e-05 1.50789412328711e-05 3.02102967271178e-05 5.29807714151342e-05 2.6614505086231e-05 1.5213418590232e-05
0 0 0.999999999999972 1 0 0 0 0 0 0 0 0 0 0 0 0 0 0 0 0 0 0 0 0 0 0 0 0 0 0
0 0 1 1 0 0 0 0 0 0 0 0 0 0 0 0 0 0 0 0 0 0 0 0 0 0 0 0 0 0
0.000211557812661356 0.997600463169048 1 1 5.23419677356252e-06 3.86966692367263e-06 4.19101750548379e-06 4.30935628537021e-06 3.93015124355856e-06 8.08598157775453e-06 4.18726084494558e-06 4.15926532004729e-06 7.50009323513545e-06 1.59945821832652e-05 5.88336170692649e-06 5.40877526056249e-06 7.41830280559519e-06 4.88593065217646e-06 8.15847378354828e-06 7.9158230609222e-06 7.19475449195706e-06 5.61726829406695e-06 4.92042562305617e-06 4.00883201912006e-06 4.98763102707578e-06 3.94101942047254e-06 5.79768032404893e-06 5.29152619199724e-06 8.97760995777208e-06 3.92643655988678e-06
4.1761435609633e-07 0.999964512536144 1 1 4.24665035358984e-08 5.14440752219514e-08 3.60675104227326e-08 5.35914131960524e-08 4.56843011198416e-08 4.99455136138138e-08 4.1894446689561e-08 4.13394233289566e-08 4.64514556819395e-08 4.0781030663517e-08 3.8183012196491e-08 3.50305521257255e-08 3.67898584929804e-08 3.85202736374879e-08 4.77577275503904e-08 3.59623120171904e-08 5.22675513980886e-08 3.51547738697278e-08 9.72375377994439e-08 1.63487356097392e-07 6.60098841143153e-08 5.15327707173441e-08 3.69295731772468e-08 3.82234021101269e-08 3.63072322207003e-08 4.11789822241104e-08
0.00017220735565493 0.945549527311751 0.999999999999904 1 0.000153415153091974 0.000127461253196848 9.53632993402342e-05 9.25318782998286e-05 0.000118020290236331 0.000103614441283373 9.97356996071952e-05 0.000474677816211022 0.000101182097888119 0.00017295385611793 0.00104866773641143 9.31841095076491e-05 9.33562971557889e-05 0.000110798983744331 0.000104141653196499 0.000148051790632708 0.000273540464667876 0.000176612480569105 0.000223011443168164 0.000163506080365083 0.000118037678694782 9.41777234213514e-05 9.25062003593879e-05 0.000156443168294662 0.000140999206017955 0.000251502959240812
9.38138455808257e-14 1.72828418243398e-11 0.999999999969965 1 2.40918396343659e-14 1.75415237890775e-14 3.40838468559923e-14 1.11022302462516e-14 1.12132525487141e-14 2.42028619368284e-14 1.73194791841524e-14 1.43218770176645e-14 1.19904086659517e-14 1.12132525487141e-14 1.7430501486615e-14 1.12132525487141e-14 1.21014309684142e-14 1.31006316905768e-14 1.80966353013901e-14 3.85247389544929e-14 1.15463194561016e-14 1.11022302462516e-14 1.0991207943789e-14 1.0991207943789e-14 1.11022302462516e-14 1.3988810110277e-14 1.11022302462516e-14 1.0991207943789e-14 4.2632564145606e-14 1.27675647831893e-14
1.16838083585868e-06 0.999939942170621 0.999999999958207 1 1.21439646783017e-07 1.06046144976446e-07 2.68256458380023e-07 1.05220532953254e-07 1.07515637171041e-07 1.05516158921404e-07 1.69601760524607e-07 1.92144819499696e-07 1.19006099086327e-07 1.32820160869684e-07 1.06202527105914e-07 1.14073855694841e-07 1.06729188598109e-07 1.05822529183897e-07 1.39532529752628e-07 1.83109563067774e-07 1.04938630340889e-07 1.0484953094636e-07 1.20875197184844e-07 1.10503309280752e-07 1.07244923386318e-07 2.04191091257577e-07 1.23685582220645e-07 1.483030145355e-07 1.2322570297485e-07 2.66137358706509e-07
0.000346439262054465 0.942644276935079 0.999999975383353 1 0.000112254242774057 0.000145164286840749 0.000112900002535055 0.000123351079001965 0.000113291522871317 0.000124167318778401 0.000161809049453177 0.000112372264097882 0.000111977431617061 0.000139833094121689 0.000254879795984486 0.000112690487922729 0.000113634514720129 0.000116236259150471 0.000112191962462482 0.00016348880762973 0.000263600273882725 0.000186992813610898 0.000181075576589973 0.00025975169142689 0.000127496533627092 0.000122989042873223 0.000112105112614169 0.000347286422936355 0.000114839751457763 0.000113330108709508
1.77370795562126e-06 0.999717499737701 0.99999999997371 1 4.63147672657982e-07 4.70222354054251e-07 5.86460559337532e-07 1.45665078532531e-06 5.84743411025102e-07 6.10572370662865e-07 7.25549609947862e-07 7.4317336440366e-07 1.22055520690445e-06 5.00806051961789e-07 4.4657792086511e-07 4.46232536144286e-07 5.39436298740981e-07 4.46340367998843e-07 1.02330165985265e-06 6.45015307498831e-07 4.46321410829675e-07 4.55054196213389e-07 1.19101090911844e-06 4.87734490128844e-07 5.33633264132582e-07 5.64074058240216e-07 6.40409807295406e-07 7.32554217175441e-07 6.5792752912408e-07 4.63445024467823e-07
0.000264237742683138 0.981797069879381 1 1 3.35585862678567e-05 3.22544521994539e-05 2.848422424373e-05 2.66999434078707e-05 8.51106371628774e-05 2.87606823945463e-05 4.27418499923116e-05 0.00011149475851957 2.94160634199958e-05 2.70806092090847e-05 3.43636020273541e-05 3.9802561807134e-05 2.70587294022295e-05 2.65391197656895e-05 2.94530372052515e-05 3.37098627921639e-05 3.02033060560758e-05 6.95090013843602e-05 3.15054479822496e-05 2.70124188840315e-05 2.70001855489088e-05 5.75561952582682e-05 0.000143968963070118 5.75537091983547e-05 2.90494457236834e-05 3.17629994438517e-05
1.31854305251977e-10 1.99323668681473e-10 0.999999996789713 1 3.78486131324962e-12 2.08622008557313e-12 2.40640840587503e-12 2.09332551293073e-12 1.78052017574259e-11 2.2974955271593e-12 4.43989289777846e-12 2.07567296683919e-12 2.62800892159021e-12 2.1879165146288e-12 3.22142312825235e-12 2.05835348765504e-12 2.14073203608223e-12 2.25885976590234e-12 2.11202166866542e-11 2.32625030349709e-12 3.163247441762e-12 2.36377584172942e-12 3.2763791679713e-12 3.20199422532141e-12 7.59337037692376e-12 2.30038210702332e-12 2.11930473170696e-12 2.1032064978499e-12 2.32180941139859e-12 3.50464102183423e-12
0.00261605133291409 0.924512844105016 0.999999999999373 1 0.000216108388661373 0.000166959453401616 0.000167571461256122 0.00016168934813765 0.000168045833500052 0.000165145712892167 0.000162432811699587 0.000166590553801638 0.000314773758947395 0.000161994913348562 0.000273992628612829 0.000162427796357334 0.000161369361593056 0.000161317683353812 0.000288289291094923 0.000163664990989076 0.000161290945591142 0.000163097043274441 0.000161462482050845 0.000161289914426543 0.000194738287353502 0.000195790811132857 0.000198492164472763 0.000162996935043291 0.000162156271678038 0.000272137115249094
9.16435783926417e-08 0.999993038823179 1 1 7.86187959178619e-09 8.80532557978597e-09 7.86649922979166e-09 3.46031374665046e-08 7.79982876064622e-08 8.23555212914329e-09 3.17624498924474e-08 2.17361958432249e-08 1.78021305474729e-08 2.5021298144523e-08 7.86954745812807e-09 3.1615990825351e-08 4.07795713863734e-08 7.8440893780396e-09 9.26017873492668e-09 9.87648030026378e-09 2.17112606781811e-08 1.67494935698898e-08 9.6790452319695e-09 8.00061472627789e-09 8.14771805579539e-09 2.59581366401918e-08 1.00259983648598e-08 1.56007327056784e-08 1.06375378505774e-08 1.26349275486604e-08
1.21191098365614e-05 0.997514678004184 1 1 3.89268777023499e-06 3.92407920968285e-06 5.80458869198219e-05 4.28737587621075e-06 6.15002794512876e-06 8.49206909988576e-05 5.18256539017159e-06 8.29073762242949e-06 1.28243497781177e-05 4.17994559243073e-06 3.84977691814115e-06 4.91049213569017e-06 4.25279181104354e-06 3.83841835083221e-06 3.80498112961813e-06 4.94259928551788e-06 3.8602245281405e-06 4.60425385739871e-06 3.81452724995679e-06 3.81451306774583e-06 5.01726242885248e-06 3.88058377742695e-06 4.84642153075754e-06 7.65418901005344e-06 5.99910596565945e-06 4.05169961503749e-06
1.18980769853172e-05 0.999778741823818 0.999999815437002 1 3.74957144000376e-07 3.97501984217286e-07 5.34574316146674e-07 3.71510271546249e-07 4.35401331211338e-07 1.00373364420037e-06 4.19129921880312e-07 3.78826434221935e-07 5.13219857500857e-07 3.73962655952909e-07 3.83831864847473e-07 4.89958617899688e-07 3.78928305067028e-07 3.828168150255e-07 3.77713003762992e-07 3.73887743765344e-07 4.63375189885262e-07 3.9248706806827e-07 8.68008526166975e-07 8.06861107927048e-07 4.39747304237237e-07 3.75080533188132e-07 3.73450247725948e-07 5.0860363520755e-07 3.74031443151068e-07 1.52400966213495e-06
0 0 1 1 0 0 0 0 0 0 0 0 0 0 0 0 0 0 0 0 0 0 0 0 0 0 0 0 0 0
0 0 1 1 0 0 0 0 0 0 0 0 0 0 0 0 0 0 0 0 0 0 0 0 0 0 0 0 0 0
8.76243818026534e-05 0.965090418322644 1 1 1.95192993716065e-05 1.17528735951167e-05 1.29523177502255e-05 2.01310181870973e-05 1.27552522785068e-05 1.31402529166547e-05 1.73439620732019e-05 1.37142162272008e-05 1.13895264105546e-05 2.14273807540577e-05 1.7637834253792e-05 1.11393229258461e-05 8.16089962255573e-05 1.21968034323405e-05 1.15946773570075e-05 1.34039589237966e-05 1.11338799591021e-05 1.11913977318689e-05 1.11328398799682e-05 1.29617862079101e-05 1.32293616319501e-05 1.21354433202381e-05 1.13169705624472e-05 1.22641355784214e-05 1.11392095591967e-05 1.2491590402175e-05
9.79472059015052e-11 1.77526265909833e-08 0.99999994171198 1 8.46824832478887e-11 8.20173928772761e-11 6.06820149684495e-11 6.05456795810255e-11 2.44121944881215e-10 8.52631298897677e-11 6.73855415911362e-11 8.08824118792018e-11 6.7562400118959e-11 6.13472606048049e-11 7.69402319633627e-11 6.06638073108456e-11 9.27408150275255e-11 4.63415306128923e-10 7.28423987794713e-11 9.45038491906303e-11 6.04529759584693e-11 6.78153089239686e-11 6.41589004146681e-11 8.38307201433963e-11 7.25491888786678e-11 6.87911949626141e-11 7.30183691288744e-11 2.18792983730509e-10 6.29351015746238e-11 1.2252410197533e-10
5.41489075800428e-12 2.59413113212759e-09 0.999999989056654 1 5.47695222508082e-12 4.24000834442495e-11 5.2146065243619e-12 5.20361531641811e-12 6.61248833466743e-12 5.25446353094594e-12 5.52213830218307e-12 5.73452396679386e-12 5.77848879856901e-12 5.2092774538437e-12 5.45030687248982e-12 5.19873033510976e-12 5.23003862440419e-12 6.45461462056574e-12 5.23470156110761e-12 5.67135227669269e-12 5.58519896998178e-12 6.56352749928146e-12 5.47861755961776e-12 9.05830965791665e-12 8.42381719934338e-12 5.58975088438274e-12 6.66089405854109e-12 5.23081578052143e-12 5.86064530239128e-12 5.37903055430888e-12
5.47032620312748e-08 0.999963812195708 0.999999999999999 1 1.11718010398221e-08 3.01038411976151e-08 1.18966634321538e-08 1.42107631218025e-08 1.33861626228082e-08 2.71003706142636e-08 1.13498457299244e-08 1.09683464533106e-08 1.34740067991856e-08 2.03228387452015e-08 1.10289235522032e-08 1.10278121079332e-08 1.34004066731919e-08 2.44288320683239e-08 1.69069009903211e-08 1.12486117087585e-08 1.93949503124458e-08 1.93398991266136e-08 3.18575805735577e-08 4.97789129916271e-08 1.35487816521618e-08 1.15808290734876e-08 1.09594053832041e-08 3.18111486041772e-08 1.27043270348182e-08 1.25980055276642e-08
1.60771396195969e-12 3.00429712218886e-08 0.999999969120578 1 6.7301719752777e-13 2.57238674805649e-12 8.29891710907305e-13 1.04960484748062e-12 7.50066675436756e-13 2.4660273822974e-12 7.7982065249671e-13 7.57838236609132e-13 1.49547041417009e-12 1.55764290354909e-12 7.36855021443716e-13 6.7168492989822e-13 1.16917586723275e-12 6.70019595361282e-13 4.27411439574144e-11 6.78679334953358e-13 3.63176155815381e-12 6.52722320637622e-12 9.84656800540051e-13 7.66608998503671e-13 7.16315895488151e-13 6.7035266226867e-13 8.888445535149e-13 1.08502096196617e-12 6.89226453687297e-13 7.37965244468342e-13
9.33054820073664e-08 0.999996874614977 1 1 4.4970802637323e-09 4.4803629695167e-09 6.24582685571085e-09 3.52940265901935e-09 3.64368513139368e-09 5.71264024973317e-09 3.93443544410843e-09 3.53729634472444e-09 3.78867293093776e-09 3.67530783584868e-09 6.82354406311703e-09 3.612604326797e-09 1.05235041791829e-08 4.31937108302805e-09 1.92607669813327e-08 3.64000796171382e-09 3.74058184426929e-09 3.70493202783706e-09 3.85903520250253e-09 3.67982710969272e-09 5.34683916031398e-08 5.76526126838672e-09 5.6940623327506e-09 6.61274224267316e-09 3.71107378160929e-09 5.56609436319633e-09
0.12661667679328 0.836048511056935 1 1 2.11037535698955e-05 1.88552501035888e-05 2.6244341865489e-05 1.89637851436553e-05 3.35043614477781e-05 5.4832008947292e-05 1.87774035480537e-05 2.43571719070745e-05 0.000393026256712892 1.91568625508287e-05 1.90448161925261e-05 2.00773370866436e-05 2.20263489877359e-05 3.46187107328477e-05 1.90033540709011e-05 2.14793818708037e-05 3.84495548011454e-05 3.66670655687074e-05 2.41785227919067e-05 2.67390709828286e-05 1.9047393003957e-05 1.93397517098681e-05 2.05921477827165e-05 2.30302492876255e-05 2.01528361689629e-05 2.02882607481802e-05
7.96029908656237e-14 1.54193657841972e-10 0.999999999841298 1 3.10862446895044e-15 3.5527136788005e-15 7.32747196252603e-15 2.33146835171283e-15 2.22044604925031e-15 5.55111512312578e-15 4.32986979603811e-15 3.88578058618805e-15 5.10702591327572e-15 6.94999613415348e-13 1.86517468137026e-14 2.55351295663786e-15 2.44249065417534e-15 2.33146835171283e-15 2.33146835171283e-15 2.55351295663786e-15 2.66453525910038e-15 2.22044604925031e-15 2.22044604925031e-15 3.21964677141295e-15 2.66453525910038e-15 8.32667268468867e-15 3.66373598126302e-15 2.66453525910038e-15 2.22044604925031e-15 2.44249065417534e-15
0.0329888021412621 0.95848444327287 1 1 2.0940510017442e-05 1.67643095768666e-05 1.47234652446704e-05 1.48566685166385e-05 1.52200120853152e-05 1.38403825363786e-05 2.21841232799225e-05 2.4455322769068e-05 1.52453857418244e-05 1.44934055521517e-05 1.66900505546019e-05 1.4289032159609e-05 5.78949892364733e-05 1.86190560660382e-05 1.38303782089011e-05 2.97969498557205e-05 1.71974789482388e-05 1.38174257509061e-05 1.3830298156825e-05 2.62078260599985e-05 2.16677827850065e-05 2.9265243567278e-05 1.3812639147015e-05 1.51385435143148e-05 1.57762896346725e-05 1.79384091156809e-05
0.00104011651392011 0.942822500583709 1 1 0.000787885705430091 9.66555034964678e-05 0.000119799018772238 0.000116038812359776 9.59196917336147e-05 0.000118724784811453 9.55921874696841e-05 9.56287439356496e-05 9.566483419432e-05 0.000127462500003395 0.000240732330909377 0.000106654882117141 9.94831737245461e-05 0.000148722321179906 9.62787268692367e-05 9.77969291255931e-05 0.000135611717820394 0.00012644110317872 0.000158123795158116 0.000164503797669746 9.58143233891207e-05 0.000102242972645827 0.00013171800450551 0.000154639525848488 0.000100475429417934 9.57521960137653e-05
2.36015825771929e-08 1.59088775355531e-05 0.99997928227533 1 1.1803244936992e-08 9.60712720488033e-09 1.88700096659389e-08 2.04595529407214e-08 1.26933016320052e-08 9.84865977660121e-09 8.95746443685397e-09 9.08034736291086e-09 1.52348502702182e-08 1.5224934757363e-08 1.2190343068319e-08 1.12031324217554e-08 9.67531166295998e-09 1.11907970667957e-08 1.34833880727214e-08 1.11743643227413e-08 1.3676523136219e-08 8.87311413233505e-09 9.62460111608721e-09 1.58208364187118e-08 9.18432185859075e-09 1.40351058552923e-08 1.55823690617396e-08 8.88581908053965e-09 1.03375387139337e-08 9.26472054629812e-09
0 0 1 1 0 0 0 0 0 0 0 0 0 0 0 0 0 0 0 0 0 0 0 0 0 0 0 0 0 0
0 0 1 1 0 0 0 0 0 0 0 0 0 0 0 0 0 0 0 0 0 0 0 0 0 0 0 0 0 0
4.88498130835069e-15 2.95319324550292e-14 0.999999999999782 1 0 0 0 0 1.11022302462516e-16 0 0 1.11022302462516e-16 0 0 1.11022302462516e-16 0 0 0 5.55111512312578e-16 0 0 0 0 0 0 0 0 0 0 0
0 0 1 1 0 0 0 0 0 0 0 0 0 0 0 0 0 0 0 0 0 0 0 0 0 0 0 0 0 0
0.000164787610207773 0.989538418083878 1 1 2.78484353722908e-05 8.5665397107304e-05 1.62975432400625e-05 1.97700815285362e-05 1.77904219721414e-05 1.60013611983922e-05 2.41747044916751e-05 1.65988713042298e-05 1.64202178563055e-05 2.36846594487972e-05 1.71533409883962e-05 4.80687690923576e-05 2.08488075980062e-05 1.91229050768849e-05 1.61417280781784e-05 1.71214860309465e-05 0.000109695665962861 3.49967319591693e-05 4.6416479197342e-05 2.13592075725133e-05 4.01839543017202e-05 1.60061091625252e-05 1.70263352188282e-05 2.45897295612085e-05 1.61013551608358e-05 2.25007943857047e-05
2.54635264818059e-06 0.999995299528187 1 1 3.75739206415204e-09 1.45200873546969e-09 1.62354185651026e-09 1.45316236821458e-09 1.42037470673984e-09 1.46172207671214e-09 1.55629842346627e-09 1.59709423463994e-09 1.87825499597949e-09 3.19178072860637e-09 1.68340097417286e-09 1.50145251787137e-09 1.45373402204996e-09 1.78999182143258e-09 1.5515928541987e-09 1.43525225038132e-09 1.42147993376085e-09 2.71087841063888e-09 1.95786387102714e-09 7.0105190541625e-09 1.61373803209131e-09 1.42923983759147e-09 1.54741364166711e-09 1.70278580124972e-09 1.44092704434939e-09 3.987183472276e-09
1.84682374105849e-05 0.9995530305531 1 1 2.84432733144158e-07 2.865693367049e-07 4.53547405299126e-07 3.49762825480049e-07 2.74604192385119e-07 8.88535083620745e-07 3.52116630741861e-07 2.77387298575071e-07 5.68692752667133e-07 2.8328903978192e-07 3.01980366601562e-07 3.0741173251414e-07 3.08534738535649e-07 3.57528995964529e-07 2.82782282146066e-07 3.62480815807587e-07 5.01482742776282e-07 3.54165722415978e-07 2.76325750059314e-07 3.0140152029734e-07 2.77243463076005e-07 6.25577066593053e-07 7.33811472142243e-07 6.19211885322102e-07 4.36261645031522e-07 4.06411794329209e-07
0.000481029626800855 0.999475026576738 1 1 5.99510582288687e-08 5.74544216647155e-08 7.10819751947867e-08 2.3727339359958e-07 1.0943663053542e-07 1.00299288985362e-07 5.26945396206457e-08 5.01766752591948e-08 1.90982789582961e-07 5.19541628607456e-08 1.10084233506669e-07 4.19822624775357e-07 1.23749238412074e-07 5.00516427193176e-08 7.44417871789693e-08 1.43273621744378e-07 7.89251405342029e-08 5.68740674555812e-08 9.94986945057619e-08 5.24137147017711e-08 6.04597454323397e-08 5.12810049979606e-08 7.57432778719647e-08 5.00343358966759e-08 6.12742800942812e-08 2.18424141551488e-07
0.00261377121973649 0.967941844051151 1 1 4.69220955677807e-05 9.73598090276973e-05 5.11862471362923e-05 5.08021448470952e-05 4.49705129684785e-05 6.55447781964247e-05 6.64184409577828e-05 4.35072484037402e-05 4.64107764461819e-05 4.3675104524632e-05 4.80361829935383e-05 8.97243321981156e-05 4.36042497924394e-05 5.84440692562582e-05 4.4111561490312e-05 9.04190008358396e-05 4.65523152558545e-05 7.04087155191102e-05 0.000162873537621455 4.35483787396551e-05 4.54665637912299e-05 0.000100307821867651 6.17133068414599e-05 4.44950469209449e-05 4.36885010193233e-05 4.49349084364892e-05
7.90811860440499e-13 7.08311187480604e-12 0.999999999980063 1 1.13242748511766e-14 1.0991207943789e-14 1.27675647831893e-14 1.04360964314765e-14 1.22124532708767e-14 1.4210854715202e-14 1.04360964314765e-14 1.16573417585641e-14 1.17683640610267e-14 1.0769163338864e-14 1.0769163338864e-14 1.36557432028894e-14 1.0325074129014e-14 1.0325074129014e-14 4.30766533554561e-14 1.0547118733939e-14 1.37667655053519e-14 1.0325074129014e-14 2.55351295663786e-14 1.93178806284777e-14 1.0769163338864e-14 1.0325074129014e-14 3.54161144855425e-14 1.0325074129014e-14 1.04360964314765e-14 2.16493489801906e-14
0.0112661983088393 0.986721004044593 0.999999999930654 1 3.54765474297469e-06 5.88276516011454e-06 3.72385917468687e-06 3.6247406491885e-06 2.37971047667429e-06 2.72864692496544e-06 2.40614725310895e-06 2.41220193397673e-06 8.73768971221267e-06 3.53575452027854e-06 5.43074658765352e-06 2.37795788760042e-06 4.35975836743374e-06 2.44028426554799e-06 3.23201479568436e-06 2.65724679493484e-06 2.46516074986491e-06 2.44992212061756e-06 4.68900789196702e-06 2.37797891933234e-06 4.91180734329966e-06 2.37945734749001e-06 3.10154146221375e-06 2.42032086106292e-06 2.85617237694158e-06 4.60892228637544e-06
0 0 1 1 0 0 0 0 0 0 0 0 0 0 0 0 0 0 0 0 0 0 0 0 0 0 0 0 0 0
1.32117728620651e-05 0.996560213236451 1 1 4.6018113217805e-06 8.64095100228113e-06 4.71433046977943e-06 4.83098281933714e-06 4.41274740448083e-06 0.00016156493418229 7.54243524481168e-06 5.22170451966453e-06 5.96664579100015e-06 5.36009885931943e-06 5.36584266586093e-06 4.26261083807944e-06 7.60093856178035e-06 4.58472485931338e-06 4.49014038617079e-06 4.28614117287118e-06 4.90962650434579e-06 7.00996486069361e-06 6.54589356996471e-06 5.62541286464047e-06 5.9413448852963e-06 1.70278265978485e-05 9.09344647204158e-06 4.42754155349778e-06 4.26178059353965e-06 4.27626988397378e-06
2.79719583573534e-06 1.24841469791859e-05 0.998901525642484 1 2.33281273576136e-06 2.54691419110387e-06 2.33838527408103e-06 2.38381921191522e-06 2.55041643248965e-06 2.40665577733168e-06 2.32036137426395e-06 3.00487743831734e-06 2.66623801514765e-06 4.19549157038013e-06 2.3065932338584e-06 2.30112444521424e-06 2.71508529159359e-06 2.49436357313559e-06 2.91686925979473e-06 3.06404899197421e-06 2.60397541462787e-06 2.72098621068029e-06 2.702621105799e-06 3.07404109967102e-06 2.39186982886608e-06 2.95292113861034e-06 4.79833649114081e-06 2.91518709927274e-06 2.32521757104198e-06 4.58429290461915e-06
0 0 1 1 0 0 0 0 0 0 0 0 0 0 0 0 0 0 0 0 0 0 0 0 0 0 0 0 0 0
0.000128971430017999 0.994868783708413 1 1 1.40120379632513e-05 7.08596744414258e-06 2.09546212763811e-05 8.22772643316316e-06 7.47624013108794e-06 1.01595848033265e-05 3.28568673267915e-05 1.33669698522132e-05 1.54878093217015e-05 6.84513508086848e-06 9.89425731079407e-06 7.54227830801479e-06 7.49028369850802e-06 1.44232133135747e-05 7.50358790801986e-06 7.70925953963442e-06 1.29055214521667e-05 1.95278632250107e-05 6.96239314790237e-06 6.86006276817697e-06 1.15338633338569e-05 1.63399844513856e-05 3.2169459281195e-05 7.81233353019939e-06 6.92477245434198e-06 1.1429509014671e-05
2.56859219216476e-06 0.999077179634823 0.999999999999997 1 1.34115748562369e-06 1.23745257396557e-06 1.11605193886533e-06 1.29085591027422e-06 9.26268946321862e-07 3.05919117959963e-06 9.0362680060796e-07 9.15073296137159e-07 9.02199513874713e-07 9.05893121294632e-07 9.00260480385384e-07 9.71102483871e-07 5.93644780910729e-06 9.45468478175115e-07 1.17711524016961e-06 2.3788795182611e-06 2.38124420056662e-05 1.4798697147711e-06 9.74940927878087e-07 1.02075216723563e-06 4.15419582744381e-06 2.89164344302595e-06 9.01177411249954e-07 1.67809645379435e-06 9.43526102581416e-07 1.57606102979546e-06
8.88178419700125e-16 5.77315972805081e-15 0.999999999999995 0.999999999999635 4.44089209850063e-16 2.22044604925031e-16 2.22044604925031e-16 2.22044604925031e-16 3.33066907387547e-16 2.22044604925031e-16 2.22044604925031e-16 2.22044604925031e-16 2.22044604925031e-16 2.22044604925031e-16 1.11022302462516e-15 2.22044604925031e-16 3.33066907387547e-16 2.22044604925031e-16 2.22044604925031e-16 2.22044604925031e-16 2.22044604925031e-16 3.33066907387547e-16 2.22044604925031e-16 3.33066907387547e-16 2.22044604925031e-16 5.55111512312578e-16 2.22044604925031e-16 3.33066907387547e-16 2.22044604925031e-16 2.22044604925031e-16
0.00108312395690768 0.991072500716058 1 1 3.88911620654575e-05 1.46708564195963e-05 1.46291111436936e-05 1.48052501943718e-05 1.52157164365896e-05 2.36633437600275e-05 4.47375130503413e-05 1.5113676464007e-05 2.95498220814761e-05 2.23793536895389e-05 5.23895856417989e-05 1.90529463244271e-05 1.49257991545193e-05 1.46371278199053e-05 9.01830376230928e-05 1.47124814379174e-05 1.5021659601655e-05 2.03804677063602e-05 1.48694029905583e-05 1.47041054608943e-05 1.5246027905147e-05 1.53699523942619e-05 3.03934048838661e-05 2.63408817011701e-05 5.0211965711866e-05 1.80975050300125e-05
0.0060550062959015 0.992761203917658 1 1 1.3610185106705e-06 3.8451002604134e-06 1.49454596709564e-06 1.27420437945336e-06 1.36123286853529e-06 1.3428880695221e-06 1.30402686759901e-06 1.26109203202329e-06 5.38086790169423e-06 1.34677921559412e-06 1.31512982970428e-06 1.77728826300516e-06 1.27160082818989e-06 1.63312177203778e-06 1.65277456731783e-06 1.62725141261699e-06 1.2952115580056e-06 1.26823813713095e-05 2.35578690777061e-06 1.29677619919999e-06 1.36704957176548e-06 1.53030593585957e-06 1.39320806613608e-06 1.30190685987408e-06 1.60867806875409e-06 1.2759787004768e-06
6.6916425335739e-05 0.991278950091046 0.9999999999992 1 5.9151822183412e-05 1.58216715292481e-05 1.47467565395631e-05 2.8804112309988e-05 1.69922965109759e-05 1.49543317841117e-05 1.79439733547504e-05 1.96734676818355e-05 5.91932835530828e-05 2.67810487801778e-05 1.48460807721795e-05 1.57239673562737e-05 1.52816244184395e-05 1.49333040975197e-05 1.97662042168423e-05 1.60253417558209e-05 1.46857944953727e-05 1.54841259167871e-05 1.57329997078071e-05 1.49692818225411e-05 1.72844579097164e-05 3.05797965793886e-05 1.46930164710568e-05 1.51200691121955e-05 1.73059164946254e-05 2.59375915114823e-05
0.00032970514719699 0.98493083119661 0.999999999995018 1 2.51658108914032e-05 6.84316066592583e-05 2.5412198877639e-05 2.77312290468679e-05 2.57359614040942e-05 2.51269890227945e-05 3.09721605249447e-05 2.54514014413898e-05 3.21497785424896e-05 2.5531576923421e-05 2.5408201535404e-05 2.54909218104782e-05 2.58141580060656e-05 5.73735449898027e-05 2.57521274503736e-05 3.11559260399719e-05 2.93553477249686e-05 4.02774804165729e-05 3.43481275565383e-05 2.61913057302277e-05 4.03301012676938e-05 3.22118121881543e-05 3.25884043693714e-05 2.88742720924162e-05 3.00778882021957e-05 3.08875312077239e-05
3.90544910257029e-05 0.999453693119428 0.999999922533239 1 3.17400217642039e-06 3.81308460406515e-06 9.92694082269097e-07 2.05970159516955e-06 9.70009259804172e-07 1.02198805818077e-06 2.15567703987229e-06 1.35271540657733e-06 1.2062265414281e-06 9.53373695211646e-07 9.83815777622077e-07 1.15086804008957e-06 8.73855337979457e-07 8.6479671346229e-07 1.26253148979849e-06 4.27292718441219e-06 2.46618143928679e-06 9.82053382836412e-07 8.62981001104046e-07 9.31824209460252e-07 8.66061621862535e-07 1.41817703358527e-06 8.84161661440785e-07 9.14367226489965e-07 1.57553842716762e-06 2.57110315160514e-06
0.000736618036538128 0.969973149437619 0.999999999982599 1 9.44063094192593e-05 5.66497936709265e-05 6.39159947115608e-05 9.70488232528988e-05 6.56284554865216e-05 6.07949459917601e-05 5.71655724721509e-05 9.24828413279011e-05 5.97908211888987e-05 5.72605217582511e-05 6.42301101759779e-05 5.68297096894543e-05 5.69356196141735e-05 5.6584285043515e-05 5.6870770685058e-05 5.97758761738953e-05 6.60401557328605e-05 5.69167972194196e-05 5.92757939265054e-05 5.81944593925909e-05 6.67842510380101e-05 0.000106326077214836 6.05464344383133e-05 9.96403236271926e-05 5.9052541127258e-05 9.33004660220726e-05
0.000598266527784053 0.978211015485948 1 1 4.67002634557678e-05 4.50940546736778e-05 6.28612426553099e-05 5.82892130259749e-05 5.44802457229654e-05 4.68556759114502e-05 8.06964679750388e-05 4.50927745553331e-05 4.51549429455467e-05 5.95029493302146e-05 5.36707865690378e-05 4.59279309862337e-05 4.59292671128875e-05 4.5962790834464e-05 0.00012666782935844 4.7708749453812e-05 4.90921000999567e-05 4.7128891112691e-05 4.54524906660092e-05 4.51838802301152e-05 4.7381868855223e-05 6.29772501857806e-05 5.24669202442984e-05 8.60474893614738e-05 4.51186557143268e-05 0.000102587660756326
7.7715611723761e-16 0 0.999999999999999 1 0 0 0 0 0 0 0 0 0 0 0 0 0 0 0 0 0 0 0 0 0 0 0 0 0 0
0 0 1 1 0 0 0 0 0 0 0 0 0 0 0 0 0 0 0 0 0 0 0 0 0 0 0 0 0 0
3.79696274421804e-14 2.65343302885412e-14 0.999999999999352 1 5.55111512312578e-16 5.55111512312578e-16 5.55111512312578e-16 1.22124532708767e-15 4.44089209850063e-16 4.44089209850063e-16 4.44089209850063e-16 4.44089209850063e-16 4.44089209850063e-16 7.7715611723761e-16 6.66133814775094e-16 6.66133814775094e-16 8.88178419700125e-16 4.44089209850063e-16 8.88178419700125e-16 4.44089209850063e-16 7.7715611723761e-16 4.44089209850063e-16 4.44089209850063e-16 8.88178419700125e-16 4.44089209850063e-16 8.88178419700125e-16 5.55111512312578e-16 1.33226762955019e-15 4.44089209850063e-16 7.7715611723761e-16
6.18693984932861e-12 5.51698686734881e-11 0.999999999852441 1 1.20459198171829e-13 1.52988732793347e-13 5.21804821573824e-14 6.33937347060964e-14 4.27435864480685e-14 4.86277684785819e-14 4.48530101948563e-14 5.52891066263328e-14 3.83026943495679e-14 3.79696274421804e-14 3.80806497446429e-14 3.85247389544929e-14 3.81916720471054e-14 3.78586051397178e-14 3.81916720471054e-14 3.8746783559418e-14 6.3726801613484e-14 6.36157793110215e-14 4.41868763800812e-14 4.00790511889682e-14 3.79696274421804e-14 3.78586051397178e-14 5.09592368302947e-14 4.59632332194815e-14 3.80806497446429e-14 3.8968828164343e-14
0.0828561945368699 0.864081155098746 1 1 1.94700721974916e-05 9.59817379753147e-06 9.77292211001846e-06 1.06923726426178e-05 9.3959567695201e-06 1.62024187775334e-05 1.02666532033613e-05 2.83911171088391e-05 1.18858323633342e-05 0.00017181033627478 2.21199760259694e-05 9.49863730059786e-06 9.58351354141129e-06 0.00256036094482159 1.00082356906395e-05 9.32259383235046e-06 9.45234631277714e-06 9.7793455461348e-06 1.1110727982877e-05 2.1509825316568e-05 9.32340721049307e-06 9.36311760102448e-06 9.4414626663486e-06 9.37313302751264e-06 1.46194399931465e-05 9.42723269836687e-06
2.0127777459189e-06 0.999920225750028 0.999999999999998 1 1.45272970208943e-07 1.69521348181156e-07 1.88441359960656e-07 1.42454454010732e-07 1.37159878565996e-07 1.63668379626891e-07 1.4061264275167e-07 1.49798996873507e-07 1.42719607132413e-07 3.05041745862766e-07 1.37194630212001e-07 1.42715448236963e-07 1.48875027305984e-07 1.49450154807163e-07 1.38763545098897e-07 1.47056644528298e-07 1.91881271538463e-07 2.84116358439945e-07 1.37145933609695e-07 2.11487101497987e-07 1.3781729535367e-07 2.13691228156954e-07 1.39713433489064e-07 1.37555595580707e-07 1.37500362096254e-07 1.55578518179489e-07
7.49915871424145e-05 0.999556180716812 1 1 4.44935744470243e-07 4.66286448230768e-07 7.93942861232466e-07 4.95077522200127e-07 5.05798887107112e-07 4.56350965793995e-07 7.46232612924835e-07 4.37882029635794e-07 5.87875476520949e-07 4.71800506107733e-07 4.93872568618769e-07 7.54256500479222e-07 9.35259718781722e-07 4.37456800339575e-07 4.64209121808778e-07 4.45316606700885e-07 4.55121725195795e-07 4.39644331273747e-07 6.08340763097459e-07 5.10301045530959e-07 4.7148707027489e-07 8.60724644335953e-07 4.41162934183836e-07 5.18632071511149e-07 5.55393579015906e-07 5.86483696496387e-07
4.36730534902896e-06 0.999472743152773 1 1 7.71892390893925e-07 1.07949445871114e-06 7.92490822409953e-07 9.91422511642526e-07 1.29808263937825e-06 1.38902543334041e-06 7.73443979973365e-07 1.4432576220802e-06 8.06215878501604e-07 1.7528051980964e-06 8.77565123458268e-07 7.63557389871217e-07 1.07298557272539e-06 4.77246270735865e-06 1.11083237053222e-06 7.59798345573159e-07 1.23635425675062e-06 7.89670086320804e-07 7.6848497176929e-07 9.60406288053051e-07 7.51765356854506e-07 8.83380066651895e-07 3.80914731334947e-06 7.63874869358361e-07 8.41313812505184e-07 9.38689840856988e-07
0 1.11022302462516e-16 0.999999999999999 1 0 0 0 0 0 0 0 0 0 0 0 0 0 0 0 0 0 0 0 0 0 0 0 0 0 0
0.000420564061383466 0.929872966363348 1 1 0.000138918883141326 0.000180661083591271 0.000120563140234342 9.72109812293898e-05 0.000122151110579005 0.000102505452171942 0.000119293714334834 9.70758649158077e-05 9.86309767013749e-05 0.000349086857973968 9.68791492146348e-05 0.000226753850187555 0.000152584965454561 0.000157772882716234 0.000127878917408064 0.000141150223177289 0.000147115034564438 0.000107375190910086 0.000109723766412384 0.000206178813607405 0.000282853123937388 0.000105987816294117 0.000124237385904613 0.00046789510089873 9.71936620878244e-05 0.000102815550973356
1.83735404498675e-05 0.998856084827532 0.999999999999912 1 2.0117149133192e-06 1.96123416629224e-06 1.91135490534844e-06 3.90214299494929e-06 1.8799938802383e-06 2.79957871585079e-06 1.86383768796539e-06 1.86877214514158e-06 3.83110465174141e-06 2.03078466909368e-06 3.79771030933895e-06 1.86783462996498e-06 2.09934006500934e-06 2.14271980036873e-06 1.86319343986607e-06 3.68567803676889e-06 1.88154976910049e-06 1.8633789646838e-06 2.71860627032439e-06 6.66727389231347e-06 2.25061190051168e-06 2.08726556216732e-06 3.68627659819154e-06 1.89443253295618e-06 1.8749342286517e-06 1.95100663791248e-06
1.04689643953826e-07 0.999982152668946 1 1 3.16287949164717e-08 3.20676929455033e-08 4.23910612168399e-08 2.76330641701961e-08 2.58283714416052e-08 7.08940665061775e-08 3.55158112919085e-08 2.72115111554783e-08 5.79670643707786e-08 2.57670722536574e-08 2.57687330362799e-08 3.08464194187508e-08 2.63983561676895e-08 2.86248269532052e-08 2.88451743601925e-08 2.57317571694671e-08 2.7618630937809e-08 2.89193659019915e-08 5.14070211954376e-08 2.89619082050052e-08 2.7443042727171e-08 3.08266180359951e-08 2.69886867299007e-08 2.56820423816251e-08 4.72397101436428e-08 3.69364204777511e-08
0 0 1 1 0 0 0 0 0 0 0 0 0 0 0 0 0 0 0 0 0 0 0 0 0 0 0 0 0 0
5.33529308410774e-05 0.999305885297357 1 1 1.40219170718936e-07 1.50559711697973e-07 1.49555672290802e-07 1.91191780296585e-07 7.88487182878939e-07 1.35683304480771e-07 2.08875807872211e-07 1.60803410587107e-07 3.25858826588643e-07 2.00723895171784e-07 1.35378952048626e-07 1.47342093859137e-07 1.3772739160256e-07 1.62648905677187e-07 2.27349613246552e-07 1.36075211765174e-07 1.39614749983252e-07 2.03930463626989e-07 1.57618486928968e-07 1.57361733865713e-07 1.48026795154799e-07 1.35725709227152e-07 9.12835716904148e-07 1.61249751995385e-07 2.28071268937313e-06 2.74515539855358e-07
0 0 1 1 0 0 0 0 0 0 0 0 0 0 0 0 0 0 0 0 0 0 0 0 0 0 0 0 0 0
0 0 1 1 0 0 0 0 0 0 0 0 0 0 0 0 0 0 0 0 0 0 0 0 0 0 0 0 0 0
0 0 1 1 0 0 0 0 0 0 0 0 0 0 0 0 0 0 0 0 0 0 0 0 0 0 0 0 0 0
0 0 1 1 0 0 0 0 0 0 0 0 0 0 0 0 0 0 0 0 0 0 0 0 0 0 0 0 0 0
9.96413069012103e-05 0.990176065688994 1 1 1.84454091074482e-05 2.09006716062055e-05 2.03241140701582e-05 1.98096396548664e-05 2.29171896178881e-05 1.86683945023747e-05 2.04179898914969e-05 1.87609730171179e-05 2.04843786744124e-05 2.56779483949199e-05 1.91880090211205e-05 2.12113991100438e-05 2.59153331305662e-05 2.45602914203946e-05 2.52568788378094e-05 1.97331232436593e-05 2.05514008772001e-05 2.17022310149417e-05 2.23801387280176e-05 1.89681087269244e-05 3.34265165178316e-05 1.84732828101275e-05 1.91672893637973e-05 1.90325340623243e-05 1.88161039547108e-05 2.04035977455774e-05
0 0 1 1 0 0 0 0 0 0 0 0 0 0 0 0 0 0 0 0 0 0 0 0 0 0 0 0 0 0
0.0951718845722853 0.900921013347423 0.999999999999603 1 7.33678251207959e-06 8.57087930594691e-06 7.42023614752618e-06 6.70186654772031e-06 8.15300093182092e-06 6.65514800168854e-06 1.10111987535744e-05 7.01720070683809e-06 1.01907747726004e-05 9.28546098355465e-06 1.02947512282681e-05 7.21249639201726e-06 1.41184879575151e-05 1.25701434333658e-05 5.65340804309367e-05 1.7833050090621e-05 1.24609963439992e-05 9.33785186751912e-06 8.16437485429145e-06 6.78658009611866e-06 7.15534240636195e-06 6.72782934285632e-06 9.99875236262771e-06 9.42049368946041e-06 8.98836121487889e-06 2.81044766362593e-05
0 1.16573417585641e-14 0.999999999999476 1 0 1.11022302462516e-16 0 0 0 1.11022302462516e-16 0 0 0 0 0 1.11022302462516e-16 0 0 0 0 0 0 1.11022302462516e-16 0 0 0 0 0 0 0
0.0192563511814544 0.932975373456189 1 1 8.02780541243608e-05 6.49711183247081e-05 7.10610100400633e-05 6.34591884124402e-05 6.18733405517435e-05 7.18945230182566e-05 0.000147770806976699 6.35514248380487e-05 0.00246569853281819 0.000202577515111768 6.39770710998411e-05 6.2081518073076e-05 0.000112582356550206 0.00187873059117005 6.22262348626279e-05 7.02246832455788e-05 0.000122190089580365 0.000198754680396096 6.66104934999856e-05 8.41726759814865e-05 9.97242192878334e-05 6.19829445678288e-05 6.56987978611134e-05 6.55645199221233e-05 9.90331083141616e-05 8.00495879188512e-05
5.80941528216528e-09 2.06287843473874e-06 0.999996885792465 1 1.51034418305329e-09 1.50682188948537e-09 1.601217824998e-09 2.01707672786711e-09 1.85686921394534e-09 1.60508062396758e-09 1.59750068728925e-09 1.50945800303504e-09 2.03058658776456e-09 4.44847725322717e-09 1.52775414541395e-09 1.56961554864665e-09 1.52875145875697e-09 1.68808544920296e-09 1.51275281190522e-09 2.168530244262e-09 1.70302238977627e-09 2.42827291607739e-09 1.98509597648666e-09 1.88343751705844e-09 2.15004003489838e-09 1.83577564261128e-09 1.64996005747042e-09 1.5808260256378e-09 1.5223865501568e-09 2.05165573419208e-09
6.99546947036112e-08 0.999999481259082 1 1 8.60448823303273e-10 7.18580084324572e-10 6.51456333322642e-10 6.84657774918662e-10 6.61950716462911e-10 5.48448064741081e-10 5.13492248721548e-10 2.07532536711241e-08 5.2319149013158e-10 6.1855731647853e-10 5.68495583941342e-10 5.65809843422471e-10 5.51708678742102e-10 4.91937379720753e-10 5.59413770861994e-09 1.31278565795867e-09 7.04545644047982e-10 1.04766428865588e-09 4.90772089634106e-10 4.46288050959254e-09 7.66648966532557e-10 4.90786855600334e-10 6.07582095746295e-10 9.23216481041322e-09 1.24903565268397e-09 5.96445337563978e-10
1.31099986422356e-09 0.999999020703236 1 1 9.31380306212759e-10 1.04015474011732e-09 1.06981179470722e-09 7.2567141184976e-10 7.65110974576544e-10 7.0233863169733e-10 7.48552331231167e-10 7.16631198827145e-10 1.0107495951317e-09 7.21136039771864e-10 2.94222746166639e-09 2.17019591186585e-09 8.16653300539372e-10 7.01743663178434e-10 1.01050412482095e-09 9.21192122582681e-10 3.52929363511834e-09 2.85512591347015e-09 1.63180480239333e-09 7.08214487055159e-10 2.57192844799192e-09 9.37171451553809e-10 7.04075353574751e-10 1.16665921368053e-09 1.45944434315481e-09 6.71852072864354e-08
7.84619160199007e-07 0.999885733087218 1 1 2.90610843056704e-07 6.84833546871211e-07 1.57233010278368e-07 1.45073051349698e-07 3.62808540210757e-07 2.13474716570516e-06 1.53796436253018e-07 1.49601124932452e-07 1.45037860499464e-07 2.28944045499446e-07 2.18127354956188e-07 1.53542792591388e-07 2.91119399031814e-07 2.58236119154986e-06 1.44808022684018e-07 4.15900566319571e-07 1.48631986607306e-07 1.7371917937492e-07 1.75235515653682e-07 2.56974483581196e-07 1.50734730697266e-07 1.79270949085542e-07 1.95365620014876e-07 7.86242239203538e-07 1.45132515338986e-07 1.81995322146022e-07
0.855487566156256 0.99996610193531 1 1 0.000247576764988433 0.000198988580503823 0.000273288977452046 0.000186895039648971 0.000283818534730251 0.000191956926182235 0.000188368048480436 0.000225537791590069 0.00028532320778174 0.000209230483620093 0.000187514915258591 0.000180632172381734 0.000319187264613441 0.000702408114585884 0.000175971140136233 0.000184657044066894 0.000206979825841946 0.000186679842725246 0.000192498909143524 0.000212814029355135 0.000301992186497846 0.000376979081176398 0.000366922745108522 0.000181549130042424 0.00349028951219177 0.000259450531942429
8.52888571545307e-06 0.999519813549779 0.999999999724536 1 1.29133159887385e-06 7.90172049791593e-07 7.4057621080037e-07 1.38195153476239e-06 1.64684189929432e-06 1.09355357869045e-06 1.0962028376138e-06 7.41496967937572e-07 1.08924067065974e-06 1.19317101532346e-06 1.03695458375519e-06 7.97084964476724e-07 7.34132087787387e-07 9.33905882627428e-07 7.58731086958342e-07 7.51135628140887e-07 1.35783319410443e-06 8.4593551430423e-07 7.38904862185308e-07 7.84769213724168e-07 1.14132991335669e-06 7.22783416451378e-07 7.40133285659361e-07 7.65243341249722e-07 7.23479226971691e-07 7.24103081717331e-07
2.523760284312e-06 0.999501659909309 1 1 9.53132142211821e-07 7.89601938833151e-07 9.7895524397984e-07 8.02845094627358e-07 1.03897799608177e-06 7.45959604531166e-07 7.3376100462319e-07 1.02125148593313e-06 8.81708311695206e-07 9.0064178881466e-07 1.95019764548388e-06 8.46250412855909e-07 1.89757857205208e-06 6.95544714490737e-07 7.30867806830737e-07 7.01522537727151e-07 3.30813946047837e-06 7.77344215108222e-07 7.01617723919412e-07 1.73933851765895e-06 1.41727849689577e-06 9.66290521819957e-07 8.82687695602513e-07 8.7315730390447e-07 8.258684679463e-07 7.15967505171555e-07
1.54765089632747e-13 3.2112090764258e-11 0.999999999962407 1 1.4432899320127e-15 2.44249065417534e-15 1.33226762955019e-15 1.33226762955019e-15 1.55431223447522e-15 1.33226762955019e-15 6.77236045021345e-15 1.66533453693773e-15 3.65263375101677e-14 1.66533453693773e-15 3.10862446895044e-15 1.33226762955019e-15 1.55431223447522e-15 1.33226762955019e-15 6.60582699651968e-14 5.99520433297585e-15 1.33226762955019e-15 1.33226762955019e-15 6.77236045021345e-15 1.33226762955019e-15 3.10862446895044e-15 1.33226762955019e-15 1.33226762955019e-15 1.33226762955019e-15 2.77555756156289e-14 1.33226762955019e-15
2.32750949735738e-07 0.999995862115407 0.999999998070284 1 6.2047796900444e-09 6.35393282433228e-09 6.88712753493803e-09 8.055023537068e-09 6.47295639311096e-09 9.0636002036959e-09 1.4374542778306e-08 9.83972558987745e-09 1.20676081349913e-08 6.1218953240072e-09 6.1012467300614e-09 8.5146464323671e-09 4.19346812829957e-08 6.09474759549755e-09 1.05779116577054e-08 7.12095826749248e-09 6.17791084955854e-09 2.56024803579891e-08 1.39766684892351e-08 7.56230589260554e-09 1.03518884575493e-08 6.1235319037678e-09 7.46207529100928e-09 8.12230627200705e-09 8.16296052974508e-09 6.2494450725481e-09
8.39931876086553e-05 0.993092794579375 1 1 6.60476262792642e-06 8.07650136680493e-06 8.99708561286072e-06 9.69185468502332e-06 1.51791489262365e-05 1.02331821965063e-05 6.59301768413112e-06 7.34713469074944e-06 6.59492160659525e-06 6.59168130623389e-06 4.36073076328647e-05 3.70102284600327e-05 1.95212488788288e-05 1.16308529301001e-05 9.39558844570421e-06 8.06362388616755e-06 8.43670565142673e-06 6.59809257952393e-06 6.69354983118264e-06 6.67138821497382e-06 8.15349116090047e-06 7.53792623209293e-06 6.6489644567902e-06 6.59094912414115e-06 1.0453126813359e-05 6.64805345740316e-06
0 0 1 1 0 0 0 0 0 0 0 0 0 0 0 0 0 0 0 0 0 0 0 0 0 0 0 0 0 0
5.61601309948534e-05 0.973881670045236 1 1 4.88577132051748e-05 4.36592475153708e-05 4.53117453270702e-05 4.34052774197502e-05 5.15404578543821e-05 8.33840412214348e-05 4.64693198781729e-05 4.37594169445665e-05 6.26930677748438e-05 0.000121148621453848 4.7751014447095e-05 0.000143556489624275 4.80025485597446e-05 5.01623082471703e-05 4.34144732593955e-05 4.44204041291085e-05 4.36845911383488e-05 4.44038738774966e-05 6.91615861299066e-05 5.94336962268516e-05 5.4992579037294e-05 5.8822036591244e-05 5.47045601247964e-05 4.46234892227393e-05 6.59514797998195e-05 4.43281548857533e-05
3.65221418582307e-05 0.99909844627843 1 1 1.46036699977259e-06 1.27735741872748e-06 1.22897384491338e-06 1.85056184742738e-06 1.21345956227703e-06 1.20763753697073e-06 1.41986958879237e-06 3.45722716788011e-06 1.48312538028605e-06 1.43773165239836e-06 1.27373678171505e-06 1.37331309424393e-06 2.77533199610769e-06 1.42941092196036e-06 1.20285356719485e-06 1.26537228928303e-06 1.25894803792992e-06 1.22312113404188e-06 2.91601412605313e-06 1.57894588970198e-06 1.29283100802624e-06 1.22071011265934e-06 1.33808674429581e-06 1.36225999636252e-06 1.67606046275193e-06 1.25087188107553e-06
0.000391116714236972 0.9398756009825 1 1 0.000239027443081352 0.000118642211221154 0.000230697808372482 0.000113596189183718 0.000138075044603392 0.000117023747294498 0.000113689235189285 0.000245736865999269 0.000143970572999863 0.000117058924662961 0.000164922129166301 0.000139470121322094 0.000120475990947555 0.000265700845383243 0.000116195164843291 0.00016618594949136 0.000116073469236588 0.000558643779816403 0.000212850384611274 0.000113608896679329 0.000175738695778582 0.000122908568660485 0.000142955032314318 0.000131490803857326 0.000114808369684472 0.000114061596882431
1.33093282617125e-07 0.99999791880534 0.999998419627022 1 6.11294248553662e-09 5.77666914303165e-09 9.21068277204284e-09 3.79958697838134e-09 3.91516097320022e-09 9.75177383288894e-09 7.19060022635887e-09 4.7887794840662e-09 3.7966093602293e-09 4.53765491847946e-09 3.87646426069921e-09 3.80790199372427e-09 5.11557052274014e-09 1.72532657050084e-08 4.28224833370905e-09 4.42251046894881e-09 4.0193514072584e-09 4.68224325977928e-09 5.52131995679161e-09 3.7849686718161e-09 4.35193892034391e-09 6.89939538833784e-09 4.79936801411895e-09 1.5036301204141e-08 1.06194393278969e-08 3.88021004216199e-09
2.68026388117182e-06 0.998546464833115 0.999999999999834 1 2.15098936973135e-06 2.1622826995582e-06 2.34189840297994e-06 2.12997414761329e-06 2.19476023366472e-06 1.66740819258493e-05 2.22338011812706e-06 2.1612509846225e-06 2.71870340529112e-06 3.01611593733764e-06 2.69792450546813e-06 2.40734883283356e-06 2.38064941149307e-06 2.93958795105631e-06 3.28286886919216e-06 3.00498723537768e-06 2.22755393564089e-06 3.9625834185042e-06 3.27395538290975e-06 2.3148590422295e-06 2.1336190131338e-06 2.14434158207766e-06 2.12428369128492e-06 2.95700294405954e-06 4.01233308111593e-06 2.12444650071753e-06
4.4730276438365e-07 0.999989762305774 1 1 2.38733977031558e-09 4.25250723523618e-09 1.05855402221522e-09 1.12343179203833e-09 1.33412236813513e-09 8.68623273309055e-09 2.05940953179606e-09 1.89666227168317e-09 1.22886500975028e-09 1.06026909474366e-09 1.25314159049594e-09 1.08417097521851e-09 1.98127814154958e-09 1.07757225364935e-09 1.07264419568764e-09 2.05248795737134e-09 1.89111737380898e-09 1.06732278570831e-09 1.05722486321014e-09 1.30843103018918e-09 2.29487684411112e-09 1.11954123749314e-09 1.22469512309209e-09 1.46243539500546e-09 1.07892617062788e-09 1.18012255523325e-09
3.02163849497106e-10 1.63189084467774e-09 0.999999993994417 1 8.21309686926952e-12 5.14921438821148e-12 1.33160149573541e-11 9.73410241300598e-12 6.04771788204062e-12 1.64860347595663e-11 1.09561248962109e-11 8.67161897843971e-12 7.65054686269195e-12 4.57833770894922e-12 6.33848529218994e-12 4.56434889883894e-12 4.73410199930413e-12 4.6438408674021e-12 6.00397509487038e-12 1.09443565321499e-11 5.15221199037796e-12 4.77040629220937e-12 7.11497527561278e-12 8.28392909824061e-12 5.75162140137309e-12 7.41440242535418e-12 4.63462601629772e-12 4.92605956026182e-12 4.71411798486088e-12 6.92024215709353e-12
2.86460396514698e-08 0.999997411544212 0.99999999963847 1 3.83518961033502e-09 3.80213316386602e-09 4.45677017513191e-09 3.71087316430874e-09 4.56223481215545e-09 7.38132721611606e-09 5.58286317176027e-09 3.7266465469088e-09 6.25019569433505e-09 6.33101926439394e-09 4.5956988214968e-09 3.91529386689626e-09 1.6775760558474e-08 3.90187637755446e-09 1.24225599806849e-08 4.10406852946466e-09 6.97710178521049e-09 4.83570028464442e-09 5.97136506907958e-09 3.71594721659818e-09 3.75881969993941e-09 4.46190984160211e-09 4.52426951458307e-09 3.72637765089223e-09 7.90532084238293e-09 4.10782985404978e-09
5.55111512312578e-16 9.14823772291129e-14 0.999999999999786 1 0 0 0 0 0 0 0 0 0 0 1.11022302462516e-16 0 0 0 1.11022302462516e-16 0 0 0 0 0 0 0 0 0 0 0
6.47323236036002e-06 0.999381458720973 0.999999999997535 1 5.85148728471374e-07 1.15731400485153e-06 5.78974205911464e-07 5.63462629998845e-07 5.55196479123943e-07 5.38792314763725e-07 9.85795366670317e-07 6.68562044392473e-07 5.21228903482829e-07 6.79351250587601e-07 5.58178053555736e-07 7.78233318232679e-07 6.82910902827238e-07 5.43092875449069e-07 2.38545444664062e-06 5.21993694602152e-07 6.15908652079611e-07 7.69791800636632e-07 1.39414923849834e-06 6.03015488542802e-07 5.97990700290651e-07 7.32792594604348e-07 5.5116273511846e-07 2.15529285130245e-06 5.90699980151932e-07 5.79895490959714e-07
0 0 1 1 0 0 0 0 0 0 0 0 0 0 0 0 0 0 0 0 0 0 0 0 0 0 0 0 0 0
4.8997472745782e-11 2.26174440287608e-08 0.999999902215112 1 4.00538491263092e-11 4.1464054412188e-11 3.54396512136645e-11 3.57772700354531e-11 3.42103012584971e-11 1.46207601581239e-10 7.8411499515596e-11 4.37846425782595e-11 3.41631167799505e-11 3.87602172580159e-11 3.57679441620462e-11 5.09462361186763e-10 7.08857417208719e-11 3.58988394566495e-11 4.53654891430233e-11 3.58447715953503e-11 5.39548405953383e-11 1.08105857599128e-10 3.95437016464939e-11 3.76448872074775e-11 5.10008701937181e-11 3.81378262304111e-11 3.83592047015213e-11 3.91003895927611e-11 6.20732354406073e-11 8.45480352396066e-11
5.34794430961938e-13 1.33892896769794e-13 0.999999999998364 1 2.22044604925031e-16 2.22044604925031e-16 8.88178419700125e-16 2.22044604925031e-16 2.22044604925031e-16 2.22044604925031e-16 2.22044604925031e-16 2.22044604925031e-16 4.44089209850063e-16 2.22044604925031e-16 2.22044604925031e-16 2.22044604925031e-16 2.22044604925031e-16 6.66133814775094e-16 2.22044604925031e-16 2.22044604925031e-16 2.22044604925031e-16 3.33066907387547e-16 5.6621374255883e-15 2.22044604925031e-16 2.22044604925031e-16 2.22044604925031e-16 3.33066907387547e-16 1.77635683940025e-15 2.22044604925031e-16 7.7715611723761e-16
8.43769498715119e-15 3.79696274421804e-14 0.999999999996147 1 3.5527136788005e-15 3.77475828372553e-15 3.88578058618805e-15 3.66373598126302e-15 3.66373598126302e-15 4.66293670342566e-15 4.21884749357559e-15 3.66373598126302e-15 4.66293670342566e-15 1.56541446472147e-14 2.25375273998907e-14 3.88578058618805e-15 3.5527136788005e-15 4.21884749357559e-15 3.77475828372553e-15 3.5527136788005e-15 5.99520433297585e-15 4.44089209850063e-15 4.88498130835069e-15 3.5527136788005e-15 5.99520433297585e-15 4.32986979603811e-15 7.43849426498855e-15 4.77395900588817e-15 1.22124532708767e-14 5.99520433297585e-15
1.21371637462619e-06 0.999998058317728 1 1 1.64449542872092e-09 1.18696508177862e-09 9.32894983485255e-10 9.6663943516262e-10 9.30716392844033e-10 9.7671681853484e-10 9.05290953312488e-10 1.01922470463478e-09 9.18452203180209e-10 8.77530159648643e-10 1.53270818259443e-09 8.77590666803485e-10 2.36335422343359e-08 1.00078390019576e-09 8.95955643009927e-10 1.13904952137034e-09 1.14292719732845e-09 8.81850925615879e-10 8.71207883612612e-10 1.71962177830665e-09 9.5711527592357e-10 8.79388117880353e-10 8.71677729996634e-10 9.17690368140711e-10 1.5081399462602e-09 8.63099169912118e-09
5.23713383770996e-09 1.4239174617181e-07 0.999999396923362 1 7.79892372904101e-10 7.30209892552125e-10 1.36911182391231e-09 6.62182642052755e-10 6.75006495143293e-10 3.62199847891986e-09 6.5716354580303e-10 7.93973775614631e-10 6.87895629347679e-10 1.33621902431713e-09 7.31062876901944e-10 7.59624474433451e-10 7.01610325393176e-10 6.78739064952083e-10 1.40701517103992e-09 6.73188393918167e-10 6.57658372205105e-10 6.80760892102228e-10 8.90012730181411e-10 6.82268908036576e-10 7.35564498199892e-10 1.07982345287638e-09 6.61674492974385e-10 6.68080368804169e-10 7.2784089866218e-10 1.00819985693335e-09
1.28301547164256e-09 0.999999998346663 0.999999998627525 1 1.39555034195382e-13 8.12683254025615e-14 7.40518757424979e-14 7.50510764646606e-14 6.55697718343617e-13 7.43849426498855e-14 7.40518757424979e-14 1.06692432666478e-13 1.68642877440561e-13 9.31477117660506e-14 1.8052226380405e-13 1.17350573702879e-13 7.64943663966733e-14 2.66009436700188e-13 7.69384556065233e-14 8.23785484271866e-14 7.56061879769732e-14 1.47881706880071e-13 7.4718009557273e-14 7.52731210695856e-14 1.02695629777827e-13 8.69304628281498e-14 1.17239551400417e-13 1.17683640610267e-13 1.55764290354909e-13 9.27036225562006e-14
