1.35826598512967e-06 0.999531329009777 0.999999998480233 1 2.28721147366162e-06 7.70169480301952e-07 1.08691135491945e-06 1.58387139370664e-06 8.28206964342826e-07 8.14387631442592e-07 7.63868468589557e-07 9.67539953822261e-07 1.07738304311322e-06 1.07610199873154e-06 9.54919410323107e-07 7.86699330013185e-07 7.89886003049745e-07 1.33841764571319e-06 7.59355123669536e-07 7.76317635731161e-07 3.34622226061398e-06 2.15016343130259e-06 8.25450981456477e-07 7.61276862326632e-07 8.43733654165568e-07 1.53797095414632e-06 8.33118653731368e-07 8.12434371000315e-07 1.30265580622346e-06 7.59499548474984e-07
0.000384288328542426 0.990279212205468 1 1 1.65122587927335e-05 1.45712966682643e-05 1.43188841414954e-05 1.43527791127696e-05 1.45374939234388e-05 4.47908642181583e-05 1.82710417208076e-05 1.91709252146399e-05 1.75464766507538e-05 1.6159265557647e-05 2.13566873932258e-05 2.13551869177042e-05 1.65493447423781e-05 2.15015844269306e-05 1.45666906048447e-05 1.43311614638764e-05 0.00129511683963424 1.58802163778837e-05 1.72838770801098e-05 1.73699723901022e-05 2.17126532076062e-05 3.87550567241268e-05 1.49026356035531e-05 1.55390464078309e-05 1.46254140152013e-05 1.43413430764294e-05
7.7715611723761e-16 4.05231403988182e-14 0.999999999999873 1 3.33066907387547e-16 1.11022302462516e-16 1.11022302462516e-16 1.11022302462516e-16 1.11022302462516e-16 2.22044604925031e-16 4.44089209850063e-16 1.11022302462516e-16 1.11022302462516e-16 1.11022302462516e-16 1.11022302462516e-16 1.11022302462516e-16 1.11022302462516e-16 1.11022302462516e-16 1.11022302462516e-16 1.11022302462516e-16 1.11022302462516e-16 1.11022302462516e-16 1.11022302462516e-16 6.66133814775094e-16 2.22044604925031e-16 1.11022302462516e-16 1.11022302462516e-16 2.22044604925031e-16 2.22044604925031e-16 1.11022302462516e-16
1.22124532708767e-15 3.26405569239796e-14 0.999999999999606 1 6.66133814775094e-16 1.66533453693773e-15 5.55111512312578e-16 5.55111512312578e-16 5.55111512312578e-16 5.55111512312578e-16 6.66133814775094e-16 5.55111512312578e-16 6.66133814775094e-16 5.55111512312578e-16 6.66133814775094e-16 5.55111512312578e-16 5.55111512312578e-16 4.88498130835069e-15 5.55111512312578e-16 5.55111512312578e-16 5.55111512312578e-16 7.7715611723761e-16 5.55111512312578e-16 8.88178419700125e-16 5.55111512312578e-16 5.55111512312578e-16 5.55111512312578e-16 5.55111512312578e-16 5.55111512312578e-16 6.66133814775094e-16
1.32528254871422e-05 0.999945137658844 0.999999999999993 1 5.43750779957719e-08 6.5742696730986e-08 5.43802167740637e-08 5.4507045765817e-08 5.47386779237158e-08 5.88968637194043e-08 1.39249414110587e-07 5.65417754838649e-08 5.43708111866437e-08 5.46968788039948e-08 1.16008436856774e-07 1.47442986264679e-07 1.26645063769359e-07 5.59243801268039e-08 6.63084566143723e-08 5.57205226403568e-08 8.32230323544181e-08 6.95344205547954e-08 5.45518183958649e-08 6.88237201673658e-08 1.02944151425532e-07 5.47811380702257e-08 8.38215244991503e-08 5.55784361866429e-08 5.64344048159526e-08 5.46925800204434e-08
0 0 1 1 0 0 0 0 0 0 0 0 0 0 0 0 0 0 0 0 0 0 0 0 0 0 0 0 0 0
0.000229391132796519 0.991123521008603 1 1 2.36254729488738e-05 2.05169277112116e-05 1.72478796658382e-05 1.85211153700404e-05 4.06229818841197e-05 2.0860250268262e-05 6.06291321639807e-05 1.78805963655382e-05 4.38141632065348e-05 1.9554482544426e-05 2.75210882828558e-05 2.04642682479772e-05 2.83903805072816e-05 1.73547013605502e-05 1.71891122326961e-05 1.89006308516371e-05 2.14555853152998e-05 1.71906468393601e-05 1.86629753240464e-05 1.90584387073089e-05 1.83602743122346e-05 1.88863699118746e-05 1.91353035126074e-05 1.91337067522168e-05 1.82710605435288e-05 3.83876369939307e-05
0.00014217439004871 0.999505888765122 1 1 7.03863451856357e-07 5.41650472474231e-07 5.12299290322815e-07 6.00700266084608e-07 7.23358515086758e-07 5.69507834446981e-07 5.74945074216515e-07 7.6674116611386e-07 6.4587107262426e-07 8.23386708592722e-07 5.11009043635546e-07 2.23087777229125e-06 5.8108049916239e-07 6.94966950653964e-07 5.21745054937739e-07 2.01616749504474e-05 5.0950997532162e-07 1.32457926771412e-06 5.56450943878239e-07 5.76945428543141e-07 1.60385221581461e-06 6.39111267242143e-07 5.54674276842526e-07 2.11726027887771e-06 7.68274362239474e-07 6.1368722714672e-07
0 0 1 1 0 0 0 0 0 0 0 0 0 0 0 0 0 0 0 0 0 0 0 0 0 0 0 0 0 0
1.11288018689315e-07 0.999950512960352 0.999999999999957 1 1.19579272372938e-07 7.90139739192952e-08 3.61158793094063e-07 8.01904374014839e-08 9.43826810040349e-08 8.62936265777492e-08 1.74615227499508e-07 7.65557052195831e-08 1.39731340276228e-07 1.12814793284954e-07 7.30663914927376e-08 1.35807510459607e-07 8.69217283705481e-08 1.16060729693501e-07 9.57992157823995e-08 1.00799981472832e-07 1.12140399743943e-07 9.15967437453702e-08 8.62727324024704e-08 1.26136429967616e-07 7.65983498851597e-08 8.20744182616906e-08 9.90696670255531e-08 1.10922791285439e-07 8.98266662163749e-08 7.22492973226352e-08
2.57114225199473e-06 0.999975530915473 1 1 8.59505991934739e-08 3.18440616098314e-08 4.19327288447846e-08 1.01618900183453e-07 3.98726986983178e-08 4.50152322195585e-07 3.51518640862025e-08 3.01441908101552e-08 3.02571779853267e-08 5.60255444259639e-08 2.99809991277655e-08 7.66342972413625e-08 3.55652416406116e-08 5.70065392668795e-08 3.24155781106228e-08 5.85639544636862e-08 4.02539355182086e-08 3.1365647634729e-08 1.10557372812181e-07 2.99537367132174e-08 3.11627740279263e-08 3.26066074141096e-08 3.99766947323243e-08 4.26214137316805e-08 2.98609889037849e-08 4.43735405419865e-07
0.000551341726370169 0.00655637292790223 0.97579995185001 1 3.84149595575867e-05 3.93736726309601e-05 5.81662414883555e-05 3.8042505121072e-05 5.12562559688012e-05 4.14260774573849e-05 4.25327525672703e-05 3.90084804101631e-05 3.95647281153932e-05 3.83977611720931e-05 7.5151966790088e-05 5.60125321649174e-05 3.80552051116867e-05 5.54836462364205e-05 4.60720705424134e-05 0.000110784520763185 3.89569288062885e-05 3.99246301956424e-05 3.83701164442529e-05 3.94675520839494e-05 3.84561455178956e-05 3.82559229697987e-05 4.05597297744587e-05 6.31609964103497e-05 5.56008173929756e-05 4.58381754001591e-05
1.92141857979777e-11 0.99999999853156 1 1 7.60347340644785e-12 2.41739961381882e-12 1.81554771216952e-12 9.40136857252583e-12 5.52569101586187e-12 9.63229496164786e-12 1.80888637402177e-12 5.97399907320550e-12 1.82698300932316e-12 1.87772020154853e-12 7.0119798856183e-11 2.74646971831771e-12 1.81021864165132e-12 5.08226793982658e-12 1.84885440290827e-12 2.74702482983002e-12 1.85407245112401e-12 3.29924976227858e-12 1.84674497916149e-12 1.83419945898322e-12 1.96187510681511e-12 2.92343926844296e-12 1.81576975677444e-12 1.8286483438601e-12 3.13060688483802e-12 2.08566497406082e-12
0.000551005080969724 0.972126919776317 0.999999999999195 1 7.25000687290533e-05 5.51718216069697e-05 5.32841932084915e-05 5.32234098015172e-05 6.59426165945387e-05 7.32756454060457e-05 6.05451285918823e-05 5.52729673523045e-05 5.32312384023959e-05 5.55251887134345e-05 6.40840551289212e-05 5.51442732680263e-05 0.000258523741057948 0.000237555663615829 5.54589532197891e-05 6.71778590297656e-05 5.69222603769015e-05 5.36751604313102e-05 5.41961297628735e-05 0.000130634661746343 5.82557895569824e-05 0.000116498294519762 0.000191242667626379 6.56503826064192e-05 0.000161283990210315 6.47391054918733e-05
1.4202826115195e-07 0.999991516853111 1 1 1.57442824333387e-08 1.61760581596226e-08 2.4251741503889e-08 1.76753337521873e-08 3.59285970974454e-08 2.30785336396977e-08 6.49511818773263e-08 5.02946021496697e-08 1.85817409237288e-08 1.86691844206166e-08 1.57443955650649e-08 1.09075960041949e-07 1.7613826619467e-08 3.84525333796404e-08 1.64858585671723e-08 1.76759782366531e-08 1.62224513822196e-08 1.57274846479538e-08 2.15399240666159e-08 2.79983261020078e-08 8.42672677192624e-08 2.04564193362344e-08 1.77723766814353e-08 2.25980856249919e-08 2.13822400896291e-08 3.72812855031768e-08
3.26357447733017e-08 8.57427575606806e-08 0.999994783346578 1 9.78071468260566e-09 6.96356161622447e-09 9.36341260082685e-09 7.83226017375682e-09 7.02579439071371e-09 7.45713990557562e-09 8.93771112675523e-09 7.22520654417025e-09 9.02997432383756e-09 7.92847354436077e-09 7.33062566204978e-09 7.73437824896916e-09 7.58526774724544e-09 1.37187315951692e-08 6.93357116166027e-09 1.89284915519394e-08 6.9597354546147e-09 7.09457192993312e-09 3.62116373553434e-08 8.75184802406892e-09 6.9323644602548e-09 1.22078681608073e-08 7.85903220279494e-09 1.15430227598523e-08 8.85002993111783e-09 7.39300975993729e-09
4.64936240729408e-06 0.999983258229697 0.99999999999982 1 1.84936465030816e-08 2.89981507028969e-07 1.11467003738319e-07 1.3305691659582e-08 1.27629438129162e-08 2.04126046066122e-08 1.37478110007194e-08 4.04735286396729e-08 1.62276168058639e-08 1.30989682434191e-08 1.54839250310346e-08 1.25089026914438e-08 1.42696515714746e-08 1.27296445606717e-08 1.27921185866242e-08 1.34189110934102e-08 1.47913125081445e-08 1.58346274981014e-08 1.74436256550337e-08 2.249751673844e-08 1.41773781603405e-08 1.28853155922926e-08 1.27430487273372e-08 1.25979642273677e-08 1.59969605340038e-08 2.6953653753381e-08
0 0 1 1 0 0 0 0 0 0 0 0 0 0 0 0 0 0 0 0 0 0 0 0 0 0 0 0 0 0
0.000118088745860945 0.980908620505235 0.999999384957689 1 4.1043904747462e-05 4.00825126979365e-05 4.87188833026009e-05 4.07341594292898e-05 4.03280165967024e-05 7.33870183633467e-05 4.01054413359248e-05 4.35304824952798e-05 4.04483672801215e-05 3.94275529884691e-05 3.9442999253847e-05 4.69406836656194e-05 3.93533917495414e-05 5.83500494064637e-05 6.93425646376422e-05 4.73856643637971e-05 5.79124524523467e-05 5.94662901877152e-05 3.93743466026164e-05 4.40983154841312e-05 4.54115519170628e-05 4.53012537414699e-05 3.94148674514039e-05 4.38157307475207e-05 9.68895748864051e-05 4.12715790691909e-05
0.000192303598050558 0.996135155032052 1 1 7.5376586793352e-06 1.07871778864954e-05 8.26571866097137e-06 7.48981648912572e-06 7.76956136394613e-06 9.60724101506383e-06 3.26094989451242e-05 2.85720257885425e-05 7.70297697572087e-06 7.59080863588224e-06 8.34006339656135e-06 8.10107511772795e-06 7.4617702414681e-06 7.52767245448815e-06 7.4344034988183e-06 2.04041798536059e-05 7.9401586499106e-06 7.49927542365025e-06 1.34378856297968e-05 7.43597761665438e-06 7.79343025514301e-06 7.73486636473919e-06 7.45765301990442e-06 1.12372238060265e-05 1.08106535684493e-05 1.16403572206769e-05
1.27963405938125e-06 0.999991114565387 0.999999999978341 1 1.7720243605801e-08 1.48218362028274e-08 4.71384135058983e-08 1.58821780171792e-08 1.41288567512277e-08 1.43699601107272e-08 1.74627963200891e-08 5.32331055902446e-08 1.3746948246407e-08 1.50819585709172e-08 1.37751082762705e-08 1.37417784928928e-08 1.39458240511203e-08 1.64849315309468e-08 1.48512089293007e-08 2.11481482326192e-08 4.78800957770531e-08 1.60031304874408e-08 2.06918251421939e-08 2.20642412118721e-08 1.4983225216092e-08 1.45664406092649e-08 1.51842333151464e-08 2.44579673180922e-08 2.18506791549444e-08 1.87337992896275e-08
0.000224881598694604 0.997905819916638 1 1 2.78765886596588e-06 3.18182857905747e-06 2.13112085345468e-06 2.21390588661663e-06 5.77852419281211e-06 6.36794733566148e-06 2.32176636605352e-06 2.71027217968456e-06 2.20039135179206e-06 3.41867386000061e-06 4.01662335680619e-06 3.48181037634898e-06 2.18771842308563e-06 2.12269805921483e-06 2.13673431259664e-06 2.71172061050429e-06 3.66955130104429e-06 2.68911030310015e-06 2.91778136529697e-06 2.62016336227688e-06 2.8641788794026e-06 2.85818639944591e-06 2.32846523351427e-06 2.1182195345526e-06 3.84926685526032e-06 6.79591166741211e-06
2.52913134879407e-10 0.999999961036343 0.999999999999995 1 3.33373328942344e-11 1.64271929392612e-11 2.09078310220434e-11 2.37723174478788e-11 1.82772685874966e-11 8.24517121245094e-11 1.81135106913644e-11 2.90012347470281e-10 1.96712646172159e-11 1.64747104847152e-11 1.65707447763452e-11 2.58914001349808e-11 1.21171406242127e-10 1.75514047739966e-11 4.52674564499489e-11 3.21969118033394e-11 1.84372517253450e-11 1.64606106523024e-11 1.768951651826e-10 1.80415682393686e-11 1.64858127149614e-11 3.23900906096242e-11 1.83060233638344e-11 3.9879544111443e-11 2.45149456290505e-11 1.77603487472311e-11
0.00064794533468715 0.960562158422272 0.999999999872341 1 7.8110284553734e-05 7.82043153314538e-05 0.000142764214272839 9.67586589299962e-05 0.000100735313863343 9.30856145930914e-05 8.1535700702684e-05 9.86127638321621e-05 8.20326695599727e-05 0.000109178777888075 0.000105161324866709 8.33839005516257e-05 8.53865957962663e-05 9.51769779353739e-05 8.58859241040788e-05 9.57856262306933e-05 9.79964577707548e-05 8.86712114827048e-05 9.97841536308774e-05 7.80252242567059e-05 0.000110655004988081 8.71004971833012e-05 9.25495487195116e-05 0.000114609763039342 0.000126631537723187 0.000108209490150335
2.27483119008554e-08 0.99999958996083 1 1 2.91831669940734e-10 1.68212221929309e-10 1.50776613416781e-10 9.32923738261593e-11 1.35737865392116e-10 2.09512407423063e-10 1.09112607837858e-10 1.04726338712169e-10 1.04428243830057e-10 1.09767417377782e-10 1.62327595809586e-10 9.77242731181605e-11 9.51125844750322e-11 9.27951049334297e-11 1.44138811997152e-10 9.70291624824426e-11 9.26789756050539e-11 1.32761912574608e-10 1.04368957920542e-10 1.07093223178367e-10 2.34653074748792e-10 1.79553039103553e-10 1.38371536451132e-10 1.24912080678996e-10 1.12745257574431e-10 1.13816067681682e-10
0.014072470495726 0.975649795186363 1 1 2.68607376729957e-05 2.3839882612342e-05 1.5473410216349e-05 0.000104351417557824 3.37450772606163e-05 1.67608076686587e-05 1.50618123049284e-05 6.93367746271711e-05 1.51298472345074e-05 1.8886278317698e-05 1.71666495829559e-05 1.55545172381144e-05 3.19258775248743e-05 3.66100638693467e-05 1.62300971610074e-05 1.97058423612173e-05 1.66770435791053e-05 1.49635332417075e-05 1.49704934013783e-05 6.74734070900129e-05 1.79537682365449e-05 1.48893504072767e-05 3.69569709789408e-05 1.49140893043187e-05 1.52498699637071e-05 1.562328845095e-05
4.11160550051193e-10 0.99999997018786 1 1 4.02511357577851e-11 3.7723490997621e-11 3.60945717758909e-11 5.73230352074461e-11 3.54923868073342e-11 4.15421030908192e-11 3.52821105664702e-11 2.51099363524077e-10 2.26197061081734e-10 3.52877727038958e-11 4.57636151196539e-11 9.35338473340153e-11 3.92499366341781e-11 1.04397490652275e-10 3.74482667098164e-11 3.53794771257299e-11 1.2240375379946e-10 3.52758933175323e-11 3.75800501828394e-11 3.85739218344838e-11 1.38260847215577e-10 4.01905175806405e-11 3.68390873362046e-11 8.23473511601946e-11 5.1211590523792e-11 3.53191920154927e-11
2.64233079860787e-13 1.89070981093664e-13 0.999999999815745 1 2.88657986402541e-15 3.21964677141295e-15 3.66373598126302e-15 5.77315972805081e-15 4.9960036108132e-15 4.32986979603811e-15 2.88657986402541e-15 3.33066907387547e-15 5.10702591327572e-15 3.33066907387547e-15 1.31006316905768e-14 2.99760216648792e-15 3.21964677141295e-15 2.88657986402541e-15 3.44169137633799e-15 4.55191440096314e-15 3.21964677141295e-15 2.88657986402541e-15 2.99760216648792e-15 2.88657986402541e-15 2.88657986402541e-15 2.99760216648792e-15 3.21964677141295e-15 1.67643676718399e-14 4.10782519111308e-15 3.5527136788005e-15
1.83413278337374e-05 0.999470501405006 0.999999909511443 1 1.38192450727104e-06 9.52129683318148e-07 9.84467006914791e-07 1.40273857296425e-06 3.89511244458518e-06 9.5431223756659e-07 9.53204614684289e-07 9.48306981496394e-07 2.28391193335398e-06 9.77553958891875e-07 9.65648025430532e-07 1.0014951298265e-06 9.70444467895959e-07 9.6442351449344e-07 9.5677403144645e-07 1.11457261209313e-06 9.84369017631437e-07 9.47221461267134e-07 1.22332304386408e-06 1.0948239713704e-06 1.36187887478378e-06 1.06529363785857e-06 1.48496793794806e-06 9.62009343852266e-07 2.30335715933894e-06 1.0120603395336e-06
4.96028371488322e-07 0.000137086722588164 0.999653079398813 0.999999999930326 4.92766850546111e-07 8.10658392080832e-07 4.96244950798364e-07 4.65816804240404e-07 4.78286618754709e-07 5.41842644641299e-07 4.69159694205246e-07 4.98573373586275e-07 9.83185113878626e-07 5.40528920400796e-07 4.64815100076343e-07 4.62750166185799e-07 4.62733666051207e-07 7.12273424019472e-07 7.99971010545519e-07 5.63143897958085e-07 9.34915908246126e-07 4.80912806466449e-07 5.31100846079546e-07 4.72366870507557e-07 5.43556691767755e-07 7.23206219910288e-07 6.61389296774395e-07 6.84001471684681e-07 4.62122809130605e-07 5.5565742407282e-07
0.00012656973284042 0.994414804068049 0.999994649107392 1 1.02251099981521e-05 1.69961269431695e-05 1.15094413778438e-05 1.89229262860247e-05 1.16578447753035e-05 1.02294877150078e-05 1.91457726153033e-05 6.64047669415302e-05 1.27048487339465e-05 1.06111478077597e-05 1.18463864601237e-05 1.40066776433967e-05 1.41561554805048e-05 1.03609862154297e-05 1.06163276796245e-05 1.25067500879039e-05 1.69048190887811e-05 1.20377416747974e-05 2.39494571701027e-05 1.08416655600907e-05 1.47702216459766e-05 1.04874928179566e-05 1.04900166182365e-05 1.0322978682975e-05 4.5089734631909e-05 2.6804520720014e-05
3.80224304401544e-05 0.998461115476758 1 1 6.18307816224739e-06 3.48817964346271e-06 2.9644849874888e-06 2.97725309883479e-06 2.93201675660715e-06 3.03952649782779e-06 7.93567540147144e-06 2.93001161555395e-06 3.30077306598398e-06 3.61172873153404e-06 3.76253466716214e-06 3.00073820225233e-06 4.17636672478405e-06 7.53565619193708e-06 3.37923850701749e-06 3.19148674410297e-06 5.87081195213557e-06 5.39630520746126e-06 3.90474327427448e-06 5.32810145015272e-06 2.92781585731205e-06 4.68635084571734e-06 2.97791984682494e-06 1.29102515009638e-05 3.73502948192161e-06 3.08148793437546e-06
0.0170301504348604 0.684949359715872 1 1 0.000339137459230532 0.000325658959339115 0.00233732315967561 0.000339722899623807 0.00032376531835876 0.000336837051995387 0.000384037629759471 0.000347257695896719 0.000354482382655674 0.000336741478673575 0.000564324877802891 0.000339411472949025 0.000452961051604084 0.000565201696829165 0.000326342716663763 0.000440066486522506 0.000544482257371359 0.000322494232052883 0.000348715800136734 0.000972738686304875 0.000443772704385004 0.0014358735668869 0.000347967735434107 0.00131731568335047 0.000322349435371017 0.000633789584881694
0 0 1 1 0 0 0 0 0 0 0 0 0 0 0 0 0 0 0 0 0 0 0 0 0 0 0 0 0 0
3.16202612737904e-06 0.999736935655847 1 0.999999999999998 4.51443153415276e-07 4.03827816186642e-07 3.99180852372893e-07 3.74571929140366e-07 5.45060513612583e-07 4.45915619207149e-07 3.98876706331208e-07 6.02080356792989e-07 3.71333538362606e-07 4.29332171481001e-07 3.75940134578201e-07 3.90399728322777e-07 3.7430448296405e-07 3.71212205085847e-07 4.78283443516858e-07 3.70487142631326e-07 7.80015940393675e-07 4.49441436956022e-07 4.54943499428317e-07 4.79587911272894e-07 6.45901842011298e-07 5.2779246617618e-07 3.38352472939452e-06 3.93895316808113e-07 3.71406379096051e-07 6.30900768072706e-07
0.000362220912742961 0.984163915918202 0.999999999999964 1 3.34763352199952e-05 3.35139138570861e-05 3.41163204450323e-05 6.64256757091364e-05 3.33663517821936e-05 3.46105996313906e-05 4.10098185332775e-05 6.91959365285433e-05 5.50427433465561e-05 4.27076332379928e-05 3.36223007054715e-05 3.81597606511352e-05 3.68034814569596e-05 3.61129112204095e-05 3.51002984226856e-05 3.3999274852814e-05 3.71848325173563e-05 3.47224403522972e-05 3.3498536983978e-05 8.11318218786328e-05 5.62315281672499e-05 3.5888445021115e-05 4.60712393330898e-05 0.000101107049133353 4.71467890637012e-05 5.45708538508549e-05
0.806765625491192 0.176315168906418 1 1 6.77371921532499e-05 5.04234040974438e-05 9.01167172783213e-05 3.43086673499915e-05 3.87829728036859e-05 3.23386423443095e-05 3.16812163060343e-05 6.10717858734455e-05 5.82648304842115e-05 3.16916201549278e-05 5.14344178127457e-05 3.2748908896596e-05 7.06139028718855e-05 3.16823684556322e-05 7.61176486528958e-05 3.3683497962067e-05 3.29021034728427e-05 9.29233865102352e-05 9.13793751460279e-05 7.11283591637857e-05 3.1675450651969e-05 4.45962976874936e-05 3.69633940888736e-05 5.35532863509269e-05 5.95304380796025e-05 3.28473495708748e-05
3.10862446895044e-14 4.27669011315857e-12 0.999999999979044 1 8.99280649946377e-15 7.21644966006352e-15 8.88178419700125e-15 2.16493489801906e-14 7.66053886991358e-15 7.21644966006352e-15 7.54951656745106e-15 1.08801856413265e-14 8.10462807976364e-15 7.21644966006352e-15 7.21644966006352e-15 5.10702591327572e-14 4.61852778244065e-14 7.43849426498855e-15 7.32747196252603e-15 7.21644966006352e-15 8.10462807976364e-15 9.32587340685131e-15 7.21644966006352e-15 7.21644966006352e-15 7.21644966006352e-15 7.21644966006352e-15 8.99280649946377e-15 8.10462807976364e-15 1.17683640610267e-14 1.55431223447522e-14
0.000157481358842415 0.999747437578435 0.99999997857021 1 8.20114052224596e-08 2.0280072909884e-07 2.24592017317171e-07 2.70755914133503e-07 8.15976518575567e-08 1.23311597155507e-07 1.0507989545161e-07 8.18067675822931e-08 8.87243980507435e-08 8.25094227385748e-08 8.24976545965583e-08 1.10887257376291e-07 9.4287057161857e-08 1.01644663352829e-07 9.28664404264978e-08 8.37964965194615e-08 8.58459864305772e-08 2.03381308017114e-07 2.24198895448779e-07 3.83566611583674e-07 9.65490686288817e-08 1.19949683519138e-07 8.26309751733589e-08 3.16153018431464e-07 9.01556297394634e-08 9.05192969469226e-08
2.77273929594202e-07 3.06785043701074e-05 0.999810014670404 1 4.50045424371659e-07 5.71588645192911e-07 4.11153564972011e-07 2.66912574597988e-07 3.17336661614931e-07 2.84393363858548e-07 2.66037537999253e-07 2.59773550226328e-07 2.60715348865403e-07 2.61314445970662e-07 3.73704282408127e-07 3.22537529018341e-07 2.80413545938885e-07 2.59835801763586e-07 4.24537565879568e-07 3.66129645490432e-07 3.27366942887153e-07 2.60009615504764e-07 2.59769302068946e-07 3.41594862729444e-07 2.72599097073112e-07 1.0126350444839e-06 2.69395046603726e-07 7.4311787745529e-07 7.22185335200187e-07 2.75971283936194e-07
1.77804983958474e-07 0.00014842028588069 0.999807909015006 0.999999999999727 9.96056394031442e-08 9.18144990036396e-08 1.01271563024419e-07 1.13197369033813e-07 9.64622288712746e-08 9.69771036807288e-08 9.77976646332479e-08 1.73658839863755e-07 9.08880560812619e-08 1.6671226721332e-07 1.18796350978556e-07 1.03006039919862e-07 9.55483350217889e-08 9.27647003656773e-08 1.00780251255372e-07 9.10502717665906e-08 9.11988115026574e-08 9.45781865047124e-08 9.35388185796526e-08 9.08554759204705e-08 1.60869058962732e-07 2.43861279614066e-07 9.68323575767371e-08 9.12189443980083e-08 2.93971972764595e-07 2.10436126746316e-07
0 0 1 1 0 0 0 0 0 0 0 0 0 0 0 0 0 0 0 0 0 0 0 0 0 0 0 0 0 0
5.63394878920764e-05 0.998902365114721 0.999999999950605 1 2.19243913512912e-06 1.56736306999861e-06 1.56916675908558e-06 1.96780352479387e-06 2.41286545232811e-06 1.57463023087168e-06 1.55718384109438e-06 1.81354366080022e-06 3.96505212885145e-06 1.72254491370705e-06 1.7975279414939e-06 3.3851270970775e-06 1.83733009317955e-06 1.67674362860915e-06 1.64124714174818e-06 2.45605390103432e-06 1.68004951839329e-06 1.72340749882149e-06 1.56118459415655e-06 4.46496166228716e-06 1.59044946079767e-06 1.55756665343176e-06 1.84538130998391e-06 2.07379950845077e-06 5.80605019040448e-06 1.78526924377032e-06
0 0 1 1 0 0 0 0 0 0 0 0 0 0 0 0 0 0 0 0 0 0 0 0 0 0 0 0 0 0
0 2.22044604925031e-16 0.999999999999999 1 0 0 0 0 0 0 0 0 0 0 0 0 0 0 0 0 0 0 0 0 0 0 0 0 0 0
0.00392048667763889 0.995470872701825 0.999999999999998 1 7.04871917500682e-07 9.83707843960069e-07 9.02032839422695e-07 8.65258108051492e-07 1.78472722978107e-06 7.06459361454748e-07 1.07701793661263e-06 6.922832183065e-07 9.50691411483184e-07 7.29648203634525e-07 8.95491105490365e-07 7.55446450839692e-07 1.11342128439329e-06 7.77495331893974e-07 7.40154237566237e-07 6.96194626836899e-07 7.05662799971307e-07 1.32815129316732e-06 6.95457402444255e-07 7.0172686883474e-07 2.35935577841406e-06 6.91541053976508e-07 7.41164339013167e-07 1.11757651866107e-06 7.40490921358194e-07 8.04461719905447e-07
4.90868275500045e-05 0.99792250383442 1 1 3.43122977419785e-06 2.97302619722828e-06 8.88737149717933e-06 4.26911518525142e-06 2.9764692988099e-06 3.04324480889795e-05 3.89470283224114e-06 2.94979360182523e-06 3.67726560934756e-06 3.55540484142658e-06 2.9872229139194e-06 4.94968988129507e-06 3.27508361874784e-06 3.00237883377186e-06 5.53850646678455e-06 3.34405886237565e-06 3.78578683102315e-06 3.22688419707173e-06 2.95649084225413e-06 3.02829537013327e-06 6.15000443626723e-06 1.68561373301568e-05 3.23731383533588e-06 4.3897482174815e-06 3.3720440954732e-05 4.40200292439741e-06
9.14605438029348e-06 0.998586816252611 0.999999946948439 1 2.98118485231313e-06 5.61618538130748e-06 3.33310241851237e-06 3.37060049193649e-06 1.24106455076101e-05 2.97075070854191e-06 3.03695799652726e-06 3.09140272614084e-06 4.57205663451088e-06 3.58257755261882e-06 2.95761881208279e-06 3.02523983419789e-06 3.41359678690534e-06 3.14040788806924e-06 3.91422276257991e-06 3.07031954538406e-06 5.51477657739774e-06 4.94097589154308e-06 4.40651833844008e-06 2.94313892401643e-06 5.0468349421795e-06 2.99259896219262e-06 3.91935268286847e-05 2.94066521255854e-06 3.93992720781888e-06 2.93360195147141e-06
3.54335693253383e-06 0.99996249431235 1 1 3.95255540519557e-08 2.62021403463208e-08 4.88853596269934e-07 3.07638210461647e-08 1.95461333230007e-07 2.6326170798896e-08 3.61165034545863e-08 2.43028855928529e-08 2.47902340877459e-08 2.93624300429229e-08 3.13903091297973e-08 2.45362596906773e-08 7.74171190931483e-07 2.45324666137137e-08 2.51640275283904e-08 4.11774255804076e-08 2.43135103161762e-08 2.77001818149714e-08 2.38555999398926e-08 2.50141636293222e-08 2.40588809985454e-08 2.81424376025186e-08 1.41792353303138e-07 3.81889107003985e-08 3.06237180058844e-08 2.45830686917969e-08
3.08846033569843e-05 0.999816964946742 1 1 3.10101748501879e-07 3.52345130405496e-07 3.4207063448477e-07 9.40517849046252e-07 3.0488403346407e-07 4.03788203429123e-07 2.96130540089479e-07 3.3502074237024e-07 3.0781194004792e-07 2.97441510976881e-07 3.51358203420915e-07 3.10937764091967e-07 3.16859822491189e-07 3.6037121997623e-07 3.564836744685e-07 3.25754529462152e-07 3.35753799096672e-07 3.21415133175407e-07 3.7015895359982e-07 6.91556081955369e-07 6.84007126061648e-06 3.2612263467513e-07 3.13331007251172e-07 1.90921764364749e-06 2.98637001572288e-07 2.97234906021515e-07
0.000514642065482684 0.950533865409956 1 1 9.76910885229776e-05 0.000120160031579331 0.000100119146209221 8.80259622509927e-05 0.000116472680487534 0.000103131948810509 8.8173430045746e-05 0.000179601849549016 0.000253874816755095 0.000156868027507473 0.00011812388898913 9.24092204790394e-05 0.000166105955166085 9.22093184850814e-05 0.000382215336184544 0.000112557850844297 9.03602694340977e-05 9.61647963633183e-05 9.38375523836799e-05 0.000123878284939649 0.000106363572119683 8.82842335270251e-05 0.00012519967666591 0.000142265800832431 9.0432861626244e-05 0.00019787923069059
0 0 1 1 0 0 0 0 0 0 0 0 0 0 0 0 0 0 0 0 0 0 0 0 0 0 0 0 0 0
0 0 1 1 0 0 0 0 0 0 0 0 0 0 0 0 0 0 0 0 0 0 0 0 0 0 0 0 0 0
0 0 1 1 0 0 0 0 0 0 0 0 0 0 0 0 0 0 0 0 0 0 0 0 0 0 0 0 0 0
4.26718124402203e-06 0.999960700847236 1 1 7.54548381554088e-08 5.24273233715178e-08 1.93519598568059e-07 7.69488027740906e-08 6.09054161548883e-08 6.00444860499039e-08 5.15128895095529e-08 1.3481437355356e-07 2.10281748791452e-07 7.39846710562375e-08 5.70985948522562e-08 5.30547328292386e-08 5.7200317371553e-08 2.03830715417297e-07 8.60673010638635e-08 1.15825945279369e-07 1.3001405607671e-07 5.15935614231466e-08 5.15148559365741e-08 5.20735708997577e-08 5.73586422802919e-08 5.97355129805521e-08 5.96182123668854e-08 5.47894244418146e-08 4.39216566006095e-07 5.2386743720767e-08
1.3449807865995e-05 0.997518833948809 1 1 8.03670373439314e-06 4.86691889045598e-06 2.47175575490699e-05 4.38185268203384e-06 4.79263934516361e-06 4.77681739063929e-06 4.86133934785027e-06 4.9151286102278e-06 5.65372358740657e-06 5.8202288761855e-06 4.34053845788096e-06 6.36199502557222e-06 4.49086056619752e-06 4.41580063492708e-06 4.42785554710667e-06 4.71840597082718e-06 4.32814516193591e-06 7.46409662955028e-06 7.66652052364147e-06 8.23311826271267e-05 4.96691780549341e-06 4.63979921505597e-06 4.60125776524656e-06 4.40011536240181e-06 4.49972724425596e-06 5.88861904815552e-06
2.98705293388934e-07 0.999911232570414 1 1 1.4601765230271e-07 3.76226346410213e-07 1.74563540955575e-07 1.83589466629108e-07 2.16107083561567e-07 1.39631902706938e-07 2.34447928848525e-07 1.4674734227782e-07 1.44357607312351e-07 4.3111634362436e-07 1.50250339059355e-07 1.49259365866961e-07 1.75416666081674e-07 5.83452508862159e-07 2.09851699906061e-07 1.45406826024264e-07 1.4008030424506e-07 3.91666249988099e-07 1.42190986762714e-07 4.54984951714366e-07 1.39603495319385e-07 1.53086073706454e-07 1.75865091711636e-07 3.10188019048141e-07 2.43883004569234e-07 1.41706944289943e-07
7.95128173303183e-08 0.99999934485038 1 1 5.12283548914638e-10 1.36449707088815e-09 1.1431730007061e-09 4.35394109654652e-09 5.22767940047686e-10 1.46251455390711e-09 7.19913795244054e-10 5.33110111611279e-10 3.01170510752513e-09 5.33279420622534e-10 7.55336571067744e-10 6.48094355959472e-10 7.69568742065019e-10 1.40176514840107e-09 5.18170839569621e-10 6.27912055684021e-10 5.64547075754263e-10 2.90384538637056e-09 2.91931301354964e-09 1.00984987039254e-09 5.58585622201235e-10 7.01347868670155e-10 1.03409036888991e-09 5.28717847281257e-10 5.11316433637887e-10 5.1232418307734e-10
2.93753869502478e-05 0.99986575032844 1 1 2.06375805777981e-07 5.91132160776553e-07 2.63668520239513e-07 2.34971395896011e-07 2.1333241539967e-07 2.2587529779905e-07 3.88212690216605e-07 2.10994981375556e-07 2.18661702855449e-07 2.06633002930445e-07 2.08869074591611e-07 3.84456218860407e-07 2.23299012613865e-07 2.22431134400125e-07 2.06342899100598e-07 2.7884549325119e-07 2.06304635597121e-07 3.33841399080548e-07 2.24366583645441e-07 2.15748120813153e-07 3.23295068715979e-07 2.76762377127149e-07 2.42990621512895e-07 2.50750153862889e-07 2.06255428847335e-07 2.25434411915693e-07
7.20867809889114e-13 3.196565234731e-11 0.999999999918769 1 1.12909681604378e-13 1.59205981731247e-13 5.26245713672324e-14 6.4170890823334e-14 4.69624339416441e-14 4.9737991503207e-14 2.80775402927702e-13 6.3726801613484e-14 7.0832228971085e-14 5.85087533977457e-14 9.11493103217254e-14 1.71862524211974e-13 5.98410210272959e-14 4.78506123613442e-14 7.89368570508486e-14 4.71844785465692e-14 9.10382880192628e-14 4.91939822211407e-13 5.01820807130571e-14 2.34146035893446e-13 8.69748717491348e-13 5.65103519534205e-14 7.46069872548105e-14 6.60582699651968e-14 4.6296300126869e-14 4.80726569662693e-14
8.76169137242755e-11 0.99999999980342 1 1 1.59872115546023e-13 1.71973546514437e-13 1.39221967287995e-13 1.38955513762085e-12 6.14619466432487e-13 1.4210854715202e-13 2.01394456667003e-13 1.49880108324396e-13 1.51212375953946e-13 9.02167229810402e-13 6.63025190306143e-13 6.00519634019747e-13 1.52766688188422e-13 1.25233157177718e-13 1.58650870218935e-13 5.44897460486027e-13 1.29452004671293e-13 1.30451205393456e-13 1.30118138486068e-13 1.37556632751057e-13 1.4521717162097e-13 3.08419956240868e-13 2.45914399954472e-13 5.32462962610225e-13 1.2223555501123e-13 1.45106149318508e-13
0.021611572319551 0.95018781956203 0.999999991537694 1 6.54472739013423e-05 5.40094776830813e-05 0.000121667696519112 6.35380960302134e-05 5.99840064909873e-05 0.00011168224307978 5.71086986416169e-05 0.000131118320492618 5.66587498702642e-05 0.000117066907384222 5.77330641766682e-05 5.2809108747498e-05 7.61063001424311e-05 5.36353124629407e-05 5.91616158653885e-05 9.36993112893303e-05 0.000184467216841067 6.53514566993918e-05 0.000237711944846009 5.49689272008047e-05 5.86757371852098e-05 6.00772849757014e-05 5.2733252801751e-05 5.2713156708295e-05 0.000110978508374604 6.25521530661644e-05
5.76366656283023e-05 0.999808852032753 0.999999999998286 1 2.86728702447725e-07 2.01624849038851e-07 2.35145778992862e-06 2.0721260496348e-07 1.99046171989181e-07 2.03353242356208e-07 2.74025162116942e-07 3.460642876707e-07 2.63933082167433e-07 2.56621103145172e-07 2.15639425760195e-07 2.41911341181122e-07 2.30392340538899e-07 2.14863566494472e-07 1.9918831750676e-07 2.70270776425718e-07 2.70010451886016e-07 1.60946492255842e-06 2.31699325836665e-07 2.35171737195117e-07 1.9997536104821e-07 2.36068750658625e-07 4.41734677725236e-07 2.19081632724105e-07 3.11148935061567e-07 2.89030770761478e-07
1.46131193767829e-06 0.999708562478769 0.999999999998324 1 1.41804872200169e-06 6.54374119113399e-07 1.27110296754829e-06 1.06132656230162e-06 6.14363730777612e-07 6.4961466916813e-07 1.00643026557101e-06 7.71476250882586e-07 6.39531051116471e-07 6.40154340980637e-07 6.26848183249429e-07 7.24667493234854e-07 6.14789300690255e-07 6.76512409869545e-07 6.79979506923445e-07 6.77364888401755e-07 1.06172061531407e-06 2.06399611635266e-06 6.66095440471359e-07 6.14282312905168e-07 6.78425028932672e-07 6.1501599457614e-07 7.22939337172157e-07 1.16838138541908e-06 7.38411355394319e-07 6.14279985766686e-07
6.62980850774098e-07 0.999908319916667 1 1 1.61859930569719e-07 2.07212881964125e-07 7.00076612458744e-07 1.30665805508912e-07 1.2322653286656e-07 1.39852327385448e-07 1.39631527784623e-07 1.34281865959984e-07 1.22542900937717e-07 1.37474881478639e-07 2.86710151731207e-07 1.89363445368684e-07 1.22577717420747e-07 2.39919485167661e-07 1.93241607160388e-07 1.27729658072617e-07 2.87097866702446e-07 1.4863997860326e-06 1.04988768079295e-06 1.22677176972452e-07 2.63863719096591e-07 1.49457240805617e-07 1.37240931397109e-07 1.59773209440495e-07 1.28552233413792e-07 1.4407643633696e-07
5.08744490979041e-10 3.27777817110686e-07 0.999999371233892 1 4.57497484340763e-10 8.41376635030144e-10 2.79941736458511e-10 3.95984911527592e-10 2.69254285534259e-10 2.78979950252278e-10 6.86172674235763e-10 2.6358082383382e-10 2.7299140725745e-10 3.20474535797644e-10 2.90652280021675e-10 3.36929706357125e-10 4.45509629187768e-10 4.86575890690233e-10 4.45584902308838e-10 3.77819109331767e-10 3.66123131811946e-10 2.73657208005318e-10 2.65474198180016e-10 3.4804381598974e-10 3.39268724225406e-10 4.88655338415356e-10 2.68412070347779e-10 2.73876255008076e-10 3.10571679484895e-10 3.09791192698583e-10
1.28115924535877e-07 3.30677530857582e-06 0.999979873137922 1 3.76423544556914e-08 5.43269856878581e-08 3.69412003209391e-08 3.97696617859822e-08 2.17572209249006e-07 5.54505130700989e-08 3.69630714924796e-08 3.73975200806953e-08 6.13160336948582e-08 6.09685429919793e-08 5.840091965581e-08 3.56281345537113e-08 3.68503065839576e-08 3.63378985790419e-08 4.70386261053335e-08 3.5839857637221e-08 3.5868188530408e-08 3.5610867143987e-08 9.39405749855737e-08 3.9091265890967e-08 4.04359926653441e-08 4.63117055815587e-08 3.87144631908143e-08 3.55194437196005e-08 4.81162786281075e-08 4.16759092791708e-08
0.00163664769758465 0.955387250207131 1 0.999999999999988 0.000365262307357783 0.000170616834983095 9.67939458816902e-05 9.71883603434476e-05 0.000107991100699589 0.000214014068115942 9.96758427701527e-05 9.42872045271992e-05 0.000109843821227695 9.41947881457628e-05 0.000164751501737115 0.00010172001706632 0.000166399777379422 0.000102282061254955 0.000110657022540539 9.47203854032574e-05 0.000105821090179981 9.63062079041288e-05 9.89462475670111e-05 0.000110432129949434 0.000100639863093277 0.000102918865451218 0.000209844951449156 0.000121661413502117 0.000131487118949836 9.99571989964698e-05
0.000361691787523211 0.97953715163232 0.999999999999998 1 6.54194082840842e-05 7.97257767549686e-05 4.35132028623331e-05 4.23589747836628e-05 4.36741660605477e-05 4.88050438526288e-05 5.55878463818216e-05 4.23736531014463e-05 4.9167369794767e-05 7.96538342903164e-05 4.82712947073027e-05 4.46710842687548e-05 0.000111061855836536 7.35726994558483e-05 4.60982415940725e-05 4.84522383046304e-05 6.27222403684069e-05 4.22252329882467e-05 4.25061824288475e-05 4.66188176864168e-05 6.18970738551772e-05 4.68531003273709e-05 5.2841199177478e-05 9.15105416317008e-05 4.28157505075744e-05 4.37856479811316e-05
0 5.55111512312578e-16 0.999999999999996 1 0 0 0 0 0 0 0 0 0 0 0 0 0 0 0 0 0 0 0 0 0 0 0 0 0 0
0.00058184920470139 0.970064722091366 0.999999999974133 1 8.84869861230708e-05 7.37081155318675e-05 7.34811188577433e-05 8.11955751776061e-05 7.22204165720663e-05 7.82933600750324e-05 8.21358442421039e-05 8.31665761816813e-05 8.295842583117e-05 8.12087379643556e-05 7.27076439325236e-05 7.74912047826204e-05 0.000119375340808081 7.05403965336471e-05 7.12789418043647e-05 8.40301782371045e-05 8.2821206027206e-05 7.06171248946452e-05 8.23274501634552e-05 7.22135370662125e-05 9.00990138809066e-05 9.34192430662728e-05 0.000125778834668688 7.06048027958595e-05 7.81970129870579e-05 7.25087182212869e-05
2.94788088495146e-07 0.999980314167352 0.9999999999997 1 4.1323309107888e-08 4.50512102068146e-08 5.73699516781545e-08 3.94212835708174e-08 3.84602822922631e-08 4.53582641446459e-08 4.05291115113116e-08 5.50311561875461e-08 3.89907885978147e-08 4.02060710280594e-08 3.84314897683424e-08 4.32641021896885e-08 3.95662269614405e-08 3.9801673512585e-08 6.49208958813929e-08 1.1900243601648e-07 7.22966493338362e-08 3.85856474549584e-08 1.90321731263765e-07 3.99653453664328e-08 4.78725235009136e-08 3.97821012798616e-08 3.90110562742407e-08 1.06737039540228e-07 3.85365648281066e-08 3.9881972946354e-08
0.00061756999114837 0.971462996622264 0.999999999999999 1 6.47604377805866e-05 0.000133138607465 0.000181075367699512 8.63393438891302e-05 5.09993106311279e-05 6.72937307415467e-05 7.38954120187429e-05 5.0362296991957e-05 0.000149076764967226 5.05894855394873e-05 5.01197507188911e-05 0.000236812017812449 8.55601105311798e-05 6.8099148790135e-05 5.26871969767084e-05 5.91114591339537e-05 0.000105836020086736 7.23618475658716e-05 0.000215872060216116 6.19121372987808e-05 5.14327450495955e-05 5.65269680599112e-05 9.83880864030562e-05 5.37925465747824e-05 6.97668209792557e-05 0.000130750285959991
0.000165058588199041 0.928978497200648 1 1 0.000213164345646111 0.000148738896866396 0.000167023982349801 0.0011426481115584 0.00014631512480523 0.000169781058302676 0.000145454004936152 0.000285095290917359 0.000826404641199652 0.000174264091941989 0.000389496700739067 0.000184914204941933 0.000145833447818711 0.000172595415159571 0.000653357422780165 0.000153883900942731 0.000149293482585189 0.000199395707920602 0.000195231072183888 0.000162236093910306 0.000159316251242325 0.000149317645723457 0.000161564872247055 0.000161268397653402 0.00014531667154305 0.000352140693496983
0 0 1 1 0 0 0 0 0 0 0 0 0 0 0 0 0 0 0 0 0 0 0 0 0 0 0 0 0 0
1.11399778290888e-12 0.999999999880248 1 1 7.73825448163734e-14 6.86117829218347e-14 4.87387907810444e-14 5.35127497869325e-14 4.66293670342566e-14 9.14823772291129e-14 1.35225164399344e-13 4.65183447317941e-14 4.80726569662693e-14 2.27484697745695e-13 4.88498130835069e-14 4.37427871702312e-14 7.14983627858601e-14 5.86197757002083e-14 8.8928864272475e-14 7.38298311375729e-14 6.23945339839338e-14 4.56301663120939e-14 1.52655665885959e-13 5.67323965583455e-14 5.28466159721575e-14 1.64201985342061e-13 4.5852210917019e-14 4.6296300126869e-14 4.59632332194815e-14 5.05151476204446e-14
2.49134046725885e-13 7.93809462606987e-13 0.99999999993808 1 6.99440505513849e-14 1.44884104713583e-13 9.38138455808257e-14 1.18238752122579e-13 9.11493103217254e-14 1.03583808197527e-13 7.49400541621981e-14 7.70494779089859e-14 9.30366894635881e-14 7.49400541621981e-14 7.01660951563099e-14 7.88258347483861e-14 7.04991620636974e-14 1.02584607475364e-13 7.0832228971085e-14 9.54791801177635e-14 7.13873404833976e-14 4.93605156748345e-13 8.5265128291212e-14 1.10800257857591e-13 8.78186412478499e-14 7.73825448163734e-14 6.98330282489223e-14 1.00142116821189e-13 7.41628980449605e-14 1.48214773787458e-13
4.54220902523783e-06 0.999120973664078 0.999998662272067 1 4.42100137776347e-06 1.16918598600524e-05 2.51240924775686e-06 3.76376308541815e-06 2.07252370609812e-06 1.82591609954041e-06 2.04107725043645e-06 1.81518500874667e-06 1.88668573442019e-06 1.88460698047344e-06 2.27586633305688e-06 5.98164339382645e-06 5.02102178800978e-06 5.69306846953666e-06 1.89927221772024e-06 1.84508478562329e-06 1.78955303797856e-06 2.22556188655965e-06 1.93594895470106e-06 1.8200311210359e-06 2.55424557227268e-06 2.87317680858212e-06 1.84856845297787e-06 2.08042187888058e-06 2.55423574901936e-06 2.11062556820796e-06
1.18793863634892e-14 5.18585174802411e-13 0.999999999993603 1 2.33146835171283e-15 2.22044604925031e-15 2.77555756156289e-15 2.22044604925031e-15 2.22044604925031e-15 2.44249065417534e-15 2.44249065417534e-15 2.66453525910038e-15 3.21964677141295e-15 2.99760216648792e-15 2.1094237467878e-15 2.22044604925031e-15 4.10782519111308e-15 2.22044604925031e-15 2.22044604925031e-15 2.1094237467878e-15 3.88578058618805e-15 2.77555756156289e-15 2.44249065417534e-15 3.33066907387547e-15 2.22044604925031e-15 2.88657986402541e-15 2.66453525910038e-15 2.22044604925031e-15 2.66453525910038e-15 4.44089209850063e-15
0 0 1 1 0 0 0 0 0 0 0 0 0 0 0 0 0 0 0 0 0 0 0 0 0 0 0 0 0 0
0 0 1 1 0 0 0 0 0 0 0 0 0 0 0 0 0 0 0 0 0 0 0 0 0 0 0 0 0 0
0.000238649020491644 0.992789192446641 1 1 1.16843472731665e-05 1.16336602470346e-05 2.0837976436372e-05 0.000113585804714877 1.32429298147496e-05 1.02636562191449e-05 1.02463597980718e-05 1.0396243161015e-05 1.16549390583032e-05 1.31860335962353e-05 1.22799843975674e-05 1.10111352880082e-05 1.02034351576741e-05 1.43837643804545e-05 9.6392960308167e-06 9.62932391612714e-06 1.13479662743332e-05 1.64116683026849e-05 7.9568394442453e-05 2.11459468121289e-05 1.75019423421796e-05 3.82843716909553e-05 1.02587370167662e-05 1.03390206828147e-05 1.67035121302339e-05 9.73939293869019e-06
0.110312537347833 0.999977165744421 1 1 0.0737568197120932 0.0742210578397261 0.0747396902712867 0.0992979159073405 0.0992462003631136 0.0765466655053466 0.0770662114307521 0.0735608182925185 0.0789604516533539 0.0889684369354268 0.0806125212539927 0.0766429185510421 0.0753724429172783 0.0736818945090543 0.0735600673292692 0.0739388290192541 0.0938767712523565 0.0752827385742278 0.0735576085684261 0.0797266429751688 0.0919604732402519 0.0739685043815866 0.0736415888805768 0.0779554429455838 0.0737925859169822 0.0821801768662305
1.12389363371435e-08 0.999999651417223 1 1 1.14035447751348e-09 6.97735647037234e-10 6.42198738631805e-10 5.30297250556089e-10 1.15212572815437e-09 1.02402608614938e-09 6.59034493644128e-10 5.86777071376332e-10 6.86638634839198e-10 5.21746423842728e-10 3.05863845362353e-09 7.39655114934124e-10 9.71687508233288e-10 6.15900996869811e-10 5.67415781027591e-10 1.07535658155911e-09 4.44740733129834e-09 5.19699949741437e-10 7.89738718864896e-10 5.7193727531768e-10 5.369342748196e-10 5.74316594281754e-10 5.89139625972734e-10 2.40998421219274e-09 6.85401513322859e-10 6.10485662022597e-10
0.000619521771416776 0.993688236345977 1 1 9.97668968971688e-06 1.54871515209987e-05 1.13682843275731e-05 1.05480759901022e-05 1.03259598719374e-05 2.07288981052267e-05 1.01389759644688e-05 1.04583576283623e-05 2.6442168325036e-05 1.51676618039831e-05 1.82612123251769e-05 1.04052015631462e-05 9.95342524534593e-06 1.41933911341763e-05 1.01424908152126e-05 0.000145545645368728 1.37727968461121e-05 1.04851637556802e-05 1.00442773703913e-05 1.71662360163305e-05 1.02812943191255e-05 1.01859695111894e-05 1.00343684142912e-05 1.00144637646959e-05 1.82623981805907e-05 1.11421555326618e-05
0.00125958640762203 0.930292091681255 1 1 8.11358077861257e-05 7.51319657439353e-05 7.77536637833753e-05 9.60397268339186e-05 9.17336030237248e-05 0.000208683675589794 9.60618048524431e-05 0.000291620964292361 0.00011444618105938 0.000125198840507212 0.000111304798706691 7.61628336587439e-05 8.66405580233209e-05 9.74254534731323e-05 0.000230644197027008 0.000199158332882865 8.02545196916249e-05 9.08745996268667e-05 7.88614098597984e-05 0.000126508088606037 0.00157784112401338 7.50394298484336e-05 7.5925202084548e-05 8.1614113358941e-05 0.000112574737608062 0.000132019264896699
8.52306721144114e-06 0.999873554965854 0.999999211226407 1 3.18751155137242e-07 2.83782214838268e-07 2.48136176606018e-07 2.820480106136e-07 4.83439637322114e-07 2.45842842860888e-07 3.94657738933546e-07 2.88488808952714e-07 2.68055186380955e-07 2.45799750775433e-07 3.00519684248712e-07 2.49469276014658e-07 3.47949781764889e-07 3.18290718559489e-07 2.60111039929178e-07 3.37053745580462e-07 2.50564518355922e-07 2.61889648300873e-07 2.40314892541171e-07 2.58970230593292e-07 2.61261299816518e-07 2.46839997886106e-07 8.03986852759841e-07 2.44101162838462e-07 2.40406767715307e-07 7.34607685903832e-07
1.11022302462516e-16 3.33066907387547e-15 0.999999999999795 1 0 0 0 0 0 0 0 0 0 0 0 0 0 0 0 0 0 0 0 0 0 1.11022302462516e-16 0 0 0 0
9.83152936839815e-09 2.17366435961708e-08 0.999999897388144 1 1.03327457701141e-10 1.68506542053137e-10 1.31718191909158e-10 1.82758697064855e-10 1.70900182894229e-10 1.18283161043564e-10 1.24198207274162e-10 2.31489605262425e-10 9.38219502089055e-11 1.72712399937325e-10 9.40865163556737e-11 9.99135219004188e-11 9.51037026908352e-11 9.38058519750484e-11 9.4167007524959e-11 1.60239710389476e-10 1.4267798054135e-10 1.00987440632139e-10 1.08511311047721e-10 2.54128162957556e-10 1.43658196449792e-10 2.22209250999583e-10 9.35203026131148e-11 9.61841717384004e-11 9.49620382328931e-11 1.97591720763057e-10
6.94911620469085e-08 0.999999600611587 1 1 4.61216731473257e-10 4.97049623682244e-10 4.95506857767225e-10 4.54051574116932e-10 8.42199421313694e-10 8.47272696447021e-10 4.55704918245203e-10 7.73704655898655e-10 4.39926428619231e-10 4.35834368595067e-10 5.55864432261188e-09 1.02917985245199e-09 4.25999346909123e-10 5.5278970290118e-10 4.38057146112669e-10 4.16842116379712e-10 4.63087013180541e-10 6.24964857642851e-10 4.58434290528942e-10 4.47422765503802e-10 4.87763052170465e-10 5.6041404850049e-10 4.16022594151855e-09 5.17156095725113e-10 4.15595780012268e-10 4.20474655093983e-10
3.40836808998546e-07 0.999920319163084 0.999999981021983 1 5.40688936956357e-08 5.2874847611406e-08 6.46215997379684e-08 4.86366678043026e-08 6.57740570897403e-08 9.88589345940483e-08 4.86859522697003e-08 4.84888640350789e-08 5.75304903716045e-08 5.32480215476028e-08 4.96994053689193e-08 4.95214681484057e-08 6.84530871986055e-08 4.85610965883509e-08 6.48866186336861e-08 7.73670760789713e-08 1.22755789755402e-07 9.72415866717924e-08 4.94990278765428e-08 4.84405362488616e-08 4.84396875943816e-08 5.03259950379586e-08 4.90431653066281e-08 5.15126521438702e-08 5.38912602321417e-08 6.7207502452149e-08
6.72013697133877e-07 0.999750821861983 1 1 5.11715782525179e-07 4.1254276417213e-07 3.65747745645351e-07 1.05420919727095e-06 3.91368242480539e-07 4.84624751440066e-07 6.87709715618823e-07 3.73864326386197e-07 6.30313315097553e-07 4.52862218613959e-07 5.0679581120594e-07 7.20449951474578e-07 9.70901809282942e-07 1.15223993535363e-06 3.69030544233873e-07 3.72486075650436e-07 5.40409051508206e-07 5.80093321378428e-07 4.51603366258269e-07 1.4894499079654e-06 3.65136687330292e-07 4.28042221889413e-07 1.04112081722452e-06 3.74191437169102e-07 4.29726207840098e-07 4.04027262312923e-07
0.000358673507471319 0.994591855766687 0.999999748487281 1 1.08523145803119e-05 1.13426766319424e-05 1.70383002419117e-05 1.18866594547296e-05 3.36296751828336e-05 1.10853067244454e-05 2.98787084666019e-05 1.0845303569873e-05 1.09230712000974e-05 1.29763675646988e-05 1.31224050190504e-05 1.08961618551229e-05 1.11593575020663e-05 2.26747930656135e-05 1.47122107667652e-05 1.08513993319903e-05 1.21085508206775e-05 1.33390417280665e-05 1.08996504205594e-05 1.35716785093498e-05 1.56657686423145e-05 1.83408680166641e-05 1.15123951990315e-05 1.1236776233714e-05 3.54439273633211e-05 1.14683124541326e-05
1.40837525066662e-05 0.999883849106994 0.999999999997496 1 1.57375195763976e-07 1.55869225526573e-07 2.89992555857488e-07 1.55844343097122e-07 1.57357749830389e-07 2.07880614500056e-07 3.35126325690105e-07 1.90559087509534e-07 1.75070313357395e-07 1.85462313062601e-07 1.54629574367071e-07 2.7571441663099e-07 1.63969845590195e-07 1.58794164484277e-07 1.54550513942198e-07 3.04487225211147e-07 1.66517283517464e-07 1.81689705502919e-07 1.68787156473726e-07 1.5551655208057e-07 2.61282299685028e-07 2.03626267958334e-07 3.3494548079549e-07 2.4815315702309e-07 1.70695998780168e-07 1.78900181779795e-07
6.66133814775094e-16 2.18047802036381e-13 0.999999999997579 1 4.44089209850063e-16 5.55111512312578e-16 5.55111512312578e-16 4.44089209850063e-16 7.7715611723761e-16 4.44089209850063e-16 5.55111512312578e-16 8.88178419700125e-16 5.55111512312578e-16 4.44089209850063e-16 9.99200722162641e-16 4.44089209850063e-16 4.44089209850063e-16 4.44089209850063e-16 1.22124532708767e-15 9.99200722162641e-16 1.11022302462516e-15 5.55111512312578e-16 2.1094237467878e-15 4.44089209850063e-16 8.88178419700125e-16 5.55111512312578e-16 6.66133814775094e-16 5.55111512312578e-16 4.44089209850063e-16 4.44089209850063e-16
0.00282398464616618 0.986508422843014 1 1 0.000272041682899182 1.68516851869471e-05 1.59247492356185e-05 1.73159401806178e-05 1.78808136735986e-05 1.55159765373725e-05 2.02211023997423e-05 1.56484418331049e-05 1.73394115410286e-05 1.83367095910603e-05 1.58952793239964e-05 1.49944898271137e-05 5.84153678416799e-05 1.57853631891358e-05 4.70451035320396e-05 1.61106118330423e-05 1.50826525079362e-05 2.3355053174301e-05 1.63470274334721e-05 1.5388983842235e-05 1.49327599601179e-05 1.50881621726606e-05 3.02303867755205e-05 5.30170811698927e-05 2.66304606256762e-05 1.52225562694008e-05
0 0 0.999999999999972 1 0 0 0 0 0 0 0 0 0 0 0 0 0 0 0 0 0 0 0 0 0 0 0 0 0 0
0 0 1 1 0 0 0 0 0 0 0 0 0 0 0 0 0 0 0 0 0 0 0 0 0 0 0 0 0 0
0.000211586014346121 0.997808411292815 1 1 5.23463509050082e-06 3.86997709500569e-06 4.19134017892731e-06 4.30970123865837e-06 3.93047399316337e-06 8.08675160701711e-06 4.18760332920876e-06 4.15960669752913e-06 7.50076102529196e-06 1.59960595014219e-05 5.88388615119229e-06 5.40923503888902e-06 7.41894911815422e-06 4.88633481576795e-06 8.15914559060271e-06 7.9164883007854e-06 7.19534915349929e-06 5.61774673046855e-06 4.92080177871834e-06 4.00915933596036e-06 4.98805228799082e-06 3.9413338022154e-06 5.79812677858893e-06 5.29199730703311e-06 8.97844239089451e-06 3.92675294447198e-06
4.17614768988273e-07 0.999966360932686 1 1 4.24665398401913e-08 5.14441195198501e-08 3.60675408428435e-08 5.35914597143972e-08 4.56843403107143e-08 4.99455566904672e-08 4.18944822166978e-08 4.13394586340488e-08 4.64514952058792e-08 4.07810653024754e-08 3.81830443929587e-08 3.50305816576579e-08 3.67898894682028e-08 3.85203066111117e-08 4.77577689617092e-08 3.59623423262789e-08 5.22675965841657e-08 3.51548034016602e-08 9.72376251739959e-08 1.63487508197946e-07 6.60099418459126e-08 5.15328139050197e-08 3.69296042634915e-08 3.82234345286392e-08 3.63072626408112e-08 4.1179017307158e-08
0.00017242958643493 0.949193698495571 0.999999999999903 1 0.000153614901691967 0.00012760676297574 9.54673705330089e-05 9.26337516904407e-05 0.00011815237137891 0.000103730069960117 9.98455002425569e-05 0.000475360542019687 0.00010129813930948 0.000173152856572045 0.00105002324418402 9.32866532273868e-05 9.34577776556811e-05 0.000110923666745921 0.000104258573750071 0.000148216266088852 0.000273937884007092 0.0001768373948553 0.000223263002336105 0.000163733155326695 0.0001181746373633 9.4281552397657e-05 9.26076017787603e-05 0.000156637983224406 0.000141169785095263 0.000251843883361413
9.38138455808257e-14 1.72828418243398e-11 0.99999999997197 1 2.40918396343659e-14 1.75415237890775e-14 3.40838468559923e-14 1.11022302462516e-14 1.12132525487141e-14 2.42028619368284e-14 1.73194791841524e-14 1.43218770176645e-14 1.19904086659517e-14 1.12132525487141e-14 1.7430501486615e-14 1.12132525487141e-14 1.21014309684142e-14 1.31006316905768e-14 1.80966353013901e-14 3.85247389544929e-14 1.15463194561016e-14 1.11022302462516e-14 1.0991207943789e-14 1.0991207943789e-14 1.11022302462516e-14 1.3988810110277e-14 1.11022302462516e-14 1.0991207943789e-14 4.2632564145606e-14 1.27675647831893e-14
1.16838383046325e-06 0.999944885900219 0.999999999961789 1 1.21439910127918e-07 1.06046374348523e-07 2.68257065227928e-07 1.05220761659197e-07 1.07515870761965e-07 1.05516389181659e-07 1.69602136668168e-07 1.92145276800559e-07 1.19006359988738e-07 1.32820461851146e-07 1.06202757588214e-07 1.14074105495021e-07 1.06729416082807e-07 1.0582275788984e-07 1.39532837395429e-07 1.83109974405404e-07 1.0493885649332e-07 1.0484975898617e-07 1.20875464082459e-07 1.10503550643237e-07 1.0724515686622e-07 2.04191538899501e-07 1.23685849007238e-07 1.48303352709434e-07 1.23225969539398e-07 2.66138018845119e-07
0.00034734611993481 0.947813132394575 0.999999976285961 1 0.000112518145254592 0.000145523815182624 0.000113167644686385 0.000123646460771565 0.000113558808062297 0.000124469147590123 0.000162211312843552 0.000112638541163723 0.000112242028293519 0.000140171683379542 0.000255566302758692 0.000112956453780289 0.000113904673743059 0.000116512952596737 0.000112457194267224 0.000163888459337125 0.000264273695158357 0.000187505795950726 0.000181535072271366 0.000260425935259878 0.000127806719433798 0.000123289480287725 0.000112369864301964 0.000348299431668031 0.000115113732911953 0.000113598251804015
1.77375265597579e-06 0.99975888593014 0.999999999973711 1 4.63158518537732e-07 4.70233376015372e-07 5.86474411812254e-07 1.45668718842806e-06 5.84757309241013e-07 6.10586779137279e-07 7.25567158688101e-07 7.43190957885886e-07 1.22058604945519e-06 5.00817868953618e-07 4.46588362845723e-07 4.46242968799027e-07 5.39449044545393e-07 4.46350805094475e-07 1.02332665541383e-06 6.45030692303372e-07 4.4633184370646e-07 4.55064822935114e-07 1.19104097240363e-06 4.87745931199157e-07 5.33645719502651e-07 5.64087541454761e-07 6.40424946518614e-07 7.32571963868445e-07 6.57943404980266e-07 4.63455863464191e-07
0.000264420575383451 0.983383328377392 1 1 3.35709843082288e-05 3.22670971888428e-05 2.84933836620649e-05 2.67087112580944e-05 8.51538843681388e-05 2.87701411574304e-05 4.27555919657596e-05 0.000111528508066283 2.94249193825147e-05 2.70892881218954e-05 3.43757900705954e-05 3.98158738024179e-05 2.70674249799319e-05 2.65477230614319e-05 2.94631579121907e-05 3.37220971478036e-05 3.0212761877757e-05 6.95410933049256e-05 3.15159719230795e-05 2.70211317250357e-05 2.70087123082074e-05 5.75748783381291e-05 0.000144027796773361 5.75772508878414e-05 2.90584162075946e-05 3.17723474396736e-05
1.31854305251977e-10 1.99323668681473e-10 0.999999996912588 1 3.78486131324962e-12 2.08622008557313e-12 2.40640840587503e-12 2.09332551293073e-12 1.78052017574259e-11 2.2974955271593e-12 4.43989289777846e-12 2.07567296683919e-12 2.62800892159021e-12 2.1879165146288e-12 3.22142312825235e-12 2.05835348765504e-12 2.14073203608223e-12 2.25885976590234e-12 2.11202166866542e-11 2.32625030349709e-12 3.163247441762e-12 2.36377584172942e-12 3.2763791679713e-12 3.20199422532141e-12 7.59337037692376e-12 2.30038210702332e-12 2.11930473170696e-12 2.1032064978499e-12 2.32180941139859e-12 3.50464102183423e-12
0.00262786749041033 0.931005554591549 0.999999999999442 1 0.000216850236916755 0.000167514372945265 0.000168128990293948 0.000162225414070627 0.00016860603975466 0.000165694450787623 0.000162971838914228 0.00016714528998707 0.000315914166844178 0.000162531808698629 0.000274972075505198 0.000162966482928351 0.000161903982246692 0.00016185210742059 0.000289314161777243 0.000164208970764634 0.000161825260916681 0.000163638079524353 0.000161997342928433 0.000161824233105734 0.000195398611371411 0.000196457132545125 0.000199162659413665 0.000163538368279648 0.000162693623342536 0.000273092750876058
9.16435966002993e-08 0.999993618722784 1 1 7.86188059098691e-09 8.8053268010313e-09 7.86650022899238e-09 3.46031433506866e-08 7.79982968213133e-08 8.23555323936631e-09 3.17624541112949e-08 2.17361981746933e-08 1.78021332120082e-08 2.50213021413259e-08 7.86954845732879e-09 3.16159958213547e-08 4.07795763823771e-08 7.84409037724032e-09 9.26018006719431e-09 9.87648174355371e-09 2.17112640088502e-08 1.67494957903358e-08 9.67904656423713e-09 8.00061572547861e-09 8.14771905499612e-09 2.59581408590392e-08 1.00259998081498e-08 1.56007353702137e-08 1.06375392938673e-08 1.26349293250172e-08
1.21183771726319e-05 0.997702618852483 1 1 3.89250076160419e-06 3.92389138892391e-06 5.80450972659241e-05 4.28713768385602e-06 6.1498118789638e-06 8.49223008613231e-05 5.18239242253138e-06 8.29013383574217e-06 1.28236348453381e-05 4.17974937549914e-06 3.84959665533646e-06 4.91026458493415e-06 4.2526301453627e-06 3.83823402727579e-06 3.80479460104777e-06 4.94234858405829e-06 3.86004114372174e-06 4.60408342517482e-06 3.81433936513798e-06 3.81432794949177e-06 5.01705678823683e-06 3.88039692467146e-06 4.84614549078888e-06 7.65381989809022e-06 5.99887429497681e-06 4.05148253301846e-06
1.18980042470573e-05 0.999793228129865 0.9999998162244 1 3.74953716408832e-07 3.97498421622622e-07 5.34569211230185e-07 3.71506871710281e-07 4.35397935594217e-07 1.0037223502346e-06 4.19126164885597e-07 3.78823045377175e-07 5.13215565378644e-07 3.73959175847816e-07 3.83828382077844e-07 4.89954809945736e-07 3.7892476012491e-07 3.82813055144204e-07 3.77709554855166e-07 3.73884364468502e-07 4.63370994574497e-07 3.92483357480877e-07 8.6800197396375e-07 8.06853692081333e-07 4.39742909419394e-07 3.75077081615771e-07 3.73446856438697e-07 5.08598792636761e-07 3.74028022664952e-07 1.52399877761944e-06
0 0 1 1 0 0 0 0 0 0 0 0 0 0 0 0 0 0 0 0 0 0 0 0 0 0 0 0 0 0
0 0 1 1 0 0 0 0 0 0 0 0 0 0 0 0 0 0 0 0 0 0 0 0 0 0 0 0 0 0
8.76337932060878e-05 0.965686274109263 1 1 1.95221906165166e-05 1.17543976543288e-05 1.29540057738353e-05 2.01335542566738e-05 1.27566823170389e-05 1.314205985814e-05 1.73463118733341e-05 1.37161800809471e-05 1.1390941756062e-05 2.14309578613348e-05 1.7640546692177e-05 1.11407214462567e-05 8.16223215942546e-05 1.2198397185692e-05 1.15961729699743e-05 1.34056575393782e-05 1.11352744407434e-05 1.11927947681334e-05 1.1134243743105e-05 1.29634254393274e-05 1.32311609118974e-05 1.21370058268067e-05 1.13183872219036e-05 1.22657645570401e-05 1.11406200719033e-05 1.24932703885472e-05
9.79472059015052e-11 1.77526260358718e-08 0.999999947616724 1 8.46824832478887e-11 8.20173928772761e-11 6.06820149684495e-11 6.05456795810255e-11 2.44121944881215e-10 8.52631298897677e-11 6.73855415911362e-11 8.08824118792018e-11 6.7562400118959e-11 6.13472606048049e-11 7.69402319633627e-11 6.06638073108456e-11 9.27408150275255e-11 4.63415306128923e-10 7.28423987794713e-11 9.45038491906303e-11 6.04529759584693e-11 6.78153089239686e-11 6.41589004146681e-11 8.38307201433963e-11 7.25491888786678e-11 6.87911949626141e-11 7.30183691288744e-11 2.18792872708207e-10 6.29351015746238e-11 1.2252410197533e-10
5.41489075800428e-12 2.59413124314989e-09 0.999999989396855 1 5.47695222508082e-12 4.24000834442495e-11 5.2146065243619e-12 5.20361531641811e-12 6.61248833466743e-12 5.25446353094594e-12 5.52213830218307e-12 5.73452396679386e-12 5.77848879856901e-12 5.2092774538437e-12 5.45030687248982e-12 5.19873033510976e-12 5.23003862440419e-12 6.45461462056574e-12 5.23470156110761e-12 5.67135227669269e-12 5.58519896998178e-12 6.56352749928146e-12 5.47861755961776e-12 9.05830965791665e-12 8.42381719934338e-12 5.58975088438274e-12 6.66089405854109e-12 5.23081578052143e-12 5.86064530239128e-12 5.37903055430888e-12
5.47032750208842e-08 0.999964500711052 0.999999999999999 1 1.11718039264019e-08 3.01038498573547e-08 1.1896666429756e-08 1.42107670075831e-08 1.33861661755219e-08 2.71003782748025e-08 1.13498486165042e-08 1.09683492288681e-08 1.34740103518993e-08 2.0322844074272e-08 1.10289264387831e-08 1.10278148834908e-08 1.34004101148832e-08 2.44288389517067e-08 1.69069056532578e-08 1.12486145953383e-08 1.93949547533379e-08 1.93399043446618e-08 3.18575889002304e-08 4.97789305331509e-08 1.35487850938532e-08 1.15808319600674e-08 1.09594081587616e-08 3.18111579300506e-08 1.27043302544649e-08 1.25980088583333e-08
1.60771396195969e-12 3.00429712218886e-08 0.999999969168483 1 6.7301719752777e-13 2.57238674805649e-12 8.29891710907305e-13 1.04960484748062e-12 7.50066675436756e-13 2.4660273822974e-12 7.7982065249671e-13 7.57838236609132e-13 1.49547041417009e-12 1.55764290354909e-12 7.36855021443716e-13 6.7168492989822e-13 1.16917586723275e-12 6.70019595361282e-13 4.27411439574144e-11 6.78679334953358e-13 3.63176155815381e-12 6.52722320637622e-12 9.84656800540051e-13 7.66608998503671e-13 7.16315895488151e-13 6.7035266226867e-13 8.888445535149e-13 1.08502096196617e-12 6.89226453687297e-13 7.37965244468342e-13
9.33055063212507e-08 0.999997325750318 1 1 4.49708126293302e-09 4.48036396871743e-09 6.24582829900078e-09 3.52940343617547e-09 3.6436860195721e-09 5.7126414709785e-09 3.93443633228685e-09 3.53729712188056e-09 3.78867381911618e-09 3.6753086130048e-09 6.82354561742926e-09 3.61260510395311e-09 1.05235066216736e-08 4.31937208222877e-09 1.92607717552917e-08 3.64000873886994e-09 3.7405826214254e-09 3.70493291601548e-09 3.85903597965864e-09 3.67982788684884e-09 5.34684051478607e-08 5.76526248963205e-09 5.69406355399593e-09 6.6127437969854e-09 3.71107466978771e-09 5.56609558444165e-09
0.126619788432192 0.836957480358498 1 1 2.10968522635913e-05 1.88493577220061e-05 2.6236422678072e-05 1.89578089021536e-05 3.34964052951525e-05 5.48222192471304e-05 1.87715558866985e-05 2.43510261951352e-05 0.000392943425498005 1.91505382013402e-05 1.90388924062868e-05 2.0071200587779e-05 2.20190752251437e-05 3.4607075223736e-05 1.89974766792167e-05 2.14722520514021e-05 3.84375568800444e-05 3.66564520472012e-05 2.41716978059969e-05 2.67322167735173e-05 1.90414833990404e-05 1.93337833950258e-05 2.05852784181948e-05 2.30225566933973e-05 2.01467726389515e-05 2.02818152863493e-05
7.96029908656237e-14 1.54193657841972e-10 0.999999999841991 1 3.10862446895044e-15 3.5527136788005e-15 7.32747196252603e-15 2.33146835171283e-15 2.22044604925031e-15 5.55111512312578e-15 4.32986979603811e-15 3.88578058618805e-15 5.10702591327572e-15 6.94999613415348e-13 1.86517468137026e-14 2.55351295663786e-15 2.44249065417534e-15 2.33146835171283e-15 2.33146835171283e-15 2.55351295663786e-15 2.66453525910038e-15 2.22044604925031e-15 2.22044604925031e-15 3.21964677141295e-15 2.66453525910038e-15 8.32667268468867e-15 3.66373598126302e-15 2.66453525910038e-15 2.22044604925031e-15 2.44249065417534e-15
0.0330127266732475 0.95933139883106 1 1 2.09498597779634e-05 1.67715402931146e-05 1.47297381849487e-05 1.48629902908537e-05 1.52265302127974e-05 1.38462460348432e-05 2.21938855113901e-05 2.44663077382246e-05 1.5251825780993e-05 1.44995487265653e-05 1.66971737711741e-05 1.42951408023118e-05 5.79222380762134e-05 1.86273345244015e-05 1.38362543018467e-05 2.98102827730462e-05 1.72051321335465e-05 1.38232844963948e-05 1.38361715142921e-05 2.62196321653141e-05 2.16777644221899e-05 2.92785196404077e-05 1.38184937696906e-05 1.51450473104831e-05 1.57830256805047e-05 1.79463342655506e-05
0.0010442224779853 0.948459195025722 1 1 0.000790760350720787 9.69493875825345e-05 0.000120169711046003 0.000116396241997774 9.6212189506284e-05 0.000119093746600463 9.58824280213877e-05 9.59190970477586e-05 9.59552485927384e-05 0.000127858161258487 0.000241539467190188 0.000106984565238277 9.97861663480926e-05 0.000149196693767117 9.6570565417009e-05 9.80941994045414e-05 0.000136039877976279 0.000126835107845613 0.000158628828071272 0.000165037141120705 9.61054346255708e-05 0.000102555582697894 0.000132138263691628 0.000155138436183089 0.000100782606582306 9.60429578561461e-05
2.36015710308735e-08 1.59088722917478e-05 0.999979846044773 1 1.1803240163033e-08 9.60712365216665e-09 1.88700034486899e-08 2.04595462793833e-08 1.26932968580462e-08 9.84865622388753e-09 8.95746110618489e-09 9.08034403224178e-09 1.52348440529693e-08 1.52249292062479e-08 1.21903386274269e-08 1.12031279808633e-08 9.6753081102463e-09 1.11907927369259e-08 1.34833822995617e-08 1.11743601038938e-08 1.36765185843046e-08 8.87311069064367e-09 9.62459711928432e-09 1.5820830978619e-08 9.18431841689937e-09 1.40351005262218e-08 1.55823630665353e-08 8.88581563884827e-09 1.03375349391754e-08 9.26471710460675e-09
0 0 1 1 0 0 0 0 0 0 0 0 0 0 0 0 0 0 0 0 0 0 0 0 0 0 0 0 0 0
0 0 1 1 0 0 0 0 0 0 0 0 0 0 0 0 0 0 0 0 0 0 0 0 0 0 0 0 0 0
4.88498130835069e-15 2.95319324550292e-14 0.999999999999816 1 0 0 0 0 1.11022302462516e-16 0 0 1.11022302462516e-16 0 0 1.11022302462516e-16 0 0 0 5.55111512312578e-16 0 0 0 0 0 0 0 0 0 0 0
0 0 1 1 0 0 0 0 0 0 0 0 0 0 0 0 0 0 0 0 0 0 0 0 0 0 0 0 0 0
0.000164865811490666 0.990370874403214 1 1 2.78598145126985e-05 8.57070872338772e-05 1.63038899426704e-05 1.97781003264952e-05 1.77973714504676e-05 1.60076186178637e-05 2.4184622322565e-05 1.66052727356147e-05 1.6426718282947e-05 2.36942504976412e-05 1.71600755185519e-05 4.80888436038551e-05 2.08572352750069e-05 1.9130492917796e-05 1.61480605740394e-05 1.71281976374393e-05 0.000109747106080804 3.50115831981856e-05 4.64373272761609e-05 2.13678088158975e-05 4.02003998158929e-05 1.60123731536288e-05 1.70330196659352e-05 2.45998201047204e-05 1.61076622657852e-05 2.2509939324955e-05
2.54635304897111e-06 0.999995501302666 1 1 3.75739261926356e-09 1.45200895751429e-09 1.62354207855486e-09 1.45316259025918e-09 1.42037481776214e-09 1.46172218773444e-09 1.55629864551088e-09 1.59709445668454e-09 1.87825521802409e-09 3.19178117269558e-09 1.68340119621746e-09 1.50145273991598e-09 1.45373424409456e-09 1.78999204347718e-09 1.55159307624331e-09 1.43525247242593e-09 1.42148015580545e-09 2.71087874370579e-09 1.95786420409405e-09 7.01052005336322e-09 1.61373825413591e-09 1.42924005963607e-09 1.54741386371171e-09 1.70278602329432e-09 1.440927266394e-09 3.98718402738751e-09
1.84684234384447e-05 0.999570697961991 1 1 2.84434971908887e-07 2.86571577134964e-07 4.53551168733135e-07 3.4976563667577e-07 2.74606346883921e-07 8.8854261759419e-07 3.52119371660464e-07 2.77389482383761e-07 5.68697497982384e-07 2.832912723294e-07 3.0198278033744e-07 3.07414207423307e-07 3.08537191240355e-07 3.57531806494116e-07 2.82784507810163e-07 3.62483678295611e-07 5.01486827397812e-07 3.5416856358772e-07 2.76327917325681e-07 3.01403945024425e-07 2.77245632895884e-07 6.25582107227629e-07 7.33817583031815e-07 6.19217189190557e-07 4.36265050085538e-07 4.06415074372113e-07
0.000481030380530711 0.999478322537269 1 1 5.99510951992954e-08 5.7454460411499e-08 7.10820250438005e-08 2.37273546255246e-07 1.09436701034582e-07 1.00299352823185e-07 5.26945732604034e-08 5.01767053462387e-08 1.90982950232232e-07 5.19541945021018e-08 1.10084329874027e-07 4.19822926644997e-07 1.23749336333745e-07 5.00516731394285e-08 7.44418442444328e-08 1.43273739428018e-07 7.89251856092577e-08 5.68741030937403e-08 9.94987678915038e-08 5.24137443447259e-08 6.04597857334355e-08 5.1281037083406e-08 7.57433281650677e-08 5.00343662057645e-08 6.12743255024029e-08 2.184243128589e-07
0.00261727023263791 0.970425224740968 1 1 4.6963846083381e-05 9.74587687238015e-05 5.12339551018703e-05 5.08449586286153e-05 4.50102920158679e-05 6.56107879670742e-05 6.64799420088125e-05 4.35457639799131e-05 4.64517310028167e-05 4.37136984766662e-05 4.80812681702414e-05 8.98084668290444e-05 4.36426892238551e-05 5.84971736101725e-05 4.41514621335459e-05 9.05151742812693e-05 4.65932442121897e-05 7.04811741740752e-05 0.000163065451987632 4.3587030554515e-05 4.55068000159153e-05 0.000100406314446633 6.1770340845313e-05 4.45346324329243e-05 4.37272557624047e-05 4.4974526347219e-05
7.90811860440499e-13 7.08311187480604e-12 0.999999999980765 1 1.13242748511766e-14 1.0991207943789e-14 1.27675647831893e-14 1.04360964314765e-14 1.22124532708767e-14 1.4210854715202e-14 1.04360964314765e-14 1.16573417585641e-14 1.17683640610267e-14 1.0769163338864e-14 1.0769163338864e-14 1.36557432028894e-14 1.0325074129014e-14 1.0325074129014e-14 4.30766533554561e-14 1.0547118733939e-14 1.37667655053519e-14 1.0325074129014e-14 2.55351295663786e-14 1.93178806284777e-14 1.0769163338864e-14 1.0325074129014e-14 3.54161144855425e-14 1.0325074129014e-14 1.04360964314765e-14 2.16493489801906e-14
0.0112678486865208 0.986900527377584 0.999999999933599 1 3.54798156032565e-06 5.88332378848033e-06 3.72420427374731e-06 3.62506869655554e-06 2.37992444640511e-06 2.72889544028487e-06 2.4063642516392e-06 2.41241774756595e-06 8.73857829686298e-06 3.53607836278691e-06 5.43126090990498e-06 2.37817184634004e-06 4.36017577365444e-06 2.44050471787105e-06 3.2323101871734e-06 2.65748828331969e-06 2.46538187997913e-06 2.45014312927339e-06 4.68944230591628e-06 2.37819288151364e-06 4.91227244958647e-06 2.37967164862241e-06 3.10182224727562e-06 2.42053949561782e-06 2.85642931086016e-06 4.60936506296861e-06
0 0 1 1 0 0 0 0 0 0 0 0 0 0 0 0 0 0 0 0 0 0 0 0 0 0 0 0 0 0
1.32131627599286e-05 0.996763410310417 1 1 4.60223541987048e-06 8.64180399828829e-06 4.71476533514537e-06 4.83144766161292e-06 4.41315838761724e-06 0.000161585684421928 7.54315654372117e-06 5.22220639376236e-06 5.96722904055991e-06 5.36061696365664e-06 5.36637325576628e-06 4.26300970945981e-06 7.60167973190562e-06 4.58515990808817e-06 4.49055990747738e-06 4.2865420785132e-06 4.91009665992692e-06 7.01067000508093e-06 6.54652351195217e-06 5.62594348252343e-06 5.94190599589872e-06 1.70296424035765e-05 9.09439035345905e-06 4.42795466037982e-06 4.26217913263027e-06 4.2766699224206e-06
2.79709406525441e-06 1.24837753538998e-05 0.998994789195345 1 2.33272821270614e-06 2.54683169564895e-06 2.33830183782313e-06 2.38373816341397e-06 2.55031553964002e-06 2.40657053984794e-06 2.32027777957722e-06 3.00477863857118e-06 2.66613714994257e-06 4.19533224904622e-06 2.30651118404701e-06 2.30104453191604e-06 2.71499305171119e-06 2.49426630760663e-06 2.9167745805303e-06 3.0639498609375e-06 2.60387103911963e-06 2.72089010755483e-06 2.70252930578696e-06 3.07393064813422e-06 2.3917809124363e-06 2.95281884654663e-06 4.79817310194974e-06 2.91507718253037e-06 2.32513555298297e-06 4.58415182502669e-06
0 0 1 1 0 0 0 0 0 0 0 0 0 0 0 0 0 0 0 0 0 0 0 0 0 0 0 0 0 0
0.000129001081805913 0.995253854775032 1 1 1.40149044882687e-05 7.08731507459426e-06 2.09589901792873e-05 8.22930861887894e-06 7.47764076336477e-06 1.01615101877339e-05 3.28642383059519e-05 1.33696777129266e-05 1.54908187937064e-05 6.84641613446502e-06 9.89614279334194e-06 7.54369200428595e-06 7.49169456870646e-06 1.44261048189431e-05 7.50501134416659e-06 7.71071543503865e-06 1.29080793506153e-05 1.95318747374662e-05 6.96370019881432e-06 6.86135005045774e-06 1.15361282307935e-05 1.63432166433441e-05 3.2176316376753e-05 7.81380875491955e-06 6.92607137597889e-06 1.14317572714739e-05
2.56879531645993e-06 0.999286977799214 0.999999999999997 1 1.34125956796627e-06 1.23755449943364e-06 1.11613450437531e-06 1.29095661394185e-06 9.26335142925616e-07 3.05942939349269e-06 9.03694607479189e-07 9.15141831425714e-07 9.02266815372421e-07 9.05961341057804e-07 9.00327710273707e-07 9.71175950659209e-07 5.93699529360947e-06 9.45541330676924e-07 1.17720307557523e-06 2.3790626121345e-06 2.3814264843991e-05 1.47999061694826e-06 9.75014075810243e-07 1.02082748787424e-06 4.15450799595707e-06 2.89193250369024e-06 9.01244388007427e-07 1.67824140917539e-06 9.43597104119398e-07 1.57618203067145e-06
8.88178419700125e-16 5.77315972805081e-15 0.999999999999995 0.99999999999965 4.44089209850063e-16 2.22044604925031e-16 2.22044604925031e-16 2.22044604925031e-16 3.33066907387547e-16 2.22044604925031e-16 2.22044604925031e-16 2.22044604925031e-16 2.22044604925031e-16 2.22044604925031e-16 1.11022302462516e-15 2.22044604925031e-16 3.33066907387547e-16 2.22044604925031e-16 2.22044604925031e-16 2.22044604925031e-16 2.22044604925031e-16 3.33066907387547e-16 2.22044604925031e-16 3.33066907387547e-16 2.22044604925031e-16 5.55111512312578e-16 2.22044604925031e-16 3.33066907387547e-16 2.22044604925031e-16 2.22044604925031e-16
0.00108366229309043 0.991831725767884 1 1 3.89075094908709e-05 1.46763809907302e-05 1.46346181190138e-05 1.48108124458091e-05 1.52214671476081e-05 2.36726174843715e-05 4.4756461542339e-05 1.5119378492745e-05 2.95615840243402e-05 2.23880399524701e-05 5.24115455495799e-05 1.90602891598779e-05 1.49314343950158e-05 1.46426347141793e-05 9.02234592430329e-05 1.47180190566143e-05 1.50273401500201e-05 2.03883738765231e-05 1.4875009484161e-05 1.47096468041674e-05 1.52517799018037e-05 1.53757704596247e-05 3.04053754438538e-05 2.63512526491594e-05 5.02330437827103e-05 1.81044925061657e-05
0.00605570226700514 0.993013537834486 1 1 1.36109799031559e-06 3.84543014886329e-06 1.49464146748102e-06 1.27428127238982e-06 1.36130909933474e-06 1.34296693488078e-06 1.30410371357303e-06 1.26116706578028e-06 5.38124807270002e-06 1.34686381125793e-06 1.31521195401163e-06 1.77739717832637e-06 1.27167691810204e-06 1.6332261852936e-06 1.65288177544909e-06 1.62736655850981e-06 1.29528951864355e-06 1.26834576692492e-05 2.35593533604028e-06 1.29685548688752e-06 1.36714377985125e-06 1.53036367356307e-06 1.39328885140344e-06 1.30198659209491e-06 1.60880279587161e-06 1.27605343525072e-06
6.69372070991603e-05 0.992189387836043 0.999999999999405 1 5.917180533066e-05 1.58261493540257e-05 1.47509571859494e-05 2.88136147656992e-05 1.69972236883087e-05 1.49585880612202e-05 1.79489174180203e-05 1.96793400766282e-05 5.92111955891594e-05 2.67886040463683e-05 1.48502322746547e-05 1.57285475569369e-05 1.52858740321005e-05 1.49374497244725e-05 1.97724187555037e-05 1.60298941539461e-05 1.46899606826567e-05 1.54885619396694e-05 1.57375391343084e-05 1.49735925351058e-05 1.72891917283868e-05 3.05903295555465e-05 1.46972021206615e-05 1.51242773349658e-05 1.73108325088878e-05 2.59443363542777e-05
0.000329765812136396 0.986330652416507 0.999999999995119 1 2.51725461649643e-05 6.84517591122979e-05 2.54194351873016e-05 2.77388441910498e-05 2.57425212265572e-05 2.5133768622343e-05 3.09811193079934e-05 2.54580925763692e-05 3.21590753890044e-05 2.55383414515808e-05 2.54150689378285e-05 2.54978200685541e-05 2.5821803260162e-05 5.739444804298e-05 2.57586889977901e-05 3.11643297754571e-05 2.93643943353183e-05 4.02903868113036e-05 3.4356862850915e-05 2.61980603060152e-05 4.03408762774671e-05 3.22229051621381e-05 3.25978150582662e-05 2.88825813585802e-05 3.00877550760692e-05 3.08959945813925e-05
3.90553427780382e-05 0.999518093282164 0.99999992560578 1 3.17403284277873e-06 3.8131254893603e-06 9.92700047941497e-07 2.05971684819062e-06 9.70015293866311e-07 1.02199489526722e-06 2.15569736550236e-06 1.3527301010452e-06 1.20623788613106e-06 9.53380882573462e-07 9.83823750022594e-07 1.15087352670074e-06 8.73860978023444e-07 8.64801939171045e-07 1.26254112986501e-06 4.27299686955873e-06 2.46619057986397e-06 9.82060487930703e-07 8.62986374139396e-07 9.31829807648832e-07 8.6606717164539e-07 1.41818979504382e-06 8.8416693488913e-07 9.14371665938774e-07 1.57555482227512e-06 2.5711350446489e-06
0.000737554500037541 0.972264618847183 0.999999999982789 1 9.44996285165978e-05 5.67019151277437e-05 6.39747324986395e-05 9.71441855817101e-05 6.56896731227041e-05 6.08510007762408e-05 5.72176309755479e-05 9.25768542148209e-05 5.98465277023008e-05 5.73128416900825e-05 6.42897173908086e-05 5.68820775184165e-05 5.69879585868849e-05 5.66362916644136e-05 5.69228496125618e-05 5.98329989424107e-05 6.61053269540579e-05 5.69693044476516e-05 5.9330496612775e-05 5.82486260616299e-05 6.68486123419632e-05 0.000106440822513432 6.06017426202365e-05 9.97376930154115e-05 5.9107111230694e-05 9.34030970921595e-05
0.000598933262126233 0.980256269215572 1 1 4.67392852474546e-05 4.51316065096519e-05 6.29171845780707e-05 5.83362570840684e-05 5.45271590860485e-05 4.68945643901097e-05 8.07631089043692e-05 4.51303299137118e-05 4.51925818277799e-05 5.95546943505942e-05 5.37176044378418e-05 4.59665238206064e-05 4.59672044914594e-05 4.60005596470969e-05 0.00012679168874774 4.77489149889321e-05 4.91332163222724e-05 4.71675647299996e-05 4.54904768901754e-05 4.5221460195477e-05 4.74207501114376e-05 6.30328095126975e-05 5.25094967546158e-05 8.61191390958416e-05 4.51562420404894e-05 0.000102682678396193
7.7715611723761e-16 0 0.999999999999999 1 0 0 0 0 0 0 0 0 0 0 0 0 0 0 0 0 0 0 0 0 0 0 0 0 0 0
0 0 1 1 0 0 0 0 0 0 0 0 0 0 0 0 0 0 0 0 0 0 0 0 0 0 0 0 0 0
3.79696274421804e-14 2.65343302885412e-14 0.999999999999422 1 5.55111512312578e-16 5.55111512312578e-16 5.55111512312578e-16 1.22124532708767e-15 4.44089209850063e-16 4.44089209850063e-16 4.44089209850063e-16 4.44089209850063e-16 4.44089209850063e-16 7.7715611723761e-16 6.66133814775094e-16 6.66133814775094e-16 8.88178419700125e-16 4.44089209850063e-16 8.88178419700125e-16 4.44089209850063e-16 7.7715611723761e-16 4.44089209850063e-16 4.44089209850063e-16 8.88178419700125e-16 4.44089209850063e-16 8.88178419700125e-16 5.55111512312578e-16 1.33226762955019e-15 4.44089209850063e-16 7.7715611723761e-16
6.18693984932861e-12 5.51698686734881e-11 0.999999999854839 1 1.20459198171829e-13 1.52988732793347e-13 5.21804821573824e-14 6.33937347060964e-14 4.27435864480685e-14 4.86277684785819e-14 4.48530101948563e-14 5.52891066263328e-14 3.83026943495679e-14 3.79696274421804e-14 3.80806497446429e-14 3.85247389544929e-14 3.81916720471054e-14 3.78586051397178e-14 3.81916720471054e-14 3.8746783559418e-14 6.3726801613484e-14 6.36157793110215e-14 4.41868763800812e-14 4.00790511889682e-14 3.79696274421804e-14 3.78586051397178e-14 5.09592368302947e-14 4.59632332194815e-14 3.80806497446429e-14 3.8968828164343e-14
0.082962976961904 0.865326161896205 1 1 1.94876080125139e-05 9.60654731951838e-06 9.78153015840366e-06 1.07016991423015e-05 9.40410476579778e-06 1.62168723015776e-05 1.02758325420949e-05 2.84154602215869e-05 1.18962440026626e-05 0.000171983530833697 2.21401424781442e-05 9.50691209333776e-06 9.59184091253729e-06 0.0025629706812188 1.00169537607941e-05 9.33068733321996e-06 9.46060219886302e-06 9.78790287631259e-06 1.11204334274362e-05 2.15297419549065e-05 9.33152798998638e-06 9.37128396105713e-06 9.44962463733656e-06 9.38128950533912e-06 1.46328792751671e-05 9.43544190779022e-06
2.01278696265739e-06 0.999929306656429 0.999999999999999 1 1.45273557072834e-07 1.69522026860491e-07 1.88442159432256e-07 1.42455030105459e-07 1.37160427793326e-07 1.63669034436431e-07 1.40613204968609e-07 1.49799602056078e-07 1.42720177453981e-07 3.05043000747851e-07 1.37195180216487e-07 1.42716023554534e-07 1.48875618721789e-07 1.49450740893897e-07 1.38764099877342e-07 1.47057232058323e-07 1.91882067679394e-07 2.84117585902521e-07 1.37146482837025e-07 2.11487956480738e-07 1.37817846024291e-07 2.13692138761878e-07 1.39713985491952e-07 1.37556145918261e-07 1.37500911989719e-07 1.55579140126427e-07
7.49922433419536e-05 0.999586133131758 1 1 4.44937714672022e-07 4.66288321288033e-07 7.93945658661421e-07 4.95079604867499e-07 5.05800992867123e-07 4.56352792665982e-07 7.46236371473863e-07 4.37883784232262e-07 5.87877820756866e-07 4.7180266904423e-07 4.93874360851798e-07 7.54260171875742e-07 9.35263737900094e-07 4.37458487878573e-07 4.64210930362086e-07 4.45318320330124e-07 4.55123686071701e-07 4.39646199112964e-07 6.08342910268789e-07 5.10303129419576e-07 4.71489415621029e-07 8.6073055827196e-07 4.41164759168444e-07 5.1863467631641e-07 5.55396301060718e-07 5.86486513798334e-07
4.36732875785939e-06 0.999517048350462 1 1 7.7189559577473e-07 1.07950155614489e-06 7.92494622592343e-07 9.91428567465036e-07 1.29808908588824e-06 1.3890323313781e-06 7.73446876434214e-07 1.44326705331377e-06 8.06219527249574e-07 1.75281354219958e-06 8.77568741008972e-07 7.63560916494654e-07 1.0729882723437e-06 4.77249056485274e-06 1.11083829767988e-06 7.59801729199872e-07 1.23636072668631e-06 7.89674105439175e-07 7.68487972258036e-07 9.60411639994163e-07 7.5176815905742e-07 8.83384018268707e-07 3.80915795261672e-06 7.63876837783783e-07 8.41316967870043e-07 9.38695108532173e-07
0 1.11022302462516e-16 0.999999999999999 1 0 0 0 0 0 0 0 0 0 0 0 0 0 0 0 0 0 0 0 0 0 0 0 0 0 0
0.00042226789160893 0.936767699662425 1 1 0.000139400705081449 0.000181328779744638 0.000120996927838846 9.75390923942943e-05 0.000122562482526178 0.000102860541268179 0.000119712032151997 9.74053703849398e-05 9.89670738257287e-05 0.00035047392623333 9.72069920518459e-05 0.000227641200472917 0.000153121552463165 0.0001583566635186 0.000128320954348449 0.00014162952726815 0.00014763294008957 0.000107737531807595 0.000110105348023137 0.000206970127340722 0.00028397852399964 0.000106350141615641 0.000124682139952981 0.000469886619061888 9.75244987055923e-05 0.000103166754484851
1.83747961582936e-05 0.998983051557342 0.999999999999915 1 2.01182934889133e-06 1.96134699725903e-06 1.91146253947228e-06 3.90237181413511e-06 1.88010050494736e-06 2.79974385497539e-06 1.86394318746341e-06 1.86887803044211e-06 3.83132804326891e-06 2.03090121220217e-06 3.79793201221723e-06 1.86794037215776e-06 2.09945850471183e-06 2.14284213106986e-06 1.86329894769077e-06 3.68588399857206e-06 1.88165629955162e-06 1.8634845168064e-06 2.71875237944919e-06 6.66768303669851e-06 2.25074223114685e-06 2.08738606877201e-06 3.68649537174637e-06 1.89454013865831e-06 1.87503982085335e-06 1.95111718670482e-06
1.04689691471371e-07 0.999983371836107 1 1 3.16288086832373e-08 3.20677072673803e-08 4.23910797575644e-08 2.76330761606047e-08 2.58283824328132e-08 7.0894095705043e-08 3.55158259468524e-08 2.721152281282e-08 5.79670924594211e-08 2.57670832448653e-08 2.57687440274879e-08 3.08464328524494e-08 2.6398367380942e-08 2.86248396097477e-08 2.88451867946904e-08 2.5731768160675e-08 2.76186428171954e-08 2.89193782254671e-08 5.14070449542103e-08 2.89619205284808e-08 2.74430546065574e-08 3.08266313586714e-08 2.69886981651979e-08 2.5682053372833e-08 4.72397310158357e-08 3.69364364649627e-08
0 0 1 1 0 0 0 0 0 0 0 0 0 0 0 0 0 0 0 0 0 0 0 0 0 0 0 0 0 0
5.33550687351614e-05 0.999381820351003 1 1 1.40219912680983e-07 1.50560565570501e-07 1.49556648842974e-07 1.91192958132191e-07 7.88496430037533e-07 1.35684112501089e-07 2.08877257823481e-07 1.60804487281396e-07 3.25859953020924e-07 2.00725394861045e-07 1.35379693788629e-07 1.47343064416106e-07 1.37728041860186e-07 1.62649782198265e-07 2.2734951765635e-07 1.36075962275939e-07 1.39615536243198e-07 2.03931167841453e-07 1.57619789775687e-07 1.57362347152912e-07 1.48027874957712e-07 1.35726494154831e-07 9.12843401423835e-07 1.61250581887096e-07 2.28074497887754e-06 2.74519708409748e-07
0 0 1 1 0 0 0 0 0 0 0 0 0 0 0 0 0 0 0 0 0 0 0 0 0 0 0 0 0 0
0 0 1 1 0 0 0 0 0 0 0 0 0 0 0 0 0 0 0 0 0 0 0 0 0 0 0 0 0 0
0 0 1 1 0 0 0 0 0 0 0 0 0 0 0 0 0 0 0 0 0 0 0 0 0 0 0 0 0 0
0 0 1 1 0 0 0 0 0 0 0 0 0 0 0 0 0 0 0 0 0 0 0 0 0 0 0 0 0 0
9.96846409393459e-05 0.990964733510947 1 1 1.84523276112181e-05 2.090854707959e-05 2.03317889267973e-05 1.98170313124857e-05 2.2925905179938e-05 1.86754182108784e-05 2.04256600400132e-05 1.87680220979924e-05 2.04921670833302e-05 2.56879052279446e-05 1.91952160626396e-05 2.12195178027619e-05 2.59255166541461e-05 2.45698609553369e-05 2.52664426590998e-05 1.97405494493097e-05 2.05592486065553e-05 2.17104565148896e-05 2.23886484082003e-05 1.89752357018236e-05 3.34395045979985e-05 1.84802108824655e-05 1.91744862295673e-05 1.90397115609198e-05 1.88231701561126e-05 2.0411351859706e-05
0 0 1 1 0 0 0 0 0 0 0 0 0 0 0 0 0 0 0 0 0 0 0 0 0 0 0 0 0 0
0.0952068053075383 0.901489807236892 0.999999999999608 1 7.33798453733669e-06 8.57235196982664e-06 7.42151467048036e-06 6.70298858496121e-06 8.15442012924716e-06 6.65623249673786e-06 1.10128681044541e-05 7.01828417715156e-06 1.01928357567616e-05 9.28697697499814e-06 1.02966011641392e-05 7.21358767385993e-06 1.41210577173645e-05 1.25722923042249e-05 5.65439092387043e-05 1.78374111582391e-05 1.24630968577621e-05 9.33946301040489e-06 8.16570306749753e-06 6.78771696083214e-06 7.15659386341105e-06 6.72887346520046e-06 1.00004298664302e-05 9.42227752742664e-06 8.9898625535989e-06 2.81106998104574e-05
0 1.16573417585641e-14 0.999999999999477 1 0 1.11022302462516e-16 0 0 0 1.11022302462516e-16 0 0 0 0 0 1.11022302462516e-16 0 0 0 0 0 0 1.11022302462516e-16 0 0 0 0 0 0 0
0.0193262612263064 0.937211952891298 1 1 8.04395777259659e-05 6.50997518933938e-05 7.12015553351319e-05 6.35838323111981e-05 6.1994337957727e-05 7.20375232082793e-05 0.000148101146134061 6.36766579820147e-05 0.00247296063092195 0.000203021597196207 6.41014986370037e-05 6.22034026465101e-05 0.000112845868178391 0.00188386040491506 6.23476216012886e-05 7.03663024755885e-05 0.000122442836510084 0.000199195732100699 6.67401479896856e-05 8.43420904120817e-05 9.99171615739813e-05 6.21043031691082e-05 6.58268866653433e-05 6.56931509330771e-05 9.92136416453349e-05 8.02103592940639e-05
5.80941561523218e-09 2.06287859216836e-06 0.99999700717027 1 1.51034429407559e-09 1.50682200050767e-09 1.6012179360203e-09 2.01707683888941e-09 1.85686932496765e-09 1.60508073498988e-09 1.59750068728925e-09 1.50945811405734e-09 2.03058669878686e-09 4.44847758629408e-09 1.52775414541395e-09 1.56961554864665e-09 1.52875156977927e-09 1.68808556022526e-09 1.51275292292752e-09 2.1685303552843e-09 1.70302250079857e-09 2.42827302709969e-09 1.98509608750896e-09 1.88343762808074e-09 2.15004014592068e-09 1.83577575363358e-09 1.64996016849273e-09 1.5808260256378e-09 1.5223866611791e-09 2.05165584521438e-09
6.9954698700414e-08 0.999999519793944 1 1 8.60448823303273e-10 7.18580084324572e-10 6.51456333322642e-10 6.84657885940965e-10 6.61950716462911e-10 5.48448064741081e-10 5.13492248721548e-10 2.07532548923695e-08 5.2319149013158e-10 6.1855731647853e-10 5.68495583941342e-10 5.65809843422471e-10 5.51708678742102e-10 4.91937379720753e-10 5.59413804168685e-09 1.31278576898097e-09 7.04545755070285e-10 1.04766428865588e-09 4.90772089634106e-10 4.46288073163714e-09 7.6664907755486e-10 4.90786966622636e-10 6.07582095746295e-10 9.23216536552474e-09 1.24903565268397e-09 5.96445337563978e-10
1.31099986422356e-09 0.999999102625672 1 1 9.31380417235061e-10 1.04015485113962e-09 1.06981179470722e-09 7.2567141184976e-10 7.65110974576544e-10 7.0233863169733e-10 7.48552331231167e-10 7.16631198827145e-10 1.0107495951317e-09 7.21136039771864e-10 2.94222757268869e-09 2.17019602288815e-09 8.16653300539372e-10 7.01743663178434e-10 1.01050412482095e-09 9.21192233604984e-10 3.52929374614064e-09 2.85512602449245e-09 1.63180480239333e-09 7.08214487055159e-10 2.57192855901422e-09 9.37171451553809e-10 7.04075464597054e-10 1.16665932470283e-09 1.45944445417712e-09 6.71852099509707e-08
7.84618239380031e-07 0.999895656135488 1 1 2.90609555420041e-07 6.84830401720404e-07 1.5723217905439e-07 1.45072328705531e-07 3.62806754750089e-07 2.1347371784719e-06 1.53795633672793e-07 1.49600379417691e-07 1.45037128307379e-07 2.28942703461854e-07 2.18126315565392e-07 1.53542101033466e-07 2.91117923767459e-07 2.58235083827607e-06 1.44807299928829e-07 4.15898686267901e-07 1.48631240981523e-07 1.73718260221278e-07 1.75234709409722e-07 2.56972993439852e-07 1.50733985737617e-07 1.79270006506194e-07 1.95364669663967e-07 7.86238058436695e-07 1.45131791473574e-07 1.81994429415688e-07
0.866225690397852 0.999966970442218 1 1 0.000248993832831612 0.000200100945571546 0.000274809990751912 0.000187887002585541 0.000285490268451927 0.000192972080291343 0.000189386533162916 0.000226794820228804 0.000286929449762385 0.000210386640085991 0.00018851767191097 0.000181601645214302 0.000321094452157111 0.000707007473443433 0.000176913525974265 0.000185628317397546 0.000208085241434897 0.000187688169703604 0.000193539481441518 0.000214002398810753 0.000303740547085596 0.000379211021991677 0.000369018261798804 0.000182537210132172 0.00351479676690125 0.000260978273972756
8.52914768156854e-06 0.999585619774077 0.999999999758062 1 1.29136800819385e-06 7.9019479015674e-07 7.40597219550665e-07 1.38199146593188e-06 1.64689215365055e-06 1.09358626898537e-06 1.09623524613411e-06 7.41517743430009e-07 1.08927184361285e-06 1.19320546265733e-06 1.03698411302311e-06 7.97108336558772e-07 7.34152682757561e-07 9.33932358004874e-07 7.58752749629998e-07 7.51156988276769e-07 1.35787510713303e-06 8.45959527429052e-07 7.3892548357879e-07 7.84791978403199e-07 1.14136130324738e-06 7.22803663810723e-07 7.40154018630257e-07 7.65265032676155e-07 7.23499434363006e-07 7.24123414563849e-07
2.52380391319029e-06 0.999550036111509 1 1 9.53147674009891e-07 7.89616059426734e-07 9.78971015586083e-07 8.02858224568936e-07 1.03899433301358e-06 7.45971400206713e-07 7.33772804628607e-07 1.02126842882466e-06 8.81722431511633e-07 9.00656498159513e-07 1.95023738414069e-06 8.46263146225823e-07 1.89761417446199e-06 6.95555653074109e-07 7.30879229915438e-07 7.01532962388285e-07 3.30820034355472e-06 7.77356587766675e-07 7.01629049193464e-07 1.73936794756191e-06 1.41730672764684e-06 9.6630632717698e-07 8.82702059445961e-07 8.73171221105196e-07 8.25882138788536e-07 7.15978690113417e-07
1.54765089632747e-13 3.2112090764258e-11 0.999999999962559 1 1.4432899320127e-15 2.44249065417534e-15 1.33226762955019e-15 1.33226762955019e-15 1.55431223447522e-15 1.33226762955019e-15 6.77236045021345e-15 1.66533453693773e-15 3.65263375101677e-14 1.66533453693773e-15 3.10862446895044e-15 1.33226762955019e-15 1.55431223447522e-15 1.33226762955019e-15 6.60582699651968e-14 5.99520433297585e-15 1.33226762955019e-15 1.33226762955019e-15 6.77236045021345e-15 1.33226762955019e-15 3.10862446895044e-15 1.33226762955019e-15 1.33226762955019e-15 1.33226762955019e-15 2.77555756156289e-14 1.33226762955019e-15
2.32750995698972e-07 0.999996180867468 0.999999998070286 1 6.20478068924513e-09 6.353933823533e-09 6.88712853413875e-09 8.05502475831332e-09 6.47295739231168e-09 9.06360164698583e-09 1.43745452207966e-08 9.83972714418968e-09 1.20676100223704e-08 6.12189621218562e-09 6.10124772926213e-09 8.51464776463473e-09 4.19346888325123e-08 6.09474859469827e-09 1.05779133230399e-08 7.12095937771551e-09 6.17791184875927e-09 2.56024844658143e-08 1.39766707096811e-08 7.56230711385086e-09 1.03518900118615e-08 6.12353279194622e-09 7.46207651225461e-09 8.12230749325238e-09 8.1629617509904e-09 6.24944607174882e-09
8.40223072950952e-05 0.993696232196174 1 1 6.60676533192905e-06 8.07897566157401e-06 8.99984870716963e-06 9.69482058976734e-06 1.51842245165179e-05 1.02364352985163e-05 6.59501522604078e-06 7.34937693880333e-06 6.59692016657942e-06 6.59367930733179e-06 4.36209360962225e-05 3.70232753199584e-05 1.95276543072387e-05 1.1634541210892e-05 9.39857943227373e-06 8.06611839876403e-06 8.43931909833007e-06 6.60009153508057e-06 6.69559749488791e-06 6.67339637672182e-06 8.15593942771198e-06 7.54023236859691e-06 6.65098181618085e-06 6.5929468003878e-06 1.04562046862045e-05 6.65005973199406e-06
0 0 1 1 0 0 0 0 0 0 0 0 0 0 0 0 0 0 0 0 0 0 0 0 0 0 0 0 0 0
5.61696396562672e-05 0.975813230424232 1 1 4.88644611601474e-05 4.36624735056235e-05 4.53154275407153e-05 4.34087003302608e-05 5.15461532062389e-05 8.34002285059476e-05 4.64722178508126e-05 4.37640253002636e-05 6.26830669687717e-05 0.000121174984483274 4.77557791990213e-05 0.000143608329997824 4.80059315376424e-05 5.01656907523351e-05 4.34180522301819e-05 4.44239173991168e-05 4.36883649675979e-05 4.44065880521594e-05 6.91647179807964e-05 5.94419886110753e-05 5.49990358432728e-05 5.88316556727753e-05 5.47106746665582e-05 4.46282687618371e-05 6.59631164993124e-05 4.43322003150781e-05
3.6522930130678e-05 0.999144509207131 1 1 1.4603917316558e-06 1.2773776331132e-06 1.22899341936655e-06 1.85059247248542e-06 1.21347892101387e-06 1.20765683986335e-06 1.4198921229891e-06 3.45728526729427e-06 1.48314951242678e-06 1.43775598249185e-06 1.27375719571887e-06 1.37333568606124e-06 2.77537741144585e-06 1.42943441538979e-06 1.2028727413016e-06 1.26539154277072e-06 1.25896789981983e-06 1.2231404956653e-06 2.91606715674408e-06 1.57897239194682e-06 1.29285148109393e-06 1.22072950492491e-06 1.33810847557925e-06 1.36228012326267e-06 1.67608879564352e-06 1.25089252467347e-06
0.000391978127254555 0.944572535018505 1 1 0.000239527753871704 0.000118866687392472 0.000231162178571331 0.000113808556633788 0.000138353870511421 0.000117246671382243 0.000113901682749606 0.000246269481975481 0.000144244913190983 0.000117278588470882 0.000165259734100531 0.000139755420193732 0.000120706615676536 0.000266279476100917 0.000116408739940455 0.000166506782027787 0.000116287373884361 0.000560023325263503 0.00021328928181874 0.00011382156833728 0.000176101712815013 0.000123148810094786 0.000143232248855596 0.000131732800326745 0.000115022210117499 0.000114276522371393
1.33093328247291e-07 0.99999838938617 0.999998478557649 1 6.11294559416109e-09 5.7766712524554e-09 9.21068576964501e-09 3.79958819962667e-09 3.91516219444554e-09 9.7517766084465e-09 7.19060222476031e-09 4.78878103837843e-09 3.79661058147462e-09 4.5376564727917e-09 3.87646559296684e-09 3.8079032149696e-09 5.11557207705238e-09 1.72532703679451e-08 4.28224977699898e-09 4.42251191223875e-09 4.01935285054833e-09 4.68224459204691e-09 5.52132217723766e-09 3.78497000408373e-09 4.35194036363384e-09 6.89939749776158e-09 4.79936956843119e-09 1.50363054229885e-08 1.06194431026552e-08 3.88021126340732e-09
2.68056327590305e-06 0.998760810162646 0.999999999999834 1 2.15123736768685e-06 2.16253003615385e-06 2.34215852534803e-06 2.13021642292421e-06 2.19501073506212e-06 1.66762696920397e-05 2.22363201585196e-06 2.16149593224024e-06 2.71902517390288e-06 3.01645817102347e-06 2.69823995069363e-06 2.40762462111466e-06 2.38092027937675e-06 2.93994461664226e-06 3.28327590592981e-06 3.00534097286143e-06 2.22780897940478e-06 3.96305232885918e-06 3.27433362101726e-06 2.31512082704555e-06 2.13386172298602e-06 2.14458618075231e-06 2.12452521686224e-06 2.95735190347646e-06 4.0128105834869e-06 2.12468798099774e-06
4.47302784034598e-07 0.999989852960079 1 1 2.38733977031558e-09 4.25250734625848e-09 1.05855402221522e-09 1.12343190306063e-09 1.33412236813513e-09 8.68623306615746e-09 2.05940953179606e-09 1.89666238270547e-09 1.22886512077258e-09 1.06026909474366e-09 1.25314159049594e-09 1.08417097521851e-09 1.98127814154958e-09 1.07757225364935e-09 1.07264419568764e-09 2.05248795737134e-09 1.89111737380898e-09 1.06732278570831e-09 1.05722486321014e-09 1.30843103018918e-09 2.29487684411112e-09 1.11954123749314e-09 1.22469523411439e-09 1.46243550602776e-09 1.07892617062788e-09 1.18012255523325e-09
3.02163849497106e-10 1.63189084467774e-09 0.999999994623242 1 8.21309686926952e-12 5.14921438821148e-12 1.33160149573541e-11 9.73410241300598e-12 6.04771788204062e-12 1.64860347595663e-11 1.09561248962109e-11 8.67161897843971e-12 7.65054686269195e-12 4.57833770894922e-12 6.33848529218994e-12 4.56434889883894e-12 4.73410199930413e-12 4.6438408674021e-12 6.00397509487038e-12 1.09443565321499e-11 5.15221199037796e-12 4.77040629220937e-12 7.11497527561278e-12 8.28392909824061e-12 5.75162140137309e-12 7.41440242535418e-12 4.63462601629772e-12 4.92605956026182e-12 4.71411798486088e-12 6.92024215709353e-12
2.86460427600943e-08 0.999997639698836 0.999999999658776 1 3.83518994340193e-09 3.80213338591062e-09 4.45677061922112e-09 3.71087349737564e-09 4.56223525624466e-09 7.38132788224988e-09 5.58286372687178e-09 3.7266468799757e-09 6.25019624944656e-09 6.33101981950546e-09 4.5956991545637e-09 3.91529419996317e-09 1.67757621127862e-08 3.90187671062137e-09 1.24225610909079e-08 4.10406886253156e-09 6.97710245134431e-09 4.83570072873363e-09 5.97136551316879e-09 3.71594754966509e-09 3.75881992198401e-09 4.46191017466901e-09 4.52426984764998e-09 3.72637798395914e-09 7.90532150851675e-09 4.10783018711669e-09
5.55111512312578e-16 9.14823772291129e-14 0.999999999999787 1 0 0 0 0 0 0 0 0 0 0 1.11022302462516e-16 0 0 0 1.11022302462516e-16 0 0 0 0 0 0 0 0 0 0 0
6.47449218726948e-06 0.99964885304371 0.999999999997965 1 5.85254122498213e-07 1.15752758955701e-06 5.79078550111412e-07 5.63564464872712e-07 5.55296003179606e-07 5.38888955681216e-07 9.85974416334301e-07 6.68682730076142e-07 5.21322253144163e-07 6.79474019382731e-07 5.5827833467248e-07 7.78376932464298e-07 6.83034039217212e-07 5.43190209922884e-07 2.38590908308023e-06 5.2208722767233e-07 6.16018721921741e-07 7.69930495025939e-07 1.39440511681688e-06 6.03124011289147e-07 5.98098532922364e-07 7.32925565793963e-07 5.51261687742333e-07 2.15569229622403e-06 5.90806326750126e-07 5.79999738681281e-07
0 0 1 1 0 0 0 0 0 0 0 0 0 0 0 0 0 0 0 0 0 0 0 0 0 0 0 0 0 0
0.00010242356321577 0.957435101961054 0.999999998337411 1 9.90603171789894e-05 0.000104804383131096 9.540366524452e-05 9.6639459454817e-05 0.000100014428087936 0.000289394355080574 0.000151389911213884 9.52809582206449e-05 9.52909470489649e-05 0.000122133164487614 9.82515220137037e-05 0.00015008587753651 0.000168021672019902 9.79168980288492e-05 0.000123606222095063 9.65393197016606e-05 0.000103406541606565 0.000287355910393527 0.000128816056773395 9.53893189563626e-05 0.000121706371744357 9.90562404855622e-05 0.000109349195367869 9.76653464959121e-05 0.000175643357720356 0.000188333359226966
5.34794430961938e-13 1.33892896769794e-13 0.999999999998398 1 2.22044604925031e-16 2.22044604925031e-16 8.88178419700125e-16 2.22044604925031e-16 2.22044604925031e-16 2.22044604925031e-16 2.22044604925031e-16 2.22044604925031e-16 4.44089209850063e-16 2.22044604925031e-16 2.22044604925031e-16 2.22044604925031e-16 2.22044604925031e-16 6.66133814775094e-16 2.22044604925031e-16 2.22044604925031e-16 2.22044604925031e-16 3.33066907387547e-16 5.6621374255883e-15 2.22044604925031e-16 2.22044604925031e-16 2.22044604925031e-16 3.33066907387547e-16 1.77635683940025e-15 2.22044604925031e-16 7.7715611723761e-16
8.43769498715119e-15 3.79696274421804e-14 0.999999999996465 1 3.5527136788005e-15 3.77475828372553e-15 3.88578058618805e-15 3.66373598126302e-15 3.66373598126302e-15 4.66293670342566e-15 4.21884749357559e-15 3.66373598126302e-15 4.66293670342566e-15 1.56541446472147e-14 2.25375273998907e-14 3.88578058618805e-15 3.5527136788005e-15 4.21884749357559e-15 3.77475828372553e-15 3.5527136788005e-15 5.99520433297585e-15 4.44089209850063e-15 4.88498130835069e-15 3.5527136788005e-15 5.99520433297585e-15 4.32986979603811e-15 7.43849426498855e-15 4.77395900588817e-15 1.22124532708767e-14 5.99520433297585e-15
1.21371636896406e-06 0.999998185025929 1 1 1.64449542872092e-09 1.18696497075632e-09 9.32894983485255e-10 9.66639324140317e-10 9.30716392844033e-10 9.76716707512537e-10 9.05290842290185e-10 1.01922470463478e-09 9.18452203180209e-10 8.7753004862634e-10 1.53270807157213e-09 8.77590555781183e-10 2.36335414571798e-08 1.00078390019576e-09 8.95955643009927e-10 1.13904952137034e-09 1.14292708630614e-09 8.81850925615879e-10 8.71207883612612e-10 1.71962177830665e-09 9.5711527592357e-10 8.79388117880353e-10 8.71677729996634e-10 9.17690368140711e-10 1.5081399462602e-09 8.63099147707658e-09
5.23713394873226e-09 1.42391748725323e-07 0.999999428102769 1 7.79892372904101e-10 7.30209892552125e-10 1.36911182391231e-09 6.62182642052755e-10 6.75006606165596e-10 3.62199847891986e-09 6.57163656825333e-10 7.93973775614631e-10 6.87895629347679e-10 1.33621902431713e-09 7.31062876901944e-10 7.59624474433451e-10 7.01610325393176e-10 6.78739175974385e-10 1.40701517103992e-09 6.7318850494047e-10 6.57658372205105e-10 6.80760892102228e-10 8.90012730181411e-10 6.82268908036576e-10 7.35564498199892e-10 1.07982345287638e-09 6.61674492974385e-10 6.68080368804169e-10 7.2784089866218e-10 1.00819985693335e-09
1.28301547164256e-09 0.999999998346712 0.999999998637305 1 1.39555034195382e-13 8.12683254025615e-14 7.40518757424979e-14 7.50510764646606e-14 6.55697718343617e-13 7.43849426498855e-14 7.40518757424979e-14 1.06692432666478e-13 1.68642877440561e-13 9.31477117660506e-14 1.8052226380405e-13 1.17350573702879e-13 7.64943663966733e-14 2.66009436700188e-13 7.69384556065233e-14 8.23785484271866e-14 7.56061879769732e-14 1.47881706880071e-13 7.4718009557273e-14 7.52731210695856e-14 1.02695629777827e-13 8.69304628281498e-14 1.17239551400417e-13 1.17683640610267e-13 1.55764290354909e-13 9.27036225562006e-14
