[1] "Average Estimates for Betas: "
 [1]  4.879595e-02  9.921755e-02  1.980746e-01  2.990439e-01  2.690867e-03
 [6] -2.514209e-04  3.301173e-03 -4.238691e-05  4.663384e-04  9.987945e-04
[11] -1.237830e-03 -9.190961e-05 -3.225070e-03 -1.097678e-04 -7.931588e-04
[16] -6.293302e-04 -2.130149e-03  1.044339e-03  1.504258e-03  7.040777e-04
[21]  3.372728e-04  1.169222e-03  1.741361e-03 -1.504522e-03 -3.555531e-03
[26] -3.179722e-04 -7.964778e-04 -3.583358e-03  3.614789e-03 -2.737873e-03
[1] "Standard Deviations of Betas: "
 [1] 0.01954023 0.02153444 0.01933372 0.02042365 0.02176745 0.02062772
 [7] 0.02064141 0.02073837 0.02093203 0.02294484 0.01826834 0.02072827
[13] 0.02135619 0.01853861 0.02121703 0.02005332 0.02240794 0.01984302
[19] 0.01988261 0.01994049 0.02031273 0.01984400 0.02121146 0.02044198
[25] 0.02072263 0.01862234 0.02137308 0.02293603 0.02036097 0.02206702
[1] "Average StdErrors for Betas: "
 [1] 0.02926753 0.03095008 0.03017254 0.03123813 0.03096799 0.03180080
 [7] 0.03035132 0.03188730 0.03099187 0.03140890 0.03047878 0.02971567
[13] 0.02962298 0.03083342 0.03027693 0.03060032 0.03102130 0.03080407
[19] 0.02980621 0.03053193 0.02984385 0.03003674 0.03087910 0.03127571
[25] 0.03144632 0.03211486 0.03043026 0.03120765 0.03133657 0.02972071
[1] "Positive rate for exposures: "
 [1] 0.402173913 0.885869565 1.000000000 0.994565217 0.005434783 0.000000000
 [7] 0.010869565 0.000000000 0.016304348 0.021739130 0.000000000 0.016304348
[13] 0.005434783 0.005434783 0.016304348 0.016304348 0.038043478 0.016304348
[19] 0.010869565 0.010869565 0.010869565 0.016304348 0.016304348 0.021739130
[25] 0.010869565 0.010869565 0.027173913 0.021739130 0.021739130 0.021739130
[1] "Bonferroni-corrected positive rate for exposures: "
 [1] 0.059782609 0.586956522 0.989130435 0.989130435 0.000000000 0.000000000
 [7] 0.000000000 0.000000000 0.000000000 0.000000000 0.000000000 0.000000000
[13] 0.000000000 0.000000000 0.000000000 0.000000000 0.000000000 0.000000000
[19] 0.000000000 0.000000000 0.000000000 0.000000000 0.000000000 0.000000000
[25] 0.000000000 0.000000000 0.005434783 0.000000000 0.000000000 0.000000000
