[1] "Average Estimates for Betas: "
 [1]  4.951883e-02  9.863640e-02  1.988082e-01  3.006423e-01  1.196199e-03
 [6] -1.216614e-03  2.660544e-03  4.683740e-04 -5.550646e-04  9.257534e-04
[11] -1.167931e-03  1.179373e-04 -1.552385e-03 -9.148285e-04  8.216933e-04
[16] -5.277061e-05 -8.348661e-04  1.105951e-03  2.903920e-04  1.788366e-04
[21] -6.220130e-04  2.678146e-04  2.781855e-04 -4.340076e-04 -2.305592e-03
[26]  2.272673e-04 -8.038434e-04 -3.169165e-03  2.597622e-03 -5.325864e-04
[1] "Standard Deviations of Betas: "
 [1] 0.01687721 0.01703327 0.01655864 0.01671624 0.01789847 0.01707182
 [7] 0.01738554 0.01647529 0.01607114 0.01924247 0.01599738 0.01657791
[13] 0.01863908 0.01581891 0.01665407 0.01636312 0.01795188 0.01740866
[19] 0.01607726 0.01614151 0.01767659 0.01649607 0.01802886 0.01604581
[25] 0.01600399 0.01504447 0.01669525 0.01845666 0.01788545 0.01774368
[1] "Average StdErrors for Betas: "
 [1] 0.02115959 0.02112264 0.02089165 0.02102313 0.02117574 0.02126713
 [7] 0.02127375 0.02119533 0.02120104 0.02138456 0.02089575 0.02069875
[13] 0.02097834 0.02105330 0.02106654 0.02076268 0.02083084 0.02118510
[19] 0.02107430 0.02088776 0.02048428 0.02083485 0.02116196 0.02085851
[25] 0.02097975 0.02145767 0.02082621 0.02098513 0.02106409 0.02090791
[1] "Positive rate for exposures: "
 [1] 0.700 0.995 1.000 1.000 0.010 0.005 0.020 0.010 0.015 0.045 0.015 0.020
[13] 0.025 0.020 0.015 0.010 0.045 0.020 0.025 0.020 0.030 0.015 0.025 0.015
[25] 0.015 0.010 0.020 0.030 0.035 0.030
[1] "Bonferroni-corrected positive rate for exposures: "
 [1] 0.215 0.955 1.000 1.000 0.000 0.000 0.000 0.000 0.000 0.000 0.000 0.000
[13] 0.000 0.000 0.000 0.000 0.005 0.005 0.000 0.000 0.000 0.000 0.000 0.000
[25] 0.000 0.000 0.000 0.000 0.000 0.000
