[1] "Average Estimates for Betas: "
 [1]  4.909866e-02  9.892323e-02  1.988117e-01  3.001313e-01  1.791877e-03
 [6] -7.262371e-04  3.018061e-03  4.992926e-04  6.644035e-04  4.962240e-04
[11] -8.450223e-04 -1.246943e-04 -3.291170e-03 -2.259381e-04 -6.341451e-04
[16] -1.983733e-04 -1.161593e-03  5.815476e-04  1.051381e-03  5.433786e-04
[21] -3.248278e-04 -7.255846e-05  1.069638e-03 -5.225863e-04 -3.180922e-03
[26] -6.281382e-04 -1.111262e-03 -3.283908e-03  3.265823e-03 -1.083470e-03
[1] "Standard Deviations of Betas: "
 [1] 0.01862429 0.02030025 0.01911642 0.01909213 0.02030235 0.01886850
 [7] 0.01926224 0.01976564 0.01855952 0.02214712 0.01861740 0.01917697
[13] 0.01944183 0.01755373 0.01919485 0.01840787 0.02110866 0.01929515
[19] 0.01817494 0.01810082 0.01953675 0.01928366 0.02072222 0.01897796
[25] 0.01932568 0.01711563 0.01952366 0.02131028 0.01912795 0.02077333
[1] "Average StdErrors for Betas: "
 [1] 0.02642986 0.02659257 0.02617553 0.02631994 0.02658512 0.02670406
 [7] 0.02667955 0.02664879 0.02669608 0.02697615 0.02626230 0.02599823
[13] 0.02635953 0.02638001 0.02640103 0.02595834 0.02613167 0.02673911
[19] 0.02644258 0.02621323 0.02563455 0.02612635 0.02666153 0.02617579
[25] 0.02637366 0.02694297 0.02606426 0.02628877 0.02636816 0.02617623
[1] "Positive rate for exposures: "
 [1] 0.470 0.975 1.000 1.000 0.005 0.005 0.010 0.015 0.005 0.020 0.000 0.025
[13] 0.010 0.010 0.015 0.015 0.030 0.010 0.000 0.005 0.015 0.010 0.005 0.010
[25] 0.005 0.005 0.010 0.010 0.015 0.010
[1] "Bonferroni-corrected positive rate for exposures: "
 [1] 0.065 0.765 1.000 1.000 0.000 0.000 0.000 0.000 0.000 0.000 0.000 0.000
[13] 0.005 0.000 0.000 0.000 0.000 0.000 0.000 0.000 0.000 0.000 0.000 0.000
[25] 0.000 0.000 0.000 0.005 0.000 0.000
