[1] "Average Estimates for Betas: "
 [1]  0.0496398620  0.0988364954  0.1991778513  0.3006874031  0.0011942086
 [6] -0.0011806787  0.0029198730  0.0005106717 -0.0005844921  0.0005171392
[11] -0.0011576687  0.0002526340 -0.0012339887 -0.0009346863  0.0008446466
[16] -0.0006456808 -0.0008598462  0.0010777059  0.0007554656 -0.0003122301
[21] -0.0006185655  0.0001733614  0.0003078017 -0.0004767602 -0.0024900188
[26]  0.0002116517 -0.0010187365 -0.0031806495  0.0026361290 -0.0007628219
[1] "Standard Deviations of Betas: "
 [1] 0.01671770 0.01729254 0.01774147 0.01673402 0.01788367 0.01705454
 [7] 0.01805292 0.01652065 0.01607246 0.01993964 0.01602330 0.01671691
[13] 0.01998252 0.01585997 0.01660155 0.01889892 0.01791900 0.01742961
[19] 0.01712469 0.01768034 0.01771808 0.01665773 0.01807124 0.01608589
[25] 0.01794032 0.01503948 0.01692529 0.01842783 0.01791043 0.01826700
[1] "Average StdErrors for Betas: "
 [1] 0.02326380 0.02324067 0.02294498 0.02312624 0.02306225 0.02315027
 [7] 0.02343329 0.02309730 0.02313092 0.02360915 0.02278518 0.02283126
[13] 0.02346625 0.02291537 0.02312563 0.02320548 0.02267431 0.02309717
[19] 0.02315551 0.02317615 0.02231068 0.02316104 0.02307208 0.02273461
[25] 0.02343294 0.02338487 0.02298040 0.02286845 0.02292517 0.02305415
[1] "Positive rate for exposures: "
 [1] 0.625 0.990 1.000 1.000 0.005 0.000 0.010 0.005 0.005 0.025 0.000 0.020
[13] 0.015 0.010 0.010 0.005 0.035 0.015 0.005 0.010 0.030 0.015 0.020 0.015
[25] 0.005 0.000 0.015 0.015 0.035 0.015
[1] "Bonferroni-corrected positive rate for exposures: "
 [1] 0.15 0.88 1.00 1.00 0.00 0.00 0.00 0.00 0.00 0.00 0.00 0.00 0.00 0.00 0.00
[16] 0.00 0.00 0.00 0.00 0.00 0.00 0.00 0.00 0.00 0.00 0.00 0.00 0.00 0.00 0.00
