[1] "Average Estimates for Betas: "
 [1]  0.0425494264  0.0908235011  0.2035067608  0.2973282016  0.0021072917
 [6]  0.0017871951  0.0009149027  0.0194480333  0.0018175130  0.0046066939
[11]  0.0285285457 -0.0105860161  0.0027157032  0.0011778956  0.0030786769
[16] -0.0034269375 -0.0058474689 -0.0002981313 -0.0087567254 -0.0090905090
[21] -0.0104163648  0.0225609958 -0.0007271164  0.0083128582  0.0019401448
[26]  0.0102064591  0.0026069233 -0.0037576932 -0.0076268412  0.0137907531
[1] "Standard Deviations of Betas: "
 [1] 0.1566750 0.1345488 0.1459775 0.1522122 0.1594869 0.1316495 0.1451528
 [8] 0.1619320 0.1387006 0.1390750 0.1454391 0.1654136 0.1405600 0.1543452
[15] 0.1421709 0.1381401 0.1515450 0.1354031 0.1367259 0.1451195 0.1567626
[22] 0.1611862 0.1490490 0.1487053 0.1630910 0.1316814 0.1594128 0.1420697
[29] 0.1517031 0.1360185
[1] "Average StdErrors for Betas: "
 [1] 0.1191159 0.1160557 0.1153391 0.1134947 0.1177335 0.1193913 0.1177849
 [8] 0.1163563 0.1181139 0.1155759 0.1189257 0.1154233 0.1143003 0.1203839
[15] 0.1196979 0.1183079 0.1155718 0.1153322 0.1167345 0.1232761 0.1110139
[22] 0.1186724 0.1161361 0.1142681 0.1189089 0.1171386 0.1242457 0.1192389
[29] 0.1121280 0.1172096
[1] "Positive rate for exposures: "
 [1] 0.18620690 0.16551724 0.50344828 0.71034483 0.15172414 0.08965517
 [7] 0.11724138 0.12413793 0.11724138 0.12413793 0.11724138 0.17931034
[13] 0.14482759 0.11724138 0.11034483 0.13103448 0.12413793 0.08965517
[19] 0.08275862 0.09655172 0.17931034 0.14482759 0.10344828 0.13793103
[25] 0.15862069 0.12413793 0.11034483 0.09655172 0.09655172 0.09655172
[1] "Bonferroni-corrected positive rate for exposures: "
 [1] 0.027586207 0.020689655 0.193103448 0.351724138 0.020689655 0.013793103
 [7] 0.020689655 0.013793103 0.013793103 0.000000000 0.027586207 0.013793103
[13] 0.027586207 0.006896552 0.006896552 0.020689655 0.020689655 0.006896552
[19] 0.006896552 0.020689655 0.048275862 0.020689655 0.020689655 0.020689655
[25] 0.034482759 0.013793103 0.020689655 0.013793103 0.020689655 0.013793103
