[1] "Average Estimates for Betas: "
 [1]  3.029892e-02  7.647200e-02  1.831103e-01  2.382151e-01  1.322309e-02
 [6]  6.006346e-05  1.725846e-03  2.383736e-02 -2.693788e-03  1.320642e-02
[11]  6.921935e-03 -4.196660e-03 -2.513147e-03  2.475515e-03  6.100847e-03
[16]  6.728437e-03  9.063218e-03  8.058097e-04 -2.199902e-03 -2.218189e-03
[21]  5.085828e-03  2.622018e-02 -9.881002e-04  7.799099e-03  4.859472e-03
[26] -5.573376e-03  3.684787e-03 -4.559644e-03 -1.879788e-03  1.412160e-02
[1] "Standard Deviations of Betas: "
 [1] 0.1483966 0.1306912 0.1396154 0.1403221 0.1492506 0.1304675 0.1393273
 [8] 0.1546399 0.1274847 0.1285311 0.1442185 0.1389133 0.1359771 0.1493496
[15] 0.1333888 0.1363056 0.1401277 0.1395075 0.1427034 0.1399655 0.1493489
[22] 0.1471424 0.1360875 0.1468946 0.1524813 0.1200419 0.1444212 0.1416994
[29] 0.1423240 0.1321733
[1] "Average StdErrors for Betas: "
 [1] 0.02811349 0.02812061 0.02828350 0.02820794 0.02815606 0.02829991
 [7] 0.02774533 0.02827050 0.02794485 0.02814782 0.02855868 0.02814772
[13] 0.02766480 0.02800444 0.02807970 0.02799236 0.02811643 0.02811116
[19] 0.02833194 0.02813451 0.02786397 0.02866802 0.02789208 0.02806947
[25] 0.02792230 0.02773330 0.02834895 0.02813185 0.02774822 0.02805500
[1] "Positive rate for exposures: "
 [1] 0.745 0.775 0.845 0.940 0.675 0.650 0.670 0.690 0.635 0.685 0.730 0.640
[13] 0.710 0.725 0.660 0.660 0.685 0.705 0.720 0.715 0.685 0.735 0.655 0.695
[25] 0.735 0.610 0.700 0.680 0.700 0.665
[1] "Bonferroni-corrected positive rate for exposures: "
 [1] 0.575 0.590 0.780 0.880 0.550 0.520 0.530 0.545 0.465 0.495 0.570 0.505
[13] 0.515 0.545 0.500 0.490 0.525 0.520 0.530 0.485 0.525 0.575 0.465 0.540
[25] 0.550 0.450 0.520 0.530 0.520 0.495
