[1] "Average Estimates for Betas: "
 [1]  0.0452635827  0.0963117454  0.2189587669  0.2891406352  0.0104058873
 [6] -0.0049591291  0.0049710274  0.0259036724 -0.0011897153  0.0128585150
[11]  0.0112352267 -0.0065570915 -0.0064446934  0.0022306880  0.0054334162
[16]  0.0088612657  0.0063567057  0.0022526615 -0.0067058249 -0.0041023299
[21]  0.0039585580  0.0232892743 -0.0057523090  0.0076467594  0.0008983194
[26] -0.0042870641  0.0021233670 -0.0041804608 -0.0023032261  0.0172141109
[1] "Standard Deviations of Betas: "
 [1] 0.1911169 0.1407990 0.1491882 0.1469116 0.1564108 0.1391362 0.1502960
 [8] 0.1663161 0.1347013 0.1405899 0.1551641 0.1525794 0.1405411 0.1578413
[15] 0.1462243 0.1392601 0.1517893 0.1461266 0.1456981 0.1468574 0.1606455
[22] 0.1585244 0.1431853 0.1562937 0.1596071 0.1260782 0.1554885 0.1513376
[29] 0.1488528 0.1390487
[1] "Average StdErrors for Betas: "
 [1] 0.1644005 0.1254430 0.1261993 0.1256464 0.1255789 0.1260678 0.1237517
 [8] 0.1259921 0.1247092 0.1256405 0.1273015 0.1259317 0.1233995 0.1250254
[15] 0.1252589 0.1249984 0.1255648 0.1254828 0.1262662 0.1256628 0.1245839
[22] 0.1279214 0.1244161 0.1249460 0.1245019 0.1236439 0.1265829 0.1256253
[29] 0.1239828 0.1249551
[1] "Positive rate for exposures: "
 [1] 0.090 0.150 0.440 0.615 0.115 0.070 0.100 0.115 0.080 0.075 0.090 0.085
[13] 0.090 0.110 0.070 0.100 0.075 0.085 0.085 0.075 0.125 0.110 0.080 0.095
[25] 0.105 0.035 0.100 0.110 0.115 0.065
[1] "Bonferroni-corrected positive rate for exposures: "
 [1] 0.000 0.010 0.130 0.250 0.020 0.015 0.015 0.010 0.010 0.000 0.005 0.010
[13] 0.010 0.010 0.010 0.015 0.010 0.000 0.000 0.015 0.015 0.000 0.000 0.015
[25] 0.010 0.005 0.020 0.005 0.000 0.005
