0.999999994898956 0 1 1 0 0 0 0 0 0 1 0.999999999999919 0 0 0 0 0 0 0.999999999958628 0 0 5.68689539903744e-11 0 0 0 0 0 2.36477504245158e-14 0 0
2.20343743251306e-11 1 1 1 0 0 0 0 0 0 0 0 0 0 0 1 0 0 0 0 0 0 0 0 1 0 0 0 0 0
0 1 0 0 0 1 0 0 0 0 0 0 0 0 0 1 0 1 0 1 0 0 0 0.999999999999979 0 0 0 0 2.12052597703405e-14 0
0 0 1 1 0 0 0 0 0 0 0 1 0 1 0 0 0 0 0 0 0 1 0 0 0 0 0 0 0 0
3.38777894626219e-11 0 1 1 0 0 0 0 0 0 1 2.22044604925031e-15 0 0 0 0 0 0 0 0 0 0 0 0 0 0 0 0 0 0
0 1 1 1 0 0 0 0 0 1.63830104371598e-07 5.88418203051333e-15 0.999999999999802 0 0 0 1 0 0 0 0 0 0 0.999999999999998 1 0.999999999999999 0 0 0 0 0
0 1 1 1 0 0.999999999999996 0 2.22044604925031e-16 0 0 0 2.54682903655379e-08 0 0 1.34219617042852e-06 0 0 3.06421554796543e-14 0 0 0 0 0 0 0 0 0 0 1 0
0 1 1 0.999999999999948 0 0 1 0 0 0 0 0 1 1 0 0 0 0 0 0 0 0 0 1 0 0 0 0 0 0
4.01900734914307e-14 0.999999999999942 1 1 0 0 0 0 0 0 0 0.993007533671106 0 0 0.999998048791569 0 0 0 0 0 0 1 0 1.95120682977556e-06 0 0 0 0 6.66133814775094e-16 0
1 0 1 1 0 0 3.9270042773154e-10 0 1 4.31521485211306e-12 0 0 0 0.999999999996894 1 0 0 0 0 0 0 0 7.7715611723761e-15 0.99993947623849 0 0 1.01783537154176e-09 0 0 1.4432899320127e-15
1 1 1 1 0 0 0 0 0 0 0 0 0 0 3.00870439673417e-14 0 0 9.16988596166846e-10 0 1.93178806284777e-13 0 1 1.55431223447522e-15 0 0 1 0 0 0 0
0 0 1 1 0 0 0 0 5.84376991241697e-12 1 0 0 0 0 0 1 0 0 1 1 0 0 0.999999999984879 0 1 0 1 0 0 0
0 1.33226762955019e-15 1 1 0 0 0 0 0 0 0 0 9.54791801177635e-15 0 0 0 0 0 0 0 0 0 0 0 0 0 1 0 0 0
0 1 1 1 2.44249065417534e-15 0 0 0 0 0 0 1 0 0 0 0 0 0 0 0 0 0 0 0 6.66133814775094e-16 0 0 1 2.28705943072782e-13 0
1 1 1 1 0 0 0 0 0 0 1 0 0 0 0 0 0 0 0 0 0 0 0 0 0 0 0 0 0 0
0 0 1 1 0 0 0 0 0 0 0 0 3.33066907387547e-16 0 0.999998894660732 0 2.33146835171283e-15 0 0 0 0 0 0 0 0 0 0 0 0 0
3.36225588037919e-07 0.999999980967544 1 0 0 0 0 0 0 0 0 0 0 0 0 0 0 0 1 0 1.04954711588334e-09 0 0 0 0 0 0 0 0 0
0 2.54313348158064e-10 1 1 0 0 0 0 0 1 0 0 0 0 0 0 0 0 1 0 0 0 0 0 0 0 0 0 0 0
7.56061879769732e-14 1 8.57814930199652e-11 1 0 0 0 0 8.62594107253756e-10 0 0 0 0 7.17537140815239e-13 3.36508598763885e-13 0 0 0 1 1.11022302462516e-16 1.11022302462516e-16 0 7.24761183734657e-07 5.63327162694804e-13 0 0 0 0 0 0.999989274325938
0 1 1 1 0 0 0 4.3849465501955e-06 0 0 0 0 0 0 0 1 0 0 0 0 0 0 0 3.21120438018241e-08 0.999999916581836 0 0 0 0 0
1.66533453693773e-15 1 1 1 0 0 0 0 0 0 0 0 1 0 0 0 1 0 1.72084568816899e-14 0 0 0 0 0.999999999999983 0 0 0 0.999997003677513 0 0
0 1 1 1 1 0 0 0 0 0 0 0 0 0 6.80011602582908e-13 8.08907385518864e-11 0 0 1.46614113072374e-08 0 0 1 0 0 0 0 0 0 0 0
7.7715611723761e-15 1 1 1 0 0 0 0 0 2.20756746216466e-12 0.000321703963160336 0 0.999999992982761 0 1.01095021243225e-10 1.33226762955019e-15 0 0 0 0 4.21884749357559e-15 0 1.11022302462516e-16 0 0 0 0 7.7715611723761e-16 3.18675086319331e-11 0
0 0 1 1 0 0 0 0 0 0.000607477105339149 0 0 1 0 0 0 1 7.02944820130114e-08 0 0 1 0 0 0 0 0 0.999999908367925 1.74860126378462e-13 0 0
0 0.999999999561595 1 1 0 0 0 0 0 0 0 0 0 0 0 0 1 1 0 0 1 0 0 0 0 0 0 0 0 1
0 0 1 1 0 5.55111512312578e-16 0 0 0 0 0 0 0 0 0 0 0 0 0 0 0 0 0 0 0 0 0 0 0 0
0.000122742831458966 1.53876911213047e-13 1 1 0 0 0 0 0 0.999999999999372 0 0 0 0 0 0 0.999635495733336 0 0 0 0 0 0 0 0 0 0 0 0 0
0 9.70690194890267e-12 1 1 0 0 0 0 0 0.999997062923741 0 0 0 0 1 0 0 1.00253139123652e-13 0 5.54001289287953e-14 0 0 0 0 0 0 0 0 0 0
1 1 1 1 0 1 0 0 0 0 0 0 0 0 0 0 0.999999999999999 0 0 1 0 0 0 0 0 0 0 9.61453139325386e-14 0 0
0 0.999999999999949 1 1 0 0 0 0 0 0 0 0 0.999999999798833 0 8.5797582372038e-09 0 5.57776047571679e-13 8.93521923117646e-11 0 0 0 0 0 0 0 0 0 0 0 0
4.44089209850063e-15 0 1 1 1.78634884662188e-13 2.22044604925031e-16 3.50090663459035e-07 7.26529947314702e-13 0 0 0 0 0.999998065094052 0 0 0.999999999999989 0 0 0 0 0 0 0 0 0.999768276682004 5.6621374255883e-15 0 0 0 0
1 1 1 1 0 0 0 0 0 0 0 0 0 0 0 0 1 0 0 0 0 0 0 0 0 0 0 0 0 0
0 0 0 1 0 0 1.22124532708767e-15 0 0 0 0 0 0 1 0 9.59232693276135e-14 0 0 0 0 0 0 0 9.51794199011147e-13 1 0 0.999999999999993 0 0 0
0 1 1 1 0 0 0 0 3.39850370068007e-12 0.999999999999914 1.11022302462516e-16 0 1 0 0 0 0 0 0 0 0 0 1 0 1.19419607536031e-09 0 0 4.28614810310535e-10 0 0
0 0 1 1 0 0 0 0 0 0 0 0 0 0 0 1 0 0 0 0 0 1 0 1 0 0 1 0 0 1
0 3.85735887675764e-12 1 1 0 0 0 0 0 0 0 0 0.996903327735216 1 0 1 0 0.0030962446437498 0 0 0 0 0 0 0 0 0 0.9999999956598 0 0
0 1 1 1 0 0 0 0 0 0 0 0 1 0 0 1 0 0 0 0 0 0 1.15463194561016e-13 0 0 0 0 1 0 0
0 1 1 1 0 0 0 0 0 0 1 0 0 0 0 0 0 0 4.51583215266282e-12 0 0 1.08357767203415e-13 0 1.11022302462516e-16 0 3.72706279172519e-07 0 0 0 1
0 1 1 1 0 0 0 0 0 2.07300843158009e-12 1 1.62592161956354e-12 0 0 0 1 0 0 0 0 0 0 0 0 0 0 0 0 0 0
0.999999999999978 1 1 1 5.55111512312578e-16 0 0 0 0 0 0 0 0 0 0 0 0 0 0 0 0 0 0 0 0 1 0 0 0 0
0 1 1 1 0 0 0 1.1304850788818e-07 0 0 0 0 0 0.999999978676812 0 0 0 0 0 0 0 0 0 7.01392977031645e-09 0 0 1 1 0 0
4.45088410572225e-13 1 1 1 0 0 0 0 0 0 2.59325894091944e-12 0 0 1.11022302462516e-16 0 0 1.20707444040136e-10 0 1 0 0 0 0 0 0 0 0 0 0 1
0 0 0 1 0 0 0 0 0 0 0 0 1 0 0 3.44169137633799e-15 0 0 0 0 0.99999999999966 4.17488266180044e-12 0.99999999999994 0 1 0 5.55111512312578e-16 1 1 0
8.64407855472038e-06 0 1.99840144432528e-15 1 0 0 0 1.11022302462516e-16 0 0.999999999999099 0 1 0 0 0 1 0 0 0 0 1 0 0.999999999916841 0 0 0 0 0 0 0
0 0 1 1 0 0 0 0 0 0 0 0 0 0 0 0 0 0 0 0 0 0 0 0 0 0 0 0 0 2.33322305920325e-09
0 1.71418435002124e-13 1 1 0 1 0 0 0 0 1 1 0 0 0 4.47027224792507e-07 0 0 1.76843123652626e-05 0.999999999999999 0 1 0 1.22124532708767e-15 0 1.66533453693773e-15 0 0 1 0
0.999999999946863 0.999999999999884 1 1 0 0 0 0 0 0 0 3.33066907387547e-16 0 0 0 0 0 0 0 1 0 0 0.999999999999985 0 0 0 0 0 0 0
0 1 1 1 0 0 0 0 0 0 0 0 0 0 0 1 0 0 1 0 0 0 0 0 1.11022302462516e-16 0 0 1 0 0
1.08303891410699e-08 0 1 1 0 0 0 0 0 0 0 0 0 0 0 0 1.77635683940025e-15 0 0 0 0 0 0 0 0 0 0 0 0 0
0 0 1 1 0 0.999998189039395 0 0 7.61174456798130e-11 0 0 0 0 0 0 0 0 0 0 0 0 1.11022302462516e-16 0 0.999999999923691 0 0 1 0 0 0
0 1.22124532708767e-15 1 1 0 0 0 0 1 0 0 0 0 0 0 0 0 0 0 0 0 0 0 0 1.26010313294955e-13 0 1 0 0 0
1 1.37789779586228e-12 1 1 0 0 0 0 0 0 0 0 0 0 6.11330575784885e-05 0 0 1 0 0 0 0 3.5729974534604e-11 0 0 0 0 0 8.51541059887495e-14 0
1 1 1 1 0 0 0 0 0 0 0 4.44089209850063e-16 0 0 0 0 0 0 0 0 8.73412453472611e-13 0 0 0 0 0 0 0 1 0
0 1 1 1 0 0 0 0 0.999999999999998 0 1 0 0 0 0 0 0 1 1 0 0 0 0 0 0 0 0 0 0 0
0 1 0 1.42784619683312e-08 0 0 0 0 0.999999944631826 0 0 2.22044604925031e-16 0 1 0 0 1.91182601971818e-07 0.000986288381008449 0 0 0 0 0 0 0 0 0 0 1 0
1 1 1 1 0 0 0 0 0 0 0 0 0 1.94609883763519e-11 0 0 0 0 0 0 0 0 0 0 0 0 0 0 0 0
0 1 1 1 0 0 1.11022302462516e-16 0 0 0 0 0 0 0 0 3.61569063911382e-07 0 0 0 0 0 0 0 7.33457738988363e-12 0 0.000148799363901886 0 0 0 1
0 1.11022302462516e-16 1 1 0 0 0 0 0 0 0 0 0 0 1 0 0 0 1 0 1 0 0 0 0 0 7.7715611723761e-16 0 0 0
0 1 1 1 0 0 0 0 0 0 0 5.01353053405929e-07 0 0 0 0 0 1 0 1 0 0 0.999999498650985 0 0 0 0 0 0 0
0 0.00141642868805492 1 1 0 0 0 8.12878918421411e-06 1 0 8.30924218320206e-12 1 0 0 0 0 3.33066907387547e-16 0 0 0 0 0 0 0 0 4.44089209850063e-16 1 0 0 0
0 0 1 1 0 0 0 0 0 0 0 0 1.22124532708767e-15 0 0 0 0 1 0 0 0 0 0 0.999999999999963 0 0 0 0 0.99999970825423 1
0 7.56910090160545e-11 1 1 0 0 5.10369524420184e-13 3.11586594303748e-08 0 0 0 0 0 0 0.999999999724686 0 0 0 0 0 0 0 0 0 0 0 1 0 0 1
7.55997042745093e-10 1.11022302462516e-16 1 1 7.29194482573803e-13 0 0 1.0194511901318e-11 3.66939811868860e-12 0 0 1.55431223447522e-15 8.56046822317325e-09 0 1.04963323033225e-07 0 0 0 8.88178419700125e-16 2.22044604925031e-16 0 4.32860436383464e-09 3.33066907387547e-16 0 0 0 0 0 0 0
0 0 1 1 0 0 0.999999999833666 0 3.54161144855425e-14 5.02266862116851e-05 0 1 0 0 0.999999999289386 0 0 0 0 0 0 0 0 2.10229755825964e-07 0 1.22155618953457e-11 1.59730240145706e-09 0 1 0
0 0.00369688725832151 1 1 0 0 0 0 0 0 0 0 0 0 0 0 0 0 0 0 0 0 0 0 0 0 2.95661384264179e-10 7.47370609843756e-10 0 0
0 1 1 1 0 0 0 0 0 0 0.000858521458880213 0 0 0 1 0 0 0 1 0 0 1 0 0 4.343525539241e-12 0 0 0 0 0
0 2.22044604925031e-16 1 1 0 0 0 0 0 0 0 0 0 0.999496069297488 0 0 0 0 0 0.00050393323161424 0 0 0 0 1 0 0 0 3.6456293539544e-10 0
0 0 1 1 0 0 0 0 0 0 0 0 0 1 0 0 1 0 1 0 0 0 0.999999999999945 0 0 1 1 0 0 0
0 1 1 1 0 0 0 0 0 0 0 0 0 0 0 0 0 0 0 0 0 0 0 0 0 0 0 0 0 0
0 1 1 1 0 0 0 0 0 0 4.22457121197484e-05 0 1 3.5527136788005e-15 1 2.32036612146658e-14 0.999982271892871 1.7728113217319e-05 0 0 0 0 1.11022302462516e-15 0 0 0 0 4.44089209850063e-16 1 0
0 0 1 1 0 0 3.12419703663025e-07 0 1 0 1.13242748511766e-14 0 0.000132611161906548 1.9422646617695e-06 2.71874516233339e-08 0 0 0 0 0 0 0 1.66533453693773e-15 0 0 0 0 0 0 0
0 1 1 1 5.10702591327572e-15 0 0 0 0 0 0 1 1 0 0 0 0 0 0 1 0 1 0 0 0 0 0 3.40908412610474e-10 1 0
0 1 1 1 0 5.6621374255883e-15 0 0 0 0 0.999999999999996 0 6.76938949339956e-09 0 2.13241091451266e-10 0 0 3.77475828372553e-15 0 0 0 0 0 0 0 2.91211499359179e-13 0 3.5527136788005e-15 0 0
0 0 1 1 0 0 0 0 0 0 8.88178419700125e-16 1.93778326718075e-12 0 0 0 0 1.11022302462516e-16 1 0 0 1 0 0 0 0 0 0 0 2.22044604925031e-16 0
7.00217661631086e-13 3.21964677141295e-15 1 0 3.21964677141295e-15 2.02060590481778e-14 0 0 0 0 0 0 0 2.22044604925031e-16 0 1.21581023027062e-09 0 0 0 0 0 0 0 0 0 0 0 0 0 0
0 0.999999999949804 1 1 0 0 0 0 0 0 1 0 0 1 0 0 0 0 0 3.64153152077051e-14 0 0 0 0 0 0 1 0 0 1
0 0 1 1 1.12576614696991e-13 0 0 0 0 0 1 0 0 1 0 0 0 0 0 0 0 0 0 0 0 0 0 0 0 0
2.6817992271333e-11 1 1 1 0 0 0.999999999999993 0 0 0 0 0 0 0 0 0 0 1 0 0 0 0 0 0 0 0 0 0 0 1
1 1 1 1 0 0 0 0 0 0 0 0 0 0.999999999999781 0 0 0 0 0 0 0 0 0 0 0 0 0 0 1.43218770176645e-14 0
0 0 1 1 1 0.999999999999962 0 0.999999999815476 0 0 1 2.17370565991359e-12 0 0 3.83443993923205e-06 0 0 0 1 0 0 0 0 0 0 0 0 0 0 0
2.24265050974282e-14 0 1 1 0 0 0 0 0 0 2.24733454068371e-10 0 0 0 0 0 0 1 0.996346321315091 0 0.00365145779308129 0 0 0 0 1 0 0 0 7.13739067847996e-11
1 0 1 1 0 1.94984028922818e-11 0 0 1 0 0 0 0 0 0 0 0 0 0 0 0 0 0 0 0 0 0 0 0 0
0 1.11022302462516e-16 0 1 0 0 0 0 0 0 0 0.999999999994917 0 5.6621374255883e-15 0 0 0 0 0 0 0 0.99999999999997 0 0 0 0 0 0.999996272700251 0 1
0.999999681401461 1 1 1 0 0 0 0 0 0 1 0 0 1 0 0 0 0 0 0 2.22044604925031e-16 0 0 0 0 0 0 3.40892949424187e-08 0 0
0 1 1 1 0 0 0 0 0 7.88258347483861e-14 1.77635683940025e-15 0 0 3.15258930072559e-12 0 0 0 9.99200722162641e-14 0 0.999998730384987 0 1.11022302462516e-16 0 1.01252339845814e-13 1 0 0 2.22044604925031e-16 0 0
1.44884104713583e-13 1 1 1 0 0 0 0 0 0 0 0 0 0 0 0 0 0 0 0 0 0 0 0 0 0 0 0 0 0
0 1 1 1 0 0 1.2756462552943e-13 0 0 0 7.6110150652009e-05 1.13131726209303e-13 0 1 0 1 0 0 0 0 0 0 0 0 0 0 0 0 1 0
1 0 1 1 0 0 0 0 0 0 0 1 0 0 0 0 0 2.22044604925031e-16 0 0 0 0 0 0 0 0 0 0 0 0
0 0.999999549535847 1 1 0 0 0 0 0 0 0 0 0 0 0 0 0 0.999999999694652 0 0 0 0 0 0 0 0 0 0 0 0
0 0 1 1 0 0 0 0 0 0 0 1 0 0 0 3.32045502204892e-12 0 1 0 0 0 0 0 0 0 0 1 0 0 0
0 5.42542796296841e-05 0 1 0 0 0 0 0 1.11022302462516e-16 0 0 0 0 0 0 0 0 1 0 1 0 1 0 0 0 0 0 0.999990778621429 1
0 0 1 1 0 0 0 0 0 1.11022302462516e-14 0 0 0 0.00132946206386364 0 0 0 0 4.55524507003702e-13 1 0.999999809009765 0 0 1 0 1 0 0 0 0.999999999817707
0 0 1 1 0 0 9.85693637822749e-10 0 0 0 0 4.77395900588817e-15 0.921673525823529 0 0.999976932361535 0 0 0 4.44089209850063e-16 0 0 4.93605156748345e-13 0 1.66533453693773e-14 0 4.95703922354096e-10 0 0 0 0
0 1.74638081773537e-13 1 1 0 0 0 0 0 0 8.72145454633433e-07 0 0 0 0 1.88737914186277e-15 0 0 0 0 0 0 0 0 0 3.68149954965702e-13 0 0 0 1
0 1 1 1 0 0 0 0 0 0 0 0 0 0 0 0 0 0 0 0 0 0 0 0 0 0 0 5.74364334648969e-07 0 0
1 1 1 1 0 0 0 0 0 0 0 4.71844785465692e-14 0 1 0 1 0 0 0 0 0 0 1.04213415674792e-10 1 0 0 0 0 0 0
0.00180000383046586 0 1 1 0 0 0 1.45083944858015e-12 1 0 0.999886534058809 0 0 0 0 0 0 0 1.79380954534736e-11 0 0 0 0 0 0 0 0 0 0 0
0 0 1 1 0 0 0 0 0 0 0 1 0 0 0 0 0 0 0 0 0 0 0 2.04254391178438e-11 0 1 0 1 1 0
0 0 1.46027634428947e-12 1 0 0 0 0 1 0 0 0 0 0 0 0 0 0 0.000151500069318189 0 0 0 0 0 0 1 0 0 0 0
0 1 1 1 0 1 4.17680760622652e-06 0 0 0 0 0 0 0 0 0 0 0 0 0 0 0 0 0 0 0 0 0 0 0
2.77555756156289e-15 4.14113188185183e-14 1 1 0 8.33164895963634e-08 0 0 2.22044604925031e-16 0 0 1.81498143279057e-05 0 0 0 0 0 5.00678995041248e-07 0 3.33066907387547e-16 9.59232693276135e-14 0 1 1 0 0 0 0.999999952041443 7.1276318180935e-14 0
0 0.999999999914437 1 1 0 0 0 0 0 0 0 0 0 1 0 0 0 0 0 0 0 0 0 0 0 0 0 0.999999992927627 0 0
0 1 1 1 2.9375391008557e-12 0 0 0 0 0 0 0 0 0 0 0 0 0 0 0 1 9.81303927005683e-12 0 3.33066907387547e-16 0 0 0 0 2.36632935468606e-12 1.90247817499767e-11
0.999999991545044 0 1 1 0 0 0 0 0 0 0 0 0 0 0 1.33708309824065e-06 0 0 0 0 0 1 0 0 0 0 0 0 0 0
0 0 1 1 0 0 0 0 0 0 0 0 0 0 0 0 0 0 0 0 0 0 0 0 0 0 0 0 0 0
1 1 0 1 0 0 0.999999999994482 0 0 0 0 4.2632564145606e-14 0 0 0 0 0 0.999999995246233 0 0 5.89528426075958e-14 0 0 0 0 1 0 0 0 0.999999999999987
1 0 0 1 0 0 0 0 0 0 1 0 0 1 0 0 0 0 0 0 0 0 0 0 0 0 0 0 0 0
0 1.11022302462516e-16 1 1 0 0 0 5.90416604495658e-13 2.02628398504601e-08 0.999999993399718 2.87929520415009e-06 1.19292742351007e-09 0 0 0 6.8993033508491e-11 0 0 0 0 0 1.1749490269608e-12 0 0 0 0 0 0 0 0
0 1 1 1 1 0 0 0 0 0 0 0 0 1 0 0 0 0 0 0 0 0 0 0 0 1 0 0.999999999999564 0 0
0 2.55795384873636e-13 1 1 0 1.77635683940025e-15 5.55111512312578e-16 0 0 0.999999989092328 0 1.02029495963052e-13 0 0 0 1.58628665758442e-11 0 1 0 0 1 0 0 0 0 0 0 0 0 0
0 1 1 1 0 0 0 0 0 0 0 0 1 1 0 0 0 0 0 0 4.91727880636006e-10 1.11022302462516e-16 0 0 0 0 0 0 0 0
3.24185123190546e-13 0 1 1 0 1.50102152929321e-13 0 0 0 0 0 0 0 0 0 0 0 0 0 8.77076189453874e-15 3.67633590236949e-10 0 0 0 4.44089209850063e-16 0 0 0 0 0
0 0.999999884081538 1 1 0 0 0 0 0 0 0 0 0 0 0 0 0 0 0 0 0 0 0 0 0 0 0 0 0 0
0 0 1 1 0 0 0 0.0162384613943477 0 0 0 0.99999999954603 1.89030315332905e-05 0 1.13369313936573e-11 0.00118423510302434 0 5.60662627435704e-14 0 1.9684254226604e-12 0 0 1 2.87196155746017e-09 0 1.07136521876328e-13 0 1 0 1
7.61350982259046e-11 8.28226376370367e-14 1 1 0 7.48323382715466e-06 0 0 0 0 0 0 0 0 0 0 0 0 0 0 0 0 0 0 0 0 8.88178419700125e-16 0 0 0
0 3.79148490381453e-10 1 1 0 6.66133814775094e-16 0 0 0 1.58089017432417e-08 0 1 0 0 0 0 0 0 1.86517468137026e-14 0 0 0 0 0 0 0 0 0 1 0
0 0 1 1 0 0 0 0 0 0 0 2.06501482580279e-14 0 0 0 5.00710584105946e-14 0 8.21565038222616e-15 2.77555756156289e-14 0 0 0 1 0 0 0 1.11022302462516e-16 0 0 1
0 1 1 1 0 0 0 0 0 0 0 0 0 0 0 0 0 0 0 0 0 0 0 0.999999999999987 0 0 0 0 0 0
0 0 1 1 0 0 0 1 0 0 0 0 0 0 1 0 0 0 0 0 0 0 0 0 0 0 0 0 0.999999999999984 0
0 1 1 1 0 0 0 0 0 0 0 0 0 0 0.999992784703338 0 0 0 0 0 0 0 0 0 5.46360101605359e-09 0 0 0 0 0
0 5.18910692193231e-10 1 1 0 0 0 0 0 0 0 0 0 0 0 0 0 1 0 0 0 0.999998119128593 0 0 0 0 0 1.88090069075386e-06 0 0
0 0 1 1 0 0 1 0 0 0 0 0 1 0.999995462728406 0 0 8.61521964878875e-12 0 0 0 0 0 0 0 0.99999973005055 1.33010996661298e-07 0 0 0 0
1 0.999999761646561 1 1 0 0 0 0 0 0 0 1 0 1 0 0 0 0 0 0 7.5371217411746e-07 0 1 0 0 0 0 0 2.38353452419737e-07 0
0 0 1 1 0 3.33066907387547e-16 0 0 0 0 0 1 0 0 0 1.14352971536391e-14 0 0 1 1 0 0 1 1.11022302462516e-16 0 0 0 0 0 0
0 1 1 1 4.89275286952306e-13 0 0 0 0 0 0 0 0 0 0 0 0 0 0 0 0 0 1 0 0 0 0 0 0 0
4.88498130835069e-15 0 1 1 2.66453525910038e-15 4.099165451521e-12 0 0 0 0 0 0 0 1 0.99998940084026 0 0 0 1.9284573937739e-13 0 0 0 0 0 0 0 0 0 0 0
0.999999999960715 1 1 1 2.28705943072782e-14 0 2.22044604925031e-16 0 0 0 0.000652341600045236 0 0 0 0 0 0 1.09656728142227e-12 0 6.32827124036339e-15 0 4.75250949705242e-11 1.46915812848647e-12 0 2.55351295663786e-15 0 0 0 0 0
0 7.54951656745106e-14 1 1 0 0 0 0 0 0 4.34319247233361e-13 0 0 0 2.11110018355498e-11 0 1 0 0 0 0 0 0 0 0 0.999999999823641 0 0 0 0
6.79789557977983e-13 1 1 1 0 0 0 0.999802054317145 0 0 0 0 0 0 0.999999999999999 2.12696527057687e-12 0 0 0 0 0 0 0 0 0 0.00019794636089332 0 0 0 0
0 0.999998407428303 1 1 0 0 0 1.11022302462516e-16 0 1.0547118733939e-14 0 2.1538326677728e-14 0 3.20112825136221e-11 0 1.22124532708767e-15 1.11022302462516e-16 0.000128959854780675 0 1.17523768494721e-09 2.95319324550292e-14 4.24414725586075e-10 3.89583083255651e-05 0 0 1 7.23835691385233e-08 0.000520382731285074 1.79657658749832e-08 0
0 1 1 1 2.01216820983063e-12 0 0 0.999999999999341 0 0 0 0 0 0 0 0 0 1 0 0 0 0 0 0 0 7.50510764646606e-14 0 0 0 0
0 1 1 1 0 0 0 0 0 0 0 0 3.86586793821309e-06 0.999989202424768 0 1 6.93140123797509e-06 1 0 0 0 0 0 0 0 0 0 1 0 0
0 2.88657986402541e-14 1 1 0 7.44898237003966e-06 3.88578058618805e-15 0 0 4.84501327946418e-12 0 0 1.11022302462516e-16 2.72004641033163e-14 3.5527136788005e-15 3.33066907387547e-16 0 0 0 0 0 0 0 1.07334642207579e-06 0 0 0 0 0 0
0 0.000748250507027537 1 1 0 0 0 0 0 0 0.999999999558467 0 0 0 0 9.77661329670809e-08 0 0 1 0 0 0 0 0 0 0 0 0 0 0
0 1 0.999999999999753 1 0 0 2.22044604925031e-15 0 0 0 0 0 0 0 0 0 0 0.999999999909773 0 0 0 0.000264431185699965 1 5.32907051820075e-15 0 7.105427357601e-15 1 0 0 0
0.999999999999952 4.11892742135933e-14 1 1 0 0 1 0 0 0 0 0 0 0 0 1 0 0 0 0 0 4.44089209850063e-15 0 0 0 0 0 0 1 0
0.999999999990546 1 1 1 0 0 0 4.44089209850063e-16 0 0.999999999999784 0 0 0 0 0 0 1 0 0 0 0 0 0 0 0 0 0 0 0 0
0 1 1 1 0 0 0 0 0 3.97303496768586e-08 0 0 1 0 0 0 0 0.999958317150844 0 0 0 0 0 0 1 0 0 0 0 0
6.66133814775094e-16 6.08790795553205e-12 1 1 0 0 0 0 0.995083759013233 0 0 0 0 1 0 0 0 0 0 0 0 1.35371713838595e-11 0 0 0 0 0 0 0 0
1 0 1 1 0 0 0 0 0 1 0 0 0 0 0 0 0 0 0 0 0 0 0 0 0 0 0 0 0 0.999999999999423
1 0 1 1 0 0 0 0 0 0 0.000109748779514196 0 1 0 0 0 0 0 0 0 0 0 0 0 0 6.19582163352561e-12 0 0 1.99840144432528e-15 1
1 1 1 1 0 0.999999999983206 0 0.999459487325756 0 0 0 0 4.08481525937532e-07 1.16992582288589e-08 0 0 0 1 0 0 0 0 0 0 0 0 1 0 0 0
1 0 1 1 0 0 0 0 0 0 0 0 2.33146835171283e-15 0 0 0 0 0 0 0 1 2.22044604925031e-16 0 0 0 0 0 0 0 0
0 1 1 1 0 0 0 0 0 0 0 0 0 0 6.66133814775094e-16 1 0 0 1.48892824725078e-06 0 1 0 0 0 0 0 0 0 0.999998510881533 0
0 2.22044604925031e-16 1 1 0 0 2.04281036531029e-14 0 2.34257058195908e-13 0 1 0 1 0 6.49734155366843e-10 1.18802634396786e-10 2.34634534024281e-12 0.999999999556386 0 2.06885734099771e-08 0 0 1.11022302462516e-15 0 1 0 0 3.50279139027521e-09 0 0
0 7.23731810148287e-07 1 1 0 0 0 0 0 0 0 0 0 0 0 0 0 0 0 0 0 0 0 0 0 0 3.34677221236479e-06 0 0 0
0 0 1 1 0 0 0 0 0.999999999998919 0 4.88498130835069e-15 0 0 0 0 0 0 0 0 0 0 0 0 1 0 0 0 1 0 0
7.03848090921610e-12 1.42849471140849e-08 1 1 0 0 0 0 0 0 0 1 0 0 0 0 0 0 0 0 0 0 1 0 0 1 0 0 1 0
1.11022302462516e-16 0.00471921622556004 1 1 0 0 0 0 0 0 0 0 0 5.50128931298133e-09 0 1.76599734835747e-09 0 0 0 0 3.83770792922178e-12 0 0 0 0 0 0 0 0 2.56350496385949e-13
0.999982895145214 4.44089209850063e-16 1 1 0 0 0 3.90421207963065e-06 0 0 0 0 0 0.999992555334211 0 0 0 0 0 0 1 0 0 0 0 0 0 0 0 0
1.11022302462516e-16 5.01820807130571e-13 1 1 0 0 0 9.26370091747231e-13 1.33662159118586e-09 0 0 1 0.99999992163699 0 0 0 0 0 4.92814695862709e-06 0 0 0 0 0 0.000838255569050816 0 0 0 0 0
0 1 1 1 0 0 0 0 0 0 0 0 0 0 0 0 0 0 1 0 0 0 1 0 0 0 1 0 0 1
1 1 1 1 1.21125331986605e-13 0 0.999881823984625 2.73892020175026e-13 0 3.11195513802431e-13 2.22044604925031e-16 0 0 0 0 0 0 0 0 1 5.5129423248701e-10 0 0 0 0 0 0 1 0 0
0 1 1 1 0 0 0 0 0 0 0 0 0 0 0 0 0.999999999999957 0 0 0.999999999999999 0 0 0 0 0 0 0 0 0 6.66133814775094e-16
0 0.999996680383208 1 1 0 0 6.99440505513849e-15 0 0 1.11022302462516e-16 0 1.71740399679265e-12 0 0 0 0 0 0 0 0 0 0 0 0 0 0 0 0 0 0
0 1 1.47012468865171e-09 1 0 0 0 0 0 0 0.999999939181506 4.31013891244447e-10 0 0 0 8.0370932131757e-11 0 0 0 0 0 2.55026835205285e-08 0 0 0 0.99999999956884 1.51002139348044e-07 1 0 0
0 1 1 1 0 0 0 0 0 0 0 0 0 0 0 0 0 0 0.999976165245869 0 0 0 0 0 0 0 8.58868309805416e-10 0 0 0
1 0 1 1 0 0 0 0 0 0 0 0 0 0 9.99200722162641e-16 0 1 0 0 0 0 0 0.999999842367087 1.57632912944905e-07 0 0 0 0 1 0
0 1 1 1 0 0 0 0 0 0 0.999999999999997 0 0 0 0 0 0 0 0 0 0 0 0 0 0 1 0 0 0 0
1 1 1 1 0 0 0 0 0 0 0 0 0 0 0 0 0 0 0 0 9.64783808399261e-14 0 0 0 0 0 0 0 1 0
5.55111512312578e-16 1 1 1 0 0 0 0 1 0 0 0 0 0 0 1 0 0 0 0 0 0 0 0 0 0 0 0 0 0
0 1 1 1 1 0 0 0 0 0 0 0 0 0 0 0 0 0 0 0 0 3.5527136788005e-15 0 0 0 0 0 0 0 0
0 0 0 1 0 0 0 0 0 0 0 0 0 0 1 0 0 0 0 0 0 0 0 0 0 0 0 1 0 0
0 0 1 1 0 0 0 0 3.89126575406351e-09 1.43107747874183e-13 1.81997639181475e-10 0 0 0 0 0 0.000265429373396242 2.93225949299369e-07 0 0 4.34743352428768e-11 1 0 1.01030295240889e-14 0 0 5.55111512312578e-16 1.48769885299771e-14 0 0
0 0 1 1 0 0 0 0 0 1 1 0 0 0 0 1 0.999999999999998 0 0 3.78046953941613e-05 0 0 1 0 0 0 0 0 0 0
1 1 1 1 0 0 0 0 0 0 1 0 0 0 0 0 0 0 0 0 1 0 0 0 0 1 1 0 1 0
4.65865828289669e-05 1 1 1 0 0 0 0 0 0.999999999999999 0 0 0 0 0 1 1 0 0 3.84075358728087e-06 2.02282635086704e-13 0 0 0 0 0 1 0 0 0
0 0.999990956984188 1 1 0 0 0 0 0 0 0 0 0 0 0 0 0 0 0 0 0 0 1.75415237890775e-14 0 0 0 0 0 1 0
0 1 1 1 0 0 0 0 0 0 0 1 0 0 0 0 0 0 0 1 0 0.999999999992158 0 0 0 1 0 0 0 0
0 1.09579012530503e-13 1 1 0 0 0 0 0 0 0 0 0 3.16635606623095e-13 0 1 0 0 0 0 1 0.999999999999684 0 0 0 1 0 0 0 0
2.45126308140442e-08 0.999999999996 1 1 3.35176331134335e-13 0 0 0 0 0 1.11022302462516e-16 0 0 0 0 0 0 0 0 3.21964677141295e-15 1 2.66453525910038e-15 0 0 0 0 0 0 0 0
0 1 0.999999899161313 1 1.11022302462516e-16 0 0 0 0 0 1.22950799208432e-07 0 0 0 0 2.77133871406932e-12 0 0 0 0 0 0 0 0 1 2.22044604925031e-16 0 0 1 0
0 0 1 1 0.99999999999904 0 0 0 0 0 0 0 0 6.01863003879544e-12 0 0 0 0 0 0 1 4.15844247925179e-10 0 0.999999999999999 0 0.999215500446973 0 0 2.98649993624167e-14 0
5.38458166943201e-13 4.98467933596203e-12 1 1 0 0 0 0 0 0 0 7.66053886991358e-14 0 0 0 0 0 0 1.11022302462516e-16 0 0 0 0 0 0 0 0 0 0 0
0 1 3.33744143432568e-12 1 0 0 0 0 0 0 5.35460564776713e-13 1 1 1 0 0 0 0 1.22124532708767e-15 0 0 0 1 0 0 0 0 0 1 1.21743726211321e-10
0 1 1 1 0 0 0 0 0 1.79868542282691e-09 0 0 0 1 0 0.999972414584628 0 0 0 0 0 0 0 0 0.999999999999965 0 0 0 0 0
0 1 1 1 0 0 0 0 0 0 0 0 0 0 0 0 0 0 0 0 0 0 0 0 0 0 0 0 0 0
0 0 1 1 0 0 0.000539067821570316 0 2.12052597703405e-14 1 0 0 0 0 0 0 0 0 0 0 0 0 0 0 0 0 0 0 0 0
0 0 1 1 0 0 0 1 0 1 0 0 0 0 0 0 0 0 0 1 1 0 0 0 1.93178806284777e-14 0 0 1 0 1
0.999999984336163 0 2.33146835171283e-15 1 0 0 0 1 0 0 2.70332424223696e-08 1 0 4.91051643791707e-13 0 4.10782519111308e-15 7.67075292174013e-12 0 0 1.79090076102284e-12 0 0.999999999999896 1 0 0 0 0 0.999958263608261 0 0
0 0 1 1 0 0 0 0 0 0 1 0 0 0 0 0 0 1 0 0 0 0 0 0 0 0 0 0 0 0
0 1 1 1 0 0 1 0 0 0 0 0 1.6729094509671e-07 0 1 0 1 0 0 0.999999291121344 0 0 0 0 0 0 0 0 0 1
0 1 1 1 0 0 0.99999999927472 0 0 0 0 0 0 0 0 0 0 2.44249065417534e-15 0 0 0 0 1 0 0 0 0 0 0 0
0 0 1 1 0 0 0 0 0 0 0 0 0 1 0 2.01563025159501e-08 0 0 0 0 0 0 0 0 0 0 0 0 1 0
1 0 1 1 0 0 0 0.999999999380803 0 0 0 0 0 1 0.999999999999997 0 1 0 0 0 0 0 0 0 1 0 0 0 0 1
0 1 1 1 0 0 0 0 0 0 1 0 0 0 0 0 0 0 0 1 0 0 0 0 9.26236864984276e-12 0 0 0 0 0
0 1 1 1 0 0 0 0 0 0 0 0 0 0.999999997428007 0 0.999999999994878 0 0 0 0 0 0 0 0 0 0 0 0 1.11022302462516e-16 0
0 0 1 1 0 0 0 0 0 0 0 1 0 0 0 0 0 0 0.00035649244402014 0 0 0 0 0 1.14352971536391e-14 0 0 0 0 0.999643508615652
1 0 1 1 0 0 0 0 0 0 1 0 0 0 0 0 0 0 0 0 2.22044604925031e-16 0 0 1 0 0 0 0 0 0
1 0 1 1 0 0 0 0 0 0 0 2.90078405740246e-10 0 0 0 0 6.03350702732541e-12 0.999999999703781 0 0 0 4.20996570937859e-13 0 0 0 0 0 0 0 0
0 0 1 1 0.999999999999541 0 2.09943173956617e-13 0 0 6.7612582199672e-14 1 0 0 0 0 0 0 0 4.44089209850063e-16 0 0 0 0.999999942014791 0 0 0 0 1 0 0.000197891209644641
0.99999999999161 0 1 1 0 0 0 0 0 0 0 0 0 0 0 0 0 0 1 0 0 0 0 1 0 0 0 1 0 0
0.999999999680432 1 1 1 0 0 0 0 0 0 0 0 0 0 0 8.68194405256872e-14 0 0 1.78523862359725e-13 0 0 0 0 0 0 0 0 0 0 0
0 1 1 1 0 0 2.90702790728403e-08 0 0 0 0 0 2.33146835171283e-15 1.4432899320127e-15 0 0 0 1 0 0 0 0 0 0 1.08480913141307e-09 0 0 0 1 0
0 0 1 1 0 0 0 0 0 0 0 0 8.5801366012106e-12 0 0 0 0 0 0 0 0 0 0 0 0.00503117778941198 0 0 0 0 0
3.33066907387547e-16 1 1 1 0 0 0 0 0 0 0 0 0 0 0.00348149262631137 0 1 0 0 1 0 0 0 0.996518742412831 0 0.999999999999805 0 0 0 0
3.33066907387547e-16 3.98777566523734e-10 1 1 0 0 0 0 1.77635683940025e-15 0 0 0 0 0 0 1.11974618466348e-09 0 1 0 0 0 0 0 0 0 0 0 0 0 0
0 0.999999999999999 1 1 0 0 1 0 0 0 0 0 6.59809984426829e-11 0.999999840116714 0 0 0 0 0 0 0 0.999837729125383 0 0.999999631190794 0 0.999902339095946 0 0 0 0
0 1 1 1 0 0 0 0 0 0 1 0 0 0 0 0 0 0 0 0 0 0 0 0 0 0 0 0 0 0
0 0 1 1 0 0 0 0 0 0 0 0 0 0 0 0 1.51360022857538e-05 0 0 0 7.68168750830966e-10 0 0 0 1.4432899320127e-15 0 0 0.999995267814343 0 0
