[1] "Average Estimates for Betas: "
 [1]  4.638634e-02  1.014493e-01  2.024444e-01  3.101972e-01  3.152845e-03
 [6]  1.018955e-04  2.211636e-03 -5.179260e-03 -1.656052e-03 -5.418791e-03
[11]  6.682372e-04  1.887562e-03 -9.041497e-05  6.198152e-05  5.901392e-03
[16]  5.130174e-06  7.493139e-04  5.405856e-04 -1.754043e-04  4.691700e-03
[21] -7.780534e-04  3.134074e-03  1.577646e-03 -2.142085e-03 -1.348359e-05
[26] -3.509829e-03  8.094106e-04 -1.949414e-03 -3.022970e-03  4.665948e-03
[1] "Standard Deviations of Betas: "
 [1] 0.04782170 0.04578920 0.05127126 0.04858321 0.04343086 0.04538454
 [7] 0.05117343 0.05423294 0.04729430 0.04775926 0.04966611 0.04733729
[13] 0.04431306 0.05247742 0.04934043 0.04677420 0.04981867 0.04890969
[19] 0.04672058 0.04716131 0.04639655 0.04845760 0.04837663 0.04399255
[25] 0.04747907 0.04867291 0.04608711 0.05185958 0.04913431 0.04833110
[1] "Average StdErrors for Betas: "
 [1] 0.01573941 0.01587082 0.01598635 0.01585774 0.01577881 0.01574091
 [7] 0.01578023 0.01573616 0.01577363 0.01594340 0.01583933 0.01583340
[13] 0.01579270 0.01591123 0.01590545 0.01584923 0.01590799 0.01588799
[19] 0.01591468 0.01583715 0.01600940 0.01595716 0.01595053 0.01588418
[25] 0.01587880 0.01592246 0.01596365 0.01581101 0.01583993 0.01589542
[1] "Positive rate for exposures: "
 [1] 0.630 0.945 1.000 1.000 0.490 0.470 0.480 0.505 0.500 0.500 0.560 0.500
[13] 0.525 0.540 0.570 0.460 0.485 0.485 0.495 0.495 0.470 0.490 0.490 0.460
[25] 0.465 0.495 0.555 0.530 0.460 0.500
[1] "Bonferroni-corrected positive rate for exposures: "
 [1] 0.465 0.875 1.000 1.000 0.240 0.265 0.280 0.370 0.245 0.275 0.280 0.275
[13] 0.290 0.320 0.295 0.320 0.300 0.295 0.300 0.295 0.230 0.295 0.285 0.240
[25] 0.200 0.275 0.255 0.300 0.240 0.290
