[1] "Average Estimates for Betas: "
 [1]  0.0466334596  0.0994322738  0.2039748659  0.3108920177  0.0031508263
 [6] -0.0014731808  0.0038444309 -0.0043076563 -0.0024853231 -0.0065480288
[11]  0.0016898379  0.0009943411 -0.0014143314  0.0012000608  0.0067232134
[16] -0.0008838993 -0.0022628033  0.0009481863  0.0010724204  0.0065173417
[21] -0.0015060682  0.0019925713  0.0021437304 -0.0027003180  0.0004101986
[26] -0.0010049742  0.0010368926 -0.0007420322 -0.0024020080  0.0042752195
[1] "Standard Deviations of Betas: "
 [1] 0.04821727 0.04440437 0.04858075 0.04767867 0.04264335 0.04503765
 [7] 0.05021839 0.05322650 0.04597426 0.04662930 0.04898348 0.04402149
[13] 0.04432298 0.05107029 0.04552339 0.04547977 0.04739817 0.04748116
[19] 0.04571125 0.04615374 0.04498359 0.04502718 0.04690398 0.04325005
[25] 0.04411337 0.04844372 0.04454260 0.04845977 0.04858317 0.04868625
[1] "Average StdErrors for Betas: "
 [1] 0.03255812 0.02305629 0.02317567 0.02300881 0.02296041 0.02299797
 [7] 0.02290643 0.02293140 0.02295413 0.02311346 0.02303935 0.02295598
[13] 0.02286700 0.02302334 0.02310130 0.02310745 0.02308193 0.02305831
[19] 0.02313852 0.02307436 0.02329669 0.02308677 0.02316031 0.02306146
[25] 0.02305123 0.02314604 0.02314259 0.02301915 0.02304103 0.02300857
[1] "Positive rate for exposures: "
 [1] 0.370 0.900 1.000 1.000 0.285 0.315 0.330 0.370 0.285 0.295 0.340 0.310
[13] 0.335 0.345 0.310 0.335 0.340 0.290 0.305 0.315 0.275 0.275 0.290 0.280
[25] 0.265 0.300 0.295 0.320 0.310 0.350
[1] "Bonferroni-corrected positive rate for exposures: "
 [1] 0.100 0.750 0.995 1.000 0.085 0.100 0.120 0.160 0.120 0.115 0.140 0.110
[13] 0.070 0.130 0.120 0.115 0.115 0.145 0.120 0.090 0.115 0.110 0.120 0.090
[25] 0.085 0.110 0.110 0.135 0.110 0.150
