[1] "Average Estimates for Betas: "
 [1]  4.580943e-02  1.020297e-01  2.032674e-01  3.093353e-01  3.608539e-03
 [6]  3.274509e-04  1.204443e-03 -4.539613e-03 -1.675950e-03 -5.126474e-03
[11]  1.475755e-03  9.847268e-04  6.856162e-05 -9.745995e-04  4.895941e-03
[16] -8.122398e-05  7.479317e-06  1.495408e-03  8.267499e-04  5.366046e-03
[21] -1.424091e-03  3.278324e-03  1.295579e-03 -1.439654e-03 -4.945552e-04
[26] -4.579799e-03 -7.352196e-05 -1.298813e-03 -3.849159e-03  5.743055e-03
[1] "Standard Deviations of Betas: "
 [1] 0.04800947 0.04666021 0.05051570 0.04876095 0.04397125 0.04601920
 [7] 0.05242778 0.05514504 0.04776481 0.04844905 0.04976528 0.04671238
[13] 0.04544502 0.05168343 0.04892990 0.04615430 0.04981870 0.04943066
[19] 0.04825914 0.04721032 0.04778182 0.04966617 0.04842594 0.04367333
[25] 0.04802398 0.04913615 0.04632851 0.05159614 0.04902021 0.04915744
[1] "Average StdErrors for Betas: "
 [1] 0.01047984 0.01055826 0.01063864 0.01055812 0.01049057 0.01045361
 [7] 0.01047872 0.01043781 0.01047240 0.01057291 0.01052849 0.01052264
[13] 0.01046933 0.01056260 0.01057088 0.01054189 0.01057784 0.01054476
[19] 0.01057240 0.01054759 0.01064209 0.01059941 0.01060129 0.01055548
[25] 0.01055198 0.01057682 0.01060918 0.01053393 0.01050842 0.01054938
[1] "Positive rate for exposures: "
 [1] 0.735 0.965 1.000 1.000 0.640 0.665 0.635 0.670 0.630 0.660 0.710 0.665
[13] 0.670 0.695 0.685 0.590 0.625 0.650 0.650 0.660 0.650 0.650 0.640 0.625
[25] 0.655 0.675 0.665 0.675 0.620 0.665
[1] "Bonferroni-corrected positive rate for exposures: "
 [1] 0.615 0.945 1.000 1.000 0.440 0.450 0.495 0.495 0.435 0.475 0.530 0.495
[13] 0.490 0.505 0.465 0.425 0.475 0.470 0.480 0.470 0.435 0.450 0.410 0.460
[25] 0.430 0.500 0.495 0.525 0.475 0.480
