[1] "Average Estimates for Betas: "
 [1]  0.0483434657  0.0993985758  0.2039044398  0.3108941907  0.0031337156
 [6] -0.0014049018  0.0038624613 -0.0042144711 -0.0023850881 -0.0065599131
[11]  0.0017002851  0.0009003625 -0.0014411669  0.0011914339  0.0066786221
[16] -0.0009467898 -0.0023175328  0.0009568420  0.0009813111  0.0064742114
[21] -0.0014529171  0.0020584185  0.0020880176 -0.0025478043  0.0003853958
[26] -0.0009373741  0.0010731226 -0.0008461144 -0.0023964585  0.0041906890
[1] "Standard Deviations of Betas: "
 [1] 0.04743008 0.04446253 0.04867715 0.04765626 0.04278348 0.04502800
 [7] 0.05020610 0.05331568 0.04593581 0.04662663 0.04908408 0.04405842
[13] 0.04441040 0.05102280 0.04551925 0.04539320 0.04750802 0.04745670
[19] 0.04571375 0.04623651 0.04503824 0.04506716 0.04685175 0.04324443
[25] 0.04420538 0.04849636 0.04459892 0.04854000 0.04855813 0.04879720
[1] "Average StdErrors for Betas: "
 [1] 0.02292508 0.02304245 0.02316285 0.02299759 0.02294748 0.02298433
 [7] 0.02289274 0.02291926 0.02294374 0.02310011 0.02302474 0.02294390
[13] 0.02285650 0.02301125 0.02308944 0.02309420 0.02306885 0.02304474
[19] 0.02312461 0.02305960 0.02328323 0.02307460 0.02314716 0.02304804
[25] 0.02303544 0.02313174 0.02313047 0.02300603 0.02302544 0.02299486
[1] "Positive rate for exposures: "
 [1] 0.575 0.900 1.000 1.000 0.285 0.315 0.340 0.370 0.280 0.295 0.340 0.315
[13] 0.335 0.340 0.315 0.330 0.340 0.295 0.310 0.320 0.285 0.280 0.290 0.280
[25] 0.270 0.305 0.300 0.320 0.320 0.355
[1] "Bonferroni-corrected positive rate for exposures: "
 [1] 0.305 0.750 0.995 1.000 0.085 0.100 0.120 0.160 0.125 0.110 0.145 0.110
[13] 0.075 0.130 0.120 0.115 0.120 0.145 0.120 0.090 0.115 0.110 0.120 0.090
[25] 0.085 0.110 0.110 0.140 0.110 0.150
