[1] "Average Estimates for Betas: "
 [1]  0.0479626160  0.0991093459  0.2036038982  0.3106429899  0.0032014951
 [6] -0.0012662410  0.0039172180 -0.0043188482 -0.0023021054 -0.0062329043
[11]  0.0018165008  0.0006498478 -0.0015844779  0.0017065903  0.0067965386
[16] -0.0008685903 -0.0021284575  0.0012220468  0.0011502044  0.0063796336
[21] -0.0012944682  0.0022855885  0.0017315831 -0.0025215679  0.0006077356
[26] -0.0005697634  0.0008100266 -0.0012719430 -0.0023659009  0.0040343024
[1] "Standard Deviations of Betas: "
 [1] 0.04724962 0.04428048 0.04843825 0.04740528 0.04219926 0.04509090
 [7] 0.05009584 0.05273615 0.04540314 0.04654405 0.04859171 0.04339617
[13] 0.04430802 0.05028276 0.04543868 0.04493403 0.04725603 0.04794113
[19] 0.04495194 0.04584257 0.04482987 0.04496141 0.04681150 0.04283471
[25] 0.04381184 0.04819040 0.04417446 0.04785543 0.04784970 0.04836087
[1] "Average StdErrors for Betas: "
 [1] 0.005385333 0.005412305 0.005441639 0.005403030 0.005392140 0.005398503
 [7] 0.005377995 0.005382445 0.005389489 0.005425385 0.005410537 0.005392379
[13] 0.005369581 0.005405288 0.005424988 0.005427012 0.005418196 0.005413945
[19] 0.005434810 0.005417779 0.005469285 0.005420074 0.005438041 0.005412371
[25] 0.005410765 0.005434109 0.005434254 0.005406304 0.005410477 0.005401787
[1] "Positive rate for exposures: "
 [1] 0.910 0.980 1.000 1.000 0.760 0.840 0.800 0.795 0.765 0.810 0.860 0.800
[13] 0.845 0.840 0.850 0.790 0.790 0.810 0.830 0.840 0.810 0.790 0.800 0.800
[25] 0.745 0.795 0.820 0.800 0.805 0.820
[1] "Bonferroni-corrected positive rate for exposures: "
 [1] 0.855 0.980 1.000 1.000 0.650 0.730 0.705 0.685 0.630 0.685 0.750 0.695
[13] 0.720 0.740 0.725 0.660 0.685 0.660 0.725 0.740 0.690 0.645 0.655 0.680
[25] 0.650 0.660 0.705 0.710 0.690 0.695
