[1] "Average Estimates for Betas: "
 [1]  4.898752e-02  1.000158e-01  2.009587e-01  3.008044e-01  1.904458e-03
 [6]  1.162104e-03 -1.099978e-03 -2.013608e-03  2.955114e-03 -8.955197e-04
[11]  7.631257e-04  1.177413e-03 -1.356576e-03  1.703035e-03 -9.269632e-04
[16]  9.449274e-04  1.525584e-03 -4.081735e-04 -7.378048e-04 -4.130571e-04
[21] -1.364375e-04 -2.757886e-05 -8.836369e-04 -1.125618e-03 -3.222574e-03
[26]  2.213649e-05  1.029204e-03 -1.313932e-03  1.444828e-03  1.665057e-03
[1] "Standard Deviations of Betas: "
 [1] 0.02008689 0.01987869 0.02185232 0.02129688 0.01975335 0.02043596
 [7] 0.02169700 0.02094667 0.01966648 0.01967721 0.02148873 0.02135658
[13] 0.02034291 0.01994309 0.01819041 0.02065811 0.02102827 0.02126924
[19] 0.02000953 0.01998802 0.02003531 0.01835008 0.01919352 0.02052598
[25] 0.01917945 0.02003884 0.01966591 0.02044147 0.02547296 0.02094440
[1] "Average StdErrors for Betas: "
 [1] 0.02223759 0.02144385 0.02219937 0.02193365 0.02146660 0.02128593
 [7] 0.02286784 0.02329430 0.02180895 0.02187086 0.02212992 0.02279904
[13] 0.02271307 0.02138051 0.02173355 0.02161627 0.02170813 0.02265152
[19] 0.02239967 0.02171043 0.02258575 0.02228987 0.02159790 0.02211004
[25] 0.02173329 0.02162090 0.02204846 0.02173006 0.02306287 0.02271702
[1] "Positive rate for exposures: "
 [1] 0.63076923 0.97435897 1.00000000 1.00000000 0.05128205 0.05641026
 [7] 0.05128205 0.03076923 0.03589744 0.04615385 0.06666667 0.05641026
[13] 0.04102564 0.05641026 0.03589744 0.06153846 0.06153846 0.03589744
[19] 0.04615385 0.06153846 0.05641026 0.02051282 0.04102564 0.05128205
[25] 0.03589744 0.04615385 0.05128205 0.05641026 0.07692308 0.03589744
[1] "Bonferroni-corrected positive rate for exposures: "
 [1] 0.235897436 0.861538462 1.000000000 1.000000000 0.005128205 0.005128205
 [7] 0.005128205 0.000000000 0.010256410 0.000000000 0.000000000 0.000000000
[13] 0.000000000 0.005128205 0.000000000 0.000000000 0.005128205 0.000000000
[19] 0.015384615 0.000000000 0.005128205 0.000000000 0.000000000 0.005128205
[25] 0.000000000 0.000000000 0.000000000 0.000000000 0.005128205 0.000000000
