[1] "Average Estimates for Betas: "
 [1]  0.0419133778  0.1037407171  0.1918441846  0.3016185553  0.0013422581
 [6] -0.0028128146 -0.0061574793 -0.0048055648  0.0108994688 -0.0102253276
[11]  0.0017152089 -0.0016945293 -0.0046815788 -0.0001139628  0.0002094669
[16]  0.0029580541  0.0022722534 -0.0031150313  0.0015297288 -0.0031174696
[21]  0.0053876358  0.0017059707 -0.0058646669  0.0063297560  0.0021258249
[26]  0.0033644637  0.0009139557 -0.0040491164  0.0026293755  0.0046037477
[1] "Standard Deviations of Betas: "
 [1] 0.06601948 0.06276475 0.06541059 0.06401904 0.06269349 0.05941923
 [7] 0.06709214 0.07111630 0.06402889 0.06455827 0.06907426 0.06073328
[13] 0.05718849 0.06735885 0.05975046 0.06175956 0.06446183 0.05668499
[19] 0.06252388 0.07492447 0.07643185 0.06409779 0.05512755 0.06960376
[25] 0.05531148 0.05861997 0.06640026 0.05945873 0.07199497 0.05805904
[1] "Average StdErrors for Betas: "
 [1] 0.06138746 0.06065784 0.06200050 0.06159682 0.06189475 0.06111440
 [7] 0.06246036 0.06347285 0.06086538 0.06195045 0.06217234 0.06139812
[13] 0.06095379 0.06133117 0.06074461 0.06087598 0.06175620 0.06148789
[19] 0.06133890 0.06170287 0.06129550 0.06118487 0.06034449 0.06117700
[25] 0.06043342 0.06068137 0.06124233 0.06086651 0.06122342 0.06142169
[1] "Positive rate for exposures: "
 [1] 0.120 0.425 0.870 0.990 0.065 0.035 0.075 0.065 0.070 0.070 0.065 0.070
[13] 0.045 0.070 0.050 0.050 0.065 0.035 0.050 0.070 0.110 0.055 0.035 0.110
[25] 0.045 0.045 0.065 0.045 0.095 0.060
[1] "Bonferroni-corrected positive rate for exposures: "
 [1] 0.010 0.075 0.485 0.935 0.005 0.010 0.010 0.015 0.000 0.015 0.015 0.000
[13] 0.005 0.015 0.000 0.000 0.015 0.000 0.005 0.015 0.030 0.010 0.005 0.020
[25] 0.000 0.000 0.015 0.010 0.020 0.005
