[1] "Average Estimates for Betas: "
 [1]  0.0418281555  0.1037385006  0.1926455276  0.3019723592  0.0013485992
 [6] -0.0042735928 -0.0064775937 -0.0056962201  0.0110593074 -0.0102064724
[11]  0.0031940489 -0.0005410984 -0.0047496084 -0.0001335741 -0.0005424979
[16]  0.0028611498  0.0022054897 -0.0044963033  0.0015964044 -0.0030157126
[21]  0.0056200918  0.0017623149 -0.0059585054  0.0062775016  0.0025328477
[26]  0.0033451047  0.0010002514 -0.0040083160  0.0007069970  0.0051540310
[1] "Standard Deviations of Betas: "
 [1] 0.06612442 0.06277966 0.06701179 0.06476589 0.06266845 0.06796404
 [7] 0.06882601 0.07221747 0.06411040 0.06434448 0.07518830 0.06301133
[13] 0.05719181 0.06739934 0.06150856 0.06180425 0.06447081 0.05696296
[19] 0.06252164 0.07505971 0.07669292 0.06407651 0.05506180 0.06967375
[25] 0.05490525 0.05862974 0.06639024 0.05949308 0.07675349 0.05895385
[1] "Average StdErrors for Betas: "
 [1] 0.06140771 0.06067357 0.06266380 0.06206426 0.06190595 0.06174103
 [7] 0.06368399 0.06472293 0.06151084 0.06197320 0.06294500 0.06242065
[13] 0.06097218 0.06134953 0.06117273 0.06089751 0.06177123 0.06288039
[19] 0.06135469 0.06172604 0.06193098 0.06119771 0.06093409 0.06119509
[25] 0.06092692 0.06069500 0.06125837 0.06088057 0.06257318 0.06192205
[1] "Positive rate for exposures: "
 [1] 0.120 0.425 0.870 0.990 0.065 0.040 0.070 0.065 0.075 0.070 0.060 0.070
[13] 0.045 0.070 0.050 0.050 0.065 0.035 0.050 0.070 0.110 0.055 0.035 0.110
[25] 0.045 0.045 0.070 0.045 0.095 0.060
[1] "Bonferroni-corrected positive rate for exposures: "
 [1] 0.010 0.075 0.480 0.930 0.005 0.010 0.010 0.015 0.000 0.015 0.015 0.000
[13] 0.005 0.015 0.000 0.000 0.015 0.000 0.005 0.015 0.030 0.010 0.005 0.020
[25] 0.000 0.000 0.015 0.010 0.020 0.005
