1 0.999999999999995 1 1 4.83314499533094e-11 9.86381820666793e-09 8.70740146652338e-11 1.34353572711632e-09 3.08100511769993e-09 2.14024586941974e-09 3.24226201442457e-11 1 3.64529517682399e-11 1.45608636259453e-10 3.37483929691018e-10 1 2.15659934355017e-10 3.0388358496225e-11 1.42542161407633e-08 1 2.33710828467792e-11 6.41605443219007e-08 7.49019735124534e-11 4.91682250469694e-11 2.63243871145846e-11 1.03243857907387e-10 1.06608721850421e-10 1.8720247574322e-10 2.30978891568867e-09 1.07597997178743e-09
5.10702591327572e-15 1.4432899320127e-15 1 1 1 9.9031893796564e-13 3.43167716465587e-11 4.86388707088281e-13 8.51430037585033e-13 2.56461518688411e-14 1.99108384757452e-06 4.25326440733897e-13 1.98951966012828e-13 0.998482669697661 2.77333711551364e-13 2.94886670637595e-10 4.77395900588817e-15 7.54951656745106e-15 3.77475828372553e-15 1.33226762955019e-15 0.0015155522859378 5.6621374255883e-15 5.21804821573824e-15 8.53761505936745e-14 1.66533453693773e-15 1 1 1 1 6.99440505513849e-15
1 8.96394070082351e-13 1 1 1 1 1.31006316905768e-13 1.79856129989275e-13 3.70531383353523e-11 1.65978342181461e-13 1.76596293144371e-10 4.22224290030915e-06 2.62904586989521e-10 1.4835910278066e-12 2.90118595813738e-10 2.71012312591523e-08 1.39666056497845e-13 4.61231053350275e-12 1.48214773787458e-12 2.4571244927607e-08 1.39221967287995e-13 2.21822560320106e-13 0.999999999989649 1.41775480244632e-13 3.92619085509693e-06 7.37521155258491e-13 4.21309299669659e-08 9.37117050625602e-12 4.56301663120939e-13 0.999999999999977
3.954876801604e-07 0.999999954497499 1 1 1.5656365093264e-12 1.92586280256535e-10 8.71005121213519e-05 9.55679979597335e-13 9.06419383994717e-12 1 1.70198410920364e-10 1.82254211722466e-12 1 2.38864483748102e-12 9.19042619784705e-12 3.06465963717528e-12 1.47637457814653e-12 2.08821293590233e-10 1.01751940206896e-12 1 7.70161712182471e-13 1 3.66728869494182e-12 7.42683692322998e-12 1.57542645595754e-10 8.02691246803988e-13 1.16243463743615e-08 7.6572082008397e-13 1.6798007429486e-11 1.82243109492219e-12
0 1 1 1 0 0.999189798244974 0 0.000789523202479492 0 0 0 0 0 1.55431223447522e-15 0 0 0.999999999988056 7.1843933024951e-09 1.88737914186277e-15 2.0671245020476e-05 0 0 0 0 0 0 0 0 0 0
0 1.0325074129014e-14 1 1 1 3.33066907387547e-15 0 0 2.22044604925031e-16 2.22044604925031e-16 1 0 9.76996261670138e-15 0 0 0 0 1.23234755733392e-14 1.66533453693773e-15 5.55111512312578e-16 0 0 1 1 0 0 0 9.65605373437484e-12 0 0
0.179530477245445 0.00147744840534703 1 1 0.0131039480529465 0.00673433856402084 0.00245181295012742 0.999999741191922 0.982717469451127 0.00329984428718355 0.096836804825821 0.00349773091447292 0.0282822801786511 0.00791874254454072 0.00149202526319436 0.00204935400314565 1 0.206709567185282 0.0035030084968618 0.0273019390683762 0.0374479155746786 0.0137559373588529 0.999999999833619 0.999999996908898 0.0312891357474525 1 0.00206747707229282 0.0164814340271489 0.00168815126356836 0.00141255271276608
2.1767623817226e-05 1 1 1 0 0.999951830901677 0 0 0.99999999994114 0 0 0 0 0 0 0 0 0 0 0 4.16711998241226e-08 0 0 0 0 0 2.66482918617195e-05 0 0 0
0.00154643519864794 0.999999999999812 1 1 0.047289910619334 1.13783730504302e-06 1.12997538836979e-06 1 2.59055984119794e-06 4.19837245035914e-06 1 1 1.19786133853106e-05 9.59736048744553e-07 1.20008477066946e-06 0.999885285632703 1.11303763550286e-06 4.88748320344179e-05 1.75263741288845e-05 1 0.000409705113182168 0.000121918681825872 2.04856203833703e-06 1.22104280575464e-06 1.90381618725421e-06 2.27423311849329e-06 0.0002366280594297 8.52303113751951e-07 1.49109318170471e-06 1.1154031970384e-05
0.061005880390382 1 1 1 0.17538826774288 0.0072470892402916 0.00806655539823198 0.999935564656312 0.00716301825699006 0.0267625311920673 0.0103841064889189 0.0823916170287551 0.00902104943223714 0.00761702596344582 0.01255823995656 0.0380726409729998 0.00794977737590374 0.00838046792632441 0.00816736671323326 0.00751515815864223 0.0152813125020829 0.0117487635850617 0.00803503609539824 0.0116644854910878 0.00804968861986444 0.0232278823464055 0.0121343658513489 0.0145026841273365 0.999999999888258 0.278915295701038
2.71091480930075e-07 1 1 1 3.0940242590205e-09 7.78407338586362e-10 6.09058248279837e-10 4.81011008801602e-10 4.29107860355771e-11 5.05151476204446e-11 1.39413636190966e-09 0.999999999999999 1.17705956093062e-10 0.999999998680623 1 3.26684457263582e-10 1 5.0115800398487e-11 8.46401393417295e-10 1 4.81327089296713e-10 4.95696816926738e-11 0.999999997751983 6.15254047708902e-09 3.68891648649949e-06 2.41755881980055e-09 2.16088075211118e-08 7.10934644487793e-11 4.80454519502516e-08 0.999999999999956
0.317445965804875 0.999999981656538 1 1 0.000567437456681863 0.000577185048596385 0.999916509958347 0.999992190890576 0.000629963692844848 0.000640861845663809 0.0135914287110604 1 0.00295054146709184 0.00066700859458213 0.000560322906432043 0.000832788181567956 0.999999999980711 0.000733194843232532 0.00126006578263071 0.000635636409601958 0.00411536745101471 0.00214170071484365 0.000595930824725199 0.0064399615534706 0.0053028391651293 0.999469249055316 0.00153370979345868 0.0266251541759523 0.000918949536222402 0.00111888385924541
1.4235540710672e-06 1 1 1 9.53140656401175e-08 4.15409301401937e-08 2.50165293591564e-07 4.61186341227382e-07 1.78946275555258e-05 4.28399917762334e-08 8.61529002582628e-08 1.23099214821565e-07 0.999999963380827 4.12494212898018e-07 8.56825361772451e-08 3.91812742250863e-08 3.22374036398898e-06 1.63926180962726e-07 8.7631312117864e-07 6.13842938701481e-08 1.90773963071322e-07 3.89485191137906e-05 1 0.999999999935154 5.81840182700688e-08 1.20065377640088e-07 4.78887254296012e-08 4.10901751513038e-08 2.55259211434655e-07 3.89266949785139e-08
1 1 1 1 0.99999342341195 2.1332714337241e-06 1.77586612082337e-10 7.96362975563625e-13 1.33737465546346e-12 9.33586541407294e-13 2.81807910340603e-12 1.25295096520261e-08 0.999999999676282 8.27282686799435e-12 8.28559443277754e-13 0.999997832241965 7.78599407169622e-13 1.70581881953069e-10 0.999999999999753 2.03982386537405e-11 1.34958710873434e-12 8.62421245528822e-13 1.57429624891847e-12 7.88258347483861e-13 3.76177977656766e-10 9.02666830171484e-12 3.61277452398667e-10 8.01247956871975e-13 5.00333108277573e-12 1.93245863755465e-09
2.8644588945248e-07 2.2340973515611e-10 1 1 8.34996516374531e-10 1.1922118847707e-10 2.33890462553177e-10 0.00992861198081041 8.29145788416863e-06 8.39073255320955e-11 2.20780060899983e-10 5.40201217091862e-11 2.85443779723948e-10 1 1.32978117406424e-09 5.30046007085616e-11 0.999999999998286 1.53695500770823e-10 8.89410534110624e-09 1.51677403636974e-07 5.59566837310399e-11 1.90703324243202e-08 3.86681908715047e-10 7.6876401911008e-09 2.45171327684091e-10 3.90169119235395e-10 1.00067069186416e-07 0.999999999971178 1 7.12369052635609e-11
0.0947963790630234 1 1 1 0.000831465058206082 1.12383031064534e-05 9.70305151548612e-06 2.68345699846462e-05 7.46529866924028e-06 2.27280791407214e-05 1.94800228254799e-05 0.00146946085432698 6.15948263108512e-05 3.05766007758779e-05 7.80173279113505e-06 1 1.99955579461841e-05 0.00113993375831456 7.57633681913727e-06 9.74978565271289e-06 3.6921867567874e-05 7.43204534991992e-06 0.000306028228068245 1.22787917903322e-05 0.000297622743809955 3.79150670412054e-05 0.99981904188799 4.55581356716417e-05 8.00693580305101e-06 2.64338396307462e-05
3.58570272129821e-05 6.26325392416582e-06 1 1 8.54115081394546e-06 1.84778848344447e-06 0.0010059802561293 5.65328651780383e-07 3.54092988552601e-06 5.70015353362763e-07 6.96907345387743e-07 6.03282031108598e-07 5.88683959024117e-07 4.70490094817144e-06 3.6276264439028e-06 1 1 1.83127633113234e-06 1.99394223476812e-06 0.000161376615968822 5.96302903832502e-07 2.47737610403753e-05 6.81962695092686e-07 1 1.43211746895799e-05 4.4335500867243e-06 5.48648549503206e-06 3.99512088326004e-05 5.60455589604381e-07 5.06857478399514e-06
3.51371154394542e-11 1 1 1 5.6843418860808e-14 3.17523785042795e-14 0.999999999998287 1 2.44582132324922e-13 5.98299187970497e-13 3.60822483003176e-14 3.69704267200177e-14 1.24344978758018e-13 5.85087533977457e-14 1.67246883009398e-10 1.11100018074239e-11 1 5.39568389967826e-14 1.9630963521422e-12 3.17523785042795e-14 3.4323321962404e-11 4.18959311687672e-11 1.22346577313692e-13 4.3230974355879e-11 1 9.05941988094128e-14 1.74638081773537e-13 1.81299419921288e-13 1.23911991778414e-12 7.30526750203353e-14
1 1 6.64921455562073e-06 1 3.13388204276066e-11 3.61664587167354e-10 1.77635683940025e-15 8.88178419700125e-16 1 3.5527136788005e-15 8.88178419700125e-16 0.99999999917224 6.66133814775094e-15 1 1.88737914186277e-15 1.13242748511766e-13 1.66533453693773e-15 4.9960036108132e-15 1 1.66533453693773e-15 1.33226762955019e-15 3.21964677141295e-15 1.20239140866119e-09 1.88737914186277e-15 1.86584081518504e-12 3.17288910811619e-07 1 5.6621374255883e-15 2.44772457858033e-09 6.68328725694778e-11
1 0.00016198304893289 0.999999999999696 1 8.89841533791014e-11 2.15942819181691e-11 3.37992667187592e-09 8.97742991057271e-11 3.12299433091745e-07 1 3.10079739662683e-11 2.97205166033265e-07 4.10569389597271e-09 2.12114104058969e-10 1 1 2.56797916264873e-11 8.44373460040515e-11 2.54638532481977e-11 1.4838119621885e-10 4.75706141145338e-11 6.0017213421304e-11 1.29745991728214e-10 2.7468027852251e-11 2.47399878361421e-11 1 4.02781390129725e-07 2.75238720703896e-11 8.5773277369583e-11 1
0 1 1 0 0 0 1 1 4.44089209850063e-16 2.08484012276244e-07 5.38521782722512e-10 1 0 2.22044604925031e-16 0 0 1.05249142734465e-13 0 0 7.1276318180935e-14 0 0 0 1.11022302462516e-15 0 0 0 0 0 0
4.08872244832548e-05 5.60097291457673e-06 1 1 0.000131269851980753 2.05585579005074e-07 2.58133207142741e-07 2.02934126725118e-07 2.13121646186476e-06 1.9690790169502e-06 1 2.1102548775076e-07 5.70847309766531e-05 1 0.0189381328878593 1 0.999999823461824 1.64729514584572e-07 4.18960375414557e-06 3.88176232879456e-06 0.0002101343733657 1.09116014479493e-06 9.71705097496667e-07 4.42728516092394e-06 0.000206870971338757 1.49985571862299e-06 2.28111502464934e-07 1.02441224480998e-06 1 1
3.02363689641538e-11 1 1 1 2.13929984838046e-11 2.15072404330385e-11 0.999999999999986 1.19760312777828e-10 0.999998945927999 4.18093337728465e-11 0.000521844367290858 2.85021783952288e-10 1.06868355653766e-06 5.55302270832669e-09 1 1.19065175685495e-06 1.25472231571333e-06 1.59069202254614e-10 2.45999887127368e-11 1 1.51974544060351e-10 5.75098524357998e-10 0.00143407370738102 0.000189839879318865 0.999999999998985 2.98667757192561e-11 3.23174820238137e-11 1.83148385346499e-10 1.02927888434579e-10 1.41772371620164e-10
9.44674338754226e-10 1 1 1 7.60940654931375e-09 2.07076833458331e-09 2.19633145004394e-09 1.55598700590787e-09 1.05713904297033e-09 3.42649198563638e-05 1 2.26822533044846e-06 1.04967923242327e-09 0.999999999609442 1 1.40752354216289e-09 1.03419628416646e-09 1.20154697302866e-09 5.68182811910845e-09 1.83628423577886e-09 1.72968550593566e-09 2.00638878844472e-08 7.8969960237707e-08 1.10004672038144e-09 1.04785768950677e-09 1 1.55394230816341e-09 0.99999998839424 1 1.02014025005204e-08
1 1.30680832488572e-07 1 1 9.32587340685131e-15 1.02772235166526e-11 4.31876756579186e-14 6.66133814775094e-15 0.000223370270438727 4.5852210917019e-14 1.11022302462516e-15 1.14008802398757e-12 7.7715611723761e-16 8.23163759378076e-12 2.66453525910038e-15 1 7.7715611723761e-16 3.33066907387547e-16 1.26133548050689e-11 6.1979988918992e-09 3.99680288865056e-15 3.33066907387547e-16 1 6.66133814775094e-16 1 3.88578058618805e-15 0.999776628499665 5.30353538863437e-13 3.5527136788005e-14 4.73169281534069e-09
2.88315449292753e-09 7.34415417369405e-10 7.7715611723761e-16 1 5.55111512312578e-16 1.58097268609936e-09 2.59792187762287e-14 2.34830753027548e-05 4.44089209850063e-16 0.999999999984644 1 1.2466472298911e-11 2.33368879776208e-13 5.55111512312578e-16 6.84626799696275e-11 5.55111512312578e-15 1.66533453693773e-15 1 8.64863736182997e-14 1 1.33226762955019e-15 4.44089209850063e-16 1.62536650805123e-13 5.55111512312578e-16 9.99200722162641e-16 4.77728967496205e-13 6.58251231300255e-13 1 4.44089209850063e-16 2.18824958153618e-13
0.00728984584792403 1 1 1 0.00120590356382444 0.002576578190985 0.999999999701202 0.00142034862370666 0.00120525660603177 0.00610389011248658 0.00199086813674465 0.00507626929704119 0.00263499611155527 0.00127906072605644 0.0012738648131827 0.00178471252890033 0.00142274130451081 0.0012050257778542 0.0478742945104677 0.00123758106899807 0.00129512498185558 0.00120493780949382 0.00120528989191815 0.16556007471375 0.00141184161695262 0.999999999700329 0.999999999995587 0.822069750837357 0.00799158236284492 0.00210110034763711
8.26427908329208e-08 0.999956176958666 1 1 0.999984658426134 9.99200722162641e-16 1.11022302462516e-15 0.999999999999614 1.77635683940025e-15 1 1.3988810110277e-14 1 2.63796096078295e-10 1.45439216225896e-14 2.62345700718924e-13 1.63202784619898e-14 2.1094237467878e-14 6.22835116814713e-14 3.8657965717448e-13 7.76045894212984e-14 1.17683640610267e-14 8.88178419700125e-16 1 7.54951656745106e-15 1.02140518265514e-14 3.33066907387547e-15 0.999999917357658 9.99200722162641e-16 6.07462291579708e-09 1.86517468137026e-14
0.000451015442839542 1 1 1 1.55397103918098e-06 6.24858044959709e-05 2.29065442769461e-06 1.12335101165595e-06 0.97870054419072 0.00974185701064922 9.97754459830524e-07 8.81652650885911e-07 9.22154759219751e-07 2.65716865077703e-06 2.61204525198178e-05 6.10063270956029e-06 1.10966920208178e-06 1.78241864090545e-06 1 1.48790282428202e-06 4.85882501414237e-05 8.50777962080329e-07 1.19550238830701e-06 2.21190565929952e-06 2.23231069607088e-06 1.73390272734109e-05 1 9.53080271481888e-07 8.51540341573198e-07 2.0367525751519e-06
0.999999999999659 5.99919754651346e-07 1 1 0.999999999970097 1 0.00271578657126281 3.05034197900511e-09 8.00137067713536e-10 7.09429626155611e-10 9.40074795785506e-10 6.71140686359095e-08 5.21861442948079e-10 0.00151901319568082 2.40454944844259e-09 1.39958016287522e-08 1.93386617830527e-09 6.22085938317696e-10 7.05570268877409e-10 1.79028265057113e-06 0.997288014621896 5.33685603487655e-08 9.7947017163591e-10 0.998787304510257 4.79226103244912e-10 4.69948968628842e-10 5.6034277218231e-10 1 5.82429759976577e-09 4.71335748208901e-10
0.999999438497657 1 1 1 2.36833301718864e-05 0.999999401437505 0.000103785978307402 0.000174383258927158 2.28674277849006e-05 3.75987970349101e-05 7.95844219926289e-05 0.999999963599966 0.999990834876677 0.00134132337924875 0.000331682536300115 3.70713509632026e-05 2.98937510442299e-05 8.55080663821894e-05 3.8626677915099e-05 0.999999999999999 7.71620359203418e-05 2.98387425556879e-05 3.50816771205187e-05 0.000646423184822331 0.000100230898356757 0.000366916447275933 3.77467415715316e-05 2.26815072428277e-05 2.76255794218194e-05 0.000108114348687627
0.999999999999925 0.00944332893674693 1 1 2.11504898151027e-07 1.18231327284057e-07 4.4502912466271e-10 1.0413520435959e-06 7.36801286649325e-10 2.05483379200899e-08 1.43301105426374e-08 4.59475568703738e-10 8.1412703689665e-08 2.46954445781711e-09 2.27089094195776e-08 5.44798328672158e-09 2.21072748995965e-09 1 1.33710446048596e-08 9.52807521770183e-09 4.33595159776701e-10 1.55787721611844e-08 3.82550324751207e-10 2.16904960659292e-09 4.34636249213582e-09 4.14882983523768e-09 1 8.85714501741575e-10 4.88689492206262e-08 4.58243776257916e-09
2.81352718900507e-11 7.15538739370913e-13 0.999999999999343 1 1.98729921407903e-13 0.999999999999932 1 4.96994190246625e-09 3.58269747202655e-10 2.0285551016741e-11 8.43991543320044e-12 1.22335475083446e-12 7.73716202218111e-10 1.00756070153807e-10 3.46507078585745e-09 0.999998526918969 1.17952314582226e-11 1.17439391544849e-12 2.1049828546893e-13 1 2.17736939589486e-12 2.73780997872564e-13 9.12603326241879e-14 1 1 1.29873889420651e-12 5.42369544132004e-05 2.25351936000706e-08 2.50711721112573e-05 2.06759635457132e-06
5.38537967553765e-08 0.00191949167206606 2.44167892449187e-06 1 2.11006923045431e-09 1.59394717202943e-07 0.999998223045574 1.30033983580802e-10 2.01057813731254e-08 1 1 8.30161939191498e-10 6.96216417850337e-11 3.30476757071096e-11 1.93452809327255e-10 3.23734372642548e-11 3.37201377931251e-11 3.07965875023797e-11 3.97172927879552e-09 9.70334923522387e-11 8.23509038738734e-11 4.08550970831811e-11 2.55110310654061e-09 4.06771283323337e-11 3.07406322619386e-11 4.65801841542657e-11 3.05045988469033e-11 3.47661899269269e-11 4.1893488678113e-11 4.27039270611829e-09
0.000597107140001163 6.34002939037259e-09 1 1 2.74225087082414e-14 0 0.000334911966021645 0 0 5.55111512312578e-16 0.999999999998354 1.80966353013901e-14 0 2.73014943985572e-12 0 2.00950367457153e-14 0 0 1.02344799302045e-11 0 1 0 3.33066907387547e-16 0 0 1 7.7715611723761e-15 1.64601665630926e-12 1.11022302462516e-16 1
1 1.62918756263508e-09 1 1 2.34026860779224e-07 1.8837421622564e-09 6.92392668755204e-08 1.14878861978696e-09 1 1.07257125403493e-09 1.06211233585896e-07 1 0.992158208133311 1.2042631336584e-09 1.27209287548169e-09 1.16611886813445e-09 1.98478178337069e-09 1.46264333977797e-09 1.16151110951535e-09 1.46986156579487e-09 3.85487075593716e-09 1 1.45076706203895e-09 2.19630580389207e-09 1.32772326466579e-09 2.67591683145163e-07 0.00784842548764841 3.02328106993599e-09 2.46028205586057e-08 3.30512328616805e-09
0.999999819019104 1 1 1 0.00517762351318329 1 0.0413750151481365 0.0760649180142556 0.00740805112207621 0.00624282431543488 0.00546261149078564 0.999999972076286 0.0170151218091378 0.0296960658102984 0.0155683367957221 0.0218537551275682 0.0122709360456755 0.032836093452225 0.0125995192137454 0.0334036794552204 0.00821437712259421 0.0116778129951812 0.0144131187650767 1 0.0297238380547231 0.00873815481040841 0.00508479104721205 0.00519320209252983 1 0.00533141323155772
0.0023843805883289 0.0335838757495157 1 1 2.10221222574081e-05 1 0.0139596389820646 0.000171965515892603 3.13372475003737e-05 2.62460951451216e-05 0.999999999730988 0.000461443275745599 0.999999883682654 1.96626775860187e-05 0.00500518171015163 2.10288417482607e-05 0.000224342200560446 2.66031214822826e-05 2.37336525963361e-05 3.06601475870139e-05 2.98665538012166e-05 0.00289458311325208 2.92437864002348e-05 0.0002347986594885 0.999999999999994 0.99999821017073 0.000660006892076903 2.93799280675078e-05 2.49353733609015e-05 0.000135159123316964
6.5912608704366e-11 1 1 1 1.54087853587725e-12 1 4.80426809446044e-12 1.06931796750587e-10 2.31094143821053e-10 1.74380510031824e-11 5.67434987885918e-13 6.23834317536875e-13 2.21334062189271e-12 3.26928747629296e-06 0.999999999999619 1.14164233622205e-12 1.5006107467741e-10 8.8307139378685e-13 1.0476064460363e-12 1 5.60773649738167e-13 6.7346128673762e-13 3.33925720863437e-06 6.71318556300093e-12 1.13448850314057e-09 2.82892587133432e-09 4.74176253817404e-13 3.90649324000236e-09 1 0.999999999997089
2.24129159676068e-10 2.10644706644114e-06 1 1 2.22044604925031e-16 2.22044604925031e-16 1 1.87472259938204e-12 2.22044604925031e-16 8.37674104192665e-07 1.22090952237031e-07 1.37945210809676e-12 2.06501482580279e-14 8.26982926582787e-12 5.30535615439476e-11 6.66133814775094e-16 0.999999999212004 9.99200722162641e-16 9.84691217453815e-11 4.89608353859694e-14 4.44089209850063e-16 2.22044604925031e-16 2.22044604925031e-16 1 4.44089209850063e-16 4.55191440096314e-15 1 3.33066907387547e-16 1 4.44089209850063e-16
0 0 1 1 3.5527136788005e-15 0 0 1 0 0 0 0 9.65894031423886e-15 1 0 0 0 0 0 0 5.32907051820075e-15 0 0 0 1 0 0 0.999999999998591 0 0
1 1 1 1 5.94268111608898e-07 0.99999999999998 1 2.59802813706855e-08 8.39069569380513e-09 1 0.00606432877940732 0.000960373238897638 3.40661483569926e-05 0.999999999999225 2.02806563764923e-08 1.44146971114978e-06 1.10218915105875e-08 1.99488775720624e-07 8.74054184585304e-09 1.16958468465711e-08 0.000599483769861409 1.7885955272412e-08 0.00883940241347192 1.11179513373472e-08 1 3.60666226884021e-08 1.17883546590924e-07 1.22539278724076e-08 0.993955982168185 1.65108809957459e-08
5.80696546403914e-08 1 1 1 2.63259802779636e-06 2.42192499388949e-09 6.43407549461017e-12 6.63680221890672e-12 1.21542775843864e-11 3.18794990405991e-11 7.22855109103193e-12 2.19872658258069e-06 1.48581147385585e-10 6.43751718598651e-12 2.37858399643187e-10 0.996902757760955 4.23550083894497e-11 7.30360216749659e-12 1.62624358424068e-11 0.000279965436521423 4.92895058101794e-10 0.0023163058133675 0.9999992633038 1.18762777390202e-11 8.32811597462069e-12 7.93550425370881e-09 3.7581765599537e-07 1.46205337836491e-08 3.07649872244298e-09 8.30513435801095e-12
1.95608791575541e-06 1 1 1 5.52002887843628e-13 4.16222611931971e-13 0.00326409590651244 0.999998043981763 1.50368606455231e-12 2.3330226639473e-12 1 0.999999999999935 7.62945262522408e-13 8.71133087887443e-09 2.10831352376317e-13 4.44285719325421e-11 8.75652883536304e-11 4.54969395491389e-13 3.77287090458367e-12 3.02202707302968e-13 1.21835874722365e-12 2.36921593455008e-13 1.96953564568503e-13 1.50324197534246e-12 1 1.83963955180388e-13 4.0979011073361e-08 1 6.32827124036339e-13 2.21156426505331e-13
1 0.00330096018370662 1 1 0.00102197436549367 0.000488788552470476 0.000516027631086269 0.000612616441409419 0.00046882777735624 0.000506422620417668 0.000565889929632357 0.000518952609559697 0.000742135441927583 0.00153973114492256 0.00584430792028601 0.000481191776196099 0.991274873805618 0.0145438571887594 0.000477298380006874 0.000710101110852679 0.000462024764466884 0.0189271631595732 0.00051617905724044 0.00196793288939556 0.00466411375444264 0.00050604186510872 0.000833300146494742 0.00046731727124949 0.00342959889794059 0.000494442926105121
6.39585051587233e-11 3.58258978039316e-11 1 1 9.97391058632502e-12 2.40008013463466e-12 1 1.83195680847348e-11 6.77224942791099e-12 2.23133733712189e-11 1.64207758501789e-10 2.57072141351955e-12 1.27718502440644e-10 1.08563158462971e-11 1 4.84607909356782e-11 2.8075319846721e-12 1.45869760714845e-10 1.32452937506855e-10 1.72614145199645e-11 0.999999999999995 6.13842310315249e-12 1 5.69257994665895e-05 1.59794399934299e-11 1 8.30902013859713e-12 5.16659048876988e-10 1 2.73352007695848e-09
8.59101678685192e-12 0.999999428594196 1 1 2.70584665784668e-10 1.20154108884662e-10 0.999999999994772 2.60594956724702e-09 2.87293522305276e-11 1.77018921743155e-09 0.999999999998953 2.94637647613172e-11 1 8.29427637683011e-11 1.1590611803669e-09 1.27712507236311e-10 9.01023700095038e-12 1.86397564050367e-11 1.74734582358838e-09 7.14952487768095e-07 2.71224154246852e-11 5.49310391373403e-06 1 1 1.75199854623997e-11 8.58275561732569e-10 8.9269702741035e-12 8.62210303154143e-12 3.38448158387905e-11 2.35844677121122e-11
1.75937921430558e-05 1.24308774385185e-09 1 1 2.07626837389618e-07 1 1.40387197422598e-08 5.88866788664433e-09 0.999999977591325 2.45566122991647e-09 1 2.60978938459999e-09 1.27124688553693e-09 1 2.03516259400516e-09 6.15408864423905e-06 4.6350851676813e-06 4.34530555981638e-09 2.31864583088992e-09 1.97093238396562e-08 3.2513932657352e-09 2.577436597484e-09 1 0.999999997913056 4.83829578468153e-06 3.03386604727507e-09 2.51916614091297e-06 0.00165924497909853 4.93425212910736e-08 4.61675264684658e-09
0.000462384005230132 1 1 1 0.000387874989950632 0.000674493172547419 0.000413742084035551 0.000329444667254153 0.000479121273733063 0.000518897183020783 0.000339790418748764 0.000411701465708236 0.000401104395613028 0.00042311417425922 0.000785820218316968 0.000335030108500334 0.000567212165613618 0.000346084902175581 0.000633508643119285 0.00142507276346904 0.999999999999997 0.00225605137021001 0.000558385025099306 0.000333784408050652 0.000755407749856274 0.00139128355425933 0.000379005940732591 0.00605128581910208 0.000454482513698173 0.00040557135360475
0 5.43010081344164e-13 1 1 1.11022302462516e-16 0 0 9.33154664650715e-11 0 0 0 8.26005930321116e-14 6.29702134880006e-09 0 0 1.55875312657372e-13 1 0 0.999984758813336 0 0 0 0 0 0 0 0 0 0 0
1.32893696047631e-13 9.2148511043888e-15 8.88178419700125e-16 1 3.6418645876779e-12 6.66133814775094e-16 1 1 4.66293670342566e-15 1 6.66133814775094e-16 1 1.07802655691103e-13 1.0769163338864e-14 6.66133814775094e-16 9.99200722162641e-16 6.99884594723699e-13 4.86055640180894e-13 2.61463817263774e-09 0.999999863760709 3.5527136788005e-15 1 6.03883609784361e-12 5.32907051820075e-15 5.55111512312578e-16 1.22124532708767e-15 5.40678612992451e-14 1.57429624891847e-13 1 1
5.85103798744768e-09 1.99840144432528e-14 1 1 1.26121335597418e-13 1.18793863634892e-14 5.72875080706581e-14 4.51860771022439e-13 1.80966353013901e-14 9.99200722162641e-16 1.77635683940025e-15 1.22124532708767e-15 9.99200722162641e-16 3.10862446895044e-15 1.35975675163991e-11 2.20934381900406e-14 0.999999999604874 1 6.88338275267597e-15 1.4432899320127e-15 4.05231403988182e-14 1.77635683940025e-15 1.00597308261285e-12 9.99200722162641e-16 5.10835818090527e-12 1 3.67581742821699e-10 3.13082892944294e-14 1.82444862550923e-08 1.99840144432528e-15
1 2.25211849169682e-10 1 1 0.00247689275914786 3.45612427565811e-13 1 2.67230682027275e-13 2.51265674933165e-12 2.63677968348475e-13 1.82820425465025e-12 2.61657362443657e-12 4.0689673852512e-13 5.97955018832863e-12 0.997472895061701 1 0.999999999999939 1.37378997067117e-12 2.48855824835914e-10 4.74509320724792e-13 0.999994371010066 4.13405976118497e-11 2.639000129534e-13 3.68038932663239e-13 1.85862436552497e-11 6.65023591750469e-13 4.7706283368143e-13 1 1.79407599887327e-11 4.12553324835585e-11
0.422363068868944 1.56510535742616e-06 1 1 1.51311280449651e-06 1.28413011607487e-05 1.11066554575601e-06 6.05910587891945e-06 6.8371735939543e-07 0.0735302443333111 8.71298425308975e-06 1 0.0111643482687001 0.000169307068770164 9.52777544083183e-07 1.08168558754507e-06 0.0343632216865544 3.17505988483013e-05 7.00632374894816e-07 1.87028870157757e-06 1.13434307380533e-06 8.0380347655673e-07 8.64608029449432e-06 0.00548478643779016 0.999987881165739 1.0142324625706e-06 1 2.52893440466639e-06 7.17992563625813e-07 1.23347795910611e-06
4.30708468890373e-10 0.999345751440493 1 1 5.39688294054486e-11 1 5.96401816821412e-11 3.03804092993687e-10 6.57789378522011e-11 1.06091802010155e-10 1.81490267259221e-09 1.00352415266514e-09 4.87280216177055e-11 7.89292187164392e-10 1.34584454691833e-10 1.85314541489845e-10 3.7573855138362e-10 5.1331605632754e-10 0.000139645901076846 5.06392705545977e-11 4.80925632651008e-10 6.48258113855604e-11 1 1.684011818881e-10 5.44045919426139e-11 8.80742700992698e-10 2.19459783679099e-10 1.0228640157095e-10 1 8.72963556997064e-09
5.55111512312578e-16 1.19547705068612e-11 1 1 1 2.44249065417534e-15 8.88178419700125e-16 0.999999929266798 1 5.04407626777947e-12 2.9550140112633e-11 1 8.26727575287123e-12 3.33066907387547e-16 7.32747196252603e-15 3.33066907387547e-16 3.33066907387547e-16 6.66133814775094e-15 3.7358730063719e-05 1 2.90878432451791e-14 1.98729921407903e-14 3.89852594651074e-11 1.88737914186277e-15 1 4.44089209850063e-16 0.000478869469849985 2.55351295663786e-14 7.07555932732973e-08 5.87352388947693e-12
0 1 1 1 0 0 0 0 0 0 0 0 0 1 0 1.22124532708767e-15 0 0 0 0 0 0 0 0 0 1 0 1 0 0
0.999993924576382 1 1 1 0.966216980740447 2.32549777265945e-05 1.81661621654339e-05 2.71126180477754e-05 0.996881751953953 0.000740249012089689 4.16306013356627e-05 2.23786423885208e-05 1 0.999999999999767 3.16730545006916e-05 0.00650810470499541 0.000514954528594624 1 0.00106933683834964 5.06115351252001e-05 3.32720448976698e-05 1 1.62446801421634e-05 1.84220551401326e-05 7.55196147881332e-05 1.61923525818786e-05 1.66851528329293e-05 1 1.61640475232483e-05 5.40231590788753e-05
0.00736807573487352 1 1 1 0.00372872313967065 0.00184014303611413 0.00109119651410516 0.00114211228261396 0.00686428203171907 0.0036128970609236 0.00109448938349055 0.00164766796866544 0.00126459439163173 0.999999999999999 0.997264403143516 0.00487635913698681 0.946296366718971 0.123001371266457 0.00119483376427043 0.00738687994943654 0.999999999999688 0.0894389183734668 0.999726776747448 1 0.999999999999976 0.00155313590922224 0.0140211694582741 0.0498841213846322 0.0305411267114269 0.00155241235947423
6.64685764206752e-08 1.13406717350273e-09 1 1 4.38509106803764e-09 1.05024000607301e-09 1.21087850857293e-09 3.01247760070567e-09 3.25314786220332e-09 2.70336197871757e-09 1.06685549283725e-09 2.66165385287565e-07 4.2443035308537e-08 1 3.60168175361775e-06 4.50748893765507e-09 3.8145420711011e-08 2.5051519747521e-09 0.000426076728082037 1 4.03379043646401e-05 2.08287731506829e-09 2.76765033113691e-09 6.55937348881253e-09 5.83134070113456e-05 1.53228796317961e-09 2.89966617383897e-09 2.03891814543056e-09 1.90762283747148e-09 1.16512599568352e-09
4.07673894642357e-13 1.14841469667226e-11 1 1 1.52433621281034e-13 1.33226762955019e-13 1.56283985752736e-10 4.6200520700368e-05 4.70555039377984e-10 1.53210777398272e-13 5.79565284652972e-11 1.7545964681176e-12 2.81219492137552e-13 5.38458166943201e-13 0.999985122859241 1 6.50701714732804e-13 6.26443452670378e-05 5.18551868111672e-12 0.999999998753406 2.36281776553326e-05 1.39543582033941e-06 6.5518701575229e-12 1.82956982897053e-11 2.50658827027905e-10 1.85140791586491e-12 3.45680151170313e-10 1 1.46598289063604e-11 3.89710486103922e-11
1.31997989205601e-08 0.00106756935223029 1 1 3.06890505230584e-08 1.31592076124676e-08 0.0453369379692539 5.60464499255175e-08 2.16483563297842e-08 0.000141712738933264 5.88559597053395e-05 1.38142935979246e-08 1 2.2444197389504e-08 1 0.999999999791031 1.62858522146925e-05 1.50132616050236e-06 0.999999999698799 2.57588106078455e-06 1.05853981358095e-07 1.65052565725965e-07 1.78179401233436e-08 2.86520907322174e-06 1 1 1 3.13707672006114e-06 1.39894400508211e-08 0.999999920449558
4.44089209850063e-16 0.999999999915936 1 1 3.33066907387547e-16 0.999999999996886 1.11022302462516e-16 6.77236045021345e-15 1.99840144432528e-15 3.13038484023309e-12 7.7715611723761e-16 5.44009282066327e-15 1.11022302462516e-16 7.10209668852713e-13 2.02948768901479e-13 3.73381547902341e-10 1.11022302462516e-16 5.55111512312578e-16 2.06501482580279e-14 3.10862446895044e-15 1 1.11022302462516e-16 0.999914413256615 9.32587340685131e-15 1.11022302462516e-16 8.55863760821363e-05 2.22044604925031e-16 1.11022302462516e-16 2.22044604925031e-16 1.4432899320127e-15
0.999999999999983 3.18487458628169e-11 1 1 6.32827124036339e-15 9.64983648543694e-12 1.22124532708767e-13 0.999999999379445 5.55111512312578e-16 0.00202043419846309 1.11022302462516e-15 4.54586368547893e-11 1 5.55111512312578e-16 1.11022302462516e-15 3.77475828372553e-15 1.33226762955019e-15 3.94052568353231e-10 5.55111512312578e-16 1 8.88178419700125e-16 1.33226762955019e-15 2.60247379202383e-12 5.55111512312578e-16 3.45179440586207e-12 1.52433621281034e-13 1.2356782264078e-13 6.66133814775094e-16 1 5.55111512312578e-16
1.07544849359265e-07 1 1 1 4.57050886026877e-09 3.53557605414778e-09 1.63473171665984e-08 4.82109918653606e-09 3.62394747543959e-09 1 2.93791772965069e-05 1.53822672377402e-08 4.06933120533637e-09 4.25990698271761e-09 1 1.00816847959928e-05 1.83985287005584e-08 1.52313709200769e-07 4.83308868481913e-08 5.47821299434759e-09 2.44466721310843e-08 4.76313011255058e-09 8.6327551773735e-09 7.92153920237126e-09 4.08368504900558e-07 4.04705913226167e-09 6.89244086249374e-08 3.43478911979389e-09 1.66527557410312e-07 2.37587324258826e-08
0.999999999997763 1 1 1 0.00719526306517193 4.70787414608154e-08 1.12978686617193e-06 3.44711253985608e-08 1 0.00120568883090733 1 3.27060889482311e-08 5.34752858660781e-08 3.94854136054335e-08 0.00018869620429196 8.34296458585015e-08 9.69736792977294e-07 1.3783200537576e-06 1.958383213152e-06 4.88391884712058e-08 5.10874471615352e-08 6.2879067175281e-08 4.03733270148976e-08 5.52762048244837e-07 0.000196641470399661 9.76840014765834e-07 2.71982665700499e-06 0.992704193529189 1.91650896153028e-07 3.17718811260193e-08
0.999999852740893 1.27317156817242e-10 1 1 4.76541872629355e-09 1.97721061745426e-10 9.32371957418354e-11 3.75931033924637e-06 2.15785722623707e-10 0.000256921779346775 5.10472332071465e-07 4.4744732474733e-08 5.66361069154198e-10 8.67743654708875e-11 1.99245953069749e-10 8.97734109273074e-11 2.01807015542954e-10 1.69188663079467e-10 9.40961476070257e-07 0.000897192545044612 1 8.41509084636982e-11 3.62684327015472e-10 2.72171131476817e-06 1.4968415396055e-10 0.999996021624481 5.16004372563827e-09 3.1002234113231e-10 1.23726806577906e-10 1.00647157275091e-10
3.20754534044454e-11 1 2.40141240226421e-13 1 1 4.17776924166446e-13 1.15572829084698e-09 0.999999999999278 9.40358901857508e-14 4.01900734914307e-14 2.33290393003571e-07 0.000176210046718417 0.997650189265294 1.82076576038526e-13 0.00234607000886666 9.20902243350952e-11 4.98490138056695e-14 4.39648317751562e-14 1.40054143127344e-06 2.34767607409925e-06 4.77395900588817e-14 3.73294728461815e-11 1 3.51940698806175e-14 5.85687054410755e-12 1.79412040779425e-13 3.20553805721602e-10 8.5043083686287e-14 4.05231403988182e-14 1.93522975422411e-12
2.38488379156188e-07 1 1 1 2.17045825756657e-10 9.01112517937008e-12 1 3.06330516508524e-11 3.18978177205054e-11 0.999999999999351 1.07899245094245e-11 1.53859147644653e-11 6.66201538379596e-11 9.46331901729991e-12 2.26054730489977e-11 4.20719126204006e-10 1.62850843921092e-11 1.73990821750181e-11 0.999999999863897 9.22828480298676e-12 2.14817310606463e-08 9.21873688497499e-12 9.24749166131278e-12 9.29833987584061e-12 1.77593384442787e-10 1.22092336241053e-11 6.18780582328782e-10 2.88931101266598e-11 8.91797746760403e-12 1.06465947169454e-11
0.000553348400164078 5.81776234730436e-05 1 1 0.00445282448522943 0.999999922530994 0.00053503083604356 1.9021647942985e-05 2.23698574899345e-05 1.7418085003662e-05 0.003194717918927 1.910670770644e-05 0.999999183919115 2.62211849201277e-05 6.31216807926993e-05 0.00036731963558112 0.000266587283983322 2.09649898690323e-05 3.14729084677223e-05 2.63587585225267e-05 3.27584197634678e-05 1.73584566371954e-05 0.000265105876353977 1 1.79857129198879e-05 0.000466862252000322 0.000366613480491718 1 7.35990091954575e-05 2.22251315857847e-05
0.999911139923767 1 1 1 0.00772759868682404 0.0147750701030112 2.03266565853566e-05 0.000450644698073321 0.999999092470145 0.000348778198726585 2.46259325993314e-05 0.000355942521398922 7.44474471939816e-05 0.000146877400958756 0.00034777301093003 0.000167329223276558 5.9547250857328e-05 1 2.91944452299742e-05 2.20805094068854e-05 1 5.14011401014924e-05 0.000559206857354555 2.46550917706312e-05 0.999999999998097 0.00123753876385491 0.000583818239648148 6.31754102338178e-05 0.00960925707400873 0.000287446804122182
0.999999999927593 1 1 1 0.00165952840092065 0.000107320219809193 3.83509636002755e-05 4.01237498881546e-05 3.23099673386062e-05 0.00151646330802657 3.28615404976418e-05 0.000301382659774196 6.79253959078308e-05 3.40418031976597e-05 0.999988316931025 5.52181012243302e-05 8.29078398671967e-05 6.48977591500843e-05 0.000217051373412325 5.98301845481375e-05 0.000220373301221377 0.00141700070313855 3.17008707245714e-05 5.06182973185609e-05 0.000107795699919699 5.2481143655525e-05 6.9489033996617e-05 3.33694101878335e-05 3.44894969428466e-05 0.00011058006946052
1 9.3967056358224e-12 1 1 0.998346604260024 9.73665592596262e-13 3.13251974359829e-08 0.999988282443284 6.35426156136987e-11 4.7812864778507e-12 6.3208327460984e-12 0.99999999376575 1.69986247300358e-12 8.21009926710303e-13 8.76076988731711e-13 1 3.48009732142884e-10 9.99644811372491e-13 8.21787082827541e-13 2.78010947596385e-12 1 4.4140247013047e-12 9.86544179681914e-13 1.86983761807369e-12 1.92033056123364e-11 7.26407822781994e-12 1.25777166459784e-12 8.20898904407841e-13 0.999999999999973 0.00166602914322178
8.38042617314905e-05 3.45437637250257e-06 1 1 0.0922953259577969 0.99999847302206 3.21113977475029e-06 1 3.3016578634415e-06 7.51379613506131e-06 3.24841993248892e-06 0.99999999987472 0.000155832132548106 8.04705807488926e-06 7.00993113578186e-06 1.05155327054796e-05 5.30161216349967e-06 3.17957050188777e-06 0.00608969859664699 1.04477494827782e-05 5.27928983595771e-06 4.09024170977546e-06 0.00153061485440464 0.000107529538042161 3.179196349401e-06 1.1507423220869e-05 3.61579359846598e-05 3.18269083610101e-06 3.94695290983904e-06 3.72875672260964e-06
0.000238006199535401 0.999999997125906 1 1 3.4833170301507e-06 2.30071376493557e-05 6.57431383156437e-05 0.000197824704199268 1 0.999999999873873 4.42292044933179e-06 2.58536641595253e-06 2.75652694836648e-06 1 7.75866345161802e-05 2.01002303124032e-06 1.97869232732018e-06 3.90078802525728e-06 0.00276001093145495 6.2800973620325e-06 2.07415481801032e-06 0.999999999997883 7.99482620594816e-06 1 0.013037466304554 2.54591549897487e-06 2.07253349693293e-06 0.00205967258040696 1.83409406371293e-05 3.44473305706749e-05
2.78293643463101e-07 1.03569375298207e-11 1 1 1.47731826771746e-11 1.25347510149254e-11 1.84321446994318e-11 4.54730619825483e-09 2.48824294502015e-11 6.64113208870276e-11 1.49704693086505e-11 1.67004410300819e-10 1.48298778812617e-08 1.03615545254954e-07 1.35581545990249e-11 1.52799384256497e-09 5.13825648695843e-11 4.58119836510562e-08 1.23654420036701e-11 4.80790962598121e-11 5.48838752223446e-12 1.72161174205598e-11 7.47000350465044e-10 5.93790572267494e-11 1.37664324384446e-11 1.24898313913491e-10 3.71027986112438e-10 1 1 7.82640618979258e-12
0.00620906336330063 1 1 1 1 1.67401092987518e-10 7.89257548206024e-12 0.889457089512287 1.02918784605777e-11 0.997310163565323 8.65663096760727e-12 1.61477498039631e-10 2.47257070373763e-09 4.74637466663097e-07 8.10218558910947e-12 1.04005692946885e-11 5.98519012129373e-11 3.39740457988569e-11 0.107867787889892 2.86010992667229e-10 1.67819422358662e-07 2.50027534964836e-05 2.03414840684868e-05 1.25199850486979e-11 2.06082040321576e-10 1 7.54074580555653e-12 7.89102116982576e-12 2.1144282991159e-09 6.68299859896138e-11
6.69350803917945e-05 6.20810474383227e-06 0.000265358288417672 1 0.999996125619906 9.71818181483286e-11 4.59648798667445e-06 3.66345176416871e-10 8.66371685503964e-09 3.49846129399367e-07 1.40613409804757e-10 1.2338252641797e-10 8.08512146122098e-11 3.86588872025584e-10 8.47527936720383e-10 7.76437802940677e-11 1.4218970445512e-10 8.80895356658584e-11 0.999999999638973 1.00728092533586e-10 3.25984683691161e-10 4.4594750114868e-09 7.60027596413693e-11 1 1.87886706193297e-10 8.96863694421768e-11 1.44357747977608e-10 4.6751341686857e-09 3.1880265094486e-10 0.999933306268638
1.79318782045357e-11 1.82187598340988e-13 1 1 2.23077112337933e-12 1.32786004414243e-11 0.999999999999979 1.36833281372262e-08 1 1 2.04047889695858e-12 2.32625030349709e-12 3.65168453253517e-08 9.50350909079134e-13 1.8757218001042e-12 7.12186409845827e-09 3.7025937871249e-13 3.6094349731286e-11 0.0136501127586373 1.9284573937739e-13 3.42281758491936e-13 2.47690756793872e-13 1 3.08975067753181e-13 1.88382642818397e-12 0.998613013993547 9.07496300328603e-13 1.55064849849396e-11 9.54696591781712e-07 5.66435787163755e-13
0.999911745715333 1 0.999999999999999 1 1.11650022560639e-10 3.55755314096484e-10 1.8946844093648e-11 3.91419729961484e-09 7.71271935207096e-12 3.48008272694766e-05 2.52045684323576e-09 3.62687657684546e-12 1.7717436256337e-05 0.000810491679885228 1.85924609041876e-11 1.62145352700094e-09 3.09797743014428e-11 1 4.86888307449362e-12 0.00529505577678591 3.75245739592245e-07 2.79010403669844e-09 3.98042598881432e-10 6.37820995019744e-07 0.999999861000307 5.49860157406101e-12 0.00422697849108944 0.999996441422591 3.83287721561487e-08 8.81875956704192e-07
0 4.88498130835069e-15 1 1 0 9.88098491916389e-15 3.99680288865056e-15 0 1.88737914186277e-15 5.21804821573824e-15 0 3.41315087304395e-10 2.22044604925031e-16 1 0 0 4.16333634234434e-13 1.11022302462516e-16 2.22044604925031e-16 0 1 0 0 1.72661807074093e-09 0 0 3.67514907395616e-10 0 2.87391221931443e-11 6.57493059996739e-10
2.88979951079682e-11 1.58203201428009e-07 1 1 4.82947248858778e-09 7.14959091929757e-10 3.57370799619616e-11 7.715432537303e-08 3.25970361814143e-11 8.80181799667312e-08 3.20584669921686e-11 2.38067676683329e-10 2.1118540249887e-10 0.999675206093633 4.78188655339551e-09 7.6621042843783e-11 2.89976931355795e-11 0.999999999999819 4.66127136888872e-11 3.19226109879445e-07 1.66500413456561e-09 0.000331252311718711 0.999999999999983 4.4239389929146e-11 8.79208927884179e-11 9.09289310513373e-11 9.74795910657633e-10 4.18655110578925e-11 6.79995582064663e-09 2.06883510323053e-10
2.22044604925031e-16 2.89879231729628e-13 0.999999999999977 1 3.37513350601171e-11 1.11022302462516e-16 1 0 1.16573417585641e-14 0 1 5.10702591327572e-15 9.99200722162641e-15 0 1.33115740652556e-13 1.11022302462516e-16 1 5.55111512312578e-16 6.66133814775094e-16 1.47004630690617e-12 0 9.99200722162641e-16 2.22044604925031e-16 0.999999820251697 1 1.43043354938754e-11 5.92859095149834e-14 1.11022302462516e-16 1.11022302462516e-16 5.77315972805081e-15
0.999984077862458 3.44135731022988e-09 1 1 1 1.29740151955104e-09 5.01595419344358e-06 1 1.06733633042921e-09 4.4975760893351e-09 1 1.54295249910064e-08 6.60601801483196e-07 2.4940306391219e-06 1 1 4.81379114347646e-09 2.76525069509148e-09 1.52985157875207e-09 1.91937231373007e-05 7.6746108357284e-09 2.85955992218589e-09 1.96660643325686e-09 1.98563962827691e-07 2.11495674291573e-05 5.01909935834988e-09 1 6.90934121028164e-09 1.05815822770694e-09 0.000373213592384736
7.91904264385579e-09 6.13820105854757e-12 1 1 9.4891163815447e-09 1 3.37830923347049e-07 8.30403967810867e-10 0.999999999242651 5.17197396021629e-12 4.11667366861934e-11 1.31163968575265e-11 4.81626960535664e-11 1.97041272187448e-11 1.12659881423838e-11 1.87866056045038e-10 1.62142821391598e-09 3.40204531212862e-11 5.42765832278747e-12 7.69417862755972e-12 6.6435457135583e-10 9.83977677115888e-10 1 0.999999705552993 1.87591053801839e-10 1.70144343059064e-10 0.999999999999994 1.71241409940848e-09 1 7.92332865984235e-12
1 0 1 1 0 0 1.11022302462516e-16 0 0 3.23663293123611e-05 0 0 0 0.999963364926317 0 0 0 0 3.28626015289046e-14 5.44009282066327e-15 2.10875761297302e-12 0 0 0 1.11022302462516e-16 0.999999998274183 4.26435247435908e-06 0 0 0
2.87476529048369e-06 1.37718767279082e-07 1 1 1 1.12874006252817e-07 1 1.06495046336974e-07 2.37290552540514e-07 0.0172289806665433 8.55505914421073e-06 1.07277943972584e-07 1.39142501631717e-07 5.8201310459971e-07 2.6434209522419e-06 1.67041721121919e-07 1.30671750977474e-05 9.46584181394927e-05 2.34397888765336e-07 1.12150775666287e-07 1 0.999999949734399 0.00156822015464164 4.38590965545771e-07 4.64763800889223e-07 1.07200387899908e-07 7.59855678711396e-07 9.77645729751675e-05 8.95773953013546e-07 3.51968451606233e-07
7.71209808236861e-08 1.90326753246595e-07 1 3.90028817021104e-07 6.93251012151563e-11 5.23248111505836e-13 2.97161318885131e-08 0.00239658707914359 1 6.66596888798665e-10 2.97206703692154e-13 4.02122779519232e-13 8.3277829077133e-13 1 2.94764213037979e-13 3.44624156989326e-08 1.8035413197337e-05 3.07061410520504e-07 3.40727446257461e-13 4.32875957301349e-13 0.999999612548453 1.22492016529918e-11 6.19138074142711e-12 6.50355436171424e-10 6.82890410885761e-10 6.73350264435157e-13 4.34652314140749e-13 3.90354415458205e-13 1 1.42796885427288e-12
4.97786173302428e-05 1 1 1 1.01680187380992e-07 0.999786553505071 5.51555678907079e-08 4.09489820940578e-08 1.77694843017662e-06 3.69147390433255e-09 3.36633809716602e-09 1 2.04422040406271e-08 3.32856786577906e-09 4.36227021172186e-09 0.000212309924989773 2.84620554680259e-07 9.4205692136029e-09 1.09077490706433e-07 3.4100514634261e-09 4.52602522127421e-09 2.8771719673415e-08 2.31305111730862e-08 1.65437127330748e-08 3.57417995200393e-09 0.989416322102432 3.52527551594761e-09 3.67321828509404e-09 2.32861435667253e-06 1.19768489903471e-07
8.14704183005333e-07 0.00331229896353835 1 1 5.95967719618784e-13 8.54871728961371e-15 0.996083637616826 1.02384767330932e-11 0.999893369350567 7.105427357601e-15 3.574918139293e-14 1 0.00018211330500717 7.62050777036727e-07 7.6212286388877e-05 6.32827124036339e-15 9.43689570931383e-15 8.81961170762224e-13 3.35287353436797e-14 2.18819995456698e-09 2.50910403565285e-14 4.71900296616923e-12 1 3.86357612569554e-14 4.77395900588817e-15 1 1.47659662275146e-14 1 9.01551707732651e-08 1.41402889397568e-10
0.999999999999989 1.77635683940025e-14 1 1 2.52898813002389e-11 9.86100090472064e-13 3.24913772775659e-07 9.61453139325386e-14 1 6.54354348483821e-11 1 4.3614466482822e-09 1.17350573702879e-13 2.12052597703405e-14 0.999997733379884 1 1 5.99631455600047e-13 3.15303338993544e-14 1.29662947045972e-12 9.42603896714189e-07 1.49880108324396e-14 1.92068583260152e-14 7.51620987671231e-14 5.28943555622163e-12 1 1.06496478302631e-10 1.65423230669148e-14 1.79856129989275e-14 1.65534252971611e-13
8.38940139580302e-10 3.04867242562068e-12 0.999799083915527 1 3.02184921530113e-09 3.85558251991824e-12 1.20635279543535e-10 2.75864247778479e-07 1 5.17574871850002e-12 4.96889196455186e-11 1 3.12018411108284e-10 2.69939626207361e-12 1 1.1094902774289e-11 4.78606043685659e-12 3.13349346470204e-12 8.3725881783181e-10 4.0215608620997e-12 0.999999999423924 6.82542911079054e-12 0.000403044513751172 2.6763036231614e-12 1 3.27748939099592e-12 4.38704628180631e-12 0.00102891126656668 1.32280852938038e-11 3.84958731558527e-12
8.36328784004081e-10 6.03777552365958e-05 1 1 1 0.000181053836376899 9.19641462981957e-09 4.10222123270465e-07 1.32477862013758e-09 0.000139070744949898 1 1.31543109738175e-09 0.000128550222838975 7.22791630991537e-08 5.1536832579302e-09 2.05195516134182e-09 2.60000938556715e-08 0.999915800863782 1.10508840966972e-08 2.64896360402389e-09 1.73492631372341e-09 9.21625477046106e-08 8.42611203033528e-10 4.95103097408744e-08 6.07976391453491e-09 0.99496363296358 2.32375483544267e-06 3.73480079640665e-07 4.54456472454012e-10 5.7278892739987e-10
2.50910403565285e-14 1.34284805497487e-11 1 1 3.88578058618805e-15 1.11022302462516e-15 1.33226762955019e-15 6.43929354282591e-15 1 1.66533453693773e-15 4.19664303308309e-14 6.68354260824344e-14 3.99680288865056e-15 8.88178419700125e-14 1.66533453693773e-15 1.99840144432528e-15 2.66453525910038e-15 3.21964677141295e-15 1.37667655053519e-14 0.999999999999801 2.08055794814754e-13 1.03295150211125e-12 2.96429547574917e-14 5.21804821573824e-15 1.53466128693935e-12 2.77555756156289e-15 3.99680288865056e-15 1.4432899320127e-15 1.11022302462516e-15 8.88178419700125e-16
1.77042269733363e-10 0 1 1.19284082611415e-09 1.12856390899196e-11 2.22044604925031e-16 0 1.11022302462516e-16 5.05372135251037e-08 1.08286712929839e-11 2.33146835171283e-15 2.22044604925031e-16 0 1.11022302462516e-16 0 3.216462601352e-05 1.34264821483043e-11 0.999999999982507 0.999967779031482 1 1.08801856413265e-14 0 1.4432899320127e-15 0.999999999993123 2.90878432451791e-14 1 2.30462315897739e-11 0 0 5.93247673208452e-11
4.75409138722682e-08 0.999999999999586 1 1 7.86058025337155e-08 1.6188811846618e-08 0.000557970160763754 1.91096869439633e-08 1.81132321919186e-07 5.90156933322206e-08 1.12104470151309e-08 0.00116993870965798 1 1.62063766961928e-07 1.762707202424e-08 9.90059134675647e-09 2.32342285411136e-08 1 5.50673739196927e-06 1.04020738689314e-08 1.90245819098322e-08 1.87554960451308e-08 1.63368880958803e-05 0.0217705759205677 1.34544863883423e-06 5.3918694842281e-08 1.29361811262996e-08 0.999869652247579 2.06310006856114e-08 1
8.11822634261272e-06 1 0.00115215703210481 1 1.09423504381922e-05 0.000107334586216701 1.41976671879096e-05 0.00105868125163966 1.22933209908416e-05 0.000194798741416036 2.80905323252201e-05 0.000140250101032247 1.12297430658881e-05 0.00216283231357817 9.47796674555246e-06 1 1.05716244995779e-05 1 7.35930346577041e-05 1.87375000604284e-05 0.000218688876163609 7.30280892646817e-06 7.30233340451303e-06 0.999999999999992 7.08961190332147e-06 0.000119368608755166 2.62162679814937e-05 1 8.79148811705477e-06 0.00367375891552613
2.32278973832933e-09 0.999999999999593 1 1 1.1776718489287e-09 1.56512358628902e-10 0.999999999998182 0.999999999999971 1.58722479604023e-10 9.0125705033417e-06 6.01316996196033e-10 1.68974232384045e-08 2.17902995647279e-09 1.35222189001638e-09 6.06835026673025e-10 1.26598479244233e-06 2.7407298652804e-10 3.90196541744103e-10 6.87898182860636e-10 1.84831483451831e-10 1.22325705120829e-09 3.43630537025241e-07 1.4515133539561e-10 0.999999986511101 5.24053564210369e-07 4.65682353789632e-08 1 7.45452788386558e-09 3.53744091796671e-08 0.999999999998883
9.58120991945144e-06 1 1 1 2.63665676958347e-07 5.28900761187501e-07 1.99030958444313e-05 1 6.20328520439806e-07 2.54755768480663e-07 2.38500999727442e-07 9.03007896624342e-06 0.999999990606236 4.60640805388657e-07 0.999999996084272 6.81019162063201e-07 3.34402720847393e-07 0.000947904653959775 8.60712937815755e-05 4.97845327063207e-06 2.40262345796438e-07 5.5452986513771e-07 3.14698412662295e-07 2.19361766029547e-06 1.70587537373645e-06 0.999999999971593 4.52252791816043e-06 2.3857743336464e-07 2.34601935322765e-07 2.21908070967558e-05
5.48591612198335e-05 0.12423633400494 1 1 9.14904258242366e-07 1.52120965513092e-06 1.33106551569728e-06 0.00028622895363617 1.67238787529556e-06 9.90353435262881e-05 5.0838553367627e-05 3.63389406221604e-06 8.48692439880949e-07 1.17248736142272e-06 0.000200902241511924 3.55102631778292e-05 8.71831069337858e-07 6.95241196502216e-07 1.95250160595073e-06 6.96157157142885e-07 1 0.00686038731632144 3.74141960934882e-06 2.43473819172557e-06 1.1874392165101e-06 6.32001242339975e-07 1.9713700287638e-05 6.43651655307664e-07 6.25721291780401e-06 1.2325027044513e-06
1 1 1 1 9.55819201564623e-10 4.24222442085842e-06 1 0.99999956183155 1 1 1.61915479827135e-05 9.35011623681703e-10 1.308542079137e-07 1.32443119804648e-08 9.84899828360142e-10 3.1626027352516e-09 1.05504660563582e-09 7.06330760547047e-09 3.26242632908702e-09 1.46976936399312e-07 3.7068501601567e-09 1.69268199456951e-09 5.46927647615547e-09 1.22064025553925e-09 9.8146321042214e-05 3.58677488820902e-08 0.999971642711974 2.9960628418868e-05 1.23399655457268e-05 4.48007475561951e-09
0.999999999884994 6.27038759803966e-08 1 1 3.81688279760262e-07 1 7.72200589926886e-06 2.91931686602354e-08 2.69477427039533e-08 7.82409045407828e-06 1 0.000150113884452963 1 3.10691277149999e-08 4.15564054279116e-08 0.999994959792088 1.34206117552438e-07 4.5366787326806e-08 2.58403952679842e-08 1.54731061297042e-07 3.08974714702259e-08 1.95697056115662e-07 1.52726561730709e-07 0.000295477011459266 2.5661012265088e-06 4.72361667558374e-08 1 0.999991763250849 7.00967144329212e-08 2.81068172069965e-08
0.999999426616645 1 1 1 0 1 0 0 0 0 0 0 0 0 0 0 0 0 0 0 0 0 0 0 0 0 0 0 0 0
0.999999999999999 1 1 1 6.17646229994495e-06 1.53274829907124e-05 1.01623304882281e-07 1.83510737827852e-07 0.999999999998527 0.000424714300584328 1.03657531114187e-07 1 1 4.63140270579032e-08 1.34016795438896e-08 5.1809764954891e-06 2.25618881466438e-07 0.00382921542244896 7.38806285260907e-07 8.88835105516961e-09 1.37275321110408e-08 2.18911087701557e-07 0.000129199290148874 8.71088179366097e-09 1.23872675450443e-08 4.39355647419148e-08 0.999999999718821 3.03699101422694e-08 8.23819124029512e-09 0.999999999937064
3.68594044175552e-14 1 1 1 1.33226762955019e-15 3.33066907387547e-16 0 0 0 1 0 6.67244037799719e-14 0 0 7.7715611723761e-16 0 0 0 0 1.11022302462516e-16 0 0 0 0 0 0 0 0 0 5.21804821573824e-15
6.43027593224543e-05 5.98886418234912e-09 1 1 1.85127516649786e-08 9.70282632017927e-10 2.4366908490947e-10 1.47209447538543e-05 6.50787798095465e-08 1.20185106780024e-05 1 7.33498706217972e-10 1.52457810820295e-08 5.26105381482012e-10 1 0.000518834444244609 7.87540033186929e-10 2.45043563218417e-09 1 3.73614295057223e-09 6.35208607935311e-08 0.00307514520445851 7.63919960622417e-09 9.29582300024379e-10 1 1.69988645382091e-09 2.7275515179781e-10 2.7454594153653e-10 1.09913944612572e-09 2.6454971546741e-10
9.99200722162641e-16 5.55111512312578e-16 1 1 0 1.96886951187025e-12 0 0 0 0 3.33066907387547e-16 9.88098491916389e-15 0 1 0 0 3.07986969261265e-12 0 1 1 0 0 0 0 9.155528557514e-10 0 0 0 0.999999999079371 0
1 1 1 1 3.10699688199634e-10 1.84971449268545e-09 2.57103958789529e-07 7.49487472084809e-10 5.23688148401646e-09 4.42636216568815e-09 7.53107243234297e-10 1.41079770088481e-09 4.33357683071733e-10 6.86728651722035e-09 0.00653390629860473 5.19186027503338e-10 1.47773000502838e-08 3.15022008479104e-10 3.01485614251362e-10 1 1.65621716341491e-09 0.0125368006089192 1.83393561448142e-08 2.6970945633531e-06 3.75954822828817e-10 4.89107088164076e-10 0.999919662644648 1 4.27994084617467e-10 0.987542939966251
1 1.26565424807268e-14 1 1 4.10782519111308e-15 2.77555756156289e-15 9.2148511043888e-15 5.68119995492111e-11 1.12132525487141e-14 6.44106989966531e-10 2.75370282132315e-10 5.78098235948232e-10 4.55191440096314e-15 9.88098491916389e-15 0.999999999999999 6.21724893790088e-15 3.21964677141295e-15 2.88963160066658e-08 5.10702591327572e-15 2.77555756156289e-15 4.32986979603811e-15 2.321332015498e-11 0.999999985145239 3.5527136788005e-15 1.19904086659517e-14 2.25375273998907e-14 1.06581410364015e-14 1 4.99433827627627e-12 2.77555756156289e-15
0.00163999027791284 1 1 1 1.03618680413753e-07 2.41835817771374e-06 1.10990661750243e-06 3.57471406882137e-05 1.44094991161303e-07 1.36402402817204e-07 1 2.42287441332145e-07 0.999215417347615 7.72111846680801e-07 9.53562260264107e-08 9.56308731092648e-08 1 1.2364950582322e-06 9.75794921531659e-08 1.98743038193339e-06 9.60171362418549e-08 2.29020925890389e-07 1.23845454225169e-07 2.18519185635202e-07 1 1.70512095998276e-07 2.83903814790598e-07 2.00203715716718e-07 9.68303961457195e-08 1
5.18448122210913e-08 0.999920034360219 1 1 3.69482222595252e-13 0.999999773410505 1 3.15525383598469e-13 4.33175717517997e-12 2.70525823964363e-11 3.73615264281923e-07 6.44817532702291e-13 3.11417558407356e-13 9.72111280361787e-13 2.3303581286882e-12 1.54887214165456e-12 1.40815137328332e-11 1.3470335957777e-12 1.23749899216818e-11 5.3232973584727e-12 3.94112076307351e-10 3.26960680752109e-13 4.51694237568745e-12 1 6.11928840932308e-10 3.90021348550817e-13 1.97322158612678e-11 5.28799226628962e-13 5.14417397567968e-11 0.999999999404637
8.86513085163187e-13 0.99999999997765 1 1 1.13464793116691e-13 1.46216372343133e-13 2.34647856700576e-11 7.4718009557273e-13 4.67121761493772e-07 2.06490380350033e-12 1 1.86510584754274e-10 9.31887900179618e-12 4.93598495410197e-11 7.78190734074258e-10 6.89169876721962e-09 7.41872323795079e-07 1.34781075189494e-13 0.999999998417482 2.23565610468768e-12 0.999999735855592 3.1730174043787e-13 5.21360732363974e-13 2.73836509023795e-12 2.54463117244086e-13 1 1.13353770814228e-13 1.97064586870965e-13 2.94320123828129e-13 1.58095758706622e-13
1.5648896760645e-06 0.999185672259959 1 1 1.04446451487661e-11 7.83761944234129e-12 1 5.57335844142415e-10 9.66560165238661e-12 8.05022715155701e-12 1.77799786005295e-09 1.32093537996703e-07 1.66271774126869e-10 7.78477282636914e-12 7.01524716095747e-09 5.42026445948807e-09 8.45645775626735e-12 0.999999999985813 1.31293864669146e-11 7.42883532467431e-12 1.15922826893211e-11 0.999999999981938 0.999999999999999 1 4.45216086220057e-11 6.11266590455628e-07 8.14234701884686e-09 3.64042037626078e-08 9.32653954066609e-12 9.75209912823516e-11
2.22044604925031e-16 0.999999999728336 1 1 1 0 0 2.22044604925031e-16 0 1.11022302462516e-16 1.54665169560531e-12 0 4.44089209850063e-16 1.11022302462516e-16 1 4.55191440096314e-15 0 0 9.05951980101349e-11 1.11244347067441e-13 0 3.33066907387547e-16 0 0 0.999999999999971 2.22044604925031e-16 0 0 0 1.11022302462516e-16
8.94269142293069e-07 0.825115946910127 1 1 1.95341387509984e-09 8.43805669781261e-09 1 6.55363963097955e-09 8.35366220641731e-11 1 0.999999257244912 1.11781139899847e-10 2.25697195292973e-05 1 0.144912803374416 6.26961815797245e-11 6.49510445427381e-11 1.0347078749362e-10 0.00619311363392516 8.22475237916009e-08 8.3185180965728e-10 2.58328967205346e-05 3.74917075163239e-09 3.10114603575551e-05 4.19192180967087e-09 3.12581893702202e-09 0.999999999999974 2.52408821169725e-05 6.30359098252598e-11 6.74078570739312e-11
1.26997137328555e-06 0.0091247978879575 1 1 0.000862437607558997 1 1 8.50552598685717e-07 6.43606569150634e-07 1 1 2.39773359145268e-06 0.999999999999273 6.03238913055026e-06 7.32060753350083e-07 2.75252295622863e-07 7.86574237854332e-07 4.02579868523656e-05 0.000331417582462246 6.98905633034208e-07 2.14669485554264e-06 3.83705247464228e-07 7.63925931623888e-07 1.42632545518939e-06 1 1.10709341937243e-05 1.99864173006103e-05 1.36284686280685e-06 5.49954385642426e-06 2.92349814690063e-07
0 0 1 1 0 0 0 0.999960010835134 0 1 0 0 0 0 0 0 0 0 0 0 0 0 0 0 0 0 0 0 0 3.99891648658057e-05
0 1 1 1 0 0 0 0 0 1.18571819029967e-13 1 0 0 1.35964173253456e-08 0.999999968677034 0 4.90940598707468e-06 1 0 0.999999998964625 0 1 0 0 0 0 0.999999985987292 2.2992718839987e-13 0 0
5.6621374255883e-15 4.0600856010542e-13 1 1 1.20059517882964e-12 2.22044604925031e-16 4.44089209850063e-16 3.5527136788005e-15 0 2.22044604925031e-16 0 1.02794717182775e-09 7.58282325818982e-14 2.34168240353938e-12 0 1 0 1.11022302462516e-16 2.22044604925031e-16 2.22044604925031e-16 0 3.33066907387547e-16 0 2.24709140184132e-13 3.2085445411667e-14 1 1.02140518265514e-14 8.23785484271866e-14 0 0
0.00205574690222277 1 1 1 0.000295995149620976 1 0.000263318587845229 0.00024946717032448 0.0165510328079863 0.000249089607142983 0.000923823190650763 1 0.00421670805603858 0.00439906988341932 0.000491251390802416 1 0.000282257107865336 0.000360497644224078 0.000289198695262005 0.000288261810502566 1 0.0206808676167699 0.99995645697299 0.999999992723026 0.000902204059891498 0.000280840588830045 0.0012804808303355 0.999999943149102 0.000525843953393501 0.000725738195468395
1.81455650505313e-09 2.89568226063963e-08 1 1 1.96609395430869e-12 2.26418883642054e-12 1.26632038188745e-12 2.58792987040124e-13 1.83940640496871e-11 2.83704393311268e-10 2.10609307771392e-13 1 1.1933343202486e-11 2.15272244474818e-13 3.42170736189473e-13 1 1.56674673235102e-12 2.8466118351389e-12 4.14335232790108e-13 5.49227330282065e-13 9.86429826710378e-11 2.84017587226515e-10 1 1.31905597555715e-12 8.45767900159444e-13 7.09254877051535e-11 1.62259095048967e-12 1.7760526382915e-10 8.19455614475828e-13 2.87769807982841e-13
5.04195574180244e-11 1 1 1 1.85640391947572e-12 3.08841840990226e-12 4.38227232280042e-12 1.70798054310861e-06 3.84512421902627e-11 1.73583369900143e-12 6.94587298788463e-09 4.65649740988283e-12 0.986256170134658 1.55231383303089e-12 4.21193524502428e-10 0.013743851747017 5.52036194534367e-12 6.11988237864125e-11 5.88792214983869e-09 3.07962766399328e-10 1.65789604267275e-12 0.999999997904478 1.55497836828999e-12 1.14962817043818e-10 2.33520980330582e-11 1 1.61404223320005e-12 6.12143669087573e-12 2.67726141256475e-09 7.25909221621635e-09
1.04404214162912e-08 1 1 1 1.08603179782563e-08 0.999999569750875 7.85252129986702e-09 1.40669198067656e-07 1 1.47229617164513e-07 4.49404556901456e-08 7.89476461982019e-09 0.000151211237864435 2.77745285659492e-08 0.00355493927758765 3.81169492635891e-08 7.83055775777086e-09 8.44770753349877e-09 2.25400680342602e-08 1 1 2.97443856211999e-08 9.58485457669411e-09 1.02689199366068e-08 7.82785181119294e-09 3.94730679253996e-08 8.69807614822804e-09 0.00773326517707562 0.99999999669744 8.98534857629585e-09
4.55746062000273e-08 0.999827470557742 1 1 2.84129780814268e-08 6.25970209533477e-06 1 1.05203036282475e-08 0.999999999999995 5.86509285582792e-10 0.999992756826799 0.99999999990866 1.10644293727091e-09 2.49065933966008e-06 7.38858628723804e-08 3.15061976507991e-10 1.08491383615794e-05 5.45158245435218e-07 2.6286481547011e-07 5.48654838228302e-08 3.23128857004917e-10 6.74554967439178e-10 5.28719512615794e-10 5.36608710355324e-07 6.38648689488264e-10 1 0.999999999999876 9.76877234261098e-05 1.23026782095081e-08 5.31547472704119e-10
0.992144155746155 1 0.99999999999389 1 1.21014309684142e-14 8.99280649946377e-15 5.39897881957074e-09 4.92361706960764e-11 1 0.0186926915771617 1.22224452780983e-12 4.80854194895297e-06 0.999983721317102 1 1.67643676718399e-14 4.32986979603811e-15 2.53597143284878e-12 0.00785697593347701 6.63689646573928e-08 0.999863412414761 1 7.61612994892857e-14 2.05511163642313e-10 3.81857445663769e-09 5.12997866408682e-10 5.90638649100583e-14 1 9.65894031423886e-15 2.02499128576505e-11 2.58577647488378e-05
4.42877401418684e-10 4.19236156901093e-09 1 1 4.75629535756639e-11 1.03210607838022e-08 6.76469991134354e-12 1 1.12507309912857e-07 3.07731617965601e-12 3.36941585743489e-12 1 2.70905520238784e-12 1 2.71005440311001e-12 0.000645923744512666 2.84488658963689e-07 1.34665347650831e-07 2.24061880160775e-11 4.44061247772964e-08 7.54492124921402e-06 1.58702425656632e-06 1 0.000155974095952804 8.45101766344669e-12 1 0.998264138805766 0.999999874342905 1.73076553089402e-10 2.58733923175214e-09
1.01331165680563e-11 1.73141934123322e-09 1 1 4.97490937334533e-12 1.07255981873777e-10 1 3.7203573555189e-13 1.33226762955019e-14 5.61495294704173e-12 6.40265618301328e-13 1.55431223447522e-14 1 3.38618022510673e-14 2.47912801398797e-12 3.13193915246757e-13 6.45734421489408e-09 9.31477117660506e-14 1.32116539930394e-14 0.000101652951138176 8.23785484271866e-13 1 1.38777878078145e-14 1.37667655053519e-14 1.13908882326541e-13 7.20406190257705e-09 4.80726569662693e-14 1.11022302462516e-14 4.09672296086683e-14 1.73925318591728e-11
1.36890498936282e-13 1.34336985979644e-14 1 1 0 8.31557045444242e-14 9.88098491916389e-15 0 3.47399886635458e-12 5.55111512312578e-16 2.74646416720259e-10 5.7776800455045e-08 1.56497037551162e-12 1.66533453693773e-15 6.48370246381091e-14 3.88189480560186e-12 4.32986979603811e-15 0 0 1.11022302462516e-16 9.02611319020252e-13 0 1 0.999999999999954 0 2.22044604925031e-16 5.55111512312578e-16 1.11022302462516e-16 2.38382646955415e-11 0
1 1 1 1 4.97935026544383e-13 6.06181771445335e-13 1.11188835916209e-12 5.29465360443737e-13 5.94524429686771e-13 1 3.73618055604652e-07 1.38933309301592e-12 1 7.5994766035592e-13 3.66407639229571e-07 2.48345788378401e-12 9.68531855305432e-06 5.17696996382710e-13 9.34330390833793e-12 1.63635771599502e-12 1 6.77613520849718e-12 1 7.55065809876498e-09 1.59572355329374e-11 1.2980216901326e-10 1.25754961999291e-12 1 5.69655433935168e-13 7.61569666385409e-06
7.70744408407076e-07 1 1 1 7.31619106408843e-08 1.66656011213462e-09 2.09664634542861e-07 2.89671098219202e-09 1.35322177907682e-08 1.49421552908535e-09 4.11022371693548e-09 4.68278904541819e-09 1.18888451305921e-08 2.46141562687541e-09 1 4.2001691014093e-09 5.26470811390567e-09 3.80754494599955e-09 1.31689081861452e-09 1.88768523035066e-09 1.65116897932194e-09 1.55231738574457e-09 2.32883088369107e-08 3.54493767673603e-09 0.999999999999997 1.31747923681758e-09 1.32646382766666e-09 7.82799057241768e-07 1 1.47320511345583e-09
1 0.000315361262442693 1 1 3.80649567421898e-09 0.999999651421173 1.29443455954004e-10 1.55561230563706e-10 9.39210154093928e-10 3.66608743362917e-10 3.1466881322828e-09 1 1.74053882417979e-10 1.75551018166686e-10 1.10584508217215e-09 0.000300158934609995 2.6518853779578e-10 0.999699859149972 1.76175962707248e-10 0.999999999999506 1.29428134876264e-10 2.19462448214358e-10 1.89076088119577e-10 5.51276357896313e-10 1.04633579578461e-09 3.70032893215466e-10 1.33508981647878e-10 1.14459419719992e-09 1.67619573776534e-09 4.98952434924149e-10
9.82761317547265e-07 1 1 1 0.999854955434206 7.48419548557422e-10 5.0465798207e-10 2.17277669189997e-08 0.999671773522475 3.70607207433871e-06 2.04441108486719e-09 4.14662748582373e-11 1.09624309629908e-10 1 1.02039598992576e-10 3.99135169359965e-11 7.18921366882341e-10 8.28691115728475e-10 1.35062916406525e-09 5.93186421093961e-08 7.56866791462585e-11 1.44464329387972e-10 4.06770173100313e-11 6.90363211042211e-10 3.02600167145783e-11 4.72370879078809e-08 1 5.38862288124164e-11 6.38500363692174e-11 0.000141202615031366
0.999999999999702 5.23669996255194e-12 1 1 3.07473082028498e-06 1.66977542903624e-13 0.999999562291693 3.66373598126302e-15 4.66293670342566e-15 5.21804821573824e-15 4.90829599186782e-13 3.10862446895044e-15 1.77635683940025e-15 5.21804821573824e-15 5.10702591327572e-15 1.66533453693773e-15 3.30846461338297e-14 8.88178419700125e-15 6.70574706873595e-13 4.09878968543609e-07 1.4432899320127e-15 1.4432899320127e-15 1.99840144432528e-15 0.000364530421772868 1 5.81423797996194e-13 1.55431223447522e-15 0.999996925271431 1.4432899320127e-15 6.77236045021345e-15
4.37941289277433e-06 0.0059302787474137 1 1 1 1.38822243922476e-07 7.66398357248121e-05 0.0058190890160188 5.75568756433498e-07 2.85077126238598e-07 8.29611576746991e-06 1.20902485245544e-07 6.50365552457011e-06 1 2.47794786800704e-07 1.26244456444269e-07 1.10655830276585e-07 4.8222996135161e-06 0.999999999999931 2.41361700814569e-06 2.18997724243941e-06 0.00186807637003361 1.0486560808598e-07 1.08721785752053e-06 9.92548216949274e-08 1 1.99260427069525e-06 1.11119878150046e-05 0.999990402410266 0.0235760239546212
1 0.000240036573284752 0.998380207212956 1 5.89449727539382e-06 3.44169137633799e-15 1.66533453693773e-15 6.01407812439447e-13 1 1 9.72266711585235e-12 2.30593322214645e-13 1.28219657113959e-12 1 1.26565424807268e-14 2.1094237467878e-14 2.22044604925031e-15 1.06137321154165e-13 1.15385478949293e-11 8.32667268468867e-15 1 2.33146835171283e-15 1.77635683940025e-15 2.22044604925031e-15 0.999999999999857 1.77635683940025e-15 1.1394218901728e-12 1.66533453693773e-15 2.33146835171283e-15 1.27231558622043e-13
0 1 1 1 1 0 0 0 0 0 0 1.14696030451e-11 1 1 0 0 1 0 1 0 0 0.999999999918094 0 1.28785870856518e-14 0 0 0 1.79856129989275e-14 1.11022302462516e-16 8.7131901829185e-06
1 0 1 1 0 0 0 3.33066907387547e-16 0 1 0 0 0 3.33066907387547e-15 0 0 0.999999999638336 0 8.75634786901003e-10 0 0.999999999999999 0 0 8.65973959207622e-15 7.6129436088479e-10 0 0 0 0 7.6930684045351e-12
6.07291994469961e-14 1.46271883494364e-12 1 1 1.12132525487141e-14 2.55129251058861e-13 3.77475828372553e-15 1 2.04281036531029e-14 2.88657986402541e-15 5.79425396551869e-13 0.998548966098824 2.77555756156289e-15 1.25455201782643e-14 6.66133814775094e-16 2.66150435024315e-11 0.999999999999992 8.23452417364479e-13 1 1.33226762955019e-15 1.10655928864389e-12 3.61120022773775e-11 5.55111512312578e-16 6.66133814775094e-16 7.7715611723761e-16 1.00919272938427e-13 3.33066907387547e-16 1.88737914186277e-15 9.99200722162641e-16 2.22044604925031e-15
0.99879468659242 1 1 1 9.83212178340409e-10 0.99999999973624 1 1 1.10627679794639e-07 3.32818624881881e-08 1.08908499218963e-06 7.21008364124032e-10 5.94337912218634e-10 7.20445814117454e-10 8.09162736814528e-10 5.882949682956e-10 1.35492916886193e-09 0.000148251172962355 1.1192283766448e-09 8.48392578411961e-10 9.33075283704454e-10 2.83274592671745e-09 1 1 5.96842242295281e-10 7.27606641603984e-10 1.33739375129949e-09 9.70189340532279e-07 5.84143067250409e-10 7.70878361144867e-10
1.14686038443779e-13 6.05182570723173e-13 1 1 5.14921438821148e-13 5.50759438056048e-12 2.12163084410966e-05 4.20518064814246e-11 1.75415237890775e-13 1 1.74091852045422e-11 1.81965553736063e-13 7.26085858104852e-13 4.14446255092571e-13 1.06248343456627e-13 2.75446332409501e-13 5.95867799546568e-12 8.67084182232247e-13 1 1.19415588528682e-12 1.37889699658444e-13 5.17508258468524e-12 1.07580611086178e-13 9.1926466438963e-12 6.10955730451224e-13 6.33160190943727e-13 6.0542904023464e-11 9.99089699860178e-13 1.43773881688958e-13 1.46549439250521e-13
5.94694188338352e-08 0 1 1 0 3.33066907387547e-16 2.22044604925031e-16 0 1 0 2.22044604925031e-16 1.11022302462516e-16 0 0.999999740446596 0.999999940527348 0 6.66133814775094e-16 1 1.11022302462516e-16 0 1.11022302462516e-16 4.62427873770821e-11 0 1.11022302462516e-16 2.22044604925031e-16 1.11022302462516e-16 2.22044604925031e-16 1.11022302462516e-16 0 1.55431223447522e-15
0.00598811253587217 0.999999999997482 1 1 5.05009584150784e-07 2.82292377473681e-07 1.71417755323588e-07 2.55117018432838e-06 7.54232698185753e-07 1.78561201935601e-07 2.89447371737417e-07 1.93447826757343e-07 2.56621343064367e-07 2.21378996467791e-07 1.69485463441532e-07 2.4096671757956e-07 1 1.57781397088774e-05 2.05989176604859e-07 1.81227327589184e-07 1.69324561993811e-06 3.90658569604518e-07 5.25070886436829e-07 1 1 1.69366834779083e-07 1.79619246698515e-07 0.999999999999704 3.84260187002994e-07 4.66630287965231e-07
1 0.999999999999988 1 1 1 5.24437246962606e-08 1.15077099516192e-07 0.00377559575728137 8.93444207505922e-11 9.22230848354744e-08 7.90488785540333e-11 8.5537577021455e-11 3.31904947969974e-09 1.00394970115047e-09 6.45929663867228e-07 6.35621344446946e-09 4.93144525215428e-10 1 7.8833628514019e-10 8.99281276112163e-08 0.00593192217299177 1.94932492370015e-09 9.2121865691297e-11 1.06132436172857e-10 8.38990336227141e-06 1 9.20232778867103e-11 1.8935031320666e-10 2.43845453495872e-07 6.02158628515426e-08
0.0209623128796788 0.999920172254804 1 1 0.000581033308304724 0.000583931365738755 0.00136168978225626 0.000745673614707121 0.024554114622466 0.99036141294494 0.000563360259494328 0.00236958667258902 0.0108026909423226 0.955255133813102 0.000597033778760414 0.000737645549113042 0.00102318383739586 0.00118277980049375 0.000766729738753469 0.00185822084991727 0.000882429001388796 0.0275240569203034 0.000860387295422482 0.000583994953643252 0.000729416246658676 0.00081183928434958 0.00144367761292263 0.00290793077024099 0.00182133927355677 0.000591768721324382
1 1 1 1 1.48880907602233e-13 2.67230682027275e-13 1.93067783982315e-13 0.983765677854056 2.18935314322266e-10 0.00039403985758546 3.91686683087755e-13 1.4521717162097e-13 3.51163542688937e-13 3.35594008138429e-09 1.61648472385423e-13 5.1192383665466e-13 2.55795384873636e-13 1.74638081773537e-13 0.0145045233556703 1 2.2831303958526e-08 0.999999999999728 2.8110846983509e-13 1.55320201145059e-13 1.20129461933516e-11 3.95460331148456e-11 1 0.999999999938427 2.1316282072803e-13 3.89646128284848e-06
0.999916735558225 1 0.999999999999999 1 5.06594766136459e-13 3.17434967200825e-11 0.183168870524672 4.84612350248881e-13 1.27620136680662e-11 2.90859114571163e-09 9.8309138607533e-12 1.63746793901964e-12 1 1.54168788846221e-10 1.04660724531414e-12 5.01931829433033e-13 5.65991697953905e-13 5.63549207299729e-13 2.15862883123918e-11 3.41289996264038e-10 0.697798940412347 8.08353384229576e-13 1.77336922924098e-09 1 1 2.9257267719629e-09 5.57220936059366e-13 6.14175377222637e-13 6.62623289571229e-11 2.37616868070667e-07
0 0.999999999302552 1 1 0 0 0 1 0 0 0 0 0 0 0 0 0 1 0 0 0 7.7715611723761e-16 1 0 0 0 0 0 0 0
4.55191440096314e-15 2.64233079860787e-14 0.999744672104083 1 3.57414098317577e-12 1.55431223447522e-15 7.73893171768236e-11 5.55111512312578e-16 9.99200722162641e-16 1 4.44089209850063e-16 2.33146835171283e-14 4.85126383509282e-11 4.44433378987696e-11 5.67557112418626e-12 1.9195756095769e-13 1 1.88737914186277e-15 7.88258347483861e-15 2.44249065417534e-15 0.999999997929588 7.7715611723761e-16 7.7715611723761e-16 3.65263375101677e-14 4.44089209850063e-16 4.44089209850063e-16 2.32619479234586e-11 8.88178419700125e-16 7.7715611723761e-16 1
9.02350414389019e-08 1 1 1 0.999999999999889 1.08113000329979e-07 8.01802367500493e-07 9.59065725725239e-08 1.15529247057822e-07 4.09246618038317e-07 1.84721050455749e-07 9.61192592185967e-08 9.16814171247893e-08 1.13678550350826e-07 1.30847874324491e-06 4.07751534636791e-06 1.02505650856344e-07 1 2.91280506936609e-05 1.26769260977433e-07 2.47484103099715e-07 0.00642617278615398 7.65312836992216e-07 0.999999999999753 1.01721896128559e-07 1.13722705030739e-07 9.52172224399916e-08 3.39113152947323e-06 3.1861929774557e-06 1.22847378491997e-07
2.30548884783133e-06 1 1 1 2.16633143301781e-06 1.08008819665883e-08 1 2.5724141705652e-08 1.06506993224897e-08 2.61919731459059e-08 3.97700919974042e-08 0.999985037859539 1.74270924357955e-08 3.54040841088477e-08 4.41651956117894e-07 2.67423712418946e-06 1.06894572082794e-08 4.75149195544589e-08 0.99999999998669 9.68195960515672e-07 2.37387079993212e-08 1 1.28368115026589e-08 3.02817906649988e-06 4.35158424405557e-07 2.33734749333081e-08 1.22855404738331e-08 2.81661388978893e-06 6.50926508249938e-07 1.05258289861965e-08
1 0.999999975593502 1 1 8.56330562015728e-11 7.72669705995099e-11 1.08129505349552e-10 8.93802254431364e-10 8.08833000576215e-11 2.25639396056465e-10 9.90094672914665e-11 2.69323805479615e-08 1.54381507577739e-10 2.90222924581585e-08 2.32624253193592e-10 9.76230302152103e-08 1.26496768615425e-09 4.22308743530664e-10 1.24460663997183e-10 1.20346732579435e-10 1.33994704221152e-10 8.27417023785415e-10 6.61897283649182e-08 1.12409637154087e-10 0.999999743021262 1.90816779599423e-07 1.87116877548021e-10 1.19182663738115e-10 1.7815349195871e-10 8.02812261113672e-11
1.39955986200313e-06 0.999999999999772 0.000226268812418717 1 0.0002873187184399 4.55717480196682e-07 5.02698373927579e-07 1.56905856107947e-06 1 7.49150838141865e-07 4.60817750513876e-07 5.81506862884495e-07 3.88586546717917e-07 2.84066199485178e-06 7.44620347603586e-07 8.60710935413067e-07 2.73173324620846e-05 3.00669106390039e-06 4.61006717467072e-07 4.29569672721897e-07 6.79786556267992e-07 0.00015686972213691 8.04345784533034e-07 0.000125387808815991 0.99999999694855 0.999916296888413 1.94002247844161e-06 0.9995539050433 8.00567560244048e-07 1.17138072036616e-05
0.000205195404051617 8.13358836515565e-06 1 1 2.64114285997152e-11 2.84278156570394e-11 1 2.89264168173986e-11 9.91733362099012e-11 1.25534738160127e-09 1 5.96256710672094e-10 1.24019302161216e-07 1.11470612185194e-07 2.68671751513239e-11 3.18591819592484e-11 1.31465283104149e-10 6.91831036903068e-10 4.07492928289344e-11 1.43002276686843e-10 6.13611128574831e-09 1 1 1.13714926364139e-10 5.07488495671282e-11 1.10199838143643e-09 9.97953941705987e-11 1.02969188731095e-10 9.92254103993062e-07 1.8737200679908e-10
3.56461580253153e-08 0.999999999864094 1 1 3.17239137181957e-08 2.02186358766454e-08 6.74586642579467e-06 8.52450928956472e-05 7.20761192951613e-08 9.43276802223281e-08 2.79901445354724e-08 3.23562956427992e-08 4.63612059853347e-08 3.81726259490733e-08 1.99220657748356e-08 2.76170291069189e-06 1.77975308934819e-08 1.60424604711551e-08 0.992129309474972 3.43450583528693e-08 1.7202158142382e-08 2.61949387463378e-05 1.80137861294227e-08 4.37674163689117e-07 1.63862500235368e-08 1 2.86652466208182e-08 1 1 1.99330806305298e-08
1 0.993835815951058 1 1 1.36402000805447e-12 1 9.33739752184692e-11 2.06945571790129e-13 3.24740234702858e-13 1 2.63788990650937e-13 1.21785914686257e-11 3.36619621066347e-13 1 2.38542519070961e-12 1.24422694369741e-12 8.11573031000989e-13 6.84093886205162e-07 1 7.11752878856942e-12 1.12160833953823e-08 6.38084252102544e-10 6.66799948589869e-12 4.36317648677687e-13 8.66973159929785e-13 3.50428575046635e-11 1.0754508394939e-11 2.38694858378796e-06 9.44577749351083e-13 3.79902775904384e-11
4.28429984045131e-07 0.999840188608891 1 1 2.9969680411468e-05 8.96065898148279e-08 1.05766940761143e-08 4.45806409565819e-08 1.34534624551819e-08 2.10581907467144e-08 0.000166881308808486 0.999711287508373 2.22232216517959e-07 1.46455435556803e-08 1.60366457890859e-08 1.47062202415782e-08 2.02061575249601e-08 5.43010699849411e-07 3.39542777227919e-07 3.08817597050037e-08 1.12381350891866e-08 4.99809367338067e-07 1 1.57879608275735e-08 0.000102639461798781 1.25745193146898e-08 3.67439054738128e-08 1.24529865308531e-08 9.62074357957476e-08 1
2.01230156204879e-07 0.999999999998084 1 1 1.68734026750883e-10 0.98800868126584 1.01362136462058e-08 4.40909420085234e-10 3.90053582766114e-08 3.05919534537846e-05 1.61971991374799e-10 1.2981534291967e-08 2.5873330145032e-09 2.06570982541621e-10 3.59052565457318e-10 3.10881609344449e-09 3.28497784529702e-10 9.18529086124664e-09 1.37096787256041e-08 5.44466027818657e-10 1.66400893064633e-10 1.66635372167434e-10 1.13903315002162e-07 1.65031655008363e-10 9.39715753861536e-05 1.80011604844488e-07 4.97167418345157e-10 1.83097315087366e-10 2.56689891564577e-10 1.25141857876265e-07
3.66005501239997e-07 3.77081094293796e-06 1 1 0.000846001410105712 0.990523114923815 2.21193209415382e-07 2.0263606093085e-07 0.00921869656903285 3.88998066179758e-05 1.12447686273498e-07 3.14789016631067e-07 7.68169466480728e-07 9.63986565016839e-08 1.11028441773797e-07 7.40805600107919e-06 1 1 1.02167342586057e-07 1.30299092848674e-07 9.62023173767257e-06 1 2.0950208915349e-05 5.54075545355914e-06 6.96948415725984e-05 0.999999998934469 1.50686245148357e-07 0.00193345251052368 1.78580035203879e-07 1.01374804328813e-07
6.11811268314e-10 2.3652402258989e-10 1 1 1.19764342887407e-09 4.12936251859009e-09 7.95245809394052e-05 1 2.56942134235771e-10 8.2748127239185e-09 4.59766380522808e-09 2.38535191598999e-10 1.03077456015122e-07 1.20200704945006e-09 1.02864579509809e-06 1 7.48065431821487e-09 7.03054781059365e-09 2.15511649714895e-06 4.64875249406305e-10 1.1189397186584e-09 4.32392188720598e-09 2.24253875580338e-07 1.98292493536201e-10 9.44752309717245e-09 3.53154732235517e-07 2.41758946195603e-10 4.17288208454103e-05 3.01740632480119e-10 0.999920069479945
1 1 3.97441413113597e-10 1 0 0.999997557994238 0 6.32827124036339e-15 4.44089209850063e-16 0 1 2.88657986402541e-14 3.382405466823e-12 1.62203583897735e-13 0 0 3.31720984014794e-10 1.34336985979644e-14 1.11022302462516e-16 0 0 0 0 0 0 1 0 0 0 0
1 0.999999999999955 1 1 3.02927783280005e-06 3.93128167464063e-07 0.999984239242737 1.2459450127178e-07 7.1982894755962e-08 2.21439131020684e-06 8.23629298096762e-08 1 7.45629321619035e-08 5.16771592480314e-05 3.5627217549461e-06 3.67988255389751e-06 2.51653969773891e-07 1 3.83918364099678e-07 2.15908893319572e-07 7.28996069065957e-08 7.38477480277666e-08 3.29267201615302e-07 9.00393161140656e-08 7.58502711750708e-08 1.98821491378398e-05 1.13100499299357e-07 1 3.82157083089751e-07 1.6117761092449e-07
1 3.03090885722668e-14 2.24279483873602e-11 1 4.68181049484429e-13 2.22033502694785e-12 1.97619698383278e-14 7.79043496379472e-13 0.999999991215081 3.98091775211107e-07 2.14273043752655e-14 3.65263375101677e-14 2.34257058195908e-14 2.36477504245158e-14 2.00950367457153e-14 1 1 4.80726569662693e-14 3.91686683087755e-13 1 8.58784897639353e-08 2.59792187762287e-14 2.55221399569905e-11 2.19824158875781e-14 2.38697950294409e-14 4.07451850037432e-14 9.49929024329776e-12 1 1.98729921407903e-14 1.28896893158981e-13
1 2.69960120924395e-09 1 1 6.97375490688046e-12 7.40074668215129e-13 6.95907775849491e-11 1 2.62617448452129e-05 1.09851017171536e-11 1 7.73825448163734e-14 1.32005517627931e-13 8.42659275690494e-14 1.35891298214119e-13 4.93099032716771e-08 0.99999266268628 8.68232666206836e-07 1.01141317543352e-13 1.09690034832965e-13 0.999999999999673 0.999999957532402 8.26005930321116e-14 1.02473585172902e-13 2.28039809258007e-13 0.999293322834813 1.80988557474393e-12 1.31450406115619e-13 9.51461132103759e-14 9.98845450794761e-12
1.12317087852531e-08 1 5.78337377987737e-12 1 1 6.38987751599984e-11 2.76908496132933e-11 3.65019126036259e-12 6.95683510798517e-11 1.47079015633267e-11 3.38910344233057e-10 6.18136875019104e-10 2.3318458275412e-11 1.69431135788045e-12 1 1 3.29314353564314e-12 2.05824246535258e-12 1.71562763995325e-12 1.95266025571073e-12 1.69486646939276e-12 1.90847337933064e-12 1 1.19996688141555e-08 5.37113020726565e-10 1.69464442478784e-12 1.76036962784565e-12 1.98630001335687e-12 0.999999999999997 5.31438226758496e-11
0.999999414590397 3.4057803022236e-08 1 1 0.991224391001698 3.96434965965753e-08 1.15982272411719e-05 1.34259745543375e-08 1.02134098955986e-08 8.51620085662308e-06 2.4813015420122e-08 5.21479709414407e-08 3.1658254917577e-07 1.18639330581871e-08 9.81736536509459e-09 8.94899150338802e-08 2.01034975333414e-08 1.65639614246871e-08 1.02959304415506e-08 0.999999999757588 1 7.79300843301023e-07 9.8062029607604e-09 1 2.77928166037e-08 3.0408237816637e-08 0.999999999999768 6.12142799782944e-08 9.97041904593488e-09 8.09179440119934e-07
0 0.99999980204308 1 1 0 3.48610029732299e-14 0 0 1.36557432028894e-13 1.51767487466259e-13 2.96429547574917e-14 6.66133814775094e-16 0 6.2586602567194e-12 0 1 1.30007116183606e-13 1 3.66373598126302e-15 0 1 2.1094237467878e-15 0 7.61057883380545e-13 0 0 1 0 3.88578058618805e-15 9.54791801177635e-15
1 0.999999999972346 1 1 5.29507817037533e-07 2.35368524781343e-07 1.26390195009929e-06 3.35880236956854e-07 2.20759173719109e-07 2.43191629278883e-07 1.00027589979845e-05 3.90443934505935e-06 3.20277922072343e-07 0.00388496400831562 1.19918952246056e-06 3.9687976338687e-07 1 1 2.44070173627264e-07 2.21584093499372e-05 1.47967585372166e-05 7.50679973515744e-06 1 1.53254959276428e-05 2.88444480744943e-07 9.1022208429381e-06 0.00389463113763788 6.53441892584095e-06 2.16708994353887e-05 2.10744717787925e-07
2.09550545937631e-06 0.999988930466227 1 1 6.59754340048835e-09 0.0215291459308555 6.49534221963677e-08 2.10857126758945e-06 0.999999999999492 4.66171083957079e-08 1.0172223174898e-08 4.20643152532207e-08 1.31178133788712e-06 8.7216109334598e-08 7.09109138075092e-09 0.0014844894608429 3.45726097750187e-08 1.9475084223064e-07 7.01953395410015e-09 0.999999983264294 6.68619004606796e-09 1.56561177355741e-08 2.46419205041093e-08 1 1.22010742620304e-08 0.999999999999865 0.000557198637939349 1.11533094981908e-08 3.29046268153776e-05 9.69353541879769e-09
0.155912533519681 1 1 1 0.999999997115658 0.00124206084648248 0.00623944122478248 0.00850158361974496 0.019774298518181 0.113884978390751 0.00591690989965066 0.00957700337318212 0.018678473231894 0.0579692946513877 1 1 0.00625097569091138 0.00135580335693863 0.00128807612233584 0.0329648944136604 0.00226880852826394 0.00119673048659696 0.0652265177311627 0.0015811298354832 0.00123875785872507 1 0.00120611435617435 0.00132090082197067 0.00186226111674104 0.00304192956214366
2.22044604925031e-16 1.11022302462516e-16 1 1 0 9.31062449360809e-10 1 5.80646641878957e-13 0 1 0 1.66533453693773e-14 1 7.43849426498855e-14 0 0 0 0 6.55031584528842e-15 1.4166445794217e-13 0 0 0 0 0 0 1.88737914186277e-15 8.86429929458643e-10 0 0
1 1.05200292921381e-11 1 1 1.08532911546888e-08 2.03836947321179e-13 7.97817367725884e-12 8.77020678302642e-12 2.03113638819197e-06 5.17363929475323e-14 1.92434868040436e-08 2.58454602164448e-09 7.83817455385361e-14 5.44768396804063e-06 1.5976109324356e-13 2.34756658556989e-12 0.999999999866459 1.0902390101819e-13 1 5.69888580770339e-12 4.56653270752838e-10 1 2.68229882749438e-13 3.65596442009064e-13 2.41425102132098e-10 7.39408534400354e-14 7.63833440942108e-14 9.89208714941014e-14 6.60471677349506e-13 1.3739895793341e-06
1.36703204312028e-10 1.2337786847727e-06 1 1 8.33777491493493e-14 6.76774946850589e-06 4.66293670342566e-15 0.00776006985565247 2.1896928714682e-12 6.21724893790088e-15 9.68114477473137e-14 6.55031584528842e-15 1 5.39912381469776e-09 9.76996261670138e-15 3.79252185211953e-13 4.55191440096314e-15 1.40998324127395e-14 2.8421709430404e-13 5.4927173920305e-12 2.70759293051759e-05 4.66293670342566e-15 5.55111512312578e-15 0.186546578600522 2.01490601980936e-10 4.60451676786988e-11 7.7014984535162e-05 8.73745520379998e-14 1.02251540567977e-13 6.55031584528842e-14
0.944132961459861 1 1 1 8.15240981705267e-05 9.52129385249911e-05 0.00021461829364311 0.000162565002097326 0.990450715106439 7.15018493404607e-05 4.04277349765891e-05 0.997964087055505 0.00182975998924839 0.000236726896505446 3.32356170601456e-05 3.42478760482212e-05 6.8183029009572e-05 3.21549771373775e-05 3.50450786036349e-05 3.28445492239204e-05 0.99999999999742 8.81774894833098e-05 3.11223132801741e-05 0.00470794491790372 0.000433413188060672 3.62358022594211e-05 3.1383907885818e-05 0.000116435353123667 4.53999649862036e-05 0.999999999864117
1 0.999980606611232 0.999999999999542 1 8.70348849879576e-06 6.63107683163133e-06 0.947921720232415 0.999999999996124 0.999799541324773 8.660458047971e-05 2.47075798724961e-05 1 1.11524523894735e-05 6.68934681891109e-06 6.79150346138968e-06 0.00262394625732343 9.23592651813632e-06 3.92439145633361e-05 2.8560342456907e-05 8.79815180854226e-06 1 1.133517413765e-05 1.19606664121807e-05 1 5.10455080747763e-05 0.0085062910021263 1.08799368923052e-05 0.99999997204114 0.999999887643643 6.76330322324503e-06
0.999585134072487 0.999995113376109 1 1 0.000615222142040128 0.00890783280683649 0.0153468204092962 0.00671136400180106 0.000606185037635876 0.00101963683425832 0.000612499452587123 0.00088627581773304 0.00101958775636346 0.00181846502250382 0.000776221406201039 0.00644954572794143 0.98065393705172 1 0.000738098419331257 0.989196808459989 0.00311182360725404 0.000981475188861713 0.999979110788654 0.00261072871163581 0.00061803043820996 0.000946267118713928 0.000636375988735005 0.000734052193283596 0.00289824356034862 0.000853362985483441
7.82449307195066e-05 3.20521272856311e-08 0.999610166681192 1 3.26294546937334e-12 3.56825680114525e-12 1.0578316000931e-11 9.74283986820978e-11 1 1 8.10240763371439e-12 4.11193301630419e-12 1 4.2592357840654e-07 0.999999972837054 1.78901782277308e-10 0.999953448952654 1.82393433689754e-10 1.46482860508002e-07 4.65623504279922e-05 1 9.3571520443092e-07 2.81118461842311e-11 5.36604094492077e-12 2.41053621508058e-10 2.97665225801325e-11 1.94601446068532e-10 4.36789493463152e-11 9.18762411705742e-08 2.524214171018e-11
9.08869646210064e-11 0.99999999999974 1 0.99999999999997 1 3.09863246172881e-13 2.99760216648792e-13 3.01783820155777e-10 0.999996116177835 2.13562501016895e-12 7.39341921018877e-12 7.096545573404e-13 2.84328116606503e-13 2.55351295663786e-13 1 6.35320684949647e-11 4.69180250206591e-13 2.55018228756398e-13 2.02460270770644e-12 1 2.89657187124703e-13 4.56124027436999e-12 3.61999319409279e-12 4.4302417290254e-10 1 3.66714436594862e-11 1.80511161573804e-12 1.59550150868881e-12 1.15130127653629e-12 8.80251427304302e-12
3.45256799128002e-06 1 1 1 3.58634566488547e-10 2.62977939424758e-09 0.999642590730118 1.86129162194071e-07 3.25879101481519e-10 6.62760180070165e-10 2.55252152747687e-10 3.77174589338836e-08 2.53512766335007e-10 1 7.97950372444234e-10 1 1.31830668603783e-09 3.93301502477073e-10 1.89919533022387e-06 3.54918316958219e-10 2.71181632705009e-10 1.82260345704677e-08 7.51289475076078e-10 6.38512364647958e-07 6.2765592723224e-10 6.26931235669925e-06 3.1000702005457e-10 9.66027624560439e-09 1.75591152729027e-09 1
1.11022302462516e-16 1 1 6.38045172252077e-13 1 1.11022302462516e-15 3.44169137633799e-15 1.11022302462516e-16 3.33066907387547e-16 1 4.44089209850063e-16 4.32986979603811e-13 4.0046854721254e-12 2.22044604925031e-16 1.11022302462516e-16 3.530509218308e-14 0 3.15247827842313e-12 0 1.55431223447522e-15 1.71662684067542e-12 1.55431223447522e-15 7.43849426498855e-15 3.30846461338297e-14 1.06581410364015e-14 0 1.11022302462516e-16 2.22044604925031e-16 2.77555756156289e-15 0
1.02151287428853e-10 0.999635851065243 1 1 8.73805361401025e-10 1.7116793982197e-08 5.65079094627663e-11 1.83836057487952e-10 1 1 5.24410848079526e-10 6.62737642542766e-11 1.29074927412987e-08 5.01906294303467e-11 3.68361197100597e-08 1.56231916292882e-10 5.01232388927519e-11 4.39007719066353e-10 5.08547648436775e-11 3.52524565094825e-10 5.67603741785661e-11 1.10315867551947e-10 1.14091847080999e-09 0.999999987636803 9.55793211243616e-09 1 1.10379427820106e-09 3.03459178896404e-08 6.71233069127197e-11 8.62125038025852e-10
0.999999999095273 1 1 1 4.95065735702793e-05 6.39670300712769e-05 0.000689100073623106 1.77782593127063e-05 1.91722316369436e-05 2.00565695116506e-05 1.85231391006679e-05 1.97429699286822e-05 7.35971646166345e-05 4.50666740406946e-05 0.052397840887741 1 1.74045146149604e-05 1.75577712214769e-05 1.75008742188121e-05 2.29962021871533e-05 1.76880476602248e-05 1.8176486811794e-05 1.74355174327179e-05 6.69424804650154e-05 4.19150924904077e-05 0.00336385696144548 1 2.34277409363326e-05 0.000100244442518105 0.999999664289268
0 1 0.999999999999548 1 5.4066852217538e-08 1.11022302462516e-16 2.22044604925031e-16 1.92623694772465e-13 2.32036612146658e-14 0 0 0 0 0.999933550042067 0 1 4.89925722213513e-09 5.340172748447e-14 9.89468951217987e-10 0.999999942616659 1 0 0 0 1.11022302462516e-16 1.26818824330854e-08 0 3.33066907387547e-16 1.09856568286659e-12 0
0.979095658169724 1 1 1 3.60066578105611e-05 3.54518088611089e-05 9.71911916366475e-05 0.00257297839478698 0.999989767269129 3.59465292237848e-05 0.0067581244979138 1 3.51190013234692e-05 4.75886186699359e-05 0.011489551817961 0.000731164184058497 0.000223999027281319 3.68605377796261e-05 0.000219106839212335 4.59086472291981e-05 4.52629766148904e-05 3.64240687690254e-05 1 0.000122180883958434 3.54837200637892e-05 4.44726118485894e-05 0.00153345830148655 0.0223853834123302 0.0162068490204307 3.52987759688617e-05
0.997840688414773 1 1 1 3.57123495209333e-05 1.28054149972634e-06 1.25241558291966e-05 1.27845063124798e-06 8.16244286517831e-05 1.44120246792223e-06 2.22549024597729e-06 1.53460962504237e-06 1.6387592320033e-05 4.17822806496604e-05 1.32376908112963e-06 1 0.99999646664958 1.12872709412404e-06 1.46464517103428e-06 2.42652746773597e-06 3.89745812068298e-06 1.44810448932109e-06 1.06657793530474e-06 0.000100433384750076 1.47354765389629e-06 0.000303729511398121 1.55171464211179e-06 1 1.25799962202855e-06 0.999999999995657
3.44169137633799e-15 2.01982874870055e-12 1 1 3.5527136788005e-15 9.76996261670138e-15 1 3.96402910496363e-11 2.22044604925031e-15 7.80554509915987e-11 1.84086079713097e-12 3.88578058618805e-15 2.66453525910038e-15 1 0.999999999999995 2.22044604925031e-15 2.19824158875781e-14 6.77236045021345e-15 4.32986979603811e-15 3.86607597813171e-06 2.55351295663786e-15 1.34509070548461e-11 4.77395900588817e-15 1.0991207943789e-14 1.43218770176645e-14 3.70814490224802e-14 2.69784194983913e-14 2.16493489801906e-14 1.70974345792274e-14 1.82076576038526e-14
3.96758546794551e-07 1 1 1 0.00159572157453503 2.17318385509202e-11 4.12173188912845e-08 2.97913127500493e-09 2.13813869789359e-05 4.03073130428311e-11 2.18877138635776e-11 6.05940420062012e-09 1 2.12574402524979e-11 1.69947389494496e-11 2.59702970240028e-09 4.16733877579567e-05 2.75847122921391e-11 0.998018840281628 1.91725524345543e-11 5.38780131620342e-11 1.47997170074632e-11 2.09485762070472e-11 1 3.57543994411458e-11 1 1 3.24258397910171e-11 3.28015392625502e-11 1.54259938156542e-11
1 0.999999999906764 1 1 0 0 0 1.11022302462516e-16 0.0099020802601536 4.0252801092322e-11 0 0 0.000669165594681553 0 0 4.44089209850063e-16 0 0 4.18796330947657e-10 1 0 0 2.76556555434126e-13 1 0 1.22910489563921e-08 0.999999999999968 0.999330821248395 1 4.47152981308818e-10
0.0924426733379048 1 1 1 8.41626591863154e-06 0.0012910066887426 2.05218970669163e-05 6.53382264681479e-06 0.998031731550905 1 0.00393117262887621 4.66126361475805e-06 0.000341603037644189 5.68219522232294e-05 0.981341090502235 9.21365628392401e-06 9.85679810561191e-06 0.000107152172701186 1.18681225625972e-05 0.000708983923251583 4.54265027116652e-06 0.000720154289946762 5.82792253023268e-06 2.30222970138971e-05 5.1251147539233e-06 0.999926534345264 4.70351743486752e-06 4.61140684904215e-06 5.47078036094995e-06 1
2.1353252499523e-11 1.91108604996604e-06 1 1 9.8389074665306e-12 3.0939251161044e-11 0.97413904887153 1.5646628437338e-10 9.39238975483647e-09 1 3.01082492271121e-11 1.94515466400702e-07 1.08569819801119e-11 9.13737663310599e-09 2.11525863491602e-09 1.39053606407202e-08 2.32266428312755e-11 2.67132982401108e-11 8.75532979449645e-12 2.44987474751213e-10 8.77187211756336e-12 1 1.97344363073171e-11 5.89792326088912e-10 9.74309521950545e-12 1 3.55901119686308e-09 3.44365203019947e-10 1 2.51027276743088e-09
1 1 1 1 8.82537909419057e-09 1.80862589349573e-08 2.83307678983213e-07 9.03191887946520e-09 1.53062839943763e-05 9.483548168987e-09 2.66745070476304e-08 9.39710012826112e-06 1.02565906878738e-08 9.31963073380615e-09 0.0153247155031584 2.21708756492633e-05 9.19569387303198e-09 4.25374184764848e-08 2.09714966947772e-07 5.99366748454955e-08 9.17096509844839e-09 2.99455224994638e-06 9.37800026523661e-09 3.56209744478697e-07 4.72554206876197e-08 1 1.22706968364028e-07 0.00266020298171377 1.95992942986223e-08 3.03343009599999e-08
3.03512770472025e-12 0.000409131257587347 1.54909418625948e-12 1 1 9.62585566810503e-12 9.62827595429872e-11 0.00185418958129102 3.52040618878391e-12 1 4.95203877903805e-12 2.30040431148382e-11 0.999999999912898 1.85562676335849e-12 6.24216234257347e-11 1 2.21289653268286e-12 0.999999955005115 1.53133061786548e-12 0.0040454776392288 1 5.90329369132281e-06 1 0.0133259419328337 1.54873691426971e-07 2.90772968702946e-07 3.68627350866291e-12 1.77741703577539e-08 2.11153317053459e-12 1
0.99999999999898 0.999999418805251 1 1 1.74482622405936e-05 1.68099442983127e-05 1.02110932717059e-05 1.4483876485949e-06 1.95516568113341e-06 0.00201354906653006 0.000500864263722756 2.26477832332428e-06 1 2.56959701461223e-06 2.17480283848381e-06 0.999999988722933 2.17775142175025e-06 1.51889050148402e-06 2.93416272834079e-06 2.43691469414831e-06 3.73523621534089e-05 1.67014476337712e-06 1.28248443190815e-05 1.63036041478382e-06 1.25349650349493e-05 4.62970525305639e-06 1.79728379290367e-06 2.29819651054175e-06 0.999999999999185 5.85972363175147e-05
3.27682325718115e-12 2.45087949934941e-10 2.83051360128184e-12 1 1.67840186193757e-11 1 1 1 1.12804808150013e-06 1.15367826403201e-10 6.90503210165616e-12 1.34931432693719e-09 2.32658337040448e-12 1.61437159984512e-06 1 1 1.03947617180467e-09 4.40861424855221e-06 3.68816088780477e-12 3.86868315160882e-12 4.04138378318208e-09 3.53561624422127e-12 8.96941820816011e-09 4.47822667837272e-10 1.92745819305173e-12 1.91791027503996e-12 1.49061873955247e-11 1.89807051564905e-06 2.87347923233483e-12 1.88293824976427e-12
9.99916038857407e-10 1 1 1 1.83730808345217e-11 6.88227252965135e-13 1.80005272909511e-08 4.81131801066681e-11 1 7.24531545870377e-13 8.87290241280425e-13 9.94683557742349e-10 4.96070042932395e-07 1.18742793375759e-11 2.57986598750648e-09 1.39688260958337e-12 0.999999999999791 1.51922918689706e-12 1.13772324894512e-11 1 2.83505441345255e-11 1 1.08502096196617e-12 1.50923717967544e-12 1 2.05302441713684e-12 1.09556160809987e-08 2.71805911111755e-11 2.74775693309692e-08 1.18682841332429e-12
1 1 1 1 1 1.5087486815446e-11 1.19904086659517e-14 1 0.999999996943795 0 0 1 0 9.05497898884278e-13 2.64703814423228e-11 3.04997127553719e-09 2.22044604925031e-16 0 0 2.22044604925031e-16 0.99999996859314 0 1.54990464906746e-11 1.13797860024079e-13 1.11022302462516e-16 8.65973959207622e-15 0 1 0 4.31876756579186e-14
5.14474518542585e-08 4.91194693286179e-06 1 1 6.37234731648562e-09 0.000403776132825606 4.67190874875456e-09 6.254009665696e-08 0.000941786244628928 1 5.49878009792337e-09 9.53933544534102e-06 1.08163524803473e-08 5.46628609043864e-09 6.14524819919637e-09 6.85407330891508e-09 5.07674211558395e-08 6.48346121234766e-09 4.27774912192813e-06 0.999999999999998 1 3.50693849737738e-07 5.05893671398638e-09 0.000466649276731013 5.59161306146194e-09 1.24587333782955e-08 5.38615974043921e-09 8.49868408980825e-09 7.57955498364993e-09 0.999999996482882
