[1] "Average Estimates for Betas: "
 [1]  5.318118e-02  9.610004e-02  1.995547e-01  3.029404e-01 -3.110964e-03
 [6] -5.696724e-04  2.006022e-03  4.543894e-03  2.783219e-03  1.049922e-03
[11] -6.925677e-03  1.116286e-02  7.717515e-03  3.793209e-03 -4.204921e-03
[16] -2.742433e-03 -1.315043e-04 -5.439774e-05 -3.298650e-03  6.883108e-03
[21]  4.550694e-03 -4.032884e-04 -1.181866e-03 -6.972530e-03 -2.775979e-03
[26]  3.499026e-04  5.279016e-03 -8.619839e-03  3.682504e-03  3.434709e-03
[1] "Standard Deviations of Betas: "
 [1] 0.08938362 0.05235905 0.03326278 0.02953006 0.05843529 0.02160698
 [7] 0.08171685 0.05502571 0.06699609 0.02364543 0.08755559 0.10392123
[13] 0.11507739 0.04546381 0.05590079 0.02324427 0.02776939 0.02560249
[19] 0.02383426 0.04496282 0.05160892 0.02604350 0.08833515 0.03981754
[25] 0.02723113 0.02681357 0.03258007 0.09162711 0.03852054 0.02357467
[1] "Average StdErrors for Betas: "
 [1] 0.01815673 0.02039917 0.01853497 0.01896799 0.01853017 0.01809300
 [7] 0.01976317 0.01805817 0.01858243 0.01853903 0.01967488 0.01908083
[13] 0.01866665 0.01869082 0.01950597 0.01845519 0.01879697 0.01891987
[19] 0.01809827 0.01862012 0.01895168 0.01806724 0.01894540 0.01945305
[25] 0.01806049 0.01870971 0.01801933 0.01987752 0.01897853 0.01833998
[1] "Positive rate for exposures: "
 [1] 0.80978261 0.96195652 1.00000000 1.00000000 0.13043478 0.08152174
 [7] 0.14130435 0.10326087 0.10326087 0.13043478 0.10326087 0.11413043
[13] 0.08695652 0.15217391 0.10869565 0.06521739 0.12500000 0.07065217
[19] 0.10326087 0.09782609 0.11956522 0.08152174 0.10326087 0.10869565
[25] 0.13586957 0.10869565 0.10326087 0.13043478 0.07608696 0.10869565
[1] "Bonferroni-corrected positive rate for exposures: "
 [1] 0.538043478 0.907608696 0.994565217 0.994565217 0.038043478 0.005434783
 [7] 0.021739130 0.005434783 0.021739130 0.010869565 0.027173913 0.032608696
[13] 0.038043478 0.027173913 0.048913043 0.010869565 0.016304348 0.021739130
[19] 0.027173913 0.021739130 0.032608696 0.021739130 0.016304348 0.038043478
[25] 0.016304348 0.021739130 0.016304348 0.038043478 0.021739130 0.021739130
