[1] "Average Estimates for Betas: "
 [1]  0.0524238161  0.0844781185  0.1876679531  0.3119707419 -0.0058295218
 [6]  0.0164557967 -0.0098234640 -0.0039483465  0.0101953085  0.0039802800
[11] -0.0119546500  0.0110988932  0.0011321494 -0.0019371219 -0.0016312266
[16] -0.0028343199 -0.0010200300  0.0075840203 -0.0042530798  0.0105661543
[21]  0.0040233549  0.0030954034 -0.0072476162 -0.0036869812  0.0007856304
[26] -0.0033918148 -0.0017481469  0.0100295924 -0.0157632388 -0.0016245011
[1] "Standard Deviations of Betas: "
 [1] 0.14456442 0.09541190 0.07305175 0.07126407 0.12273799 0.09577125
 [7] 0.13259487 0.11047739 0.09457331 0.09810299 0.09631431 0.12204677
[13] 0.13610488 0.07073278 0.10706998 0.08409229 0.09482159 0.06532020
[19] 0.07778848 0.08475068 0.09879943 0.07012005 0.10059641 0.07326338
[25] 0.09987519 0.09914569 0.05069210 0.11625876 0.09386579 0.04706919
[1] "Average StdErrors for Betas: "
 [1] 0.02592254 0.02661745 0.02297469 0.02584804 0.02533147 0.02343314
 [7] 0.02830223 0.02634481 0.02555992 0.02779620 0.02618266 0.02780046
[13] 0.02446365 0.02521649 0.02627309 0.02701168 0.02330112 0.02392389
[19] 0.02533262 0.02432171 0.02488117 0.02405427 0.02724288 0.02611437
[25] 0.02536773 0.02755290 0.02307389 0.02567566 0.02488967 0.02514635
[1] "Positive rate for exposures: "
 [1] 0.6620690 0.8206897 0.9724138 0.9931034 0.2620690 0.1724138 0.2896552
 [8] 0.2758621 0.2620690 0.2000000 0.2482759 0.2137931 0.2413793 0.2137931
[15] 0.2068966 0.2413793 0.2206897 0.2758621 0.2275862 0.2275862 0.3172414
[22] 0.2206897 0.2000000 0.2896552 0.2482759 0.2482759 0.2275862 0.2689655
[29] 0.2275862 0.1793103
[1] "Bonferroni-corrected positive rate for exposures: "
 [1] 0.44137931 0.70344828 0.96551724 0.99310345 0.06896552 0.04137931
 [7] 0.06206897 0.07586207 0.07586207 0.06896552 0.06206897 0.05517241
[13] 0.08275862 0.05517241 0.06206897 0.06896552 0.03448276 0.10344828
[19] 0.06206897 0.10344828 0.10344828 0.04137931 0.04827586 0.07586207
[25] 0.06896552 0.08275862 0.08965517 0.04827586 0.06896552 0.04827586
