[1] "Average PIPs: "
 [1] 0.336246344 0.750981431 0.984856509 1.000000000 0.013296024 0.003116742
 [7] 0.032447456 0.013064284 0.002408515 0.018678597 0.014811931 0.013758794
[13] 0.018706778 0.002381210 0.012887438 0.018651725 0.008955930 0.004228645
[19] 0.002101186 0.012789687 0.008466848 0.008430682 0.012734463 0.021665416
[25] 0.018015629 0.013613525 0.013346604 0.009232249 0.013615384 0.004533187
[1] "Percent of time PIP >= 0.1: "
 [1] 0.372448980 0.770408163 0.984693878 1.000000000 0.010204082 0.000000000
 [7] 0.030612245 0.010204082 0.000000000 0.020408163 0.020408163 0.015306122
[13] 0.015306122 0.000000000 0.010204082 0.020408163 0.010204082 0.010204082
[19] 0.000000000 0.010204082 0.010204082 0.005102041 0.010204082 0.020408163
[25] 0.015306122 0.015306122 0.015306122 0.010204082 0.015306122 0.010204082
[1] "Percent of time PIP >= 0.5: "
 [1] 0.321428571 0.744897959 0.984693878 1.000000000 0.010204082 0.000000000
 [7] 0.030612245 0.010204082 0.000000000 0.015306122 0.010204082 0.010204082
[13] 0.015306122 0.000000000 0.010204082 0.015306122 0.005102041 0.000000000
[19] 0.000000000 0.010204082 0.005102041 0.005102041 0.010204082 0.020408163
[25] 0.015306122 0.010204082 0.010204082 0.005102041 0.010204082 0.000000000
[1] "Percent of time PIP >= 0.9: "
 [1] 0.311224490 0.739795918 0.984693878 1.000000000 0.010204082 0.000000000
 [7] 0.030612245 0.010204082 0.000000000 0.015306122 0.010204082 0.010204082
[13] 0.015306122 0.000000000 0.010204082 0.015306122 0.005102041 0.000000000
[19] 0.000000000 0.010204082 0.005102041 0.005102041 0.010204082 0.015306122
[25] 0.015306122 0.010204082 0.010204082 0.005102041 0.010204082 0.000000000
